4
5 75 2 140

1191.564504632046

990.4454871432598
171.03125
4 1000 7200 720
4 10 16 6 0

Assigned customers matrix:
Vehicle 0:
0 68 63 42 64 22 61 28 62 73 0 0 0 0 0 0 0 0 0 0
0 51 3 44 32 25 55 31 58 0 0 0 0 0 0 0 0 0 0 0

Vehicle 1:
0 6 33 1 43 41 56 23 0 0 0 0 0 0 0 0 0 0 0 0
0 29 20 70 60 37 47 21 48 0 0 0 0 0 0 0 0 0 0 0

Vehicle 2:
0 75 4 46 12 39 9 0 0 0 0 0 0 0 0 0 0 0 0 0
0 67 34 52 27 30 2 0 0 0 0 0 0 0 0 0 0 0 0 0

Vehicle 3:
0 26 8 53 14 54 13 45 0 0 0 0 0 0 0 0 0 0 0 0
0 35 19 59 66 38 10 72 0 0 0 0 0 0 0 0 0 0 0 0

Vehicle 4:
0 17 40 50 18 24 49 16 0 0 0 0 0 0 0 0 0 0 0 0
0 7 11 65 57 15 5 36 71 69 74 0 0 0 0 0 0 0 0 0

Transported demand matrix:
140 135
129 140
138 133
136 137
139 137

Routes distance matrix:
119.16800620552658 110.64486038019488
84.28012890792874 104.93936905331498
73.98185222412977 55.347996075303236
90.83387129179424 105.54842920275809
85.7860026482733 159.91497115403595