6
1 75 10 140

1202.7378153136133

1090.256551615268
10.59375
1 1000 7200 720
18 3

Assigned customers matrix:
Vehicle 0:
0 40 39 50 18 24 49 16 0 0 0 0 0 0 0 0 0 0 0 0
0 34 8 7 38 65 66 15 74 0 0 0 0 0 0 0 0 0 0 0
0 26 35 53 11 19 52 27 0 0 0 0 0 0 0 0 0 0 0 0
0 51 72 14 59 54 13 45 36 71 69 0 0 0 0 0 0 0 0 0
0 17 12 58 10 31 9 0 0 0 0 0 0 0 0 0 0 0 0 0
0 67 46 57 5 30 2 0 0 0 0 0 0 0 0 0 0 0 0 0
0 33 23 56 41 43 1 4 0 0 0 0 0 0 0 0 0 0 0 0
0 29 37 20 70 60 47 21 48 0 0 0 0 0 0 0 0 0 0 0
0 68 73 62 28 61 22 64 42 63 0 0 0 0 0 0 0 0 0 0
0 75 6 3 44 32 25 55 0 0 0 0 0 0 0 0 0 0 0 0

Transported demand matrix:
135 138 138 140 137 140 140 140 140 116

Routes distance matrix:
94.52635686606284 143.3214599321637 87.11260714159636 188.57268298648162 86.41251441472102 79.08663259511117 93.3398394145933 102.2843070818081 116.87754066509339 98.72261051763671