13
9 417 7 2000

6334.130293291694

5592.246896356475
7230.734375
4 1000 7200 720
95 35 1 0 0

Assigned customers matrix:
Vehicle 0:
0 175 182 223 180 272 201 10 128 0 0 0 0 0 0 0 0 0
0 226 290 238 374 406 371 372 20 32 50 0 0 0 0 0 0 0
0 24 17 114 68 70 338 340 362 0 0 0 0 0 0 0 0 0
0 134 353 359 357 397 393 392 0 0 0 0 0 0 0 0 0 0
0 10 119 20 96 32 55 48 292 0 0 0 0 0 0 0 0 0
0 67 132 129 316 0 0 0 0 0 0 0 0 0 0 0 0 0
0 53 24 17 104 72 102 89 83 0 0 0 0 0 0 0 0 0

Vehicle 1:
0 144 56 79 93 57 5 33 0 0 0 0 0 0 0 0 0 0
0 220 204 200 198 190 207 44 388 408 0 0 0 0 0 0 0 0
0 173 312 273 239 142 71 1 21 0 0 0 0 0 0 0 0 0
0 30 13 103 31 379 376 411 252 196 0 0 0 0 0 0 0 0
0 124 33 5 350 333 355 320 0 0 0 0 0 0 0 0 0 0
0 281 194 248 192 276 1 91 21 0 0 0 0 0 0 0 0 0
0 116 30 13 47 46 82 31 74 0 0 0 0 0 0 0 0 0

Vehicle 2:
0 11 123 160 169 162 149 165 0 0 0 0 0 0 0 0 0 0
0 106 112 35 172 36 171 148 167 158 0 0 0 0 0 0 0 0
0 415 105 22 308 234 255 236 206 0 0 0 0 0 0 0 0 0
0 16 63 126 66 156 278 282 11 0 0 0 0 0 0 0 0 0
0 133 75 95 69 344 76 35 36 159 0 0 0 0 0 0 0 0
0 284 314 387 109 64 22 360 0 0 0 0 0 0 0 0 0 0
0 179 191 317 297 203 122 16 0 0 0 0 0 0 0 0 0 0

Vehicle 3:
0 54 9 7 339 330 319 322 341 0 0 0 0 0 0 0 0 0
0 42 120 59 78 58 4 0 0 0 0 0 0 0 0 0 0 0
0 235 222 253 412 370 365 18 0 0 0 0 0 0 0 0 0 0
0 9 7 111 336 337 354 356 0 0 0 0 0 0 0 0 0 0
0 135 65 152 170 146 139 0 0 0 0 0 0 0 0 0 0 0
0 4 351 352 326 324 327 328 323 325 0 0 0 0 0 0 0 0
0 267 286 211 254 233 18 0 0 0 0 0 0 0 0 0 0 0

Vehicle 4:
0 117 157 153 155 168 154 150 0 0 0 0 0 0 0 0 0 0
0 304 221 107 110 99 6 97 404 0 0 0 0 0 0 0 0 0
0 208 291 259 299 265 302 247 174 0 0 0 0 0 0 0 0 0
0 227 193 187 288 313 28 402 0 0 0 0 0 0 0 0 0 0
0 218 224 285 176 315 118 85 6 0 0 0 0 0 0 0 0 0
0 300 283 381 369 45 43 0 0 0 0 0 0 0 0 0 0 0
0 237 209 28 143 368 385 366 0 0 0 0 0 0 0 0 0 0

Vehicle 5:
0 210 268 409 394 413 347 0 0 0 0 0 0 0 0 0 0 0
0 27 80 391 363 382 311 215 181 0 0 0 0 0 0 0 0 0
0 38 39 287 216 229 275 188 0 0 0 0 0 0 0 0 0 0
0 41 73 164 335 334 94 138 25 0 0 0 0 0 0 0 0 0
0 289 274 380 389 378 49 27 0 0 0 0 0 0 0 0 0 0
0 417 38 39 377 386 295 256 262 0 0 0 0 0 0 0 0 0
0 86 101 25 88 121 51 0 0 0 0 0 0 0 0 0 0 0

Vehicle 6:
0 40 345 361 342 329 321 358 0 0 0 0 0 0 0 0 0 0
0 195 214 293 213 219 212 197 232 185 383 298 0 0 0 0 0 0
0 0 0 0 0 0 0 0 0 0 0 0 0 0 0 0 0 0
0 84 108 15 29 331 348 0 0 0 0 0 0 0 0 0 0 0
0 141 349 40 343 403 395 145 332 0 0 0 0 0 0 0 0 0
0 230 177 0 0 0 0 0 0 0 0 0 0 0 0 0 0 0
0 136 90 15 29 52 0 0 0 0 0 0 0 0 0 0 0 0

Vehicle 7:
0 140 19 147 166 151 163 161 0 0 0 0 0 0 0 0 0 0
0 12 100 113 23 137 410 414 0 0 0 0 0 0 0 0 0 0
0 310 228 225 307 280 294 0 0 0 0 0 0 0 0 0 0 0
0 8 416 2 346 384 405 398 396 0 0 0 0 0 0 0 0 0
0 303 127 77 130 19 184 296 258 0 0 0 0 0 0 0 0 0
0 189 217 260 249 401 375 23 390 12 0 0 0 0 0 0 0 0
0 8 2 400 407 364 373 399 309 301 243 0 0 0 0 0 0 0

Vehicle 8:
0 279 242 250 306 305 263 0 0 0 0 0 0 0 0 0 0 0
0 3 37 264 271 277 244 0 0 0 0 0 0 0 0 0 0 0
0 266 240 241 251 318 202 14 81 0 0 0 0 0 0 0 0 0
0 131 125 61 60 34 26 231 0 0 0 0 0 0 0 0 0 0
0 3 37 270 199 186 261 178 0 0 0 0 0 0 0 0 0 0
0 98 14 183 205 257 245 246 269 0 0 0 0 0 0 0 0 0
0 367 34 115 87 62 92 26 0 0 0 0 0 0 0 0 0 0

Transported demand matrix:
1742 1974 1910 2000 1996 1440 1926
1797 1974 1850 2000 1822 1919 1890
2000 1987 1982 2000 1999 1997 1880
1815 1686 1872 1863 1812 1848 1910
2000 1861 1994 1800 1941 1745 1927
1985 1970 2000 1951 1998 1998 1970
1965 1842 0 1644 1803 310 1328
1961 1904 1575 1909 1865 1950 1985
1955 1947 2000 2000 2000 2000 2000

Routes distance matrix:
65.09666370239277 101.61873438847105 98.41880195235848 112.58407410007158 78.34430022907466 23.919859852509035 85.45953160162658
68.48262167430468 116.49044228647207 104.24626211438631 83.10675873244041 165.3396103874553 65.17690022343848 66.53559279455501
83.59183603612975 104.634618110335 69.46698128966972 84.71426672257105 105.2875678857919 118.26086037022414 116.60884088285624
124.90063890781752 59.02253185484731 110.38060846136354 98.50817216483173 52.03293576428942 177.5850219284132 66.88808654015017
83.12527459674712 120.20485358037828 69.16483989850114 59.13661293406922 75.22081425028585 69.55153416805626 83.06768173722745
139.1671367748303 118.18001522615764 66.57402134807562 119.15511315174018 71.39301123695091 105.09801075888356 40.72698091269789
157.85680187841106 56.695994490800004 0.0 122.96576475539575 152.47932395780663 33.63885371954909 54.27577968401936
85.30118292667647 75.67620028691735 28.441097376085203 123.33792732024554 91.62750519019383 102.74367487028172 135.4552105919521
69.79920876953312 90.8609025233334 107.25977456393124 60.68189487256062 70.18095881634784 73.94918579834604 72.55063243064092