26
3 51 6 20

5095.500142759081

4361.292874449019
124.875
4 1000 7200 720
33 12 10 1 0

Assigned customers matrix:
Vehicle 0:
0 3 24 9 27 4 0 0 0 0 0 0 0
0 44 4 3 22 8 21 0 0 0 0 0 0
0 3 26 4 29 10 31 0 0 0 0 0 0
0 3 25 9 4 0 0 0 0 0 0 0 0
0 45 4 3 23 8 20 0 0 0 0 0 0
0 43 42 3 4 28 10 0 0 0 0 0 0

Vehicle 1:
0 5 6 0 0 0 0 0 0 0 0 0 0
0 5 32 11 35 6 0 0 0 0 0 0 0
0 14 46 5 6 0 0 0 0 0 0 0 0
0 5 6 0 0 0 0 0 0 0 0 0 0
0 5 33 11 34 6 37 0 0 0 0 0 0
0 14 47 5 30 6 0 0 0 0 0 0 0

Vehicle 2:
0 15 50 1 2 40 13 0 0 0 0 0 0
0 2 19 7 1 0 0 0 0 0 0 0 0
0 2 16 1 38 39 12 0 0 0 0 0 0
0 15 51 1 2 41 13 0 0 0 0 0 0
0 2 18 7 17 1 0 0 0 0 0 0 0
0 48 49 36 12 1 2 0 0 0 0 0 0

Transported demand matrix:
17 19 19 15 19 19
10 17 15 10 19 17
20 15 19 20 17 19

Routes distance matrix:
233.2276260798244 279.2109084855242 299.9947228080602 232.08459540718633 291.6401034651617 283.1540357156948
173.2035403818687 233.22594599058544 186.62434625412095 173.2035403818687 285.2059139227894 245.12439477596092
200.04572923038617 232.08459540718633 301.82729709355306 200.04585763156973 233.2276260798244 278.1620953378534