27
6 102 6 20

33794.612677890844

27916.906845338453
857.015625
4 1000 7200 720
105 16 39 1 0

Assigned customers matrix:
Vehicle 0:
0 49 17 12 87 27 7 101 0 0 0 0 0
0 21 18 30 100 12 7 0 0 0 0 0 0
0 63 64 52 99 12 102 7 0 0 0 0 0
0 47 17 12 88 27 89 7 0 0 0 0 0
0 21 51 18 30 7 12 0 0 0 0 0 0
0 50 12 85 86 90 7 0 0 0 0 0 0

Vehicle 1:
0 44 16 29 80 79 10 4 0 0 0 0 0
0 4 41 40 15 10 0 0 0 0 0 0 0
0 20 59 4 95 10 0 0 0 0 0 0 0
0 4 43 16 29 96 10 77 0 0 0 0 0
0 4 42 15 10 0 0 0 0 0 0 0 0
0 20 60 4 10 0 0 0 0 0 0 0 0

Vehicle 2:
0 5 11 83 26 82 25 0 0 0 0 0 0
0 61 62 5 48 11 0 0 0 0 0 0 0
0 5 11 0 0 0 0 0 0 0 0 0 0
0 5 11 84 26 81 25 0 0 0 0 0 0
0 5 11 0 0 0 0 0 0 0 0 0 0
0 5 45 46 97 98 11 0 0 0 0 0 0

Vehicle 3:
0 6 1 0 0 0 0 0 0 0 0 0 0
0 6 1 32 31 0 0 0 0 0 0 0 0
0 6 1 0 0 0 0 0 0 0 0 0 0
0 6 54 53 1 0 0 0 0 0 0 0 0
0 6 1 0 0 0 0 0 0 0 0 0 0
0 65 66 1 6 0 0 0 0 0 0 0 0

Vehicle 4:
0 56 55 2 8 72 23 73 0 0 0 0 0
0 2 34 13 8 0 0 0 0 0 0 0 0
0 2 36 35 8 69 22 68 0 0 0 0 0
0 2 92 91 8 71 23 74 0 0 0 0 0
0 2 33 13 8 0 0 0 0 0 0 0 0
0 2 8 70 67 22 0 0 0 0 0 0 0

Vehicle 5:
0 3 9 0 0 0 0 0 0 0 0 0 0
0 19 58 3 9 75 24 78 0 0 0 0 0
0 3 38 14 28 93 9 0 0 0 0 0 0
0 3 9 0 0 0 0 0 0 0 0 0 0
0 19 57 3 39 9 76 24 0 0 0 0 0
0 3 37 14 28 94 9 0 0 0 0 0 0

Transported demand matrix:
20 19 18 20 19 16
20 15 15 20 13 13
18 14 8 18 8 16
8 12 8 12 8 12
19 13 19 19 13 15
8 20 18 8 20 18

Routes distance matrix:
1195.5516718059075 933.1280088781073 882.4764557681849 1187.7931594013696 933.0118456348179 1279.3735348150958
863.1243160583332 632.3223061052755 605.3929779038383 883.2257188511621 613.4547162149088 590.7703829725149
1593.9017141321656 597.3130849781778 577.3497018943544 1631.6370250454183 577.3497018943544 640.5327508664982
173.20504038169383 229.18445288534144 173.20504038169383 200.6832059602097 173.20504038169383 182.00929906611407
1140.4408189346877 613.4554912958309 1154.341230340165 1139.0740978118388 613.455099070093 1177.4046612414845
577.3497018943544 1145.0574593420647 661.0647737014546 577.3497018943544 1107.6474157498847 661.0652417850192