32
9 153 6 20

126353.92675262937

100476.2434821181
5699.96875
4 1000 7200 720
145 47 68 6 0

Assigned customers matrix:
Vehicle 0:
0 35 112 11 17 132 133 0 0 0 0 0 0
0 64 23 11 99 32 17 0 0 0 0 0 0
0 11 97 31 44 148 17 0 0 0 0 0 0
0 60 35 113 11 17 134 0 0 0 0 0 0
0 23 11 98 32 17 0 0 0 0 0 0 0
0 11 96 31 44 149 17 0 0 0 0 0 0

Vehicle 1:
0 49 48 8 14 122 123 0 0 0 0 0 0
0 70 50 8 14 0 0 0 0 0 0 0 0
0 51 20 34 107 8 14 0 0 0 0 0 0
0 8 14 120 121 118 119 0 0 0 0 0 0
0 71 8 87 86 143 142 14 0 0 0 0 0
0 20 34 106 8 14 0 0 0 0 0 0 0

Vehicle 2:
0 9 88 145 15 30 92 0 0 0 0 0 0
0 9 89 29 43 144 15 0 0 0 0 0 0
0 9 15 127 39 124 125 0 0 0 0 0 0
0 72 9 90 91 30 15 0 0 0 0 0 0
0 109 108 9 29 43 15 0 0 0 0 0 0
0 53 52 9 15 126 39 0 0 0 0 0 0

Vehicle 3:
0 4 22 10 146 16 0 0 0 0 0 0 0
0 4 10 16 111 75 0 0 0 0 0 0 0
0 26 74 4 10 16 0 0 0 0 0 0 0
0 4 22 10 93 16 0 0 0 0 0 0 0
0 4 10 16 128 129 0 0 0 0 0 0 0
0 26 4 10 16 131 0 0 0 0 0 0 0

Vehicle 4:
0 27 24 36 102 103 150 18 0 0 0 0 0
0 147 130 40 135 41 137 18 0 0 0 0 0
0 81 33 45 151 18 138 42 0 0 0 0 0
0 27 79 66 24 36 115 18 0 0 0 0 0
0 65 100 101 18 136 41 40 0 0 0 0 0
0 33 45 18 139 42 140 141 0 0 0 0 0

Vehicle 5:
0 5 6 67 114 12 0 0 0 0 0 0 0
0 5 6 12 0 0 0 0 0 0 0 0 0
0 76 5 6 12 0 0 0 0 0 0 0 0
0 5 6 12 0 0 0 0 0 0 0 0 0
0 5 6 12 0 0 0 0 0 0 0 0 0
0 5 6 12 0 0 0 0 0 0 0 0 0

Vehicle 6:
0 3 0 0 0 0 0 0 0 0 0 0 0
0 3 56 57 58 59 0 0 0 0 0 0 0
0 3 54 21 110 95 94 0 0 0 0 0 0
0 73 3 0 0 0 0 0 0 0 0 0 0
0 3 0 0 0 0 0 0 0 0 0 0 0
0 3 55 21 0 0 0 0 0 0 0 0 0

Vehicle 7:
0 80 1 47 7 13 0 0 0 0 0 0 0
0 69 117 13 7 1 0 0 0 0 0 0 0
0 68 116 13 7 1 0 0 0 0 0 0 0
0 1 7 104 152 13 0 0 0 0 0 0 0
0 1 7 105 153 13 0 0 0 0 0 0 0
0 1 7 83 82 13 0 0 0 0 0 0 0

Vehicle 8:
0 25 2 46 78 62 63 61 77 0 0 0 0
0 2 19 84 28 37 38 0 0 0 0 0 0
0 2 0 0 0 0 0 0 0 0 0 0 0
0 25 2 0 0 0 0 0 0 0 0 0 0
0 2 19 85 28 37 38 0 0 0 0 0 0
0 2 0 0 0 0 0 0 0 0 0 0 0

Transported demand matrix:
19 20 20 19 18 20
18 14 20 18 20 18
19 20 19 19 20 19
20 19 20 20 19 20
20 19 20 20 19 20
19 15 17 15 15 15
5 13 16 7 5 10
19 19 19 19 19 19
20 19 5 8 19 5

Routes distance matrix:
2752.0418312549746 1970.7496078528188 2016.4248434722354 2466.593223146467 1968.582280184712 2016.4256208671295
2579.9920032933824 1736.3635597861717 1801.3194907106222 3141.1539550346247 1962.7503253217733 1799.1523743367911
1957.3898892389334 2016.4251304829124 4104.236685982851 2008.6903853396393 2045.6584398380207 3257.459330167718
1814.8531124090732 1742.809437618597 1745.470382972515 1829.6032806301982 2684.9358055350285 2411.3426557032544
1801.795681066447 4928.233807823726 3452.5579237726165 1781.593098375481 4797.9677964297025 3647.141602307768
656.1685374113333 635.0837018943545 637.7787154710993 635.0837018943545 635.0837018943545 635.0837018943545
115.46954038186868 242.01026505617443 889.5359364100096 118.16413052885582 115.46954038186868 216.61472326063463
1745.9032722045808 1743.861693594158 1737.2263993309539 1812.5798089081086 1925.170300689606 1907.8408151533495
377.73526541022545 4567.975030608595 115.46954038186868 128.28478965082996 4527.467268368548 115.46954038186868