12
3 163 5 140

Solution history:
B_obj   B_dis   B_sim   C_obj   C_dis   C_sim   neighbor   iterations   time   scores
0.9174070872429403 1359.0707722802706 0.008333333333333333 0.9174070872429403 1359.0707722802706 0.008333333333333333 0 0 0 3.0 3.0 3.0 3.0 3.0 3.0 3.0
0.9174070872429403 1359.0707722802706 0.008333333333333333 0.9174070872429403 1359.0707722802706 0.008333333333333333 swap_t 100 34.35427284240723 3.0 3.0 3.0 3.0 3.9699999999999998 3.0 3.0
0.9169808908217003 1353.9764073173296 0.0 0.9169808908217003 1353.9764073173296 0.0 f_swap_t 100 65.29083824157715 3.0 3.0 3.0 3.9699999999999998 3.9699999999999998 3.0 3.0
0.9167754469638558 1353.559354684522 0.0 0.9167754469638558 1353.559354684522 0.0 t_swap_k 100 113.48617649078369 3.0 3.0 3.9699999999999998 3.9699999999999998 3.9699999999999998 3.0 3.0
0.9167754469638558 1353.559354684522 0.0 0.9167754469638558 1353.559354684522 0.0 t_move_k 100 155.23608255386353 3.9699999999999998 3.0 3.9699999999999998 3.9699999999999998 3.9699999999999998 3.0 3.0
0.9167754469638558 1353.559354684522 0.0 0.9330358687618107 1386.5681376802927 0.0 t_swap_k 100 216.29207921028137 3.9699999999999998 3.0 4.9403 3.9699999999999998 3.9699999999999998 3.0 3.0
0.9167754469638558 1353.559354684522 0.0 1.0175077815922302 1558.0467791634842 0.0 t_swap_k 100 275.7468783855438 3.9699999999999998 3.0 6.010897 3.9699999999999998 3.9699999999999998 3.0 3.0
0.9167754469638558 1353.559354684522 0.0 1.0034341947448464 1544.7023466238293 0.03 f_swap_t 100 314.35360503196716 3.9699999999999998 3.0 6.010897 5.0302999999999995 3.9699999999999998 3.0 3.0
0.9167754469638558 1353.559354684522 0.0 0.9570316147374219 1435.2796890516238 0.0 t_move_k 100 369.37313961982727 5.1203 3.0 6.010897 5.0302999999999995 3.9699999999999998 3.0 3.0
0.9167754469638558 1353.559354684522 0.0 1.012378792892724 1544.851928504983 0.0 swap_t 100 398.7222352027893 5.1203 3.0 6.010897 5.0302999999999995 5.0903 3.0 3.0
0.9167754469638558 1353.559354684522 0.0 0.9873154655578645 1496.7561422721674 0.0 t_move_k 100 443.9324541091919 6.099097 3.0 6.010897 5.0302999999999995 5.0903 3.0 3.0
0.9167754469638558 1353.559354684522 0.0 0.9774756848502829 1476.7813107371462 0.0 t_swap_k 100 512.1981863975525 6.099097 3.0 6.98078803 5.0302999999999995 5.0903 3.0 3.0
0.9167754469638558 1353.559354684522 0.0 0.9748969061911587 1471.5463699581892 0.0 t_swap_r_k 100 605.7423751354218 6.099097 3.0 6.98078803 5.0302999999999995 5.0903 4.01 3.0
0.9167754469638558 1353.559354684522 0.0 0.9729192310472239 1467.5316740005183 0.0 move_t 100 650.1938421726227 6.099097 4.0 6.98078803 5.0302999999999995 5.0903 4.01 3.0
0.9167754469638558 1353.559354684522 0.0 0.9975521510595755 1517.5366936330447 0.0 move_t 100 700.6034662723541 6.099097 5.0 6.98078803 5.0302999999999995 5.0903 4.01 3.0
0.9167754469638558 1353.559354684522 0.0 0.9908876764425065 1504.0077582124813 0.0 swap_t 100 733.6033329963684 6.099097 5.0 6.98078803 5.0302999999999995 6.069397 4.01 3.0
0.9167754469638558 1353.559354684522 0.0 1.0093566952231676 1541.5000102986069 0.0 swap_t 100 763.0140156745911 6.099097 5.0 6.98078803 5.0302999999999995 7.078703030000001 4.01 3.0
0.9167754469638558 1353.559354684522 0.0 1.0005408050040043 1523.6036844360456 0.0 t_move_k 100 820.3634653091431 7.10810603 5.0 6.98078803 5.0302999999999995 7.078703030000001 4.01 3.0
0.9167754469638558 1353.559354684522 0.0 0.9862378596543178 1494.568593888299 0.0 t_swap_r_k 100 906.7973773479462 7.10810603 5.0 6.98078803 5.0302999999999995 7.078703030000001 5.0099 3.0
0.9167754469638558 1353.559354684522 0.0 0.9911208338783959 1471.037434979427 0.0 swap_t 100 932.0252857208252 7.10810603 5.0 6.98078803 5.0302999999999995 8.017915999700001 5.0099 3.0
0.9167754469638558 1353.559354684522 0.0 0.9741201370649772 1469.9695225773198 0.0 t_multiswap_k 100 948.9874813556671 7.10810603 5.0 6.98078803 5.0302999999999995 8.017915999700001 5.0099 3.9699999999999998
0.9167754469638558 1353.559354684522 0.0 0.9912924378951048 1504.8294271162702 0.0 t_swap_k 100 1004.4525508880615 7.10810603 5.0 7.9909801497 5.0302999999999995 8.017915999700001 5.0099 3.9699999999999998
0.9167754469638558 1353.559354684522 0.0 0.9805793443890899 1483.0817637931746 0.0 t_swap_r_k 100 1094.192227602005 7.10810603 5.0 7.9909801497 5.0302999999999995 8.017915999700001 5.999801 3.9699999999999998
0.9167754469638558 1353.559354684522 0.0 0.9741479064426588 1470.0258946304689 0.0 t_swap_r_k 100 1160.7909138202667 7.10810603 5.0 7.9909801497 5.0302999999999995 8.017915999700001 6.97980299 3.9699999999999998
0.9167754469638558 1353.559354684522 0.0 0.9739379018411402 1469.5995836524526 0.0 t_swap_r_k 100 1229.2591526508331 7.10810603 5.0 7.9909801497 5.0302999999999995 8.017915999700001 7.950004960099999 3.9699999999999998
0.9167754469638558 1353.559354684522 0.0 0.9639763844154681 1449.3776256308006 0.0 t_move_k 100 1281.6093847751617 8.0670249697 5.0 7.9909801497 5.0302999999999995 8.017915999700001 7.950004960099999 3.9699999999999998
0.9167754469638558 1353.559354684522 0.0 0.9748370752177268 1471.424912615755 0.0 t_move_k 100 1319.7051646709442 8.996354720003 5.0 7.9909801497 5.0302999999999995 8.017915999700001 7.950004960099999 3.9699999999999998
0.9167754469638558 1353.559354684522 0.0 1.0084941617444767 1539.7490606136316 0.0 swap_t 100 1351.653975725174 8.996354720003 5.0 7.9909801497 5.0302999999999995 9.017736839703002 7.950004960099999 3.9699999999999998
0.9167754469638558 1353.559354684522 0.0 0.9814215397583604 1484.791426957496 0.0 swap_t 100 1384.6879284381866 8.996354720003 5.0 7.9909801497 5.0302999999999995 9.957559471305972 7.950004960099999 3.9699999999999998
0.9167754469638558 1353.559354684522 0.0 1.0183137810921123 1559.6829644308093 0.0 t_swap_k 100 1473.1124367713928 8.996354720003 5.0 8.981070348203 5.0302999999999995 9.957559471305972 7.950004960099999 3.9699999999999998
0.9167754469638558 1353.559354684522 0.0 1.0116540558180733 1546.163670213617 0.0 swap_t 100 1510.184638261795 8.996354720003 5.0 8.981070348203 5.0302999999999995 10.897983876592912 7.950004960099999 3.9699999999999998
0.9167754469638558 1353.559354684522 0.0 0.9996876710772801 1521.8718159148295 0.0 swap_t 100 1546.2178535461426 8.996354720003 5.0 8.981070348203 5.0302999999999995 11.789004037826983 7.950004960099999 3.9699999999999998
0.9167754469638558 1353.559354684522 0.0 1.0236106178629596 1570.4355843631477 0.0 f_swap_t 100 1581.527910232544 8.996354720003 5.0 8.981070348203 6.029997 11.789004037826983 7.950004960099999 3.9699999999999998
0.9167754469638558 1353.559354684522 0.0 1.011590623087781 1546.0349012766812 0.0 t_swap_k 100 1646.3353278636932 8.996354720003 5.0 9.96125964472097 6.029997 11.789004037826983 7.950004960099999 3.9699999999999998
0.9167754469638558 1353.559354684522 0.0 0.9949466917174549 1512.2475908596357 0.0 t_move_k 100 1697.3305320739746 9.93639117280297 5.0 9.96125964472097 6.029997 11.789004037826983 7.950004960099999 3.9699999999999998
0.9167754469638558 1353.559354684522 0.0 0.9908971196830588 1504.0269280644102 0.0 swap_t 100 1725.6521294116974 9.93639117280297 5.0 9.96125964472097 6.029997 12.671113997448712 7.950004960099999 3.9699999999999998
0.9167754469638558 1353.559354684522 0.0 0.9908971196830588 1504.0269280644102 0.0 swap_t 100 1748.7097826004028 9.93639117280297 5.0 9.96125964472097 6.029997 13.544402857474225 7.950004960099999 3.9699999999999998
0.9167754469638558 1353.559354684522 0.0 0.9908971196830588 1504.0269280644102 0.0 swap_t 100 1780.249074459076 9.93639117280297 5.0 9.96125964472097 6.029997 14.408958828899483 7.950004960099999 3.9699999999999998
0.9167754469638558 1353.559354684522 0.0 0.9908971196830588 1504.0269280644102 0.0 t_swap_r_k 100 1881.345282793045 9.93639117280297 5.0 9.96125964472097 6.029997 14.408958828899483 8.910504910499 3.9699999999999998
0.9167754469638558 1353.559354684522 0.0 1.0235687820224229 1570.350657280758 0.0 t_swap_k 100 1958.6833627223969 9.93639117280297 5.0 10.91164704827376 6.029997 14.408958828899483 8.910504910499 3.9699999999999998
0.9167754469638558 1353.559354684522 0.0 1.014814326594601 1552.5790445234886 0.0 swap_t 100 2002.2825322151184 9.93639117280297 5.0 10.91164704827376 6.029997 15.324869240610488 8.910504910499 3.9699999999999998
0.9167754469638558 1353.559354684522 0.0 1.0107404836557015 1544.3091116029357 0.0 t_multiswap_k 100 2026.3291144371033 9.93639117280297 5.0 10.91164704827376 6.029997 15.324869240610488 8.910504910499 4.9303
0.9167754469638558 1353.559354684522 0.0 0.9698748841755372 1461.3516261210718 0.0 t_move_k 100 2080.4793758392334 11.06702726107494 5.0 10.91164704827376 6.029997 15.324869240610488 8.910504910499 4.9303
0.9167754469638558 1353.559354684522 0.0 0.9642168636722697 1449.8658003965834 0.0 t_swap_r_k 100 2174.488600730896 11.06702726107494 5.0 10.91164704827376 6.029997 15.324869240610488 9.86139986139401 4.9303
0.9167754469638558 1353.559354684522 0.0 1.0561454071028453 1646.631499094413 0.02 t_swap_k 100 2246.0983197689056 11.06702726107494 5.0 12.012530577791022 6.029997 15.324869240610488 9.86139986139401 4.9303
0.9167754469638558 1353.559354684522 0.0 1.0326286518357366 1593.81728310808 0.01 swap_t 100 2278.1024186611176 11.06702726107494 5.0 12.012530577791022 6.029997 16.171620548204384 9.86139986139401 4.9303
0.9167754469638558 1353.559354684522 0.0 1.0283501939729505 1585.1319802971148 0.01 swap_t 100 2308.1935200691223 11.06702726107494 5.0 12.012530577791022 6.029997 17.00990434272234 9.86139986139401 4.9303
0.9167754469638558 1353.559354684522 0.0 1.0836168620287077 1702.398766727036 0.02 f_swap_t 100 2340.358317375183 11.06702726107494 5.0 12.012530577791022 7.12969703 17.00990434272234 9.86139986139401 4.9303
0.9167754469638558 1353.559354684522 0.0 1.0978440367429332 1733.817552037621 0.025 t_swap_k 100 2397.1424589157104 11.06702726107494 5.0 13.112405272013111 7.12969703 17.00990434272234 9.86139986139401 4.9303
0.9167754469638558 1353.559354684522 0.0 1.103502695194084 1745.3046728012853 0.025 f_swap_t 100 2436.8814046382904 11.06702726107494 5.0 13.112405272013111 8.2384000597 17.00990434272234 9.86139986139401 4.9303
0.9167754469638558 1353.559354684522 0.0 1.0417768850696774 1620.0007971114828 0.025 move_t 100 2474.067574262619 11.06702726107494 6.13 13.112405272013111 8.2384000597 17.00990434272234 9.86139986139401 4.9303
0.9167754469638558 1353.559354684522 0.0 1.0264795657490318 1588.9471196517934 0.025 t_swap_k 100 2528.5825896263123 11.06702726107494 6.13 14.01128121929298 8.2384000597 17.00990434272234 9.86139986139401 4.9303
0.9167754469638558 1353.559354684522 0.0 1.0379763473950085 1612.2856760076643 0.025 f_swap_t 100 2554.7771983146667 11.06702726107494 6.13 14.01128121929298 9.256016059103 17.00990434272234 9.86139986139401 4.9303
0.9167754469638558 1353.559354684522 0.0 1.0484084547808403 1633.4629353165715 0.025 swap_t 100 2572.7595448493958 11.06702726107494 6.13 14.01128121929298 9.256016059103 17.849805299295117 9.86139986139401 4.9303
0.9167754469638558 1353.559354684522 0.0 1.0329696623161195 1589.4345175544738 0.0 t_swap_r_k 100 2646.8168416023254 11.06702726107494 6.13 14.01128121929298 9.256016059103 17.849805299295117 10.802785862780071 4.9303
0.9167754469638558 1353.559354684522 0.0 1.0260164907825713 1575.3195251431373 0.0 t_swap_r_k 100 2716.659873008728 11.06702726107494 6.13 14.01128121929298 9.256016059103 17.849805299295117 11.73475800415227 4.9303
0.9167754469638558 1353.559354684522 0.0 1.0251414044757436 1573.543093119198 0.0 t_move_k 100 2754.5265369415283 11.986356988464191 6.13 14.01128121929298 9.256016059103 17.849805299295117 11.73475800415227 4.9303
0.9167754469638558 1353.559354684522 0.0 1.0233010701083585 1569.80720000846 0.0 f_swap_t 100 2781.8715748786926 11.986356988464191 6.13 14.01128121929298 10.19345589851197 17.849805299295117 11.73475800415227 4.9303
0.9167754469638558 1353.559354684522 0.0 1.0224936162652358 1568.1680624130204 0.0 t_multiswap_k 100 2790.156455516815 11.986356988464191 6.13 14.01128121929298 10.19345589851197 17.849805299295117 11.73475800415227 5.910997
0.9167754469638558 1353.559354684522 0.0 1.0192422900383862 1561.5678448292406 0.0 f_swap_t 100 2819.042009115219 11.986356988464191 6.13 14.01128121929298 11.091521339526851 17.849805299295117 11.73475800415227 5.910997
0.9167754469638558 1353.559354684522 0.0 1.1037116429065288 1745.7288382862432 0.025 t_swap_k 100 2864.4090394973755 11.986356988464191 6.13 15.06116840710005 11.091521339526851 17.849805299295117 11.73475800415227 5.910997
0.9167754469638558 1353.559354684522 0.0 1.0820843961642101 1701.8253588203554 0.025 t_swap_r_k 100 2916.0285737514496 11.986356988464191 6.13 15.06116840710005 11.091521339526851 17.849805299295117 12.657410424110749 5.910997
0.9167754469638558 1353.559354684522 0.0 1.0765762643547443 1690.6438083126293 0.025 swap_t 100 2940.5474824905396 11.986356988464191 6.13 15.06116840710005 11.091521339526851 18.671307246302167 12.657410424110749 5.910997
0.9167754469638558 1353.559354684522 0.0 1.1088560937637886 1756.1721136261885 0.025 f_swap_t 100 2962.904709339142 11.986356988464191 6.13 15.06116840710005 12.110606126131582 18.671307246302167 12.657410424110749 5.910997
0.9167754469638558 1353.559354684522 0.0 1.0612923300643202 1679.9173805161222 0.065 t_swap_k 100 2995.7109467983246 11.986356988464191 6.13 16.06055672302905 12.110606126131582 18.671307246302167 12.657410424110749 5.910997
0.9167754469638558 1353.559354684522 0.0 1.0306964248107182 1597.5073764163785 0.025 t_multiswap_k 100 3007.860145330429 11.986356988464191 6.13 16.06055672302905 12.110606126131582 18.671307246302167 12.657410424110749 6.88188703
0.9167754469638558 1353.559354684522 0.0 1.0178980706683602 1571.5266177474211 0.025 t_swap_r_k 100 3059.352642059326 11.986356988464191 6.13 16.06055672302905 12.110606126131582 18.671307246302167 13.570836319869642 6.88188703
0.9167754469638558 1353.559354684522 0.0 1.047251923768909 1631.1151683474811 0.025 t_swap_k 100 3094.2303783893585 11.986356988464191 6.13 16.969951155798757 12.110606126131582 18.671307246302167 13.570836319869642 6.88188703
0.9167754469638558 1353.559354684522 0.0 1.1077568806255986 1753.9407023875715 0.025 t_swap_k 100 3122.694409132004 11.986356988464191 6.13 17.96025164424077 12.110606126131582 18.671307246302167 13.570836319869642 6.88188703
0.9167754469638558 1353.559354684522 0.0 1.0580760406529102 1658.3124947591887 0.03529411764705882 t_swap_r_k 100 3162.1692740917206 11.986356988464191 6.13 17.96025164424077 12.110606126131582 18.671307246302167 14.505127956670945 6.88188703
0.9167754469638558 1353.559354684522 0.0 1.0331101844234598 1615.0948759620842 0.05 t_swap_k 100 3199.13454580307 11.986356988464191 6.13 18.84064912779836 12.110606126131582 18.671307246302167 14.505127956670945 6.88188703
0.9167754469638558 1353.559354684522 0.0 1.0305835005584352 1609.965688021215 0.05 t_swap_r_k 100 3244.630865097046 11.986356988464191 6.13 18.84064912779836 12.110606126131582 18.671307246302167 15.400076677104236 6.88188703
0.9167754469638558 1353.559354684522 0.0 1.0300612060778345 1608.9054261544406 0.05 t_swap_r_k 100 3295.7291848659515 11.986356988464191 6.13 18.84064912779836 12.110606126131582 18.671307246302167 16.286075910333192 6.88188703
0.9167754469638558 1353.559354684522 0.0 0.9984904871620979 1537.3533567183486 0.03529411764705882 t_move_k 100 3320.93391084671 12.95649341857955 6.13 18.84064912779836 12.110606126131582 18.671307246302167 16.286075910333192 6.88188703
0.9167754469638558 1353.559354684522 0.0 0.991519122894791 1523.201432915674 0.03529411764705882 f_swap_t 100 3339.6301465034485 12.95649341857955 6.13 18.84064912779836 12.989500064870267 18.671307246302167 16.286075910333192 6.88188703
0.9167754469638558 1353.559354684522 0.0 1.06303982367854 1668.3890129926647 0.03529411764705882 t_swap_k 100 3373.1738543510437 12.95649341857955 6.13 19.75224263652038 12.989500064870267 18.671307246302167 16.286075910333192 6.88188703
0.9167754469638558 1353.559354684522 0.0 1.0408015958698391 1623.2452371995762 0.03529411764705882 t_swap_r_k 100 3419.7899072170258 12.95649341857955 6.13 19.75224263652038 12.989500064870267 18.671307246302167 17.16321515122986 6.88188703
0.9167754469638558 1353.559354684522 0.0 1.0338089027289434 1609.0500156172634 0.03529411764705882 t_swap_r_k 100 3467.744154691696 12.95649341857955 6.13 19.75224263652038 12.989500064870267 18.671307246302167 18.03158299971756 6.88188703
0.9167754469638558 1353.559354684522 0.0 0.9990307705139245 1538.45013613393 0.03529411764705882 t_move_k 100 3492.498827457428 13.886928484393755 6.13 19.75224263652038 12.989500064870267 18.671307246302167 18.03158299971756 6.88188703
0.9167754469638558 1353.559354684522 0.0 1.0628193756817914 1673.0165213278028 0.04529411764705883 f_swap_t 100 3514.417364835739 13.886928484393755 6.13 19.75224263652038 13.969605064221565 18.671307246302167 18.03158299971756 6.88188703
0.9167754469638558 1353.559354684522 0.0 1.0931350117929801 1734.5574989363197 0.04529411764705883 move_t 100 3540.8257310390472 13.886928484393755 7.3487 19.75224263652038 13.969605064221565 18.671307246302167 18.03158299971756 6.88188703
0.9167754469638558 1353.559354684522 0.0 1.0703601231926636 1665.3374445831519 0.0 t_swap_r_k 100 3588.122690677643 13.886928484393755 7.3487 19.75224263652038 13.969605064221565 18.671307246302167 18.891267169720386 6.88188703
0.9167754469638558 1353.559354684522 0.0 1.0940544295659274 1738.8121686464458 0.05 t_swap_k 100 3629.2679495811462 13.886928484393755 7.3487 20.784720210155175 13.969605064221565 18.671307246302167 18.891267169720386 6.88188703