12
3 163 5 140

Solution history:
B_obj   B_dis   B_sim   C_obj   C_dis   C_sim   neighbor   iterations   time   scores
0.9194904205762736 1359.0707722802706 0.0 0.9194904205762736 1359.0707722802706 0.0 0 0 0 3.0 3.0 3.0 3.0 3.0 3.0 3.0
0.9194904205762736 1359.0707722802706 0.0 0.9466983660778846 1414.3031137276732 0.0 t_move_k 100 44.02639436721802 4.01 3.0 3.0 3.0 3.0 3.0 3.0
0.9194904205762736 1359.0707722802706 0.0 0.9362106666402653 1393.0130021203113 0.0 t_multiswap_k 100 56.14506459236145 4.01 3.0 3.0 3.0 3.0 3.0 3.9699999999999998
0.9176913305956064 1355.4186055960595 0.0 0.9176913305956064 1355.4186055960595 0.0 t_swap_k 100 121.28384041786194 4.01 3.0 3.9699999999999998 3.0 3.0 3.0 3.9699999999999998
0.9175702856407238 1355.172883394133 0.0 0.9181587126591437 1356.3673948281667 0.0 t_move_k 100 163.522390127182 5.129899999999999 3.0 3.9699999999999998 3.0 3.0 3.0 3.9699999999999998
0.9141124152018003 1357.820083234406 0.019047619047619046 0.9141124152018003 1357.820083234406 0.019047619047619046 move_t 50 187.83433198928833 5.129899999999999 4.08 3.9699999999999998 3.0 3.0 3.0 3.9699999999999998
0.9134021662865826 1356.3782724003013 0.019047619047619046 0.9134021662865826 1356.3782724003013 0.019047619047619046 swap_t 100 227.23636722564697 5.129899999999999 4.08 3.9699999999999998 3.0 3.9699999999999998 3.0 3.9699999999999998
0.9127569179519256 1355.0684132513984 0.019047619047619046 1.007659349249178 1542.8877366332827 0.009523809523809523 t_multiswap_k 100 248.54460549354553 5.129899999999999 4.08 3.9699999999999998 3.0 3.9699999999999998 3.0 4.9803
0.9127569179519256 1355.0684132513984 0.019047619047619046 0.9892934683135712 1510.4382070688125 0.019047619047619046 f_swap_t 100 291.895676612854 5.129899999999999 4.08 3.9699999999999998 3.9699999999999998 3.9699999999999998 3.0 4.9803
0.9127569179519256 1355.0684132513984 0.019047619047619046 0.9570221655295059 1444.9272108704236 0.019047619047619046 t_multiswap_k 100 316.16146421432495 5.129899999999999 4.08 3.9699999999999998 3.9699999999999998 3.9699999999999998 3.0 5.960497
0.9127569179519256 1355.0684132513984 0.019047619047619046 0.9408826409715818 1412.1638502142791 0.019047619047619046 t_multiswap_k 100 334.14707016944885 5.129899999999999 4.08 3.9699999999999998 3.9699999999999998 3.9699999999999998 3.0 6.93089203
0.9127569179519256 1355.0684132513984 0.019047619047619046 0.9308035218438556 1393.314277118202 0.02222222222222222 swap_t 100 383.7930860519409 5.129899999999999 4.08 3.9699999999999998 3.9699999999999998 4.9603 3.0 6.93089203
0.9127569179519256 1355.0684132513984 0.019047619047619046 0.9646218768420088 1450.6879802881303 0.0 t_swap_k 100 453.20525598526 5.129899999999999 4.08 5.0703 3.9699999999999998 4.9603 3.0 6.93089203
0.9127569179519256 1355.0684132513984 0.019047619047619046 0.959022256630675 1439.3207076114832 0.0 t_multiswap_k 100 469.55997133255005 5.129899999999999 4.08 5.0703 3.9699999999999998 4.9603 3.0 7.8615831097
0.9127569179519256 1355.0684132513984 0.019047619047619046 0.9674616518881174 1456.4527457670672 0.0 f_swap_t 100 533.1109583377838 5.129899999999999 4.08 5.0703 4.9703 4.9603 3.0 7.8615831097
0.9127569179519256 1355.0684132513984 0.019047619047619046 0.9579051245095824 1437.0529206978997 0.0 t_swap_r_k 100 636.422370672226 5.129899999999999 4.08 5.0703 4.9703 4.9603 4.01 7.8615831097
0.9127569179519256 1355.0684132513984 0.019047619047619046 0.9919249141939968 1506.1133589330154 0.0 f_swap_t 100 703.4883315563202 5.129899999999999 4.08 5.0703 6.000597 4.9603 4.01 7.8615831097
0.9127569179519256 1355.0684132513984 0.019047619047619046 0.9762331585777826 1474.258972718789 0.0 t_swap_r_k 100 788.5480210781097 5.129899999999999 4.08 5.0703 6.000597 4.9603 5.0099 7.8615831097
0.9127569179519256 1355.0684132513984 0.019047619047619046 1.0361774892156617 1595.9464311647532 0.0 t_swap_k 100 860.3640313148499 5.129899999999999 4.08 6.259596999999999 6.000597 4.9603 5.0099 7.8615831097
0.9127569179519256 1355.0684132513984 0.019047619047619046 1.0476075188437586 1619.1494804040128 0.0 f_swap_t 100 927.5451104640961 5.129899999999999 4.08 6.259596999999999 6.98059103 4.9603 5.0099 7.8615831097
0.9127569179519256 1355.0684132513984 0.019047619047619046 1.0377663782909994 1599.1718883726812 0.0 t_swap_r_k 100 1012.243189573288 5.129899999999999 4.08 6.259596999999999 6.98059103 4.9603 5.999801 7.8615831097
0.9127569179519256 1355.0684132513984 0.019047619047619046 1.0368314150604523 1597.2739057268664 0.0 f_swap_t 100 1069.5820207595825 5.129899999999999 4.08 6.259596999999999 7.9807851197 4.9603 5.999801 7.8615831097
0.9127569179519256 1355.0684132513984 0.019047619047619046 1.039498078072965 1602.687252428239 0.0 t_move_k 100 1127.878829717636 6.268600999999999 4.08 6.259596999999999 7.9807851197 4.9603 5.999801 7.8615831097
0.9127569179519256 1355.0684132513984 0.019047619047619046 1.0440274136876084 1611.8818390310034 0.0 t_swap_k 100 1197.940719127655 6.268600999999999 4.08 7.447001029999999 7.9807851197 4.9603 5.999801 7.8615831097
0.9127569179519256 1355.0684132513984 0.019047619047619046 1.026707972284215 1576.723237981399 0.0 f_swap_t 100 1246.1417970657349 6.268600999999999 4.08 7.447001029999999 8.980977268503 4.9603 5.999801 7.8615831097
0.9127569179519256 1355.0684132513984 0.019047619047619046 1.0284618269117922 1580.2835765462396 0.0 t_swap_k 100 1312.6233441829681 6.268600999999999 4.08 8.5725310197 8.980977268503 4.9603 5.999801 7.8615831097
0.9127569179519256 1355.0684132513984 0.019047619047619046 0.9858484406797543 1493.7780703345115 0.0 t_move_k 100 1366.3124594688416 7.325914989999999 4.08 8.5725310197 8.980977268503 4.9603 5.999801 7.8615831097
0.9127569179519256 1355.0684132513984 0.019047619047619046 0.981361820000846 1484.6701953842412 0.0 t_multiswap_k 100 1387.7569785118103 7.325914989999999 4.08 8.5725310197 8.980977268503 4.9603 5.999801 8.782967278603
0.9127569179519256 1355.0684132513984 0.019047619047619046 0.9809094669313045 1483.751915127093 0.0 f_swap_t 100 1428.447636127472 7.325914989999999 4.08 8.5725310197 9.891167495817971 4.9603 5.999801 8.782967278603
0.9127569179519256 1355.0684132513984 0.019047619047619046 0.9807513921899953 1483.431022170082 0.0 t_move_k 100 1488.4117050170898 8.3226558401 4.08 8.5725310197 9.891167495817971 4.9603 5.999801 8.782967278603
0.9127569179519256 1355.0684132513984 0.019047619047619046 0.9730590355323852 1467.8154781951368 0.0 t_multiswap_k 100 1506.797302722931 8.3226558401 4.08 8.5725310197 9.891167495817971 4.9603 5.999801 9.72513760581697
0.9127569179519256 1355.0684132513984 0.019047619047619046 0.9518475894126208 1424.7560772340962 0.0 f_swap_t 100 1560.7679693698883 8.3226558401 4.08 8.5725310197 10.902255820859791 4.9603 5.999801 9.72513760581697
0.9127569179519256 1355.0684132513984 0.019047619047619046 0.9667792250675834 1455.0674140020367 0.0 t_swap_k 100 1641.6998009681702 8.3226558401 4.08 9.496805709503 10.902255820859791 4.9603 5.999801 9.72513760581697
0.9127569179519256 1355.0684132513984 0.019047619047619046 0.9353817317121217 1391.330257754839 0.0 t_swap_k 100 1724.9613604545593 8.3226558401 4.08 10.431837652407971 10.902255820859791 4.9603 5.999801 9.72513760581697
0.9127569179519256 1355.0684132513984 0.019047619047619046 0.9846108915447834 1491.2658359441346 0.0 f_swap_t 100 1785.4966306686401 8.3226558401 4.08 10.431837652407971 11.913233262651193 4.9603 5.999801 9.72513760581697
0.9127569179519256 1355.0684132513984 0.019047619047619046 1.0044525811136384 1531.5446204299194 0.0 t_swap_k 100 1870.4895694255829 8.3226558401 4.08 11.367519275883891 11.913233262651193 4.9603 5.999801 9.72513760581697
0.9127569179519256 1355.0684132513984 0.019047619047619046 0.9720299212309559 1465.7263681415468 0.0 move_t 100 1930.4275896549225 8.3226558401 5.0992 11.367519275883891 11.913233262651193 4.9603 5.999801 9.72513760581697
0.9127569179519256 1355.0684132513984 0.019047619047619046 0.9923177010418286 1506.9107192957892 0.0 t_move_k 100 1997.3616397380829 9.299429281699 5.0992 11.367519275883891 11.913233262651193 4.9603 5.999801 9.72513760581697
0.9127569179519256 1355.0684132513984 0.019047619047619046 0.9885356611592192 1499.233148854037 0.0 t_swap_k 100 2077.111239671707 9.299429281699 5.0992 12.283844083125052 11.913233262651193 4.9603 5.999801 9.72513760581697
0.9127569179519256 1355.0684132513984 0.019047619047619046 1.0028270954475045 1528.244871857413 0.0 f_swap_t 100 2131.5961742401123 9.299429281699 5.0992 12.283844083125052 12.924100930024682 4.9603 5.999801 9.72513760581697
0.9127569179519256 1355.0684132513984 0.019047619047619046 1.0847573790817728 1694.5639862610535 0.0 t_swap_k 100 2212.3903391361237 9.299429281699 5.0992 13.371005642293802 12.924100930024682 4.9603 5.999801 9.72513760581697
0.9127569179519256 1355.0684132513984 0.019047619047619046 1.047650007481315 1619.235732669441 0.0 move_t 100 2263.7813613414764 9.299429281699 6.2282079999999995 13.371005642293802 12.924100930024682 4.9603 5.999801 9.72513760581697
0.9127569179519256 1355.0684132513984 0.019047619047619046 1.0371268696941187 1597.873680936204 0.0 f_swap_t 100 2311.8133177757263 9.299429281699 6.2282079999999995 13.371005642293802 13.944859920724436 4.9603 5.999801 9.72513760581697
0.9127569179519256 1355.0684132513984 0.019047619047619046 0.9822543858013898 1486.4821109166724 0.0 t_multiswap_k 100 2325.5731999874115 9.299429281699 6.2282079999999995 13.371005642293802 13.944859920724436 4.9603 5.999801 10.687886229758801
0.9127569179519256 1355.0684132513984 0.019047619047619046 0.9751489701010547 1472.0580616600535 0.0 swap_t 100 2374.448869943619 9.299429281699 6.2282079999999995 13.371005642293802 13.944859920724436 5.940697 5.999801 10.687886229758801
0.9127569179519256 1355.0684132513984 0.019047619047619046 0.9838864289387643 1489.795171206911 0.0 swap_t 100 2421.5081322193146 9.299429281699 6.2282079999999995 13.371005642293802 13.944859920724436 6.92129003 5.999801 10.687886229758801
0.9127569179519256 1355.0684132513984 0.019047619047619046 1.0444983368994705 1612.837816821812 0.0 t_swap_k 100 2494.2683069705963 9.299429281699 6.2282079999999995 14.387295585870865 13.944859920724436 6.92129003 5.999801 10.687886229758801
0.9127569179519256 1355.0684132513984 0.019047619047619046 0.996729623414859 1515.866956102873 0.0 t_move_k 100 2551.2862532138824 10.47643498888201 6.2282079999999995 14.387295585870865 13.944859920724436 6.92129003 5.999801 10.687886229758801
0.9127569179519256 1355.0684132513984 0.019047619047619046 0.9816547435231495 1485.2648324177828 0.0 f_swap_t 100 2593.235427379608 10.47643498888201 6.2282079999999995 14.387295585870865 14.805411321517193 6.92129003 5.999801 10.687886229758801
0.9127569179519256 1355.0684132513984 0.019047619047619046 0.9775528378429111 1476.9379319135699 0.0 f_swap_t 100 2644.9646549224854 10.47643498888201 6.2282079999999995 14.387295585870865 15.65735720830202 6.92129003 5.999801 10.687886229758801
0.9127569179519256 1355.0684132513984 0.019047619047619046 1.0574749064267022 1639.1803541112072 0.0 move_t 100 2694.346202135086 10.47643498888201 7.2459259199999995 14.387295585870865 15.65735720830202 6.92129003 5.999801 10.687886229758801
0.9127569179519256 1355.0684132513984 0.019047619047619046 1.0646282356813799 1653.7016682566161 0.0 t_move_k 100 2762.2535343170166 11.47167063899319 7.2459259199999995 14.387295585870865 15.65735720830202 6.92129003 5.999801 10.687886229758801
0.9127569179519256 1355.0684132513984 0.019047619047619046 1.0552283550609343 1632.6330408882334 0.0 swap_t 100 2818.050846338272 11.47167063899319 7.2459259199999995 14.387295585870865 15.65735720830202 7.8820771297 5.999801 10.687886229758801
0.9127569179519256 1355.0684132513984 0.019047619047619046 1.0516237146852863 1635.4224204465563 0.016 t_swap_k 100 2880.9458043575287 11.47167063899319 7.2459259199999995 15.373422630012156 15.65735720830202 7.8820771297 5.999801 10.687886229758801
0.9127569179519256 1355.0684132513984 0.019047619047619046 1.0382740683614808 1604.2625187625763 0.008 t_swap_k 100 2959.447175502777 11.47167063899319 7.2459259199999995 16.349688403712033 15.65735720830202 7.8820771297 5.999801 10.687886229758801
0.9127569179519256 1355.0684132513984 0.019047619047619046 1.034975086932562 1597.5655607471356 0.008 t_swap_r_k 100 3049.444491147995 11.47167063899319 7.2459259199999995 16.349688403712033 15.65735720830202 7.8820771297 6.97980299 10.687886229758801
0.9127569179519256 1355.0684132513984 0.019047619047619046 1.0184517367449661 1568.083046660432 0.016 t_move_k 100 3106.134701013565 12.44695393260326 7.2459259199999995 16.349688403712033 15.65735720830202 7.8820771297 6.97980299 10.687886229758801
0.9127569179519256 1355.0684132513984 0.019047619047619046 1.039105653927264 1610.0106595326174 0.016 t_multiswap_k 100 3119.5133855342865 12.44695393260326 7.2459259199999995 16.349688403712033 15.65735720830202 7.8820771297 6.97980299 11.651007367461213
0.9127569179519256 1355.0684132513984 0.019047619047619046 1.0600430801433007 1655.6715878561185 0.02222222222222222 t_swap_k 100 3194.1098549365997 12.44695393260326 7.2459259199999995 17.226191519674913 15.65735720830202 7.8820771297 6.97980299 11.651007367461213
0.9127569179519256 1355.0684132513984 0.019047619047619046 1.0336618995727829 1598.9597957603164 0.016 t_move_k 100 3258.621954679489 13.412484393277227 7.2459259199999995 17.226191519674913 15.65735720830202 7.8820771297 6.97980299 11.651007367461213
0.9127569179519256 1355.0684132513984 0.019047619047619046 1.0304260000317154 1592.390894468922 0.016 swap_t 100 3314.2873163223267 13.412484393277227 7.2459259199999995 17.226191519674913 15.65735720830202 8.803256358403 6.97980299 11.651007367461213
0.9127569179519256 1355.0684132513984 0.019047619047619046 1.0367224136496422 1605.1726631922834 0.016 t_swap_k 100 3386.9391674995422 13.412484393277227 7.2459259199999995 18.073929604478163 15.65735720830202 8.803256358403 6.97980299 11.651007367461213
0.9127569179519256 1355.0684132513984 0.019047619047619046 1.030467055695897 1592.4742377872292 0.016 t_move_k 100 3442.2419726848602 14.278359549344454 7.2459259199999995 18.073929604478163 15.65735720830202 8.803256358403 6.97980299 11.651007367461213
0.9127569179519256 1355.0684132513984 0.019047619047619046 1.0828793645519945 1698.87163330595 0.016 t_move_k 100 3508.6120688915253 15.23557595385101 7.2459259199999995 18.073929604478163 15.65735720830202 8.803256358403 6.97980299 11.651007367461213
0.9127569179519256 1355.0684132513984 0.019047619047619046 1.0531135342128533 1638.4467657002876 0.016 t_swap_k 100 3599.414436817169 15.23557595385101 7.2459259199999995 18.92319030843338 15.65735720830202 8.803256358403 6.97980299 11.651007367461213
0.9127569179519256 1355.0684132513984 0.019047619047619046 1.0355847965167735 1602.8632915451185 0.016 t_move_k 100 3669.109525203705 16.2432201943125 7.2459259199999995 18.92319030843338 15.65735720830202 8.803256358403 6.97980299 11.651007367461213
0.9127569179519256 1355.0684132513984 0.019047619047619046 1.0270880526382908 1585.6148352418045 0.016 move_t 100 3733.202726840973 16.2432201943125 8.2334666608 18.92319030843338 15.65735720830202 8.803256358403 6.97980299 11.651007367461213
0.9127569179519256 1355.0684132513984 0.019047619047619046 1.0254444272638703 1582.2782629200822 0.016 t_swap_r_k 100 3824.8677940368652 16.2432201943125 8.2334666608 18.92319030843338 15.65735720830202 8.803256358403 7.950004960099999 11.651007367461213