12
3 163 5 140

Solution history:
B_obj   B_dis   B_sim   C_obj   C_dis   C_sim   neighbor   iterations   time   scores
0.8662989312145715 1359.0707722802706 0.2127659574468085 0.8662989312145715 1359.0707722802706 0.2127659574468085 0 0 0 3.0 3.0 3.0 3.0 3.0 3.0 3.0
0.8662989312145715 1359.0707722802706 0.2127659574468085 0.8695533653163934 1400.433083924211 0.28125 t_move_k 100 40.543097257614136 4.17 3.0 3.0 3.0 3.0 3.0 3.0
0.821477129049183 1382.1351290419534 0.4375 0.821477129049183 1382.1351290419534 0.4375 t_swap_r_k 7 48.50953245162964 4.17 3.0 3.0 3.0 3.0 4.571428571428571 3.0
0.8179671224625817 1375.9709662446494 0.4393939393939394 0.8179671224625817 1375.9709662446494 0.4393939393939394 t_swap_r_k 37 89.11857867240906 4.17 3.0 3.0 3.0 3.0 5.664092664092664 3.0
0.8169816296387129 1373.9704081305254 0.4393939393939394 0.8169816296387129 1373.9704081305254 0.4393939393939394 t_swap_r_k 100 179.0342001914978 4.17 3.0 3.0 3.0 3.0 6.647451737451737 3.0
0.8166245137275996 1373.245460047336 0.4393939393939394 0.8166245137275996 1373.245460047336 0.4393939393939394 t_multiswap_k 100 194.3764729499817 4.17 3.0 3.0 3.0 3.0 6.647451737451737 3.9699999999999998
0.8166245137275996 1373.245460047336 0.4393939393939394 0.8166245137275996 1373.245460047336 0.4393939393939394 t_swap_r_k 100 289.6607632637024 4.17 3.0 3.0 3.0 3.0 7.62097722007722 3.9699999999999998
0.8166245137275996 1373.245460047336 0.4393939393939394 0.8631001542199724 1467.5913725128503 0.4393939393939394 t_swap_k 100 340.05535769462585 4.17 3.0 4.01 3.0 3.0 7.62097722007722 3.9699999999999998
0.8166245137275996 1373.245460047336 0.4393939393939394 0.8429783543678295 1426.7439619686015 0.4393939393939394 t_multiswap_k 100 352.83998918533325 4.17 3.0 4.01 3.0 3.0 7.62097722007722 4.9303
0.8166245137275996 1373.245460047336 0.4393939393939394 0.8303389399573533 1401.0858521942596 0.4393939393939394 t_swap_r_k 100 443.2652232646942 4.17 3.0 4.01 3.0 3.0 8.584767447876448 4.9303
0.8166245137275996 1373.245460047336 0.4393939393939394 0.8260967469942655 1392.474167412358 0.4393939393939394 t_swap_r_k 100 533.515736579895 4.17 3.0 4.01 3.0 3.0 9.538919773397684 4.9303
0.8166245137275996 1373.245460047336 0.4393939393939394 0.8260162567304664 1392.3107715494443 0.4393939393939394 swap_t 100 568.4442749023438 4.17 3.0 4.01 3.0 3.9699999999999998 9.538919773397684 4.9303
0.8166245137275996 1373.245460047336 0.4393939393939394 0.8260162567304664 1392.3107715494443 0.4393939393939394 t_multiswap_k 100 582.5998792648315 4.17 3.0 4.01 3.0 3.9699999999999998 9.538919773397684 5.880997
0.8166245137275996 1373.245460047336 0.4393939393939394 0.8260162567304664 1392.3107715494443 0.4393939393939394 t_swap_r_k 100 666.6082832813263 4.17 3.0 4.01 3.0 3.9699999999999998 10.483530575663707 5.880997
0.8166245137275996 1373.245460047336 0.4393939393939394 0.8258494337661092 1391.9721196314558 0.4393939393939394 swap_t 100 697.305017709732 4.17 3.0 4.01 3.0 4.9603 10.483530575663707 5.880997
0.8166245137275996 1373.245460047336 0.4393939393939394 0.8251391848508917 1390.5303087973516 0.4393939393939394 t_multiswap_k 100 706.4178836345673 4.17 3.0 4.01 3.0 4.9603 10.483530575663707 6.82218703
0.8166245137275996 1373.245460047336 0.4393939393939394 0.8379409018591321 1424.2073175752248 0.45454545454545453 f_swap_t 100 741.3144748210907 4.17 3.0 4.01 4.04 4.9603 10.483530575663707 6.82218703
0.8166245137275996 1373.245460047336 0.4393939393939394 0.8336797264487286 1415.5570982773088 0.45454545454545453 t_multiswap_k 100 755.3045363426208 4.17 3.0 4.01 4.04 4.9603 10.483530575663707 7.7539651597
0.8166245137275996 1373.245460047336 0.4393939393939394 0.8336533005758057 1415.5034535492923 0.45454545454545453 t_multiswap_k 100 765.467410326004 4.17 3.0 4.01 4.04 4.9603 10.483530575663707 8.676425508103
0.8166245137275996 1373.245460047336 0.4393939393939394 0.8300516497899433 1408.1920743800242 0.45454545454545453 swap_t 100 798.6653571128845 4.17 3.0 4.01 4.04 5.940697 10.483530575663707 8.676425508103
0.8166245137275996 1373.245460047336 0.4393939393939394 0.8292994195761888 1406.6650411826563 0.45454545454545453 t_multiswap_k 100 812.1606533527374 4.17 3.0 4.01 4.04 5.940697 10.483530575663707 9.58966125302197
0.8166245137275996 1373.245460047336 0.4393939393939394 0.8292994195761888 1406.6650411826563 0.45454545454545453 t_swap_r_k 100 894.8006060123444 4.17 3.0 4.01 4.04 5.940697 11.41869526990707 9.58966125302197
0.8166245137275996 1373.245460047336 0.4393939393939394 0.8491857832125524 1406.6650411826563 0.375 t_swap_r_k 100 994.6140055656433 4.17 3.0 4.01 4.04 5.940697 12.344508317208 9.58966125302197
0.8166245137275996 1373.245460047336 0.4393939393939394 0.8491857832125524 1406.6650411826563 0.375 t_swap_r_k 100 1089.5267441272736 4.17 3.0 4.01 4.04 5.940697 13.26106323403592 9.58966125302197
0.8166245137275996 1373.245460047336 0.4393939393939394 0.8860415973721274 1497.342067104934 0.40625 swap_t 100 1128.338840007782 4.17 3.0 4.01 4.04 7.01129003 13.26106323403592 9.58966125302197
0.8166245137275996 1373.245460047336 0.4393939393939394 0.8643007278437187 1453.207932497622 0.40625 t_swap_r_k 100 1214.897616147995 4.17 3.0 4.01 4.04 7.01129003 14.168452601695561 9.58966125302197
0.8166245137275996 1373.245460047336 0.4393939393939394 0.8527518867868626 1429.763695131876 0.40625 t_multiswap_k 100 1240.5056130886078 4.17 3.0 4.01 4.04 7.01129003 14.168452601695561 10.493764640491749
0.8166245137275996 1373.245460047336 0.4393939393939394 0.8624483242947408 1449.4475388541746 0.40625 t_move_k 100 1279.2437987327576 5.1383 3.0 4.01 4.04 7.01129003 14.168452601695561 10.493764640491749
0.8166245137275996 1373.245460047336 0.4393939393939394 0.8600493351684795 1444.5775722283436 0.40625 swap_t 100 1310.03821849823 5.1383 3.0 4.01 4.04 7.9411771297 14.168452601695561 10.493764640491749
0.8166245137275996 1373.245460047336 0.4393939393939394 0.8854768804246854 1504.1254052480413 0.421875 f_swap_t 100 1344.2844939231873 5.1383 3.0 4.01 5.069599999999999 7.9411771297 14.168452601695561 10.493764640491749
0.8166245137275996 1373.245460047336 0.4393939393939394 0.8761030550427183 1485.096466656023 0.421875 t_multiswap_k 100 1362.6014835834503 5.1383 3.0 4.01 5.069599999999999 7.9411771297 14.168452601695561 11.388826994086832
0.8166245137275996 1373.245460047336 0.4393939393939394 0.8684247820826557 1477.43923064512 0.4375 t_swap_k 100 1415.5428140163422 5.1383 3.0 4.9999 5.069599999999999 7.9411771297 14.168452601695561 11.388826994086832
0.8166245137275996 1373.245460047336 0.4393939393939394 0.8594549836259753 1459.2304698607227 0.4375 swap_t 100 1448.223829984665 5.1383 3.0 4.9999 5.069599999999999 8.951765358403 14.168452601695561 11.388826994086832
0.8166245137275996 1373.245460047336 0.4393939393939394 0.9108514306380219 1579.425093814115 0.46875 f_swap_t 100 1486.1966478824615 5.1383 3.0 4.9999 6.138903999999999 8.951765358403 14.168452601695561 11.388826994086832
0.8166245137275996 1373.245460047336 0.4393939393939394 0.8913121699646465 1539.7602423435114 0.46875 move_t 100 1531.6561541557312 5.1383 3.9699999999999998 4.9999 6.138903999999999 8.951765358403 14.168452601695561 11.388826994086832
0.8166245137275996 1373.245460047336 0.4393939393939394 0.8856326639730578 1528.2308009102571 0.46875 t_swap_r_k 100 1619.0062725543976 5.1383 3.9699999999999998 4.9999 6.138903999999999 8.951765358403 15.066768075678606 11.388826994086832
0.8166245137275996 1373.245460047336 0.4393939393939394 0.9235615751022654 1605.2267861489277 0.46875 t_move_k 100 1668.7368199825287 6.186917 3.9699999999999998 4.9999 6.138903999999999 8.951765358403 15.066768075678606 11.388826994086832
0.8166245137275996 1373.245460047336 0.4393939393939394 0.9342194695839832 1626.862395022437 0.46875 t_swap_k 100 1726.3695826530457 6.186917 3.9699999999999998 5.969901 6.138903999999999 8.951765358403 15.066768075678606 11.388826994086832
0.8166245137275996 1373.245460047336 0.4393939393939394 0.9274794444095893 1613.1800913816066 0.46875 t_multiswap_k 100 1737.3527157306671 6.186917 3.9699999999999998 5.969901 6.138903999999999 8.951765358403 15.066768075678606 12.274938724145963
0.8166245137275996 1373.245460047336 0.4393939393939394 0.9254274199211485 1609.0144656750542 0.46875 t_swap_r_k 100 1823.3616299629211 6.186917 3.9699999999999998 5.969901 6.138903999999999 8.951765358403 15.95610039492182 12.274938724145963
0.8166245137275996 1373.245460047336 0.4393939393939394 0.9202768781122266 1598.558825655757 0.46875 swap_t 100 1871.9808413982391 6.186917 3.9699999999999998 5.969901 6.138903999999999 9.89224770481897 15.95610039492182 12.274938724145963
0.8166245137275996 1373.245460047336 0.4393939393939394 0.9406102611378936 1639.8357516914978 0.46875 t_move_k 100 1914.5532994270325 7.19504783 3.9699999999999998 5.969901 6.138903999999999 9.89224770481897 15.95610039492182 12.274938724145963
0.8166245137275996 1373.245460047336 0.4393939393939394 0.9988270261162951 1765.9459563310218 0.484375 t_move_k 100 1971.874314069748 8.343097351699999 3.9699999999999998 5.969901 6.138903999999999 9.89224770481897 15.95610039492182 12.274938724145963
0.8166245137275996 1373.245460047336 0.4393939393939394 0.9456585817817784 1650.083881948981 0.46875 move_t 100 2009.3273334503174 8.343097351699999 5.0603 5.969901 6.138903999999999 9.89224770481897 15.95610039492182 12.274938724145963
0.8166245137275996 1373.245460047336 0.4393939393939394 0.8900108350838885 1568.837394184961 0.53125 t_multiswap_k 100 2025.0897710323334 8.343097351699999 5.0603 5.969901 6.138903999999999 9.89224770481897 15.95610039492182 13.212189336904503
0.8166245137275996 1373.245460047336 0.4393939393939394 0.8692440205132445 1526.6805987344262 0.53125 t_multiswap_k 100 2038.4781534671783 8.343097351699999 5.0603 5.969901 6.138903999999999 9.89224770481897 15.95610039492182 14.080067443535459
0.8166245137275996 1373.245460047336 0.4393939393939394 0.8748613776441767 1538.0838774961132 0.53125 t_move_k 100 2086.6067576408386 9.269666378182999 5.0603 5.969901 6.138903999999999 9.89224770481897 15.95610039492182 14.080067443535459
0.8166245137275996 1373.245460047336 0.4393939393939394 0.8660635658022192 1527.4330853785978 0.5454545454545454 t_swap_r_k 100 2176.0277605056763 9.269666378182999 5.0603 5.969901 6.138903999999999 9.89224770481897 16.8665393909726 14.080067443535459
0.8166245137275996 1373.245460047336 0.4393939393939394 0.8959835800148485 1581.2995477571712 0.5319148936170213 t_move_k 100 2227.179194688797 10.25696971440117 5.0603 5.969901 6.138903999999999 9.89224770481897 16.8665393909726 14.080067443535459
0.8166245137275996 1373.245460047336 0.4393939393939394 0.8689388642656902 1526.3985639795828 0.5319148936170213 t_multiswap_k 100 2248.621358394623 10.25696971440117 5.0603 5.969901 6.138903999999999 9.89224770481897 16.8665393909726 14.939266769100104
0.8166245137275996 1373.245460047336 0.4393939393939394 0.8663471154664666 1521.1372937151248 0.5319148936170213 t_swap_r_k 100 2333.0350716114044 10.25696971440117 5.0603 5.969901 6.138903999999999 9.89224770481897 17.737873997062874 14.939266769100104
0.8166245137275996 1373.245460047336 0.4393939393939394 0.8656350498847527 1519.6917950338725 0.5319148936170213 t_multiswap_k 100 2346.1615431308746 10.25696971440117 5.0603 5.969901 6.138903999999999 9.89224770481897 17.737873997062874 15.789874101409103
0.8166245137275996 1373.245460047336 0.4393939393939394 0.8656350498847527 1519.6917950338725 0.5319148936170213 t_multiswap_k 100 2364.3860671520233 10.25696971440117 5.0603 5.969901 6.138903999999999 9.89224770481897 17.737873997062874 16.63197536039501
0.8166245137275996 1373.245460047336 0.4393939393939394 0.8656350498847527 1519.6917950338725 0.5319148936170213 t_swap_r_k 100 2443.605566740036 10.25696971440117 5.0603 5.969901 6.138903999999999 9.89224770481897 18.600495257092245 16.63197536039501
0.8166245137275996 1373.245460047336 0.4393939393939394 0.8656350498847527 1519.6917950338725 0.5319148936170213 t_multiswap_k 100 2461.9718730449677 10.25696971440117 5.0603 5.969901 6.138903999999999 9.89224770481897 18.600495257092245 17.46565560679106
0.8166245137275996 1373.245460047336 0.4393939393939394 0.8902342564423449 1580.4262898923107 0.5531914893617021 t_move_k 100 2495.812416791916 11.264400017257158 5.0603 5.969901 6.138903999999999 9.89224770481897 18.600495257092245 17.46565560679106
0.8166245137275996 1373.245460047336 0.4393939393939394 0.8653509803815262 1529.9130455299337 0.5531914893617021 t_swap_r_k 100 2577.5778217315674 11.264400017257158 5.0603 5.969901 6.138903999999999 9.89224770481897 19.45449030452132 17.46565560679106
0.8166245137275996 1373.245460047336 0.4393939393939394 0.8615576667130643 1522.2125892150243 0.5531914893617021 t_move_k 100 2619.6850094795227 12.151756017084587 5.0603 5.969901 6.138903999999999 9.89224770481897 19.45449030452132 17.46565560679106
0.8166245137275996 1373.245460047336 0.4393939393939394 0.8880512843082181 1575.9948394443115 0.5531914893617021 t_move_k 100 2666.7354576587677 13.100238456913742 5.0603 5.969901 6.138903999999999 9.89224770481897 19.45449030452132 17.46565560679106
0.8166245137275996 1373.245460047336 0.4393939393939394 0.8684523025538047 1536.2087537136897 0.5531914893617021 t_swap_r_k 100 2762.1256489753723 13.100238456913742 5.0603 5.969901 6.138903999999999 9.89224770481897 20.29994540147611 17.46565560679106
0.8166245137275996 1373.245460047336 0.4393939393939394 0.8628723253076198 1524.8813564094073 0.5531914893617021 t_swap_r_k 100 2839.3383178710938 13.100238456913742 5.0603 5.969901 6.138903999999999 9.89224770481897 21.136945947461346 17.46565560679106
0.8166245137275996 1373.245460047336 0.4393939393939394 0.8617891859063496 1522.6825749820275 0.5531914893617021 t_swap_r_k 100 2928.271139383316 13.100238456913742 5.0603 5.969901 6.138903999999999 9.89224770481897 21.96557648798673 17.46565560679106
0.8166245137275996 1373.245460047336 0.4393939393939394 0.8617544047598302 1522.6119689834832 0.5531914893617021 f_swap_t 100 2960.0750715732574 13.100238456913742 5.0603 5.969901 7.077514959999999 9.89224770481897 21.96557648798673 17.46565560679106
0.8166245137275996 1373.245460047336 0.4393939393939394 0.976964081053846 1756.4885098909558 0.5531914893617021 t_swap_k 100 3042.5885179042816 13.100238456913742 5.0603 7.0102019900000005 7.077514959999999 9.89224770481897 21.96557648798673 17.46565560679106
0.8166245137275996 1373.245460047336 0.4393939393939394 0.9340756598663458 1647.8288529720871 0.5106382978723404 swap_t 100 3091.832632780075 13.100238456913742 5.0603 7.0102019900000005 7.077514959999999 10.963325227770781 21.96557648798673 17.46565560679106
0.8166245137275996 1373.245460047336 0.4393939393939394 0.9328530488552249 1666.942770693288 0.5531914893617021 swap_t 100 3139.0598855018616 13.100238456913742 5.0603 7.0102019900000005 7.077514959999999 11.963691975493074 21.96557648798673 17.46565560679106
0.8166245137275996 1373.245460047336 0.4393939393939394 0.9458426283635721 1682.5138045438957 0.5319148936170213 t_swap_k 100 3204.5180566310883 13.100238456913742 5.0603 7.9800999701 7.077514959999999 11.963691975493074 21.96557648798673 17.46565560679106
0.8166245137275996 1373.245460047336 0.4393939393939394 0.9327085120832818 1655.851446117754 0.5319148936170213 f_swap_t 100 3264.2289543151855 13.100238456913742 5.0603 7.9800999701 8.0667398104 11.963691975493074 21.96557648798673 17.46565560679106
0.8166245137275996 1373.245460047336 0.4393939393939394 0.9198923831764656 1619.036690736535 0.5106382978723404 move_t 100 3310.980917453766 13.100238456913742 6.269697 7.9800999701 8.0667398104 11.963691975493074 21.96557648798673 17.46565560679106
0.8166245137275996 1373.245460047336 0.4393939393939394 0.9009637342849266 1580.6113859426257 0.5106382978723404 f_swap_t 100 3351.5214433670044 13.100238456913742 6.269697 7.9800999701 9.016072412296 11.963691975493074 21.96557648798673 17.46565560679106
0.8166245137275996 1373.245460047336 0.4393939393939394 0.894743407941025 1567.9840749786167 0.5106382978723404 t_swap_r_k 100 3440.440613269806 13.100238456913742 6.269697 7.9800999701 9.016072412296 11.963691975493074 22.785920723106862 17.46565560679106
0.8166245137275996 1373.245460047336 0.4393939393939394 0.8920695690597141 1562.5561612076501 0.5106382978723404 swap_t 100 3479.011236667633 13.100238456913742 6.269697 7.9800999701 9.016072412296 12.844055055738142 22.785920723106862 17.46565560679106
0.8166245137275996 1373.245460047336 0.4393939393939394 0.8907014030216862 1559.7787734859414 0.5106382978723404 t_swap_r_k 100 3567.307278394699 13.100238456913742 6.269697 7.9800999701 9.016072412296 12.844055055738142 23.598061515875795 17.46565560679106
0.8166245137275996 1373.245460047336 0.4393939393939394 0.8907014030216862 1559.7787734859414 0.5106382978723404 t_multiswap_k 100 3579.039034843445 13.100238456913742 6.269697 7.9800999701 9.016072412296 12.844055055738142 23.598061515875795 18.290999050723148
0.8166245137275996 1373.245460047336 0.4393939393939394 0.8907014030216862 1559.7787734859414 0.5106382978723404 t_swap_r_k 100 3661.8621010780334 13.100238456913742 6.269697 7.9800999701 9.016072412296 12.844055055738142 24.40208090071704 18.290999050723148
0.8166245137275996 1373.245460047336 0.4393939393939394 0.8907014030216862 1559.7787734859414 0.5106382978723404 t_swap_r_k 100 3739.0218682289124 13.100238456913742 6.269697 7.9800999701 9.016072412296 12.844055055738142 25.19806009170987 18.290999050723148