32

Similarity 1
0.0

Similarity combination matrix:
0.4074074074074074 0.1111111111111111 0.2222222222222222 0.07407407407407407 0.1111111111111111 0.3333333333333333 0.25925925925925924 0.37037037037037035 0.0
0.3548387096774194 0.3548387096774194 0.3225806451612903 0.1935483870967742 0.22580645161290322 0.1935483870967742 0.16129032258064516 0.22580645161290322 0.0
0.13793103448275862 0.4827586206896552 0.3793103448275862 0.27586206896551724 0.06896551724137931 0.3448275862068966 0.2413793103448276 0.13793103448275862 0.0
0.30434782608695654 0.391304347826087 0.391304347826087 0.34782608695652173 0.17391304347826086 0.30434782608695654 0.2608695652173913 0.08695652173913043 0.0
0.1935483870967742 0.16129032258064516 0.3548387096774194 0.3548387096774194 0.3225806451612903 0.2903225806451613 0.3225806451612903 0.0967741935483871 0.0
0.2692307692307692 0.11538461538461539 0.34615384615384615 0.34615384615384615 0.38461538461538464 0.23076923076923078 0.23076923076923078 0.2692307692307692 0.0
0.3333333333333333 0.0 0.2916666666666667 0.125 0.16666666666666666 0.25 0.2916666666666667 0.5416666666666666 0.0
0.17857142857142858 0.10714285714285714 0.21428571428571427 0.39285714285714285 0.39285714285714285 0.14285714285714285 0.39285714285714285 0.25 0.0
0.0 0.0 0.0 0.0 0.0 0.0 0.0 0.0 0.0

Similarity combination pairings:
(np.int64(0), np.int64(5)) (np.int64(1), np.int64(0)) (np.int64(2), np.int64(1)) (np.int64(3), np.int64(2)) (np.int64(4), np.int64(3)) (np.int64(5), np.int64(4)) (np.int64(6), np.int64(7)) (np.int64(7), np.int64(6)) (np.int64(8), np.int64(8))
0.3333333333333333 0.3548387096774194 0.4827586206896552 0.391304347826087 0.3548387096774194 0.38461538461538464 0.5416666666666666 0.39285714285714285 0.0

Similarity 2
0.0

Similarity combination matrix:
0.023809523809523808 0.0 0.0 0.0 0.0 0.0 0.0 0.0 0.0
0.0 0.041666666666666664 0.020833333333333332 0.0 0.0 0.0 0.0 0.0 0.0
0.0 0.0 0.023809523809523808 0.0 0.0 0.023809523809523808 0.0 0.0 0.0
0.0 0.023809523809523808 0.0 0.05714285714285714 0.0 0.0 0.0 0.0 0.0
0.0 0.0 0.0 0.023809523809523808 0.0 0.027777777777777776 0.0 0.0 0.0
0.0 0.023809523809523808 0.0 0.0 0.0 0.0 0.027777777777777776 0.044642857142857144 0.0
0.044642857142857144 0.0 0.0 0.0 0.0 0.0 0.0 0.0 0.0
0.0 0.0 0.0 0.023809523809523808 0.023809523809523808 0.0 0.0 0.0 0.0
0.0 0.0 0.0 0.0 0.0 0.0 0.0 0.0 0.0

Similarity combination pairings:
(np.int64(0), np.int64(6)) (np.int64(1), np.int64(1)) (np.int64(2), np.int64(2)) (np.int64(3), np.int64(3)) (np.int64(4), np.int64(5)) (np.int64(5), np.int64(7)) (np.int64(6), np.int64(0)) (np.int64(7), np.int64(4)) (np.int64(8), np.int64(8))
0.0 0.041666666666666664 0.023809523809523808 0.05714285714285714 0.027777777777777776 0.044642857142857144 0.044642857142857144 0.023809523809523808 0.0

Similarity 3
0.0

Similarity combination matrix:
0.027777777777777776 0.0 0.0 0.0 0.0 0.0 0.0 0.0 0.0
0.0 0.047619047619047616 0.023809523809523808 0.0 0.0 0.0 0.0 0.0 0.0
0.0 0.0 0.027777777777777776 0.0 0.0 0.027777777777777776 0.0 0.0 0.0
0.0 0.027777777777777776 0.0 0.06944444444444443 0.0 0.0 0.0 0.0 0.0
0.0 0.0 0.0 0.027777777777777776 0.0 0.03333333333333333 0.0 0.0 0.0
0.0 0.027777777777777776 0.0 0.0 0.0 0.0 0.03333333333333333 0.05158730158730159 0.0
0.05158730158730159 0.0 0.0 0.0 0.0 0.0 0.0 0.0 0.0
0.0 0.0 0.0 0.027777777777777776 0.027777777777777776 0.0 0.0 0.0 0.0
0.0 0.0 0.0 0.0 0.0 0.0 0.0 0.0 0.0

Similarity combination pairings:
(np.int64(0), np.int64(6)) (np.int64(1), np.int64(1)) (np.int64(2), np.int64(2)) (np.int64(3), np.int64(3)) (np.int64(4), np.int64(5)) (np.int64(5), np.int64(7)) (np.int64(6), np.int64(0)) (np.int64(7), np.int64(4)) (np.int64(8), np.int64(8))
0.0 0.047619047619047616 0.027777777777777776 0.06944444444444443 0.03333333333333333 0.05158730158730159 0.05158730158730159 0.027777777777777776 0.0
