32
9 153 6 20

Solution history:
B_obj   B_dis   B_sim   C_obj   C_dis   C_sim   neighbor   iterations   time   scores
1.0038531238705346 91338.16572809845 0.0 1.0038531238705346 91338.16572809845 0.0 0 0 0 3.0 3.0 3.0 3.0 3.0 3.0 3.0
1.0038531238705346 91338.16572809845 0.0 1.0123735082001146 92882.73544314553 0.0 t_move_k 100 83.9929461479187 3.98 3.0 3.0 3.0 3.0 3.0 3.0
1.0038531238705346 91338.16572809845 0.0 1.0116344570787974 92748.760737815 0.0 t_swap_r_k 100 328.98189902305603 3.98 3.0 3.0 3.0 3.0 4.01 3.0
1.0038531238705346 91338.16572809845 0.0 1.011207764277457 92671.41014503826 0.0 swap_t 100 351.6096546649933 3.98 3.0 3.0 3.0 3.9699999999999998 4.01 3.0
1.0038531238705346 91338.16572809845 0.0 1.011207764277457 92671.41014503826 0.0 t_move_k 100 402.30730533599854 4.9402 3.0 3.0 3.0 3.9699999999999998 4.01 3.0
1.0038531238705346 91338.16572809845 0.0 1.0122608484955853 92862.31256537483 0.0 f_swap_t 100 485.08451294898987 4.9402 3.0 3.0 4.01 3.9699999999999998 4.01 3.0
1.0038531238705346 91338.16572809845 0.0 1.0099336568465191 92440.44078081472 0.0 t_swap_r_k 100 698.8783159255981 4.9402 3.0 3.0 4.01 3.9699999999999998 5.0099 3.0
1.0038531238705346 91338.16572809845 0.0 1.009444206158228 92351.71347921653 0.0 t_multiswap_k 100 724.9651231765747 4.9402 3.0 3.0 4.01 3.9699999999999998 5.0099 3.9699999999999998
1.0038531238705346 91338.16572809845 0.0 1.009444206158228 92351.71347921653 0.0 t_swap_r_k 100 954.6393401622772 4.9402 3.0 3.0 4.01 3.9699999999999998 5.999801 3.9699999999999998
1.0038531238705346 91338.16572809845 0.0 1.009444206158228 92351.71347921653 0.0 move_t 100 1002.4590411186218 4.9402 3.9699999999999998 3.0 4.01 3.9699999999999998 5.999801 3.9699999999999998
1.0038531238705346 91338.16572809845 0.0 1.0102882320440014 92504.71794139266 0.0 f_swap_t 100 1050.8864884376526 4.9402 3.9699999999999998 3.0 4.9799 3.9699999999999998 5.999801 3.9699999999999998
1.0038531238705346 91338.16572809845 0.0 1.010165439997996 92482.4582793666 0.0 t_swap_r_k 100 1305.7379126548767 4.9402 3.9699999999999998 3.0 4.9799 3.9699999999999998 6.97980299 3.9699999999999998
1.0038531238705346 91338.16572809845 0.0 1.010092925708823 92469.31293631249 0.0 t_swap_r_k 100 1529.432339668274 4.9402 3.9699999999999998 3.0 4.9799 3.9699999999999998 7.950004960099999 3.9699999999999998
1.0038531238705346 91338.16572809845 0.0 1.010092925708823 92469.31293631249 0.0 t_swap_r_k 100 1763.8274121284485 4.9402 3.9699999999999998 3.0 4.9799 3.9699999999999998 8.910504910499 3.9699999999999998
1.0038531238705346 91338.16572809845 0.0 1.010092925708823 92469.31293631249 0.0 t_move_k 100 1843.8249869346619 5.890798 3.9699999999999998 3.0 4.9799 3.9699999999999998 8.910504910499 3.9699999999999998
1.0038531238705346 91338.16572809845 0.0 1.010092925708823 92469.31293631249 0.0 t_move_k 100 1895.5425152778625 6.83189002 3.9699999999999998 3.0 4.9799 3.9699999999999998 8.910504910499 3.9699999999999998
1.0038531238705346 91338.16572809845 0.0 1.010092925708823 92469.31293631249 0.0 t_swap_r_k 100 2137.546877861023 6.83189002 3.9699999999999998 3.0 4.9799 3.9699999999999998 9.86139986139401 3.9699999999999998
1.0038531238705346 91338.16572809845 0.0 1.010092925708823 92469.31293631249 0.0 t_swap_k 100 2248.437967777252 6.83189002 3.9699999999999998 3.9699999999999998 4.9799 3.9699999999999998 9.86139986139401 3.9699999999999998
1.0038531238705346 91338.16572809845 0.0 1.014919534996361 93344.27752048206 0.0 t_multiswap_k 100 2282.2347905635834 6.83189002 3.9699999999999998 3.9699999999999998 4.9799 3.9699999999999998 9.86139986139401 4.9403
1.0038531238705346 91338.16572809845 0.0 1.0148538247295842 93332.36560617102 0.0 t_swap_r_k 100 2493.1287331581116 6.83189002 3.9699999999999998 3.9699999999999998 4.9799 3.9699999999999998 10.802785862780071 4.9403
1.0038531238705346 91338.16572809845 0.0 1.0148382127117217 93329.53546975365 0.0 t_swap_r_k 100 2740.88556432724 6.83189002 3.9699999999999998 3.9699999999999998 4.9799 3.9699999999999998 11.73475800415227 4.9403
1.0038531238705346 91338.16572809845 0.0 1.014802036298057 93322.9774330755 0.0 t_swap_r_k 100 2975.857431411743 6.83189002 3.9699999999999998 3.9699999999999998 4.9799 3.9699999999999998 12.657410424110749 4.9403
1.0038531238705346 91338.16572809845 0.0 1.014802036298057 93322.9774330755 0.0 swap_t 100 3020.2999527454376 6.83189002 3.9699999999999998 3.9699999999999998 4.9799 4.9303 12.657410424110749 4.9403
1.0038531238705346 91338.16572809845 0.0 1.014802036298057 93322.9774330755 0.0 t_swap_r_k 100 3269.0975625514984 6.83189002 3.9699999999999998 3.9699999999999998 4.9799 4.9303 13.570836319869642 4.9403
1.0038531238705346 91338.16572809845 0.0 1.0188283196808676 94016.47949421425 0.0 move_t 100 3306.978246688843 6.83189002 4.9703 3.9699999999999998 4.9799 4.9303 13.570836319869642 4.9403
1.0038531238705346 91338.16572809845 0.0 1.0163424174975586 93602.21673242474 0.0 t_move_k 100 3384.4339933395386 7.7635711198 4.9703 3.9699999999999998 4.9799 4.9303 13.570836319869642 4.9403
1.0038531238705346 91338.16572809845 0.0 1.0304239220217646 96154.90268989708 0.0 f_swap_t 100 3439.20982336998 7.7635711198 4.9703 3.9699999999999998 5.940100999999999 4.9303 13.570836319869642 4.9403
1.0038531238705346 91338.16572809845 0.0 1.0285130722342872 95808.50508650554 0.0 t_swap_k 100 3546.6730592250824 7.7635711198 4.9703 4.9603 5.940100999999999 4.9303 13.570836319869642 4.9403
1.0038531238705346 91338.16572809845 0.0 1.027877927850044 95693.36652671326 0.0 move_t 100 3588.330047607422 7.7635711198 5.920597 4.9603 5.940100999999999 4.9303 13.570836319869642 4.9403
1.0038531238705346 91338.16572809845 0.0 1.0276892329491392 95659.16003812687 0.0 t_swap_r_k 100 3817.2746040821075 7.7635711198 5.920597 4.9603 5.940100999999999 4.9303 14.475127956670946 4.9403