32
9 153 6 20

Solution history:
B_obj   B_dis   B_sim   C_obj   C_dis   C_sim   neighbor   iterations   time   scores
1.0038531238705346 91338.16572809845 0.0 1.0038531238705346 91338.16572809845 0.0 0 0 0 3.0 3.0 3.0 3.0 3.0 3.0 3.0
1.0036747243259128 91305.82557498539 0.0 1.0036747243259128 91305.82557498539 0.0 f_swap_t 85 10.04066777229309 3.0 3.0 3.0 4.047058823529412 3.0 3.0 3.0
1.0036747243259128 91305.82557498539 0.0 1.0036747243259128 91305.82557498539 0.0 f_swap_t 100 46.78390121459961 3.0 3.0 3.0 5.006588235294117 3.0 3.0 3.0
1.0036747243259128 91305.82557498539 0.0 1.0036747243259128 91305.82557498539 0.0 swap_t 100 59.63235378265381 3.0 3.0 3.0 5.006588235294117 3.9699999999999998 3.0 3.0
1.0036747243259128 91305.82557498539 0.0 1.0036747243259128 91305.82557498539 0.0 move_t 100 80.3315041065216 3.0 3.9699999999999998 3.0 5.006588235294117 3.9699999999999998 3.0 3.0
1.0036747243259128 91305.82557498539 0.0 1.0036747243259128 91305.82557498539 0.0 swap_t 100 93.70146751403809 3.0 3.9699999999999998 3.0 5.006588235294117 4.9303 3.0 3.0
1.0036747243259128 91305.82557498539 0.0 1.0036747243259128 91305.82557498539 0.0 t_multiswap_k 100 102.31310248374939 3.0 3.9699999999999998 3.0 5.006588235294117 4.9303 3.0 3.9699999999999998
1.0036747243259128 91305.82557498539 0.0 1.0036747243259128 91305.82557498539 0.0 t_move_k 100 113.81480526924133 3.9699999999999998 3.9699999999999998 3.0 5.006588235294117 4.9303 3.0 3.9699999999999998
1.0036747243259128 91305.82557498539 0.0 1.0036747243259128 91305.82557498539 0.0 f_swap_t 100 132.91699385643005 3.9699999999999998 3.9699999999999998 3.0 5.956522352941176 4.9303 3.0 3.9699999999999998
1.0036747243259128 91305.82557498539 0.0 1.0036747243259128 91305.82557498539 0.0 t_swap_k 100 159.08318424224854 3.9699999999999998 3.9699999999999998 3.9699999999999998 5.956522352941176 4.9303 3.0 3.9699999999999998
1.0036747243259128 91305.82557498539 0.0 1.0036747243259128 91305.82557498539 0.0 move_t 100 169.67194962501526 3.9699999999999998 4.9303 3.9699999999999998 5.956522352941176 4.9303 3.0 3.9699999999999998
1.0036747243259128 91305.82557498539 0.0 1.0036747243259128 91305.82557498539 0.0 move_t 100 189.95103478431702 3.9699999999999998 5.880997 3.9699999999999998 5.956522352941176 4.9303 3.0 3.9699999999999998
1.0036747243259128 91305.82557498539 0.0 1.0036747243259128 91305.82557498539 0.0 t_move_k 100 224.87613129615784 4.9303 5.880997 3.9699999999999998 5.956522352941176 4.9303 3.0 3.9699999999999998
1.0036747243259128 91305.82557498539 0.0 1.0036747243259128 91305.82557498539 0.0 t_move_k 100 249.4271683692932 5.880997 5.880997 3.9699999999999998 5.956522352941176 4.9303 3.0 3.9699999999999998
1.0036747243259128 91305.82557498539 0.0 1.0036747243259128 91305.82557498539 0.0 move_t 100 265.74207067489624 5.880997 6.82218703 3.9699999999999998 5.956522352941176 4.9303 3.0 3.9699999999999998
1.0036747243259128 91305.82557498539 0.0 1.0036747243259128 91305.82557498539 0.0 t_swap_r_k 100 330.7520806789398 5.880997 6.82218703 3.9699999999999998 5.956522352941176 4.9303 4.01 3.9699999999999998
1.0036747243259128 91305.82557498539 0.0 1.0036747243259128 91305.82557498539 0.0 t_multiswap_k 100 352.2690784931183 5.880997 6.82218703 3.9699999999999998 5.956522352941176 4.9303 4.01 4.9303
1.0036747243259128 91305.82557498539 0.0 1.0036747243259128 91305.82557498539 0.0 move_t 100 367.3608994483948 5.880997 7.7539651597 3.9699999999999998 5.956522352941176 4.9303 4.01 4.9303
1.0036747243259128 91305.82557498539 0.0 1.0036747243259128 91305.82557498539 0.0 f_swap_t 100 392.5245990753174 5.880997 7.7539651597 3.9699999999999998 6.896957129411764 4.9303 4.01 4.9303
1.0036747243259128 91305.82557498539 0.0 1.0036747243259128 91305.82557498539 0.0 move_t 100 412.33164834976196 5.880997 8.676425508103 3.9699999999999998 6.896957129411764 4.9303 4.01 4.9303
1.0036747243259128 91305.82557498539 0.0 1.0036747243259128 91305.82557498539 0.0 t_multiswap_k 100 418.5183093547821 5.880997 8.676425508103 3.9699999999999998 6.896957129411764 4.9303 4.01 5.880997
1.0036747243259128 91305.82557498539 0.0 1.0036747243259128 91305.82557498539 0.0 t_multiswap_k 100 423.8066658973694 5.880997 8.676425508103 3.9699999999999998 6.896957129411764 4.9303 4.01 6.82218703
1.0036747243259128 91305.82557498539 0.0 1.0036747243259128 91305.82557498539 0.0 f_swap_t 100 440.03129410743713 5.880997 8.676425508103 3.9699999999999998 7.827987558117647 4.9303 4.01 6.82218703
1.0036747243259128 91305.82557498539 0.0 1.0397171461529764 97839.57230020812 0.0 t_swap_k 100 480.7637050151825 5.880997 8.676425508103 5.000299999999999 7.827987558117647 4.9303 4.01 6.82218703
1.0036747243259128 91305.82557498539 0.0 1.0334443801804443 96702.4493752346 0.0 t_multiswap_k 100 490.87903785705566 5.880997 8.676425508103 5.000299999999999 7.827987558117647 4.9303 4.01 7.7539651597
1.0036747243259128 91305.82557498539 0.0 1.032620424987429 96553.0833151534 0.0 swap_t 100 505.3980736732483 5.880997 8.676425508103 5.000299999999999 7.827987558117647 5.880997 4.01 7.7539651597
1.0036747243259128 91305.82557498539 0.0 1.0423773739532534 98321.8166610839 0.0 t_swap_k 100 544.6862645149231 5.880997 8.676425508103 5.960296999999999 7.827987558117647 5.880997 4.01 7.7539651597
1.0036747243259128 91305.82557498539 0.0 1.0395410674614136 97807.65286982417 0.0 t_swap_k 100 583.8595447540283 5.880997 8.676425508103 6.900694029999999 7.827987558117647 5.880997 4.01 7.7539651597
1.0036747243259128 91305.82557498539 0.0 1.0395410674614136 97807.65286982417 0.0 move_t 100 603.0380916595459 5.880997 9.58966125302197 6.900694029999999 7.827987558117647 5.880997 4.01 7.7539651597
1.0036747243259128 91305.82557498539 0.0 1.0395410674614136 97807.65286982417 0.0 t_multiswap_k 100 608.4043703079224 5.880997 9.58966125302197 6.900694029999999 7.827987558117647 5.880997 4.01 8.676425508103
1.0036747243259128 91305.82557498539 0.0 1.0395410674614136 97807.65286982417 0.0 t_swap_k 100 642.0708405971527 5.880997 9.58966125302197 7.831687089699999 7.827987558117647 5.880997 4.01 8.676425508103
1.0036747243259128 91305.82557498539 0.0 1.0395410674614136 97807.65286982417 0.0 t_move_k 100 670.4750337600708 6.82218703 9.58966125302197 7.831687089699999 7.827987558117647 5.880997 4.01 8.676425508103
1.0036747243259128 91305.82557498539 0.0 1.0395410674614136 97807.65286982417 0.0 f_swap_t 100 694.6103749275208 6.82218703 9.58966125302197 7.831687089699999 8.74970768253647 5.880997 4.01 8.676425508103
1.0036747243259128 91305.82557498539 0.0 1.0395410674614136 97807.65286982417 0.0 f_swap_t 100 721.8314011096954 6.82218703 9.58966125302197 7.831687089699999 9.662210605711106 5.880997 4.01 8.676425508103
1.0036747243259128 91305.82557498539 0.0 1.0395410674614136 97807.65286982417 0.0 t_swap_r_k 100 779.0209150314331 6.82218703 9.58966125302197 7.831687089699999 9.662210605711106 5.880997 5.0099 8.676425508103
1.0036747243259128 91305.82557498539 0.0 1.045042905730457 98805.02252343815 0.0 move_t 100 787.5317821502686 6.82218703 10.503764640491749 7.831687089699999 9.662210605711106 5.880997 5.0099 8.676425508103
1.0036747243259128 91305.82557498539 0.0 1.0436240167269684 98547.80725015598 0.0 move_t 100 810.1826779842377 6.82218703 11.39872699408683 7.831687089699999 9.662210605711106 5.880997 5.0099 8.676425508103
1.0036747243259128 91305.82557498539 0.0 1.0436132210207694 98545.85021157624 0.0 move_t 100 844.6629288196564 6.82218703 12.314739724145962 7.831687089699999 9.662210605711106 5.880997 5.0099 8.676425508103
1.0036747243259128 91305.82557498539 0.0 1.0428950642421875 98415.66321907137 0.0 move_t 100 866.1407923698425 6.82218703 13.221592326904503 7.831687089699999 9.662210605711106 5.880997 5.0099 8.676425508103
1.0036747243259128 91305.82557498539 0.0 1.0519712838280824 100060.99438691801 0.0 t_swap_k 100 910.5278677940369 6.82218703 13.221592326904503 8.793370218802998 9.662210605711106 5.880997 5.0099 8.676425508103
1.0036747243259128 91305.82557498539 0.0 1.0469270102133406 99146.57175545381 0.0 t_swap_r_k 100 1020.5567145347595 6.82218703 13.221592326904503 8.793370218802998 9.662210605711106 5.880997 5.999801 8.676425508103
1.0036747243259128 91305.82557498539 0.0 1.045891080988146 98958.77918104928 0.0 swap_t 100 1038.5129580497742 6.82218703 13.221592326904503 8.793370218802998 9.662210605711106 6.82218703 5.999801 8.676425508103
1.0036747243259128 91305.82557498539 0.0 1.0457285833498027 98929.3217151366 0.0 f_swap_t 100 1064.652503490448 6.82218703 13.221592326904503 8.793370218802998 10.565588499653995 6.82218703 5.999801 8.676425508103
1.0036747243259128 91305.82557498539 0.0 1.057869706079071 99718.16230026724 0.0 move_t 100 1084.0005118846893 6.82218703 14.099376403635457 8.793370218802998 10.565588499653995 6.82218703 5.999801 8.676425508103
1.0036747243259128 91305.82557498539 0.0 1.0557378395283452 100743.7931480568 0.0 t_multiswap_k 100 1095.3979170322418 6.82218703 14.099376403635457 8.793370218802998 10.565588499653995 6.82218703 5.999801 9.61966125302197
1.0036747243259128 91305.82557498539 0.0 1.0548977906268526 100591.50963099768 0.0 t_multiswap_k 100 1104.4286715984344 6.82218703 14.099376403635457 8.793370218802998 10.565588499653995 6.82218703 5.999801 10.523464640491751
1.0036747243259128 91305.82557498539 0.0 1.0545640152750066 100531.00305287298 0.0 f_swap_t 100 1130.6135077476501 6.82218703 14.099376403635457 8.793370218802998 11.459932614657454 6.82218703 5.999801 10.523464640491751
1.0036747243259128 91305.82557498539 0.0 1.0545640152750066 100531.00305287298 0.0 t_swap_k 100 1166.8991074562073 6.82218703 14.099376403635457 9.705436516614968 11.459932614657454 6.82218703 5.999801 10.523464640491751
1.0036747243259128 91305.82557498539 0.0 1.0545640152750066 100531.00305287298 0.0 t_swap_r_k 100 1272.4054214954376 6.82218703 14.099376403635457 9.705436516614968 11.459932614657454 6.82218703 6.97980299 10.523464640491751
1.0036747243259128 91305.82557498539 0.0 1.052757045473872 99581.39077750815 0.0 move_t 100 1293.5637624263763 6.82218703 14.988382639599102 9.705436516614968 11.459932614657454 6.82218703 6.97980299 10.523464640491751
1.0036747243259128 91305.82557498539 0.0 1.0519600265782678 100058.95368001258 0.0 swap_t 100 1316.654862165451 6.82218703 14.988382639599102 9.705436516614968 11.459932614657454 7.7539651597 6.97980299 10.523464640491751
1.0036747243259128 91305.82557498539 0.0 1.0639076249940258 101163.86013209056 0.0 move_t 100 1332.4684216976166 6.82218703 15.858498813203111 9.705436516614968 11.459932614657454 7.7539651597 6.97980299 10.523464640491751
1.0036747243259128 91305.82557498539 0.0 1.0631660462062125 102090.37361062023 0.0 move_t 100 1366.5465352535248 6.82218703 16.69991382507108 9.705436516614968 11.459932614657454 7.7539651597 6.97980299 10.523464640491751
1.0036747243259128 91305.82557498539 0.0 1.0600170200096657 101519.52019521853 0.0 t_move_k 100 1395.3695223331451 7.7839651597 16.69991382507108 9.705436516614968 11.459932614657454 7.7539651597 6.97980299 10.523464640491751
1.0036747243259128 91305.82557498539 0.0 1.0596985391641067 101461.78619521983 0.0 t_multiswap_k 100 1417.7582817077637 7.7839651597 16.69991382507108 9.705436516614968 11.459932614657454 7.7539651597 6.97980299 11.418229994086833
1.0036747243259128 91305.82557498539 0.0 1.0596985391641067 101461.78619521983 0.0 t_multiswap_k 100 1443.7363955974579 7.7839651597 16.69991382507108 9.705436516614968 11.459932614657454 7.7539651597 6.97980299 12.304047694145964
1.0036747243259128 91305.82557498539 0.0 1.0594387423984652 101414.69040696014 0.0 f_swap_t 100 1494.8357901573181 7.7839651597 16.69991382507108 9.705436516614968 12.37533328851088 7.7539651597 6.97980299 12.304047694145964
1.0036747243259128 91305.82557498539 0.0 1.0592656996857843 101383.32133684804 0.0 move_t 100 1526.2395732402802 7.7839651597 17.53291468682037 9.705436516614968 12.37533328851088 7.7539651597 6.97980299 12.304047694145964
1.0036747243259128 91305.82557498539 0.0 1.0539615396809616 100421.78667006423 0.0 t_multiswap_k 100 1560.9185259342194 7.7839651597 17.53291468682037 9.705436516614968 12.37533328851088 7.7539651597 6.97980299 13.211007217204505
1.0036747243259128 91305.82557498539 0.0 1.0536597290211227 100367.07463046206 0.0 move_t 100 1600.5411477088928 7.7839651597 18.387585539952166 9.705436516614968 12.37533328851088 7.7539651597 6.97980299 13.211007217204505
1.0036747243259128 91305.82557498539 0.0 1.0535299649274328 100343.55108017827 0.0 swap_t 100 1638.8111536502838 7.7839651597 18.387585539952166 9.705436516614968 12.37533328851088 8.676425508103 6.97980299 13.211007217204505
1.0036747243259128 91305.82557498539 0.0 1.0524147874057586 100141.39242626647 0.0 f_swap_t 100 1671.52885222435 7.7839651597 18.387585539952166 9.705436516614968 13.281579955625771 8.676425508103 6.97980299 13.211007217204505
1.0036747243259128 91305.82557498539 0.0 1.0524147874057586 100141.39242626647 0.0 t_multiswap_k 100 1688.2055077552795 7.7839651597 18.387585539952166 9.705436516614968 13.281579955625771 8.676425508103 6.97980299 14.07889714503246
1.0036747243259128 91305.82557498539 0.0 1.0524147874057586 100141.39242626647 0.0 f_swap_t 100 1743.3867568969727 7.7839651597 18.387585539952166 9.705436516614968 14.148764156069513 8.676425508103 6.97980299 14.07889714503246
1.0036747243259128 91305.82557498539 0.0 1.0524147874057586 100141.39242626647 0.0 move_t 100 1767.0981879234314 7.7839651597 19.203709684552646 9.705436516614968 14.148764156069513 8.676425508103 6.97980299 14.07889714503246
1.0036747243259128 91305.82557498539 0.0 1.0524147874057586 100141.39242626647 0.0 swap_t 100 1784.6568307876587 7.7839651597 19.203709684552646 9.705436516614968 14.148764156069513 9.58966125302197 6.97980299 14.07889714503246
1.0036747243259128 91305.82557498539 0.0 1.0524147874057586 100141.39242626647 0.0 f_swap_t 100 1812.8831107616425 7.7839651597 19.203709684552646 9.705436516614968 15.007276514508817 9.58966125302197 6.97980299 14.07889714503246
1.0036747243259128 91305.82557498539 0.0 1.0524147874057586 100141.39242626647 0.0 f_swap_t 100 1830.5666074752808 7.7839651597 19.203709684552646 9.705436516614968 15.857203749363729 9.58966125302197 6.97980299 14.07889714503246
1.0036747243259128 91305.82557498539 0.0 1.0523283354159125 100125.72046592328 0.0 move_t 100 1858.9838302135468 7.7839651597 20.04167258770712 9.705436516614968 15.857203749363729 9.58966125302197 6.97980299 14.07889714503246
1.0036747243259128 91305.82557498539 0.0 1.0523283354159125 100125.72046592328 0.0 t_multiswap_k 100 1879.0590329170227 7.7839651597 20.04167258770712 9.705436516614968 15.857203749363729 9.58966125302197 6.97980299 14.938108173582135
1.0036747243259128 91305.82557498539 0.0 1.0523283354159125 100125.72046592328 0.0 move_t 100 1905.0269844532013 7.7839651597 20.841255861830046 9.705436516614968 15.857203749363729 9.58966125302197 6.97980299 14.938108173582135
1.0036747243259128 91305.82557498539 0.0 1.064504300046857 102332.97139416492 0.0 f_swap_t 100 1927.5892333984375 7.7839651597 20.841255861830046 9.705436516614968 16.72863171187009 9.58966125302197 6.97980299 14.938108173582135
1.0036747243259128 91305.82557498539 0.0 1.08010980481885 105161.92712274182 0.0 t_swap_k 100 1972.5410704612732 7.7839651597 20.841255861830046 10.668382151448819 16.72863171187009 9.58966125302197 6.97980299 14.938108173582135
1.0036747243259128 91305.82557498539 0.0 1.075526548008681 104331.07731697739 0.0 t_multiswap_k 100 1980.5742065906525 7.7839651597 20.841255861830046 10.668382151448819 16.72863171187009 9.58966125302197 6.97980299 15.788727091846313
1.0036747243259128 91305.82557498539 0.0 1.0751903464595067 104270.13091938313 0.0 t_swap_r_k 100 2088.4727354049683 7.7839651597 20.841255861830046 10.668382151448819 16.72863171187009 9.58966125302197 7.950004960099999 15.788727091846313
1.0036747243259128 91305.82557498539 0.0 1.0751903464595067 104270.13091938313 0.0 t_multiswap_k 100 2098.791027069092 7.7839651597 20.841255861830046 10.668382151448819 16.72863171187009 9.58966125302197 7.950004960099999 16.63083982092785
1.0036747243259128 91305.82557498539 0.0 1.0751903464595067 104270.13091938313 0.0 t_multiswap_k 100 2116.9721717834473 7.7839651597 20.841255861830046 10.668382151448819 16.72863171187009 9.58966125302197 7.950004960099999 17.464531422718572
1.0036747243259128 91305.82557498539 0.0 1.0751903464595067 104270.13091938313 0.0 move_t 100 2128.5458903312683 7.7839651597 21.632843303211747 10.668382151448819 16.72863171187009 9.58966125302197 7.950004960099999 17.464531422718572
1.0036747243259128 91305.82557498539 0.0 1.075034018847623 104241.79195184351 0.0 move_t 100 2142.194844484329 7.7839651597 22.44651487017963 10.668382151448819 16.72863171187009 9.58966125302197 7.950004960099999 17.464531422718572
1.0036747243259128 91305.82557498539 0.0 1.0748322211296015 104205.21019311466 0.0 swap_t 100 2172.5170843601227 7.7839651597 22.44651487017963 10.668382151448819 16.72863171187009 10.493764640491749 7.950004960099999 17.464531422718572
1.0036747243259128 91305.82557498539 0.0 1.0751670853391193 104265.91415864808 0.0 move_t 100 2189.6538882255554 7.7839651597 23.262049721477833 10.668382151448819 16.72863171187009 10.493764640491749 7.950004960099999 17.464531422718572
1.0036747243259128 91305.82557498539 0.0 1.0744991367030665 104144.82886547974 0.0 swap_t 100 2202.3949916362762 7.7839651597 23.262049721477833 10.668382151448819 16.72863171187009 11.388826994086832 7.950004960099999 17.464531422718572
1.0036747243259128 91305.82557498539 0.0 1.0744991367030665 104144.82886547974 0.0 t_multiswap_k 100 2220.9718129634857 7.7839651597 23.262049721477833 10.668382151448819 16.72863171187009 11.388826994086832 7.950004960099999 18.289886108491388
1.0036747243259128 91305.82557498539 0.0 1.0743702577319312 104121.46576963546 0.0 f_swap_t 100 2261.182469367981 7.7839651597 23.262049721477833 10.668382151448819 17.59134539475139 11.388826994086832 7.950004960099999 18.289886108491388
1.0036747243259128 91305.82557498539 0.0 1.0733380720480068 103934.35182195119 0.0 t_move_k 100 2286.539705514908 8.766125508103 23.262049721477833 10.668382151448819 17.59134539475139 11.388826994086832 7.950004960099999 18.289886108491388
1.0036747243259128 91305.82557498539 0.0 1.0724433330545464 103772.15412068406 0.0 t_multiswap_k 100 2305.4404604434967 8.766125508103 23.262049721477833 10.668382151448819 17.59134539475139 11.388826994086832 7.950004960099999 19.206987247406474
1.0036747243259128 91305.82557498539 0.0 1.071447653456854 103591.65797250601 0.0 move_t 100 2321.2125992774963 8.766125508103 24.029429224263055 10.668382151448819 17.59134539475139 11.388826994086832 7.950004960099999 19.206987247406474
1.0036747243259128 91305.82557498539 0.0 1.071447653456854 103591.65797250601 0.0 f_swap_t 100 2348.26634144783 8.766125508103 24.029429224263055 10.668382151448819 18.415431940803874 11.388826994086832 7.950004960099999 19.206987247406474
1.0036747243259128 91305.82557498539 0.0 1.071447653456854 103591.65797250601 0.0 move_t 100 2366.4004471302032 8.766125508103 24.789134932020424 10.668382151448819 18.415431940803874 11.388826994086832 7.950004960099999 19.206987247406474
1.0036747243259128 91305.82557498539 0.0 1.071447653456854 103591.65797250601 0.0 move_t 100 2390.457282781601 8.766125508103 25.54124358270022 10.668382151448819 18.415431940803874 11.388826994086832 7.950004960099999 19.206987247406474
1.0036747243259128 91305.82557498539 0.0 1.071447653456854 103591.65797250601 0.0 t_multiswap_k 100 2401.6269879341125 8.766125508103 25.54124358270022 10.668382151448819 18.415431940803874 11.388826994086832 7.950004960099999 20.01491737493241
1.0036747243259128 91305.82557498539 0.0 1.071447653456854 103591.65797250601 0.0 swap_t 100 2421.526439666748 8.766125508103 25.54124358270022 10.668382151448819 18.415431940803874 12.274938724145963 7.950004960099999 20.01491737493241
1.0036747243259128 91305.82557498539 0.0 1.071447653456854 103591.65797250601 0.0 move_t 100 2443.2782320976257 8.766125508103 26.285831146873218 10.668382151448819 18.415431940803874 12.274938724145963 7.950004960099999 20.01491737493241
1.0036747243259128 91305.82557498539 0.0 1.0667974343814925 102748.66929097413 0.0 t_multiswap_k 100 2453.420939683914 8.766125508103 26.285831146873218 10.668382151448819 18.415431940803874 12.274938724145963 7.950004960099999 20.844768201183086
1.0036747243259128 91305.82557498539 0.0 1.0663310123534542 102664.11660988932 0.0 move_t 100 2477.479242324829 8.766125508103 27.022972835404484 10.668382151448819 18.415431940803874 12.274938724145963 7.950004960099999 20.844768201183086
1.0036747243259128 91305.82557498539 0.0 1.0662535774082913 102650.07925352623 0.0 move_t 100 2496.6951971054077 8.766125508103 27.75274310705044 10.668382151448819 18.415431940803874 12.274938724145963 7.950004960099999 20.844768201183086
1.0036747243259128 91305.82557498539 0.0 1.0662535774082913 102650.07925352623 0.0 move_t 100 2534.7629215717316 8.766125508103 28.475215675979936 10.668382151448819 18.415431940803874 12.274938724145963 7.950004960099999 20.844768201183086
1.0036747243259128 91305.82557498539 0.0 1.0662535774082913 102650.07925352623 0.0 f_swap_t 100 2566.530019044876 8.766125508103 28.475215675979936 10.668382151448819 19.231277621395837 12.274938724145963 7.950004960099999 20.844768201183086
1.0036747243259128 91305.82557498539 0.0 1.0658200388758794 102571.48767108495 0.0 move_t 100 2611.1434020996094 8.766125508103 29.220463519220136 10.668382151448819 19.231277621395837 12.274938724145963 7.950004960099999 20.844768201183086
1.0036747243259128 91305.82557498539 0.0 1.064582027870169 102347.0618432879 0.0 swap_t 100 2633.3106400966644 8.766125508103 29.220463519220136 10.668382151448819 19.231277621395837 13.152189336904504 7.950004960099999 20.844768201183086
1.0036747243259128 91305.82557498539 0.0 1.0630123425288163 102062.5103082134 0.0 f_swap_t 100 2661.082063436508 8.766125508103 29.220463519220136 10.668382151448819 20.068964845181878 13.152189336904504 7.950004960099999 20.844768201183086
1.0036747243259128 91305.82557498539 0.0 1.0630123425288163 102062.5103082134 0.0 move_t 100 2684.836124897003 8.766125508103 29.928258884027933 10.668382151448819 20.068964845181878 13.152189336904504 7.950004960099999 20.844768201183086
1.0036747243259128 91305.82557498539 0.0 1.0627444942756958 102013.95495155401 0.0 move_t 100 2719.26864528656 8.766125508103 30.658976295187653 10.668382151448819 20.068964845181878 13.152189336904504 7.950004960099999 20.844768201183086
1.0036747243259128 91305.82557498539 0.0 1.0609760629482001 101693.37487371553 0.0 t_swap_r_k 100 2810.327118396759 8.766125508103 30.658976295187653 10.668382151448819 20.068964845181878 13.152189336904504 8.910504910499 20.844768201183086
1.0036747243259128 91305.82557498539 0.0 1.0601697440186375 101547.20590397227 0.0 f_swap_t 100 2846.3619949817657 8.766125508103 30.658976295187653 10.668382151448819 20.86827519673006 13.152189336904504 8.910504910499 20.844768201183086
1.0036747243259128 91305.82557498539 0.0 1.0601256520326108 101539.21293749807 0.0 t_multiswap_k 100 2883.290235519409 8.766125508103 30.658976295187653 10.668382151448819 20.86827519673006 13.152189336904504 8.910504910499 21.666320519171254
1.0036747243259128 91305.82557498539 0.0 1.1487021764343508 117596.30751949761 0.0 f_swap_t 100 2920.482447385788 8.766125508103 30.658976295187653 10.668382151448819 21.70959244476276 13.152189336904504 8.910504910499 21.666320519171254
1.0036747243259128 91305.82557498539 0.0 1.1310154282046248 114390.06533410042 0.0 move_t 100 2951.0025856494904 8.766125508103 31.402386532235777 10.668382151448819 21.70959244476276 13.152189336904504 8.910504910499 21.666320519171254
1.0036747243259128 91305.82557498539 0.0 1.1231381855835867 112962.08392857938 0.0 move_t 100 2981.445949316025 8.766125508103 32.12836266691342 10.668382151448819 21.70959244476276 13.152189336904504 8.910504910499 21.666320519171254
1.0036747243259128 91305.82557498539 0.0 1.1205089270396171 112485.4536542917 0.0 t_swap_r_k 100 3068.139792442322 8.766125508103 32.12836266691342 10.668382151448819 21.70959244476276 13.152189336904504 9.86139986139401 21.666320519171254
1.0036747243259128 91305.82557498539 0.0 1.1405616452287677 116120.59733106311 0.0 f_swap_t 100 3121.0885095596313 8.766125508103 32.12836266691342 10.668382151448819 22.50249652031513 13.152189336904504 9.86139986139401 21.666320519171254
1.0036747243259128 91305.82557498539 0.0 1.1531674949590425 118405.77754977935 0.0 t_multiswap_k 100 3164.294087409973 8.766125508103 32.12836266691342 10.668382151448819 22.50249652031513 13.152189336904504 9.86139986139401 22.50965731397954
1.0036747243259128 91305.82557498539 0.0 1.1494328870785075 117728.77026856737 0.0 move_t 100 3189.2859964370728 8.766125508103 32.80707904024428 10.668382151448819 22.50249652031513 13.152189336904504 9.86139986139401 22.50965731397954
1.0036747243259128 91305.82557498539 0.0 1.1489759113522728 117645.93000691352 0.0 move_t 100 3210.4605791568756 8.766125508103 33.47900824984184 10.668382151448819 22.50249652031513 13.152189336904504 9.86139986139401 22.50965731397954
1.0036747243259128 91305.82557498539 0.0 1.1450699169000265 116937.85387974442 0.0 f_swap_t 100 3239.0179398059845 8.766125508103 33.47900824984184 10.668382151448819 23.307471555111977 13.152189336904504 9.86139986139401 22.50965731397954
1.0036747243259128 91305.82557498539 0.0 1.126684948161075 113605.0387357507 0.0 f_swap_t 100 3260.2645859718323 8.766125508103 33.47900824984184 10.668382151448819 24.134396839560857 13.152189336904504 9.86139986139401 22.50965731397954
1.0036747243259128 91305.82557498539 0.0 1.1140994152895418 111323.54154393829 0.0 t_swap_r_k 100 3268.6252698898315 8.766125508103 33.47900824984184 10.668382151448819 24.134396839560857 13.152189336904504 10.802785862780071 22.50965731397954
1.0036747243259128 91305.82557498539 0.0 1.110913633488486 110746.02509651982 0.0 f_swap_t 100 3271.4238188266754 8.766125508103 33.47900824984184 10.668382151448819 24.953052871165248 13.152189336904504 10.802785862780071 22.50965731397954
1.0036747243259128 91305.82557498539 0.0 1.1066533062893904 109973.71576006545 0.0 t_swap_k 100 3274.4338715076447 8.766125508103 33.47900824984184 11.62169832993433 24.953052871165248 13.152189336904504 10.802785862780071 22.50965731397954
1.0036747243259128 91305.82557498539 0.0 1.1136334067524793 111759.02490923979 0.0 move_t 100 3276.593579053879 8.766125508103 34.21421816734342 11.62169832993433 24.953052871165248 13.152189336904504 10.802785862780071 22.50965731397954
1.0036747243259128 91305.82557498539 0.0 1.139484294855551 115925.29595795622 0.0 move_t 100 3278.3927371501923 8.766125508103 34.922075985669984 11.62169832993433 24.953052871165248 13.152189336904504 10.802785862780071 22.50965731397954
1.0036747243259128 91305.82557498539 0.0 1.1218454936983533 112727.74558660023 0.0 move_t 100 3280.6518585681915 8.766125508103 35.572855225813285 11.62169832993433 24.953052871165248 13.152189336904504 10.802785862780071 22.50965731397954
1.0036747243259128 91305.82557498539 0.0 1.115469829333053 111571.96930808667 0.0 t_multiswap_k 100 3282.7368309497833 8.766125508103 35.572855225813285 11.62169832993433 24.953052871165248 13.152189336904504 10.802785862780071 23.314560740839745
1.0036747243259128 91305.82557498539 0.0 1.1257611111902617 113437.56617212405 0.0 t_multiswap_k 100 3285.5503771305084 8.766125508103 35.572855225813285 11.62169832993433 24.953052871165248 13.152189336904504 10.802785862780071 24.141415133431348
1.0036747243259128 91305.82557498539 0.0 1.1290348771110486 114031.03232339208 0.0 t_swap_k 100 3288.4619822502136 8.766125508103 35.572855225813285 12.685481346634987 24.953052871165248 13.152189336904504 10.802785862780071 24.141415133431348
1.0036747243259128 91305.82557498539 0.0 1.155803066999747 118883.55233063805 0.0 move_t 100 3291.3474745750427 8.766125508103 36.28712667355515 12.685481346634987 24.953052871165248 13.152189336904504 10.802785862780071 24.141415133431348
1.0036747243259128 91305.82557498539 0.0 1.14169762959374 116326.52783595966 0.0 t_multiswap_k 100 3293.204225063324 8.766125508103 36.28712667355515 12.685481346634987 24.953052871165248 13.152189336904504 10.802785862780071 25.030000982097036
1.0036747243259128 91305.82557498539 0.0 1.1333770994981314 116411.53300916815 0.0 move_t 100 3295.818752527237 8.766125508103 36.9842554068196 12.685481346634987 24.953052871165248 13.152189336904504 10.802785862780071 25.030000982097036
1.0036747243259128 91305.82557498539 0.0 1.1299891124820505 114204.01548918184 0.0 move_t 100 3298.834196805954 8.766125508103 37.6144128527514 12.685481346634987 24.953052871165248 13.152189336904504 10.802785862780071 25.030000982097036
1.0036747243259128 91305.82557498539 0.0 1.1297480805071136 114160.3213699444 0.0 swap_t 100 3300.8268172740936 8.766125508103 37.6144128527514 12.685481346634987 24.953052871165248 14.020667443535459 10.802785862780071 25.030000982097036
1.0036747243259128 91305.82557498539 0.0 1.1291281318136521 114047.93747506783 0.0 f_swap_t 100 3303.451613664627 8.766125508103 37.6144128527514 12.685481346634987 25.743522342453595 14.020667443535459 10.802785862780071 25.030000982097036
1.0036747243259128 91305.82557498539 0.0 1.1223432280422283 112817.97454388087 0.0 f_swap_t 100 3306.7788763046265 8.766125508103 37.6144128527514 12.685481346634987 26.54608711902906 14.020667443535459 10.802785862780071 25.030000982097036
1.0036747243259128 91305.82557498539 0.0 1.1167914330976323 111811.54877669991 0.0 f_swap_t 100 3310.069062232971 8.766125508103 37.6144128527514 12.685481346634987 27.31062624783877 14.020667443535459 10.802785862780071 25.030000982097036
1.0036747243259128 91305.82557498539 0.0 1.1291826524703863 114057.82094416722 0.0 move_t 100 3312.6820747852325 8.766125508103 38.248268724223884 12.685481346634987 27.31062624783877 14.020667443535459 10.802785862780071 25.030000982097036
1.0036747243259128 91305.82557498539 0.0 1.1271725712942313 113693.43473934582 0.0 f_swap_t 100 3316.2748420238495 8.766125508103 38.248268724223884 12.685481346634987 28.06751998536038 14.020667443535459 10.802785862780071 25.030000982097036
1.0036747243259128 91305.82557498539 0.0 1.122765282916082 112894.4843761873 0.0 t_multiswap_k 100 3318.6706001758575 8.766125508103 38.248268724223884 12.685481346634987 28.06751998536038 14.020667443535459 10.802785862780071 25.809700972276065
1.0036747243259128 91305.82557498539 0.0 1.1521578510717585 118222.74996429039 0.0 f_swap_t 100 3321.74937582016 8.766125508103 38.248268724223884 12.685481346634987 28.836844785506777 14.020667443535459 10.802785862780071 25.809700972276065
1.0036747243259128 91305.82557498539 0.0 1.1342668362397768 114979.47846244037 0.0 t_multiswap_k 100 3324.6875360012054 8.766125508103 38.248268724223884 12.685481346634987 28.836844785506777 14.020667443535459 10.802785862780071 26.641603962553305
1.0036747243259128 91305.82557498539 0.0 1.1249471857580986 113290.01830054961 0.0 t_multiswap_k 100 3327.193784713745 8.766125508103 38.248268724223884 12.685481346634987 28.836844785506777 14.020667443535459 10.802785862780071 27.465187922927772
1.0036747243259128 91305.82557498539 0.0 1.143333982559347 116623.16483448437 0.0 t_swap_k 100 3330.0333800315857 8.766125508103 38.248268724223884 13.638626533168637 28.836844785506777 14.020667443535459 10.802785862780071 27.465187922927772
1.0036747243259128 91305.82557498539 0.0 1.1488904167780107 117630.43160624306 0.0 t_multiswap_k 100 3332.564706325531 8.766125508103 38.248268724223884 13.638626533168637 28.836844785506777 14.020667443535459 10.802785862780071 28.290536043698495
1.0036747243259128 91305.82557498539 0.0 1.146101088227669 117124.78394558336 0.0 f_swap_t 100 3336.700298309326 8.766125508103 38.248268724223884 13.638626533168637 29.54847633765171 14.020667443535459 10.802785862780071 28.290536043698495
1.0036747243259128 91305.82557498539 0.0 1.1484199452869022 117545.14484113362 0.0 t_move_k 100 3339.563987016678 9.83846425302197 38.248268724223884 13.638626533168637 29.54847633765171 14.020667443535459 10.802785862780071 28.290536043698495
1.0036747243259128 91305.82557498539 0.0 1.1388728512498099 115814.45385983532 0.0 t_move_k 100 3342.457820415497 10.830079610491751 38.248268724223884 13.638626533168637 29.54847633765171 14.020667443535459 10.802785862780071 28.290536043698495
1.0036747243259128 91305.82557498539 0.0 1.1324233883948438 114736.88189517581 0.0 move_t 100 3344.970047712326 10.830079610491751 38.89578603698165 13.638626533168637 29.54847633765171 14.020667443535459 10.802785862780071 28.290536043698495
1.0036747243259128 91305.82557498539 0.0 1.1298840315996381 114184.9664953423 0.0 t_multiswap_k 100 3347.0903565883636 10.830079610491751 38.89578603698165 13.638626533168637 29.54847633765171 14.020667443535459 10.802785862780071 29.05763068326151
1.0036747243259128 91305.82557498539 0.0 1.128406309190928 113917.08594072745 0.0 move_t 100 3349.890730857849 10.830079610491751 39.536828176611834 13.638626533168637 29.54847633765171 14.020667443535459 10.802785862780071 29.05763068326151
1.0036747243259128 91305.82557498539 0.0 1.1235654384482765 113039.53604927489 0.0 f_swap_t 100 3353.1128640174866 10.830079610491751 39.536828176611834 13.638626533168637 30.312991574275195 14.020667443535459 10.802785862780071 29.05763068326151
1.0036747243259128 91305.82557498539 0.0 1.1250454211314573 113307.8263449719 0.0 swap_t 100 3355.856088399887 10.830079610491751 39.536828176611834 13.638626533168637 30.312991574275195 14.920460769100105 10.802785862780071 29.05763068326151
1.0036747243259128 91305.82557498539 0.0 1.1244614546381535 113201.9652798756 0.0 t_swap_r_k 100 3362.6653802394867 10.830079610491751 39.536828176611834 13.638626533168637 30.312991574275195 14.920460769100105 11.73475800415227 29.05763068326151
1.0036747243259128 91305.82557498539 0.0 1.1315664067913287 114489.94637300001 0.0 t_swap_k 100 3366.9471068382263 10.830079610491751 39.536828176611834 14.62224026783695 30.312991574275195 14.920460769100105 11.73475800415227 29.05763068326151
1.0036747243259128 91305.82557498539 0.0 1.1242043143550497 113155.35105703802 0.0 t_move_k 100 3369.565052509308 11.841778814386833 39.536828176611834 14.62224026783695 30.312991574275195 14.920460769100105 11.73475800415227 29.05763068326151
1.0036747243259128 91305.82557498539 0.0 1.120563825609897 112495.4056313122 0.0 t_multiswap_k 100 3372.1431398391724 11.841778814386833 39.536828176611834 14.62224026783695 30.312991574275195 14.920460769100105 11.73475800415227 29.857054376428895
1.0036747243259128 91305.82557498539 0.0 1.1195855310254 112318.06102698922 0.0 move_t 100 3374.516288280487 11.841778814386833 40.14145989484572 14.62224026783695 30.312991574275195 14.920460769100105 11.73475800415227 29.857054376428895
1.0036747243259128 91305.82557498539 0.0 1.1188322632834464 112181.50914194061 0.0 t_swap_k 100 3378.2839007377625 11.841778814386833 40.14145989484572 15.476017865158582 30.312991574275195 14.920460769100105 11.73475800415227 29.857054376428895
1.0036747243259128 91305.82557498539 0.0 1.1188322632834464 112181.50914194061 0.0 move_t 100 3380.396965265274 11.841778814386833 40.74004529589726 15.476017865158582 30.312991574275195 14.920460769100105 11.73475800415227 29.857054376428895
1.0036747243259128 91305.82557498539 0.0 1.1188322632834464 112181.50914194061 0.0 t_swap_r_k 100 3386.503355741501 11.841778814386833 40.74004529589726 15.476017865158582 30.312991574275195 14.920460769100105 12.657410424110749 29.857054376428895
1.0036747243259128 91305.82557498539 0.0 1.1166520834254008 111786.28755898896 0.0 t_swap_k 100 3389.71017742157 11.841778814386833 40.74004529589726 16.411257686506996 30.312991574275195 14.920460769100105 12.657410424110749 29.857054376428895
1.0036747243259128 91305.82557498539 0.0 1.1445223681785521 117667.67628711798 0.0 move_t 100 3392.798091650009 11.841778814386833 41.47264484293829 16.411257686506996 30.312991574275195 14.920460769100105 12.657410424110749 29.857054376428895
1.0036747243259128 91305.82557498539 0.0 1.1328237987197494 114717.88556182753 0.0 t_swap_r_k 100 3399.1571192741394 11.841778814386833 41.47264484293829 16.411257686506996 30.312991574275195 14.920460769100105 13.570836319869642 29.857054376428895
1.0036747243259128 91305.82557498539 0.0 1.133296037008169 114803.4926108014 0.0 move_t 100 3401.81116771698 11.841778814386833 42.0679183945089 16.411257686506996 30.312991574275195 14.920460769100105 13.570836319869642 29.857054376428895
1.0036747243259128 91305.82557498539 0.0 1.128920913135338 114010.3730081922 0.0 t_swap_k 100 3405.0599308013916 11.841778814386833 42.0679183945089 17.277145109641925 30.312991574275195 14.920460769100105 13.570836319869642 29.857054376428895
1.0036747243259128 91305.82557498539 0.0 1.1387053518539503 115784.08967858176 0.0 t_multiswap_k 100 3408.1111772060394 11.841778814386833 42.0679183945089 17.277145109641925 30.312991574275195 14.920460769100105 13.570836319869642 30.688483832664605
1.0036747243259128 91305.82557498539 0.0 1.1387981355207963 115800.90944120259 0.0 t_move_k 100 3411.8523647785187 12.763361026242965 42.0679183945089 17.277145109641925 30.312991574275195 14.920460769100105 13.570836319869642 30.688483832664605
1.0036747243259128 91305.82557498539 0.0 1.1343534054035118 114995.1716639897 0.0 t_swap_r_k 100 3418.0373537540436 12.763361026242965 42.0679183945089 17.277145109641925 30.312991574275195 14.920460769100105 14.475127956670946 30.688483832664605
1.0036747243259128 91305.82557498539 0.0 1.1326502801282825 114686.43022471944 0.0 t_swap_k 100 3421.2479207515717 12.763361026242965 42.0679183945089 18.194373658545505 30.312991574275195 14.920460769100105 14.475127956670946 30.688483832664605
1.0036747243259128 91305.82557498539 0.0 1.1544033751361424 118629.81710235548 0.0 t_swap_k 100 3425.7752363681793 12.763361026242965 42.0679183945089 19.17242992196005 30.312991574275195 14.920460769100105 14.475127956670946 30.688483832664605
1.0036747243259128 91305.82557498539 0.0 1.1486344348091113 117584.0273618491 0.0 t_multiswap_k 100 3427.828612089157 12.763361026242965 42.0679183945089 19.17242992196005 30.312991574275195 14.920460769100105 14.475127956670946 31.481598994337958
1.0036747243259128 91305.82557498539 0.0 1.1531650456356557 118405.33353803302 0.0 move_t 100 3431.165167093277 12.763361026242965 42.77723921056381 19.17242992196005 30.312991574275195 14.920460769100105 14.475127956670946 31.481598994337958
1.0036747243259128 91305.82557498539 0.0 1.1471783085647802 117320.0617458298 0.0 t_swap_k 100 3434.7633769512177 12.763361026242965 42.77723921056381 19.980705622740448 30.312991574275195 14.920460769100105 14.475127956670946 31.481598994337958
1.0036747243259128 91305.82557498539 0.0 1.1511537856547547 118040.733640256 0.0 move_t 100 3437.437181711197 12.763361026242965 43.35946681845817 19.980705622740448 30.312991574275195 14.920460769100105 14.475127956670946 31.481598994337958
1.0036747243259128 91305.82557498539 0.0 1.1687791741888442 121235.85258004145 0.0 f_swap_t 100 3441.2699790000916 12.763361026242965 43.35946681845817 19.980705622740448 31.10986165853244 14.920460769100105 14.475127956670946 31.481598994337958
1.0036747243259128 91305.82557498539 0.0 1.1521262142495126 118217.0148617843 0.0 move_t 100 3443.8592171669006 12.763361026242965 44.02587215027359 19.980705622740448 31.10986165853244 14.920460769100105 14.475127956670946 31.481598994337958
1.0036747243259128 91305.82557498539 0.0 1.1490026597140848 117650.77893249993 0.0 f_swap_t 100 3447.416301727295 12.763361026242965 44.02587215027359 19.980705622740448 31.858763041947118 14.920460769100105 14.475127956670946 31.481598994337958
1.0036747243259128 91305.82557498539 0.0 1.1463058374480655 117161.900750738 0.0 f_swap_t 100 3451.0633461475372 12.763361026242965 44.02587215027359 19.980705622740448 32.57017541152764 14.920460769100105 14.475127956670946 31.481598994337958
1.0036747243259128 91305.82557498539 0.0 1.1417670771934716 116339.1172515516 0.0 t_swap_k 100 3455.0386698246 12.763361026242965 44.02587215027359 20.930898566513044 32.57017541152764 14.920460769100105 14.475127956670946 31.481598994337958
1.0036747243259128 91305.82557498539 0.0 1.1403072863716321 116074.48732331126 0.0 f_swap_t 100 3457.9382739067078 12.763361026242965 44.02587215027359 20.930898566513044 33.244473657412364 14.920460769100105 14.475127956670946 31.481598994337958
1.0036747243259128 91305.82557498539 0.0 1.1514177867861428 118088.59159319656 0.0 move_t 100 3460.25040602684 12.763361026242965 44.655613428770856 20.930898566513044 33.244473657412364 14.920460769100105 14.475127956670946 31.481598994337958
1.0036747243259128 91305.82557498539 0.0 1.1424459615061453 116462.18495704654 0.0 t_multiswap_k 100 3462.4044535160065 12.763361026242965 44.655613428770856 20.930898566513044 33.244473657412364 14.920460769100105 14.475127956670946 32.226783004394576
1.0036747243259128 91305.82557498539 0.0 1.137700664900792 115601.96068287863 0.0 t_move_k 100 3466.320379257202 13.725727415980534 44.655613428770856 20.930898566513044 33.244473657412364 14.920460769100105 14.475127956670946 32.226783004394576
1.0036747243259128 91305.82557498539 0.0 1.1359963876689982 115293.0104176736 0.0 t_swap_r_k 100 3472.81272649765 13.725727415980534 44.655613428770856 20.930898566513044 33.244473657412364 14.920460769100105 15.370376677104236 32.226783004394576
1.0036747243259128 91305.82557498539 0.0 1.135577065104946 115216.9958967062 0.0 t_swap_r_k 100 3479.358090877533 13.725727415980534 44.655613428770856 20.930898566513044 33.244473657412364 14.920460769100105 16.256672910333194 32.226783004394576
1.0036747243259128 91305.82557498539 0.0 1.1351404183021168 115137.84084903063 0.0 f_swap_t 100 3482.9005970954895 13.725727415980534 44.655613428770856 20.930898566513044 33.94202892083824 14.920460769100105 16.256672910333194 32.226783004394576
1.0036747243259128 91305.82557498539 0.0 1.1339306880487845 114918.54173758252 0.0 f_swap_t 100 3486.5968532562256 13.725727415980534 44.655613428770856 20.930898566513044 34.602608631629856 14.920460769100105 16.256672910333194 32.226783004394576
1.0036747243259128 91305.82557498539 0.0 1.1297057944855005 114152.65578752151 0.0 f_swap_t 100 3490.4174044132233 13.725727415980534 44.655613428770856 20.930898566513044 35.28658254531356 14.920460769100105 16.256672910333194 32.226783004394576
1.0036747243259128 91305.82557498539 0.0 1.1285669107064915 113946.19967873908 0.0 swap_t 100 3494.4095644950867 13.725727415980534 44.655613428770856 20.930898566513044 35.28658254531356 15.771256161409104 16.256672910333194 32.226783004394576
1.0036747243259128 91305.82557498539 0.0 1.1285669107064915 113946.19967873908 0.0 t_swap_r_k 100 3501.2794415950775 13.725727415980534 44.655613428770856 20.930898566513044 35.28658254531356 15.771256161409104 17.13410618122986 32.226783004394576
1.0036747243259128 91305.82557498539 0.0 1.1285669107064915 113946.19967873908 0.0 f_swap_t 100 3505.3159832954407 13.725727415980534 44.655613428770856 20.930898566513044 35.93371671986042 15.771256161409104 17.13410618122986 32.226783004394576
1.0036747243259128 91305.82557498539 0.0 1.1285669107064915 113946.19967873908 0.0 t_swap_r_k 100 3511.5671195983887 13.725727415980534 44.655613428770856 20.930898566513044 35.93371671986042 15.771256161409104 18.00276511941756 32.226783004394576
1.0036747243259128 91305.82557498539 0.0 1.126517296400965 113574.64693400518 0.0 move_t 100 3516.0731596946716 13.725727415980534 45.33905729448315 20.930898566513044 35.93371671986042 15.771256161409104 18.00276511941756 32.226783004394576
1.0036747243259128 91305.82557498539 0.0 1.1352401504395542 115155.92022586906 0.0 f_swap_t 100 3521.272941350937 13.725727415980534 45.33905729448315 20.930898566513044 36.64437955266182 15.771256161409104 18.00276511941756 32.226783004394576
1.0036747243259128 91305.82557498539 0.0 1.132197719501606 114464.35484377624 0.0 move_t 100 3525.349758863449 13.725727415980534 45.89566672153832 20.930898566513044 36.64437955266182 15.771256161409104 18.00276511941756 32.226783004394576
1.0036747243259128 91305.82557498539 0.0 1.1294942846993672 114114.31343141868 0.0 t_swap_k 100 3529.5893886089325 13.725727415980534 45.89566672153832 21.981589580847913 36.64437955266182 15.771256161409104 18.00276511941756 32.226783004394576
1.0036747243259128 91305.82557498539 0.0 1.1251882519970788 112345.2948925357 0.0 move_t 100 3532.4431648254395 13.725727415980534 46.476710054322936 21.981589580847913 36.64437955266182 15.771256161409104 18.00276511941756 32.226783004394576
1.0036747243259128 91305.82557498539 0.0 1.1189960623401292 112211.2025281212 0.0 f_swap_t 100 3535.681120157242 13.725727415980534 46.476710054322936 21.981589580847913 37.2779357571352 15.771256161409104 18.00276511941756 32.226783004394576
1.0036747243259128 91305.82557498539 0.0 1.1182942731827805 112083.98264732007 0.0 f_swap_t 100 3539.936844110489 13.725727415980534 46.476710054322936 21.981589580847913 37.90515639956384 15.771256161409104 18.00276511941756 32.226783004394576
1.0036747243259128 91305.82557498539 0.0 1.130257142946656 114252.60387702045 0.0 f_swap_t 100 3544.3637783527374 13.725727415980534 46.476710054322936 21.981589580847913 38.5361048355682 15.771256161409104 18.00276511941756 32.226783004394576
1.0036747243259128 91305.82557498539 0.0 1.1278752572552446 113820.8171921305 0.0 t_swap_r_k 100 3551.8131091594696 13.725727415980534 46.476710054322936 21.981589580847913 38.5361048355682 15.771256161409104 18.862737468223386 32.226783004394576
1.0036747243259128 91305.82557498539 0.0 1.1260786337133553 113495.12644805116 0.0 f_swap_t 100 3555.6454253196716 13.725727415980534 46.476710054322936 21.981589580847913 39.21074378721252 15.771256161409104 18.862737468223386 32.226783004394576
1.0036747243259128 91305.82557498539 0.0 1.125074779199787 113313.14835645407 0.0 move_t 100 3557.781798839569 13.725727415980534 47.04194295377971 21.981589580847913 39.21074378721252 15.771256161409104 18.862737468223386 32.226783004394576
1.0036747243259128 91305.82557498539 0.0 1.1245093604759555 113210.64961891253 0.0 t_swap_r_k 100 3564.157141685486 13.725727415980534 47.04194295377971 21.981589580847913 39.21074378721252 15.771256161409104 19.71411009354115 32.226783004394576
1.0036747243259128 91305.82557498539 0.0 1.1241977156795078 113154.15485343883 0.0 f_swap_t 100 3567.988947868347 13.725727415980534 47.04194295377971 21.981589580847913 39.848636349340396 15.771256161409104 19.71411009354115 32.226783004394576
1.0036747243259128 91305.82557498539 0.0 1.1241753129003857 113150.09369224866 0.0 f_swap_t 100 3573.0534431934357 13.725727415980534 47.04194295377971 21.981589580847913 40.45014998584699 15.771256161409104 19.71411009354115 32.226783004394576
1.0036747243259128 91305.82557498539 0.0 1.1233448462249216 112999.54723487528 0.0 f_swap_t 100 3576.026230573654 13.725727415980534 47.04194295377971 21.981589580847913 41.07564848598852 15.771256161409104 19.71411009354115 32.226783004394576
1.0036747243259128 91305.82557498539 0.0 1.1168950204533488 111830.32702499395 0.0 t_multiswap_k 100 3578.6873109340668 13.725727415980534 47.04194295377971 21.981589580847913 41.07564848598852 15.771256161409104 19.71411009354115 32.97451517435063
1.0036747243259128 91305.82557498539 0.0 1.114010913360466 111307.49797194834 0.0 move_t 100 3583.847427845001 13.725727415980534 47.57152352424191 21.981589580847913 41.07564848598852 15.771256161409104 19.71411009354115 32.97451517435063
1.0036747243259128 91305.82557498539 0.0 1.1138246733873622 111273.73651107283 0.0 move_t 100 3586.8196432590485 13.725727415980534 48.125808288999494 21.981589580847913 41.07564848598852 15.771256161409104 19.71411009354115 32.97451517435063
1.0036747243259128 91305.82557498539 0.0 1.1136173913866005 111236.16056514523 0.0 f_swap_t 100 3592.7864792346954 13.725727415980534 48.125808288999494 21.981589580847913 41.664892001128635 15.771256161409104 19.71411009354115 32.97451517435063
1.0036747243259128 91305.82557498539 0.0 1.1132826918420793 111175.48644997497 0.0 t_move_k 100 3598.1949775218964 14.61847014182073 48.125808288999494 21.981589580847913 41.664892001128635 15.771256161409104 19.71411009354115 32.97451517435063
1.0036747243259128 91305.82557498539 0.0 1.112828756267867 111093.19730509724 0.0 f_swap_t 100 3602.208771944046 14.61847014182073 48.125808288999494 21.981589580847913 42.24824308111735 15.771256161409104 19.71411009354115 32.97451517435063
1.0036747243259128 91305.82557498539 0.0 1.1106258620193628 110693.85807225553 0.0 t_multiswap_k 100 3604.454759836197 14.61847014182073 48.125808288999494 21.981589580847913 42.24824308111735 15.771256161409104 19.71411009354115 33.73477002260712
1.0036747243259128 91305.82557498539 0.0 1.1253644836330838 113365.66578720324 0.0 f_swap_t 100 3608.071394443512 14.61847014182073 48.125808288999494 21.981589580847913 42.83576065030618 15.771256161409104 19.71411009354115 33.73477002260712
1.0036747243259128 91305.82557498539 0.0 1.1259802126366623 113477.28473944953 0.0 t_move_k 100 3611.5137634277344 15.542285440402523 48.125808288999494 21.981589580847913 42.83576065030618 15.771256161409104 19.71411009354115 33.73477002260712