32
9 153 6 20

Solution history:
B_obj   B_dis   B_sim   C_obj   C_dis   C_sim   neighbor   iterations   time   scores
1.0038531238705346 91338.16572809845 0.0 1.0038531238705346 91338.16572809845 0.0 0 0 0 3.0 3.0 3.0 3.0 3.0 3.0 3.0
1.0038531238705346 91338.16572809845 0.0 1.0038531238705346 91338.16572809845 0.0 t_swap_r_k 100 271.44953417778015 3.0 3.0 3.0 3.0 3.0 4.01 3.0
1.0038531238705346 91338.16572809845 0.0 1.0038531238705346 91338.16572809845 0.0 t_swap_k 100 393.945848941803 3.0 3.0 3.9699999999999998 3.0 3.0 4.01 3.0
1.0038531238705346 91338.16572809845 0.0 1.005082028350628 91560.94073087016 0.0 t_move_k 100 454.13577461242676 3.98 3.0 3.9699999999999998 3.0 3.0 4.01 3.0
1.0038531238705346 91338.16572809845 0.0 1.0047635392305407 91503.20523087033 0.0 t_swap_k 100 561.0484790802002 3.98 3.0 4.9303 3.0 3.0 4.01 3.0
1.0038531238705346 91338.16572809845 0.0 1.0047635392305407 91503.20523087033 0.0 t_swap_r_k 100 797.4963202476501 3.98 3.0 4.9303 3.0 3.0 5.0099 3.0
1.0038531238705346 91338.16572809845 0.0 1.0047635392305407 91503.20523087033 0.0 move_t 100 864.1628234386444 3.98 3.9699999999999998 4.9303 3.0 3.0 5.0099 3.0
1.0038531238705346 91338.16572809845 0.0 1.0047635392305407 91503.20523087033 0.0 t_swap_k 100 969.0499796867371 3.98 3.9699999999999998 5.880997 3.0 3.0 5.0099 3.0
1.0038531238705346 91338.16572809845 0.0 1.0047635392305407 91503.20523087033 0.0 t_move_k 100 1037.3705749511719 4.9402 3.9699999999999998 5.880997 3.0 3.0 5.0099 3.0
1.0038531238705346 91338.16572809845 0.0 1.0047635392305407 91503.20523087033 0.0 move_t 100 1090.2386643886566 4.9402 4.9303 5.880997 3.0 3.0 5.0099 3.0
1.0038531238705346 91338.16572809845 0.0 1.0047635392305407 91503.20523087033 0.0 t_move_k 100 1132.7661888599396 5.890798 4.9303 5.880997 3.0 3.0 5.0099 3.0
1.0038531238705346 91338.16572809845 0.0 1.0047635392305407 91503.20523087033 0.0 t_swap_r_k 100 1349.2961070537567 5.890798 4.9303 5.880997 3.0 3.0 5.999801 3.0
1.0038531238705346 91338.16572809845 0.0 1.0047635392305407 91503.20523087033 0.0 t_multiswap_k 100 1381.54505777359 5.890798 4.9303 5.880997 3.0 3.0 5.999801 3.9699999999999998
1.0038531238705346 91338.16572809845 0.0 1.0047635392305407 91503.20523087033 0.0 t_swap_r_k 100 1596.0856261253357 5.890798 4.9303 5.880997 3.0 3.0 6.97980299 3.9699999999999998
1.0038531238705346 91338.16572809845 0.0 1.0608687922471352 101673.92891097869 0.0 f_swap_t 100 1650.2124757766724 5.890798 4.9303 5.880997 3.98 3.0 6.97980299 3.9699999999999998
1.0038531238705346 91338.16572809845 0.0 1.0532456811936513 100292.01631030234 0.0 t_swap_k 100 1804.2468030452728 5.890798 4.9303 6.82218703 3.98 3.0 6.97980299 3.9699999999999998
1.0038531238705346 91338.16572809845 0.0 1.052424976429402 100143.23948582824 0.0 swap_t 100 1850.5328476428986 5.890798 4.9303 6.82218703 3.98 3.9699999999999998 6.97980299 3.9699999999999998
1.0038531238705346 91338.16572809845 0.0 1.0604540473474513 101598.74422602283 0.0 move_t 100 1897.3989198207855 5.890798 5.920997 6.82218703 3.98 3.9699999999999998 6.97980299 3.9699999999999998
1.0038531238705346 91338.16572809845 0.0 1.0550866098646179 100625.73865928905 0.0 t_swap_r_k 100 2162.762658596039 5.890798 5.920997 6.82218703 3.98 3.9699999999999998 7.950004960099999 3.9699999999999998
1.0038531238705346 91338.16572809845 0.0 1.0544753758298866 100514.93455206417 0.0 t_swap_r_k 100 2345.0868244171143 5.890798 5.920997 6.82218703 3.98 3.9699999999999998 8.910504910499 3.9699999999999998
1.0038531238705346 91338.16572809845 0.0 1.0543900366097712 100499.46431389212 0.0 t_move_k 100 2355.8959443569183 6.83189002 5.920997 6.82218703 3.98 3.9699999999999998 8.910504910499 3.9699999999999998
1.0038531238705346 91338.16572809845 0.0 1.0543900366097712 100499.46431389212 0.0 t_swap_r_k 100 2422.7025616168976 6.83189002 5.920997 6.82218703 3.98 3.9699999999999998 9.86139986139401 3.9699999999999998
1.0038531238705346 91338.16572809845 0.0 1.05424222574092 100472.66925597559 0.0 t_swap_k 100 2459.5555272102356 6.83189002 5.920997 7.7839651597 3.98 3.9699999999999998 9.86139986139401 3.9699999999999998
1.0038531238705346 91338.16572809845 0.0 1.022695883417112 94753.96889116915 0.0 f_swap_t 100 2495.1759176254272 6.83189002 5.920997 7.7839651597 4.9702 3.9699999999999998 9.86139986139401 3.9699999999999998
1.0038531238705346 91338.16572809845 0.0 1.00998622376401 92449.97007733812 0.0 t_swap_r_k 100 2596.0498130321503 6.83189002 5.920997 7.7839651597 4.9702 3.9699999999999998 10.802785862780071 3.9699999999999998
1.0038531238705346 91338.16572809845 0.0 1.006382985624527 91796.77741711662 0.0 t_swap_r_k 100 2676.774480819702 6.83189002 5.920997 7.7839651597 4.9702 3.9699999999999998 11.73475800415227 3.9699999999999998
1.0038531238705346 91338.16572809845 0.0 1.0057737024350641 91686.32695784983 0.0 t_swap_r_k 100 2734.6583642959595 6.83189002 5.920997 7.7839651597 4.9702 3.9699999999999998 12.657410424110749 3.9699999999999998
1.0038531238705346 91338.16572809845 0.0 1.0057737024350641 91686.32695784983 0.0 t_swap_r_k 100 2787.01939702034 6.83189002 5.920997 7.7839651597 4.9702 3.9699999999999998 13.570836319869642 3.9699999999999998
1.0038531238705346 91338.16572809845 0.0 1.0057737024350641 91686.32695784983 0.0 t_move_k 100 2804.6662952899933 7.7635711198 5.920997 7.7839651597 4.9702 3.9699999999999998 13.570836319869642 3.9699999999999998
1.0038531238705346 91338.16572809845 0.0 1.0057737024350641 91686.32695784983 0.0 t_swap_r_k 100 2853.343222618103 7.7635711198 5.920997 7.7839651597 4.9702 3.9699999999999998 14.475127956670946 3.9699999999999998
1.0038531238705346 91338.16572809845 0.0 1.0057737024350641 91686.32695784983 0.0 move_t 100 2864.8060195446014 7.7635711198 6.86178703 7.7839651597 4.9702 3.9699999999999998 14.475127956670946 3.9699999999999998
1.0038531238705346 91338.16572809845 0.0 1.0057737024350641 91686.32695784983 0.0 f_swap_t 100 2893.8880183696747 7.7635711198 6.86178703 7.7839651597 5.920498 3.9699999999999998 14.475127956670946 3.9699999999999998
1.0038531238705346 91338.16572809845 0.0 1.0057737024350641 91686.32695784983 0.0 t_swap_k 100 2931.673520565033 7.7635711198 6.86178703 8.706125508103 5.920498 3.9699999999999998 14.475127956670946 3.9699999999999998
1.0038531238705346 91338.16572809845 0.0 1.0057737024350641 91686.32695784983 0.0 t_multiswap_k 100 2939.0542526245117 7.7635711198 6.86178703 8.706125508103 5.920498 3.9699999999999998 14.475127956670946 4.9303
1.0038531238705346 91338.16572809845 0.0 1.0057737024350641 91686.32695784983 0.0 f_swap_t 100 2967.55966258049 7.7635711198 6.86178703 8.706125508103 6.861293020000001 3.9699999999999998 14.475127956670946 4.9303
1.0038531238705346 91338.16572809845 0.0 1.0057737024350641 91686.32695784983 0.0 swap_t 100 2987.2885026931763 7.7635711198 6.86178703 8.706125508103 6.861293020000001 4.9303 14.475127956670946 4.9303
1.0038531238705346 91338.16572809845 0.0 1.0057737024350641 91686.32695784983 0.0 t_swap_r_k 100 3047.1945724487305 7.7635711198 6.86178703 8.706125508103 6.861293020000001 4.9303 15.370376677104236 4.9303
1.0038531238705346 91338.16572809845 0.0 1.0057737024350641 91686.32695784983 0.0 t_move_k 100 3075.3759746551514 8.685935408601999 6.86178703 8.706125508103 6.861293020000001 4.9303 15.370376677104236 4.9303
1.0038531238705346 91338.16572809845 0.0 1.0057737024350641 91686.32695784983 0.0 move_t 100 3086.8801634311676 8.685935408601999 7.793169159700001 8.706125508103 6.861293020000001 4.9303 15.370376677104236 4.9303
1.0038531238705346 91338.16572809845 0.0 1.0057737024350641 91686.32695784983 0.0 t_move_k 100 3107.3794474601746 9.59907605451598 7.793169159700001 8.706125508103 6.861293020000001 4.9303 15.370376677104236 4.9303
1.0038531238705346 91338.16572809845 0.0 1.0057737024350641 91686.32695784983 0.0 t_swap_r_k 100 3166.5426609516144 9.59907605451598 7.793169159700001 8.706125508103 6.861293020000001 4.9303 16.256672910333194 4.9303
1.0038531238705346 91338.16572809845 0.0 1.0057737024350641 91686.32695784983 0.0 t_swap_r_k 100 3244.1180555820465 9.59907605451598 7.793169159700001 8.706125508103 6.861293020000001 4.9303 17.13410618122986 4.9303
1.0038531238705346 91338.16572809845 0.0 1.0057737024350641 91686.32695784983 0.0 t_swap_r_k 100 3276.7971935272217 9.59907605451598 7.793169159700001 8.706125508103 6.861293020000001 4.9303 18.00276511941756 4.9303
1.0038531238705346 91338.16572809845 0.0 1.0057737024350641 91686.32695784983 0.0 move_t 100 3290.346535921097 9.59907605451598 8.715237468103 8.706125508103 6.861293020000001 4.9303 18.00276511941756 4.9303
1.0038531238705346 91338.16572809845 0.0 1.0057737024350641 91686.32695784983 0.0 t_swap_k 100 3327.1309418678284 9.59907605451598 8.715237468103 9.61906425302197 6.861293020000001 4.9303 18.00276511941756 4.9303
1.0038531238705346 91338.16572809845 0.0 1.0057737024350641 91686.32695784983 0.0 move_t 100 3338.430912733078 9.59907605451598 9.62808509342197 9.61906425302197 6.861293020000001 4.9303 18.00276511941756 4.9303
1.0038531238705346 91338.16572809845 0.0 1.0057737024350641 91686.32695784983 0.0 t_move_k 100 3371.117308616638 10.50308529397082 9.62808509342197 9.61906425302197 6.861293020000001 4.9303 18.00276511941756 4.9303
1.0038531238705346 91338.16572809845 0.0 1.014174356306079 94258.8403761766 0.0 move_t 100 3404.0498735904694 10.50308529397082 10.57180424248775 9.61906425302197 6.861293020000001 4.9303 18.00276511941756 4.9303
1.0038531238705346 91338.16572809845 0.0 1.025981877348452 95349.65172821622 0.0 t_multiswap_k 100 3423.3439650535583 10.50308529397082 10.57180424248775 9.61906425302197 6.861293020000001 4.9303 18.00276511941756 5.890997
1.0038531238705346 91338.16572809845 0.0 1.0249806083591002 95168.14233876306 0.0 t_move_k 100 3457.4221892356873 11.428054441031112 10.57180424248775 9.61906425302197 6.861293020000001 4.9303 18.00276511941756 5.890997
1.0038531238705346 91338.16572809845 0.0 1.02788156710601 96158.01774830943 0.0 move_t 100 3481.3403079509735 11.428054441031112 11.506086200062871 9.61906425302197 6.861293020000001 4.9303 18.00276511941756 5.890997
1.0038531238705346 91338.16572809845 0.0 1.024215812667614 95029.50067454056 0.0 f_swap_t 100 3508.642527103424 11.428054441031112 11.506086200062871 9.61906425302197 7.792680089800001 4.9303 18.00276511941756 5.890997
1.0038531238705346 91338.16572809845 0.0 1.0237171332268924 94939.10039071992 0.0 t_swap_k 100 3543.770609140396 11.428054441031112 11.506086200062871 10.55287361049175 7.792680089800001 4.9303 18.00276511941756 5.890997
1.0038531238705346 91338.16572809845 0.0 1.028803984481001 95861.24146888332 0.0 move_t 100 3579.807327270508 11.428054441031112 12.441025338062243 10.55287361049175 7.792680089800001 4.9303 18.00276511941756 5.890997
1.0038531238705346 91338.16572809845 0.0 1.0278116676361337 95681.35491834447 0.0 t_swap_r_k 100 3677.721153974533 11.428054441031112 12.441025338062243 10.55287361049175 7.792680089800001 4.9303 18.862737468223386 5.890997