23
6 168 4 40

Solution history:
B_obj   B_dis   B_sim   C_obj   C_dis   C_sim   neighbor   iterations   time   scores
0.7984914182360802 7161.3418100036015 0.4523809523809524 0.7984914182360802 7161.3418100036015 0.4523809523809524 0 0 0 3.0 3.0 3.0 3.0 3.0 3.0 3.0
0.7984914182360802 7161.3418100036015 0.4523809523809524 0.7984914182360802 7161.3418100036015 0.4523809523809524 t_move_k 100 63.47605538368225 3.9699999999999998 3.0 3.0 3.0 3.0 3.0 3.0
0.798461321860257 7160.931026942852 0.4523809523809524 0.798461321860257 7160.931026942852 0.4523809523809524 t_multiswap_k 100 88.45462274551392 3.9699999999999998 3.0 3.0 3.0 3.0 3.0 3.9699999999999998
0.7984613191742435 7160.930990281666 0.4523809523809524 0.8130943631583178 7360.656253920322 0.4523809523809524 swap_t 100 128.00491404533386 3.9699999999999998 3.0 3.0 3.0 3.98 3.0 3.9699999999999998
0.7984613191742435 7160.930990281666 0.4523809523809524 0.8338399905328517 7643.811686326426 0.4523809523809524 t_move_k 100 180.1386218070984 4.9803 3.0 3.0 3.0 3.98 3.0 3.9699999999999998
0.7984613191742435 7160.930990281666 0.4523809523809524 0.8231056832149235 7537.921761219802 0.4583333333333333 t_move_k 100 233.84320855140686 5.940497 3.0 3.0 3.0 3.98 3.0 3.9699999999999998
0.7984613191742435 7160.930990281666 0.4523809523809524 0.8189851942545826 7481.681532268127 0.4583333333333333 t_multiswap_k 100 260.45644450187683 5.940497 3.0 3.0 3.0 3.98 3.0 4.9303
0.7984613191742435 7160.930990281666 0.4523809523809524 0.8185806171201231 7476.159490857603 0.4583333333333333 t_swap_r_k 100 376.14389967918396 5.940497 3.0 3.0 3.0 3.98 4.01 4.9303
0.7984613191742435 7160.930990281666 0.4523809523809524 0.8597749483487617 8038.417669949545 0.4583333333333333 t_multiswap_k 100 425.0986623764038 5.940497 3.0 3.0 3.0 3.98 4.01 5.950997
0.7984613191742435 7160.930990281666 0.4523809523809524 0.8525710910742534 7961.966061063419 0.46153846153846156 t_swap_r_k 100 546.9359893798828 5.940497 3.0 3.0 3.0 3.98 5.039899999999999 5.950997
0.7984613191742435 7160.930990281666 0.4523809523809524 0.8513514788251195 7945.3196696317855 0.46153846153846156 t_multiswap_k 100 581.1957461833954 5.940497 3.0 3.0 3.0 3.98 5.039899999999999 6.89148703
0.7984613191742435 7160.930990281666 0.4523809523809524 0.8524741552924071 7960.642992219618 0.46153846153846156 t_multiswap_k 100 630.2217087745667 5.940497 3.0 3.0 3.0 3.98 5.039899999999999 7.8625721597
0.7984613191742435 7160.930990281666 0.4523809523809524 0.851686521196733 7949.892636546492 0.46153846153846156 t_multiswap_k 100 666.0316152572632 5.940497 3.0 3.0 3.0 3.98 5.039899999999999 8.783946438103
0.7984613191742435 7160.930990281666 0.4523809523809524 0.8844499205344167 8397.077690971202 0.46153846153846156 t_swap_k 100 726.906091928482 5.940497 3.0 3.98 3.0 3.98 5.039899999999999 8.783946438103
0.7984613191742435 7160.930990281666 0.4523809523809524 0.8736875303464988 8250.182675825796 0.46153846153846156 move_t 100 775.4356071949005 5.940497 4.0 3.98 3.0 3.98 5.039899999999999 8.783946438103
0.7984613191742435 7160.930990281666 0.4523809523809524 0.8704057531434788 8205.389957523996 0.46153846153846156 f_swap_t 100 837.147712469101 5.940497 4.0 3.98 3.9699999999999998 3.98 5.039899999999999 8.783946438103
0.7984613191742435 7160.930990281666 0.4523809523809524 0.8691787863504807 8188.643184503007 0.46153846153846156 t_swap_r_k 100 959.1073610782623 5.940497 4.0 3.98 3.9699999999999998 3.98 6.029501 8.783946438103
0.7984613191742435 7160.930990281666 0.4523809523809524 0.8689824195662077 8185.962989746435 0.46153846153846156 swap_t 100 995.6739056110382 5.940497 4.0 3.98 3.9699999999999998 4.9402 6.029501 8.783946438103
0.7984613191742435 7160.930990281666 0.4523809523809524 0.8655549965071646 8076.687302392024 0.4523809523809524 t_move_k 100 1073.5373632907867 6.91109203 4.0 3.98 3.9699999999999998 4.9402 6.029501 8.783946438103
0.7984613191742435 7160.930990281666 0.4523809523809524 0.8720006516281449 8164.663540949273 0.4523809523809524 move_t 100 1115.1338603496552 6.91109203 5.0 3.98 3.9699999999999998 4.9402 6.029501 8.783946438103
0.7984613191742435 7160.930990281666 0.4523809523809524 0.8874240306244344 8375.176024857978 0.4523809523809524 t_move_k 100 1163.4072835445404 7.9319811097 5.0 3.98 3.9699999999999998 4.9402 6.029501 8.783946438103
0.7984613191742435 7160.930990281666 0.4523809523809524 0.8737865964844483 8189.039761485308 0.4523809523809524 f_swap_t 100 1237.5057666301727 7.9319811097 5.0 3.98 4.9303 4.9402 6.029501 8.783946438103
0.7984613191742435 7160.930990281666 0.4523809523809524 0.9179961183328932 8772.029670904209 0.4523809523809524 swap_t 100 1270.3317332267761 7.9319811097 5.0 3.98 4.9303 5.930798 6.029501 8.783946438103
0.7984613191742435 7160.930990281666 0.4523809523809524 0.8953575398671172 8545.954927263572 0.46153846153846156 t_swap_k 100 1323.1750164031982 7.9319811097 5.0 4.9702 4.9303 5.930798 6.029501 8.783946438103
0.7984613191742435 7160.930990281666 0.4523809523809524 0.9146384489881256 8951.768769368136 0.46153846153846156 move_t 100 1391.4981529712677 7.9319811097 5.99 4.9702 4.9303 5.930798 6.029501 8.783946438103
0.7984613191742435 7160.930990281666 0.4523809523809524 0.8992691625048619 8599.34435624559 0.46153846153846156 move_t 100 1444.4802141189575 7.9319811097 6.9401 4.9702 4.9303 5.930798 6.029501 8.783946438103
0.7984613191742435 7160.930990281666 0.4523809523809524 0.8853591310406905 8409.487433487264 0.46153846153846156 t_swap_r_k 100 1579.4670312404633 7.9319811097 6.9401 4.9702 4.9303 5.930798 7.00920599 8.783946438103
0.7984613191742435 7160.930990281666 0.4523809523809524 0.875685963443443 8360.347316774725 0.47368421052631576 t_move_k 100 1648.1332185268402 8.942661298603 6.9401 4.9702 4.9303 5.930798 7.00920599 8.783946438103
0.7984613191742435 7160.930990281666 0.4523809523809524 0.8702585161452573 8286.268516513152 0.47368421052631576 t_swap_r_k 100 1786.3921406269073 8.942661298603 6.9401 4.9702 4.9303 5.930798 7.9791139301 8.783946438103
0.7984613191742435 7160.930990281666 0.4523809523809524 0.8699802831222186 8282.470935918174 0.47368421052631576 move_t 100 1847.3169684410095 8.942661298603 7.870699 4.9702 4.9303 5.930798 7.9791139301 8.783946438103
0.7984613191742435 7160.930990281666 0.4523809523809524 0.8919719327854497 8582.633228303686 0.47368421052631576 t_move_k 100 1910.6925966739655 9.903234685616969 7.870699 4.9702 4.9303 5.930798 7.9791139301 8.783946438103
0.7984613191742435 7160.930990281666 0.4523809523809524 0.8998811445223223 8713.675645700152 0.47619047619047616 move_t 100 1959.979063987732 9.903234685616969 8.86199201 4.9702 4.9303 5.930798 7.9791139301 8.783946438103
0.7984613191742435 7160.930990281666 0.4523809523809524 0.8847880139178521 8501.684397300558 0.47619047619047616 t_swap_k 100 2034.4736454486847 9.903234685616969 8.86199201 5.920498 4.9303 5.930798 7.9791139301 8.783946438103
0.7984613191742435 7160.930990281666 0.4523809523809524 0.9208494660107887 8976.780402530861 0.47368421052631576 t_move_k 100 2106.397999048233 10.8642023387608 8.86199201 5.920498 4.9303 5.930798 7.9791139301 8.783946438103
0.7984613191742435 7160.930990281666 0.4523809523809524 0.913875900640407 8881.598758601089 0.47368421052631576 t_swap_k 100 2181.5886726379395 10.8642023387608 8.86199201 6.87129302 4.9303 5.930798 7.9791139301 8.783946438103
0.7984613191742435 7160.930990281666 0.4523809523809524 0.9052134719454155 8763.365952307253 0.47368421052631576 f_swap_t 100 2266.256870031357 10.8642023387608 8.86199201 6.87129302 5.880997 5.930798 7.9791139301 8.783946438103
0.7984613191742435 7160.930990281666 0.4523809523809524 0.9042536276854208 8750.265113678726 0.47368421052631576 t_swap_k 100 2340.206105709076 10.8642023387608 8.86199201 7.8025800898 5.880997 5.930798 7.9791139301 8.783946438103
0.7984613191742435 7160.930990281666 0.4523809523809524 0.9673701487064995 9466.354287439932 0.4523809523809524 t_move_k 100 2420.1037089824677 11.825560315373192 8.86199201 7.8025800898 5.880997 5.930798 7.9791139301 8.783946438103
0.7984613191742435 7160.930990281666 0.4523809523809524 0.94897330703798 9215.257245952012 0.4523809523809524 t_multiswap_k 100 2447.5472016334534 11.825560315373192 8.86199201 7.8025800898 5.880997 5.930798 7.9791139301 9.69610697372197
0.7984613191742435 7160.930990281666 0.4523809523809524 0.9411312888186336 9108.22215755737 0.4523809523809524 t_multiswap_k 100 2463.9561820030212 11.825560315373192 8.86199201 7.8025800898 5.880997 5.930798 7.9791139301 10.59914590398475
0.7984613191742435 7160.930990281666 0.4523809523809524 0.9388175674185999 9076.642356586972 0.4523809523809524 swap_t 100 2510.653053998947 11.825560315373192 8.86199201 7.8025800898 5.880997 6.87149002 7.9791139301 10.59914590398475
0.7984613191742435 7160.930990281666 0.4523809523809524 0.9387063065671447 9075.1237659975 0.4523809523809524 f_swap_t 100 2608.8351979255676 11.825560315373192 8.86199201 7.8025800898 6.82218703 6.87149002 7.9791139301 10.59914590398475
0.7984613191742435 7160.930990281666 0.4523809523809524 0.9386895775819047 9074.895433396909 0.4523809523809524 move_t 100 2665.2975380420685 11.825560315373192 9.7733720899 7.8025800898 6.82218703 6.87149002 7.9791139301 10.59914590398475
0.7984613191742435 7160.930990281666 0.4523809523809524 0.9445453143853646 9300.203168764907 0.47368421052631576 t_move_k 100 2744.056950569153 12.77730471221946 9.7733720899 7.8025800898 6.82218703 6.87149002 7.9791139301 10.59914590398475
0.7984613191742435 7160.930990281666 0.4523809523809524 0.9691371137503775 9652.9586106542 0.47619047619047616 t_swap_k 100 2839.5432765483856 12.77730471221946 9.7733720899 8.774554288902 6.82218703 6.87149002 7.9791139301 10.59914590398475
0.7984613191742435 7160.930990281666 0.4523809523809524 0.9590298401585373 9515.00523027789 0.47619047619047616 t_multiswap_k 100 2879.622034072876 12.77730471221946 9.7733720899 8.774554288902 6.82218703 6.87149002 7.9791139301 11.493154444944903
0.7984613191742435 7160.930990281666 0.4523809523809524 0.9462161719129976 9312.706003194018 0.47619047619047616 swap_t 100 2905.5921592712402 12.77730471221946 9.7733720899 8.774554288902 6.82218703 7.8627751198 7.9791139301 11.493154444944903
0.7984613191742435 7160.930990281666 0.4523809523809524 0.9361810354058373 9203.143695656127 0.47619047619047616 t_multiswap_k 100 2951.3605518341064 12.77730471221946 9.7733720899 8.774554288902 6.82218703 7.8627751198 7.9791139301 12.378222900495453
0.7984613191742435 7160.930990281666 0.4523809523809524 0.9332691008182441 9163.398930053116 0.47619047619047616 t_swap_r_k 100 3066.943118095398 12.77730471221946 9.7733720899 8.774554288902 6.82218703 7.8627751198 8.939322790799 12.378222900495453
0.7984613191742435 7160.930990281666 0.4523809523809524 0.9326054727747506 9154.341123209306 0.47619047619047616 t_move_k 100 3124.4260194301605 13.649531665097264 9.7733720899 8.774554288902 6.82218703 7.8627751198 8.939322790799 12.378222900495453
0.7984613191742435 7160.930990281666 0.4523809523809524 0.9608636004721594 9540.034080220996 0.47619047619047616 t_swap_k 100 3175.0329570770264 13.649531665097264 9.7733720899 9.69680874601298 6.82218703 7.8627751198 8.939322790799 12.378222900495453
0.7984613191742435 7160.930990281666 0.4523809523809524 0.9579708539765197 9500.55121137223 0.47619047619047616 t_swap_r_k 100 3272.238422393799 13.649531665097264 9.7733720899 9.69680874601298 6.82218703 7.8627751198 9.88992956289101 12.378222900495453
0.7984613191742435 7160.930990281666 0.4523809523809524 0.9738820422375389 9486.490042562247 0.4423076923076923 t_swap_r_k 100 3384.2670204639435 13.649531665097264 9.7733720899 9.69680874601298 6.82218703 7.8627751198 10.891030267262101 12.378222900495453
0.7984613191742435 7160.930990281666 0.4523809523809524 0.9738820395515254 9486.490005901062 0.4423076923076923 t_multiswap_k 100 3437.407663345337 13.649531665097264 9.7733720899 9.69680874601298 6.82218703 7.8627751198 10.891030267262101 13.2544406714905
0.7984613191742435 7160.930990281666 0.4523809523809524 0.9738820395515254 9486.490005901062 0.4423076923076923 move_t 100 3492.207323551178 13.649531665097264 10.675638369001 9.69680874601298 6.82218703 7.8627751198 10.891030267262101 13.2544406714905
0.7984613191742435 7160.930990281666 0.4523809523809524 0.9592051927372887 9517.398603800098 0.47619047619047616 t_multiswap_k 100 3534.985641479492 13.649531665097264 10.675638369001 9.69680874601298 6.82218703 7.8627751198 10.891030267262101 14.151896264775594
0.7984613191742435 7160.930990281666 0.4523809523809524 0.9560066909623879 9473.74250525109 0.47619047619047616 t_multiswap_k 100 3578.6830682754517 13.649531665097264 10.675638369001 9.69680874601298 6.82218703 7.8627751198 10.891030267262101 15.010377302127837
0.7984613191742435 7160.930990281666 0.4523809523809524 0.9863488388617525 9787.887993295895 0.46153846153846156 t_move_k 100 3642.5749974250793 14.56303634844629 10.675638369001 9.69680874601298 6.82218703 7.8627751198 10.891030267262101 15.010377302127837