19
4 112 4 40

Solution history:
B_obj   B_dis   B_sim   C_obj   C_dis   C_sim   neighbor   iterations   time   scores
0.9422249002374252 5203.968657911079 0.4523809523809524 0.9422249002374252 5203.968657911079 0.4523809523809524 0 0 0 3.0 3.0 3.0 3.0 3.0 3.0 3.0
0.9422249002374252 5203.968657911079 0.4523809523809524 0.9751494048847968 5455.190606237342 0.47619047619047616 t_move_k 100 29.084921836853027 4.01 3.0 3.0 3.0 3.0 3.0 3.0
0.9422249002374252 5203.968657911079 0.4523809523809524 1.0634679060860317 6025.903655977385 0.47619047619047616 t_move_k 100 39.85884976387024 4.9899 3.0 3.0 3.0 3.0 3.0 3.0
0.9422249002374252 5203.968657911079 0.4523809523809524 1.007580595968111 5741.688979724259 0.5238095238095238 t_multiswap_k 100 56.297560691833496 4.9899 3.0 3.0 3.0 3.0 3.0 4.0
0.9422249002374252 5203.968657911079 0.4523809523809524 0.9921309388817663 5641.853488935129 0.5238095238095238 t_multiswap_k 100 62.957369327545166 4.9899 3.0 3.0 3.0 3.0 3.0 4.96
0.9422249002374252 5203.968657911079 0.4523809523809524 1.145007204229106 6629.738002854263 0.5238095238095238 t_multiswap_k 100 77.03164315223694 4.9899 3.0 3.0 3.0 3.0 3.0 6.1004000000000005
0.9422249002374252 5203.968657911079 0.4523809523809524 1.1763368379575068 6832.189704017463 0.5238095238095238 t_swap_k 100 92.84941124916077 4.9899 3.0 4.04 3.0 3.0 3.0 6.1004000000000005
0.9422249002374252 5203.968657911079 0.4523809523809524 1.2208362547790008 7081.280167511343 0.5 move_t 100 105.17649626731873 4.9899 4.03 4.04 3.0 3.0 3.0 6.1004000000000005
0.9422249002374252 5203.968657911079 0.4523809523809524 1.2925024948223007 7505.922302759009 0.47619047619047616 t_swap_k 100 120.59028577804565 4.9899 4.03 5.3096 3.0 3.0 3.0 6.1004000000000005
0.9422249002374252 5203.968657911079 0.4523809523809524 1.2295954130960691 7176.345950202869 0.5238095238095238 t_multiswap_k 100 131.68972826004028 4.9899 4.03 5.3096 3.0 3.0 3.0 7.109396
0.9422249002374252 5203.968657911079 0.4523809523809524 1.286306583972974 7504.348615611939 0.5 f_swap_t 100 143.31933403015137 4.9899 4.03 5.3096 3.99 3.0 3.0 7.109396
0.9422249002374252 5203.968657911079 0.4523809523809524 1.3134040561360039 7679.45214169162 0.5 move_t 100 157.02483415603638 4.9899 5.0297 5.3096 3.99 3.0 3.0 7.109396
0.9422249002374252 5203.968657911079 0.4523809523809524 1.2655719967456163 7370.361972375506 0.5 t_multiswap_k 100 170.171138048172 4.9899 5.0297 5.3096 3.99 3.0 3.0 8.128302040000001
0.9422249002374252 5203.968657911079 0.4523809523809524 1.2677748304323855 7418.2528409324605 0.5208333333333334 t_multiswap_k 100 179.22289872169495 4.9899 5.0297 5.3096 3.99 3.0 3.0 9.097019019600001
0.9422249002374252 5203.968657911079 0.4523809523809524 1.2369577880670097 7270.483465069942 0.5526315789473685 t_multiswap_k 100 192.97783493995667 4.9899 5.0297 5.3096 3.99 3.0 3.0 10.166048829404001
0.9422249002374252 5203.968657911079 0.4523809523809524 1.2009669816700959 7037.911324442413 0.5526315789473685 t_move_k 100 203.85588765144348 6.000000999999999 5.0297 5.3096 3.99 3.0 3.0 10.166048829404001
0.9422249002374252 5203.968657911079 0.4523809523809524 1.1912982189062977 7005.798382993647 0.5714285714285714 t_swap_r_k 100 211.76230025291443 6.000000999999999 5.0297 5.3096 3.99 3.0 4.04 10.166048829404001
0.9422249002374252 5203.968657911079 0.4523809523809524 1.1820132482116916 6965.031124156363 0.5833333333333334 t_multiswap_k 100 224.22168922424316 6.000000999999999 5.0297 5.3096 3.99 3.0 4.04 11.094388341109962
0.9422249002374252 5203.968657911079 0.4523809523809524 1.1760694010120665 6926.62205792054 0.5833333333333334 f_swap_t 100 242.54177260398865 6.000000999999999 5.0297 5.3096 4.9501 3.0 4.04 11.094388341109962
0.9422249002374252 5203.968657911079 0.4523809523809524 1.180295637334592 6973.1640497786075 0.5952380952380952 t_move_k 100 252.71933269500732 7.11000099 5.0297 5.3096 4.9501 3.0 4.04 11.094388341109962
0.9422249002374252 5203.968657911079 0.4523809523809524 1.1622510930342662 6856.56043027941 0.5952380952380952 move_t 100 268.18601727485657 7.11000099 5.979403 5.3096 4.9501 3.0 4.04 11.094388341109962
0.9422249002374252 5203.968657911079 0.4523809523809524 1.161290557308201 6850.353460435595 0.5952380952380952 t_move_k 100 282.31638765335083 8.0389009801 5.979403 5.3096 4.9501 3.0 4.04 11.094388341109962
0.9422249002374252 5203.968657911079 0.4523809523809524 1.1798917477843915 6850.353460435595 0.5208333333333334 t_swap_r_k 100 301.44807505607605 8.0389009801 5.979403 5.3096 4.9501 3.0 5.0396 11.094388341109962
0.9422249002374252 5203.968657911079 0.4523809523809524 1.1798917477843915 6850.353460435595 0.5208333333333334 swap_t 100 308.38491344451904 8.0389009801 5.979403 5.3096 4.9501 3.9699999999999998 5.0396 11.094388341109962
0.9422249002374252 5203.968657911079 0.4523809523809524 1.1787106776127803 6809.065214929504 0.5 t_multiswap_k 100 319.9172031879425 8.0389009801 5.979403 5.3096 4.9501 3.9699999999999998 5.0396 12.043444457698863
0.9422249002374252 5203.968657911079 0.4523809523809524 1.1864684308579103 6859.195719336171 0.5 t_swap_k 100 334.86620140075684 8.0389009801 5.979403 6.336504 4.9501 3.9699999999999998 5.0396 12.043444457698863
0.9422249002374252 5203.968657911079 0.4523809523809524 1.24211268096063 7218.768167290903 0.5 move_t 100 343.431316614151 8.0389009801 6.95960897 6.336504 4.9501 3.9699999999999998 5.0396 12.043444457698863
0.9422249002374252 5203.968657911079 0.4523809523809524 1.2110986307952172 7018.3557631632175 0.5 t_multiswap_k 100 346.4979341030121 8.0389009801 6.95960897 6.336504 4.9501 3.9699999999999998 5.0396 12.953010013121874
0.9422249002374252 5203.968657911079 0.4523809523809524 1.1956851208023926 6918.75385444015 0.5 swap_t 100 352.04434180259705 8.0389009801 6.95960897 6.336504 4.9501 4.9303 5.0396 12.953010013121874
0.9422249002374252 5203.968657911079 0.4523809523809524 1.2152651094282614 7045.279495959853 0.5 t_swap_k 100 368.05846428871155 8.0389009801 6.95960897 7.32313896 4.9501 4.9303 5.0396 12.953010013121874
0.9422249002374252 5203.968657911079 0.4523809523809524 1.200937240348159 6952.692985231488 0.5 t_move_k 100 373.4550313949585 8.958511970299 6.95960897 7.32313896 4.9501 4.9303 5.0396 12.953010013121874
0.9422249002374252 5203.968657911079 0.4523809523809524 1.2188440002676784 7029.9420325464835 0.47619047619047616 t_multiswap_k 100 383.08448338508606 8.958511970299 6.95960897 7.32313896 4.9501 4.9303 5.0396 13.863479912990655
0.9422249002374252 5203.968657911079 0.4523809523809524 1.2083492902794564 6962.125347910177 0.47619047619047616 t_multiswap_k 100 394.2691192626953 8.958511970299 6.95960897 7.32313896 4.9501 4.9303 5.0396 14.724845113860749
0.9422249002374252 5203.968657911079 0.4523809523809524 1.2428343589482924 7223.4316414176965 0.5 t_swap_k 100 405.97490310668945 8.958511970299 6.95960897 8.3499075704 4.9501 4.9303 5.0396 14.724845113860749
0.9422249002374252 5203.968657911079 0.4523809523809524 1.21049876267518 7014.479422876959 0.5 t_multiswap_k 100 416.7301790714264 8.958511970299 6.95960897 8.3499075704 4.9501 4.9303 5.0396 15.577596662722142
0.9422249002374252 5203.968657911079 0.4523809523809524 1.2061565859038912 6986.420330909285 0.5 t_swap_r_k 100 433.24995255470276 8.958511970299 6.95960897 8.3499075704 4.9501 4.9303 6.029204 15.577596662722142
0.9422249002374252 5203.968657911079 0.4523809523809524 1.2061565859038912 6986.420330909285 0.5 t_multiswap_k 100 442.0316936969757 8.958511970299 6.95960897 8.3499075704 4.9501 4.9303 6.029204 16.42182069609492
0.9422249002374252 5203.968657911079 0.4523809523809524 1.2061565859038912 6986.420330909285 0.5 t_multiswap_k 100 447.94012212753296 8.958511970299 6.95960897 8.3499075704 4.9501 4.9303 6.029204 17.25760248913397
0.9422249002374252 5203.968657911079 0.4523809523809524 1.2061565859038912 6986.420330909285 0.5 f_swap_t 100 470.33585929870605 8.958511970299 6.95960897 8.3499075704 5.900599 4.9303 6.029204 17.25760248913397
0.9422249002374252 5203.968657911079 0.4523809523809524 1.2227006274838723 7093.327720603588 0.5 t_swap_k 100 477.2913510799408 8.958511970299 6.95960897 9.276408494696 5.900599 4.9303 6.029204 17.25760248913397
0.9422249002374252 5203.968657911079 0.4523809523809524 1.2940837866382937 7516.140590689168 0.47619047619047616 t_multiswap_k 100 489.9272298812866 8.958511970299 6.95960897 9.276408494696 5.900599 4.9303 6.029204 18.135026464242628
0.9422249002374252 5203.968657911079 0.4523809523809524 1.3295344127676088 7745.222093186094 0.47619047619047616 f_swap_t 100 509.366103887558 8.958511970299 6.95960897 9.276408494696 6.85159301 4.9303 6.029204 18.135026464242628
0.9422249002374252 5203.968657911079 0.4523809523809524 1.302045901750164 7567.59167892178 0.47619047619047616 f_swap_t 100 527.7558522224426 8.958511970299 6.95960897 9.276408494696 7.7830770799 4.9303 6.029204 18.135026464242628
0.9422249002374252 5203.968657911079 0.4523809523809524 1.2954528713224323 7524.987598788374 0.47619047619047616 move_t 100 537.4312281608582 8.958511970299 7.8900128803 9.276408494696 7.7830770799 4.9303 6.029204 18.135026464242628
0.9422249002374252 5203.968657911079 0.4523809523809524 1.3678930853638023 8031.559566806488 0.5 t_swap_k 100 545.818240404129 8.958511970299 7.8900128803 10.40364440974904 7.7830770799 4.9303 6.029204 18.135026464242628
0.9422249002374252 5203.968657911079 0.4523809523809524 1.354753094672235 7912.992926527915 0.4791666666666667 t_move_k 100 561.8023760318756 10.148926850596009 7.8900128803 10.40364440974904 7.7830770799 4.9303 6.029204 18.135026464242628
0.9422249002374252 5203.968657911079 0.4523809523809524 1.2913566261667013 7503.325740248311 0.4791666666666667 f_swap_t 100 575.5812726020813 10.148926850596009 7.8900128803 10.40364440974904 8.705246309101 4.9303 6.029204 18.135026464242628
0.9422249002374252 5203.968657911079 0.4523809523809524 1.5043335199847558 8913.23594821334 0.5 f_swap_t 100 592.6380574703217 10.148926850596009 7.8900128803 10.40364440974904 9.698193846009989 4.9303 6.029204 18.135026464242628
0.9422249002374252 5203.968657911079 0.4523809523809524 1.4468742430329322 8541.93481946893 0.5 t_multiswap_k 100 609.600346326828 10.148926850596009 7.8900128803 10.40364440974904 9.698193846009989 4.9303 6.029204 19.023676199600203
0.9422249002374252 5203.968657911079 0.4523809523809524 1.4332471910511537 8453.876980061457 0.5 t_multiswap_k 100 622.1778349876404 10.148926850596009 7.8900128803 10.40364440974904 9.698193846009989 4.9303 6.029204 19.973439437604203
0.9422249002374252 5203.968657911079 0.4523809523809524 1.3928931780174951 8193.1098527388 0.5 t_swap_k 100 644.3330554962158 10.148926850596009 7.8900128803 11.29960796565155 9.698193846009989 4.9303 6.029204 19.973439437604203
0.9422249002374252 5203.968657911079 0.4523809523809524 1.3851456978420111 8143.045732779649 0.5 f_swap_t 100 656.3732538223267 10.148926850596009 7.8900128803 11.29960796565155 10.601211907549889 4.9303 6.029204 19.973439437604203
0.9422249002374252 5203.968657911079 0.4523809523809524 1.4236547158614645 8430.354736644058 0.5238095238095238 t_multiswap_k 100 660.7461607456207 10.148926850596009 7.8900128803 11.29960796565155 10.601211907549889 4.9303 6.029204 20.78370504322816
0.9422249002374252 5203.968657911079 0.4523809523809524 1.3654318862447794 8131.04796261144 0.5714285714285714 t_multiswap_k 100 667.7520246505737 10.148926850596009 7.8900128803 11.29960796565155 10.601211907549889 4.9303 6.029204 21.665867992795878
0.9422249002374252 5203.968657911079 0.4523809523809524 1.4107801670037616 8424.087985487922 0.5714285714285714 move_t 100 678.0518507957458 10.148926850596009 8.861112751497 11.29960796565155 10.601211907549889 4.9303 6.029204 21.665867992795878
0.9422249002374252 5203.968657911079 0.4523809523809524 1.382860916800103 8243.67413999161 0.5714285714285714 t_swap_k 100 692.0430955886841 10.148926850596009 8.861112751497 12.316611885995034 10.601211907549889 4.9303 6.029204 21.665867992795878
0.9422249002374252 5203.968657911079 0.4523809523809524 1.3503138378715267 8033.355323177291 0.5714285714285714 swap_t 100 702.223310470581 10.148926850596009 8.861112751497 12.316611885995034 10.601211907549889 5.880997 6.029204 21.665867992795878
0.9422249002374252 5203.968657911079 0.4523809523809524 1.4283457794590881 8499.13254215767 0.5476190476190477 swap_t 100 707.2095634937286 10.148926850596009 8.861112751497 12.316611885995034 10.601211907549889 6.862187029999999 6.029204 21.665867992795878
0.9422249002374252 5203.968657911079 0.4523809523809524 1.3315535733616373 7835.198306160116 0.5238095238095238 t_multiswap_k 100 714.317036151886 10.148926850596009 8.861112751497 12.316611885995034 10.601211907549889 6.862187029999999 6.029204 22.63920931286792
0.9422249002374252 5203.968657911079 0.4523809523809524 1.3133156594375848 7717.345134571796 0.5238095238095238 t_multiswap_k 100 722.8209164142609 10.148926850596009 8.861112751497 12.316611885995034 10.601211907549889 6.862187029999999 6.029204 23.45281721973924
0.9422249002374252 5203.968657911079 0.4523809523809524 1.41605291594158 8381.232000673872 0.5238095238095238 t_swap_k 100 732.1961162090302 10.148926850596009 8.861112751497 13.323445767135084 10.601211907549889 6.862187029999999 6.029204 23.45281721973924
0.9422249002374252 5203.968657911079 0.4523809523809524 1.4011959313283322 8300.513651476313 0.5238095238095238 move_t 100 740.390328168869 10.148926850596009 9.81250162398203 13.323445767135084 10.601211907549889 6.862187029999999 6.029204 23.45281721973924
0.9422249002374252 5203.968657911079 0.4523809523809524 1.3690318237884465 8038.918080258884 0.5 t_swap_r_k 100 760.218195438385 10.148926850596009 9.81250162398203 13.323445767135084 10.601211907549889 6.862187029999999 7.00891196 23.45281721973924
0.9422249002374252 5203.968657911079 0.4523809523809524 1.4033582204635453 8260.734826088787 0.5 t_multiswap_k 100 766.220695734024 10.148926850596009 9.81250162398203 13.323445767135084 10.601211907549889 6.862187029999999 7.00891196 24.28828904754185
0.9422249002374252 5203.968657911079 0.4523809523809524 1.4509502116096988 8568.273677414341 0.5 t_swap_k 100 777.4203300476074 10.148926850596009 9.81250162398203 14.260211309463733 10.601211907549889 6.862187029999999 7.00891196 24.28828904754185
0.9422249002374252 5203.968657911079 0.4523809523809524 1.4540407885677324 8615.94037053879 0.5208333333333334 move_t 100 785.4967710971832 10.148926850596009 10.764376607742209 14.260211309463733 10.601211907549889 6.862187029999999 7.00891196 24.28828904754185
0.9422249002374252 5203.968657911079 0.4523809523809524 1.4203931983443625 8404.47082485104 0.5208333333333334 t_swap_k 100 797.0158603191376 10.148926850596009 10.764376607742209 15.117609196369095 10.601211907549889 6.862187029999999 7.00891196 24.28828904754185
0.9422249002374252 5203.968657911079 0.4523809523809524 1.4904849148354982 8823.746435009643 0.5 t_move_k 100 815.3037979602814 11.327437582090049 10.764376607742209 15.117609196369095 10.601211907549889 6.862187029999999 7.00891196 24.28828904754185
0.9422249002374252 5203.968657911079 0.4523809523809524 1.429140358959966 8427.338682472015 0.5 f_swap_t 100 830.5531952381134 11.327437582090049 10.764376607742209 15.117609196369095 11.49519978847439 6.862187029999999 7.00891196 24.28828904754185
0.9422249002374252 5203.968657911079 0.4523809523809524 1.485256672012851 8789.961595304363 0.5 f_swap_t 100 850.342921257019 11.327437582090049 10.764376607742209 15.117609196369095 12.420247790589645 6.862187029999999 7.00891196 24.28828904754185
0.9422249002374252 5203.968657911079 0.4523809523809524 1.5346311852998047 9142.675267235669 0.5208333333333334 t_swap_k 100 863.4733502864838 11.327437582090049 10.764376607742209 16.056433104405404 12.420247790589645 6.862187029999999 7.00891196 24.28828904754185
0.9422249002374252 5203.968657911079 0.4523809523809524 1.5595748336126734 9236.548440874916 0.4791666666666667 t_move_k 100 879.1271779537201 12.344163206269148 10.764376607742209 16.056433104405404 12.420247790589645 6.862187029999999 7.00891196 24.28828904754185
0.9422249002374252 5203.968657911079 0.4523809523809524 1.583435408914801 9424.391364773252 0.5 t_swap_k 100 895.526248216629 12.344163206269148 10.764376607742209 17.14586877336135 12.420247790589645 6.862187029999999 7.00891196 24.28828904754185
0.9422249002374252 5203.968657911079 0.4523809523809524 1.5245652061555206 9043.97285111426 0.5 swap_t 100 898.7326736450195 12.344163206269148 10.764376607742209 17.14586877336135 12.420247790589645 7.793565159699999 7.00891196 24.28828904754185
0.9422249002374252 5203.968657911079 0.4523809523809524 1.5168151143118163 8993.891854587746 0.5 f_swap_t 100 912.6758527755737 12.344163206269148 10.764376607742209 17.14586877336135 13.296045312683749 7.793565159699999 7.00891196 24.28828904754185
0.9422249002374252 5203.968657911079 0.4523809523809524 1.4713330804081004 8742.50059614383 0.5263157894736842 t_multiswap_k 100 920.339174747467 12.344163206269148 10.764376607742209 17.14586877336135 13.296045312683749 7.793565159699999 7.00891196 25.16540615706643
0.9422249002374252 5203.968657911079 0.4523809523809524 1.4424673596889872 8555.970670018689 0.5263157894736842 t_swap_k 100 934.5232338905334 12.344163206269148 10.764376607742209 18.014410085627738 13.296045312683749 7.793565159699999 7.00891196 25.16540615706643
0.9422249002374252 5203.968657911079 0.4523809523809524 1.5324620799163629 9128.658535387252 0.5208333333333334 t_swap_k 100 949.8789830207825 12.344163206269148 10.764376607742209 18.95426598477146 13.296045312683749 7.793565159699999 7.00891196 25.16540615706643
0.9422249002374252 5203.968657911079 0.4523809523809524 1.5270487791320801 9093.67785344929 0.5208333333333334 f_swap_t 100 969.242470741272 12.344163206269148 10.764376607742209 18.95426598477146 14.203084859556911 7.793565159699999 7.00891196 25.16540615706643
0.9422249002374252 5203.968657911079 0.4523809523809524 1.4176385024047091 8391.47804056009 0.5238095238095238 t_multiswap_k 100 976.8641104698181 12.344163206269148 10.764376607742209 18.95426598477146 14.203084859556911 7.793565159699999 7.00891196 26.123752095495764
0.9422249002374252 5203.968657911079 0.4523809523809524 1.451053740296834 8607.406889734639 0.5238095238095238 move_t 100 985.6085720062256 12.344163206269148 11.706732841664786 18.95426598477146 14.203084859556911 7.793565159699999 7.00891196 26.123752095495764
0.9422249002374252 5203.968657911079 0.4523809523809524 1.4045092987427 8268.173079526638 0.5 t_multiswap_k 100 994.3340938091278 12.344163206269148 11.706732841664786 18.95426598477146 14.203084859556911 7.793565159699999 7.00891196 26.902514574540806
0.9422249002374252 5203.968657911079 0.4523809523809524 1.5072001875564454 8931.760318194461 0.5 f_swap_t 100 1006.3754332065582 12.344163206269148 11.706732841664786 18.95426598477146 15.161054010961342 7.793565159699999 7.00891196 26.902514574540806
0.9422249002374252 5203.968657911079 0.4523809523809524 1.6092318879038603 9552.623678001126 0.47619047619047616 f_swap_t 100 1026.5982961654663 12.344163206269148 11.706732841664786 18.95426598477146 16.19944347085173 7.793565159699999 7.00891196 26.902514574540806
0.9422249002374252 5203.968657911079 0.4523809523809524 1.537368882290784 9126.710046103455 0.5 move_t 100 1034.3349032402039 12.344163206269148 12.629665513248138 18.95426598477146 16.19944347085173 7.793565159699999 7.00891196 26.902514574540806
0.9422249002374252 5203.968657911079 0.4523809523809524 1.4248486049505182 8438.069632999837 0.5238095238095238 t_multiswap_k 100 1040.1530876159668 12.344163206269148 12.629665513248138 18.95426598477146 16.19944347085173 7.793565159699999 7.00891196 27.8534894287954
0.9422249002374252 5203.968657911079 0.4523809523809524 1.4403241329882794 8450.181356850886 0.5476190476190477 move_t 100 1052.8911483287811 12.344163206269148 13.563368858115657 18.95426598477146 16.19944347085173 7.793565159699999 7.00891196 27.8534894287954
0.9422249002374252 5203.968657911079 0.4523809523809524 1.4423056964063228 8579.725297997344 0.5416666666666666 t_swap_k 100 1071.1025421619415 12.344163206269148 13.563368858115657 19.904723324923747 16.19944347085173 7.793565159699999 7.00891196 27.8534894287954
0.9422249002374252 5203.968657911079 0.4523809523809524 1.4939516914694686 8888.661777823132 0.5263157894736842 f_swap_t 100 1079.3054389953613 12.344163206269148 13.563368858115657 19.904723324923747 17.087449036143212 7.793565159699999 7.00891196 27.8534894287954
0.9422249002374252 5203.968657911079 0.4523809523809524 1.5071546655662922 8973.979231243997 0.5263157894736842 move_t 100 1088.7391667366028 12.344163206269148 14.467735169534501 19.904723324923747 17.087449036143212 7.793565159699999 7.00891196 27.8534894287954
0.9422249002374252 5203.968657911079 0.4523809523809524 1.4866494486337167 8798.961700402271 0.5 t_multiswap_k 100 1095.8670988082886 12.344163206269148 14.467735169534501 19.904723324923747 17.087449036143212 7.793565159699999 7.00891196 28.774954534507444
0.9422249002374252 5203.968657911079 0.4523809523809524 1.3962649869131094 8214.898439634902 0.5 t_multiswap_k 100 1102.5069229602814 12.344163206269148 14.467735169534501 19.904723324923747 17.087449036143212 7.793565159699999 7.00891196 29.60720498916237
0.9422249002374252 5203.968657911079 0.4523809523809524 1.4138362364695518 8366.907845660247 0.5238095238095238 t_swap_k 100 1121.9068551063538 12.344163206269148 14.467735169534501 20.75567609167451 17.087449036143212 7.793565159699999 7.00891196 29.60720498916237
0.9422249002374252 5203.968657911079 0.4523809523809524 1.3860245248350316 8187.1889130522095 0.5238095238095238 t_move_k 100 1132.09911942482 13.220721574206456 14.467735169534501 20.75567609167451 17.087449036143212 7.793565159699999 7.00891196 29.60720498916237
0.9422249002374252 5203.968657911079 0.4523809523809524 1.371849469014351 8090.78185328934 0.5208333333333334 t_multiswap_k 100 1140.808049917221 13.220721574206456 14.467735169534501 20.75567609167451 17.087449036143212 7.793565159699999 7.00891196 30.341132939270747
0.9422249002374252 5203.968657911079 0.4523809523809524 1.3655094783223154 8049.812912762023 0.5208333333333334 f_swap_t 100 1161.0326611995697 13.220721574206456 14.467735169534501 20.75567609167451 17.91657454578178 7.793565159699999 7.00891196 30.341132939270747
0.9422249002374252 5203.968657911079 0.4523809523809524 1.4651120823330075 8698.251720077402 0.5238095238095238 f_swap_t 100 1177.6194694042206 13.220721574206456 14.467735169534501 20.75567609167451 18.787408800323963 7.793565159699999 7.00891196 30.341132939270747
0.9422249002374252 5203.968657911079 0.4523809523809524 1.405889661196313 8315.557175670441 0.5238095238095238 f_swap_t 100 1192.7900340557098 13.220721574206456 14.467735169534501 20.75567609167451 19.59953471232072 7.793565159699999 7.00891196 30.341132939270747
0.9422249002374252 5203.968657911079 0.4523809523809524 1.3934206899042774 8234.982839190428 0.5238095238095238 swap_t 100 1203.2074983119965 13.220721574206456 14.467735169534501 20.75567609167451 19.59953471232072 8.715629508103 7.00891196 30.341132939270747
0.9422249002374252 5203.968657911079 0.4523809523809524 1.3888069488189492 8205.168902023186 0.5238095238095238 move_t 100 1217.165335893631 13.220721574206456 15.323057817839157 20.75567609167451 19.59953471232072 8.715629508103 7.00891196 30.341132939270747
0.9422249002374252 5203.968657911079 0.4523809523809524 1.4377300383118905 8521.309294211265 0.5238095238095238 f_swap_t 100 1239.796058177948 13.220721574206456 15.323057817839157 20.75567609167451 20.503539365197515 8.715629508103 7.00891196 30.341132939270747
0.9422249002374252 5203.968657911079 0.4523809523809524 1.4790479084274304 8792.353718278451 0.5263157894736842 t_multiswap_k 100 1247.8231024742126 13.220721574206456 15.323057817839157 20.75567609167451 20.503539365197515 8.715629508103 7.00891196 31.14772160987804
0.9422249002374252 5203.968657911079 0.4523809523809524 1.5516482664217222 9261.496323277299 0.5263157894736842 f_swap_t 100 1262.080106973648 13.220721574206456 15.323057817839157 20.75567609167451 21.40850397154554 8.715629508103 7.00891196 31.14772160987804
0.9422249002374252 5203.968657911079 0.4523809523809524 1.4127561629130463 8398.392635091119 0.5476190476190477 t_multiswap_k 100 1273.0708889961243 13.220721574206456 15.323057817839157 20.75567609167451 21.40850397154554 8.715629508103 7.00891196 31.95624439377926
0.9422249002374252 5203.968657911079 0.4523809523809524 1.3643671432901567 8085.703395721148 0.5476190476190477 t_multiswap_k 100 1287.7558681964874 13.220721574206456 15.323057817839157 20.75567609167451 21.40850397154554 8.715629508103 7.00891196 32.63668194984147
0.9422249002374252 5203.968657911079 0.4523809523809524 1.3989648978356573 8309.273652714412 0.5476190476190477 t_swap_k 100 1300.5687325000763 13.220721574206456 15.323057817839157 21.598119330757765 21.40850397154554 8.715629508103 7.00891196 32.63668194984147
0.9422249002374252 5203.968657911079 0.4523809523809524 1.4161493905484566 8420.319629615797 0.5476190476190477 t_multiswap_k 100 1309.0604102611542 13.220721574206456 15.323057817839157 21.598119330757765 21.40850397154554 8.715629508103 7.00891196 33.320315130343054
0.9422249002374252 5203.968657911079 0.4523809523809524 1.4203767055349985 8337.051878854407 0.4791666666666667 t_swap_r_k 100 1324.9337809085846 13.220721574206456 15.323057817839157 21.598119330757765 21.40850397154554 8.715629508103 8.0088228404 33.320315130343054
0.9422249002374252 5203.968657911079 0.4523809523809524 1.4176370936154643 8319.34854090782 0.4791666666666667 swap_t 100 1330.538731098175 13.220721574206456 15.323057817839157 21.598119330757765 21.40850397154554 9.62847321302197 8.0088228404 33.320315130343054
0.9422249002374252 5203.968657911079 0.4523809523809524 1.4150204533709603 8336.09602922112 0.5 t_multiswap_k 100 1336.024216413498 13.220721574206456 15.323057817839157 21.598119330757765 21.40850397154554 9.62847321302197 8.0088228404 34.057111979039625
0.9422249002374252 5203.968657911079 0.4523809523809524 1.3933654365738426 8196.161581621118 0.5 swap_t 100 1340.7025563716888 13.220721574206456 15.323057817839157 21.598119330757765 21.40850397154554 10.53218848089175 8.0088228404 34.057111979039625
0.9422249002374252 5203.968657911079 0.4523809523809524 1.3808067229936785 8115.007331598054 0.5 t_multiswap_k 100 1348.6310925483704 13.220721574206456 15.323057817839157 21.598119330757765 21.40850397154554 10.53218848089175 8.0088228404 34.77654085924923
0.9422249002374252 5203.968657911079 0.4523809523809524 1.3637170499492297 8071.886447876068 0.5416666666666666 t_multiswap_k 100 1362.1828980445862 13.220721574206456 15.323057817839157 21.598119330757765 21.40850397154554 10.53218848089175 8.0088228404 35.52877545065674
0.9422249002374252 5203.968657911079 0.4523809523809524 1.3412391902065404 7926.634799457018 0.5416666666666666 t_swap_k 100 1379.494964838028 13.220721574206456 15.323057817839157 22.472138137450187 21.40850397154554 10.53218848089175 8.0088228404 35.52877545065674
0.9422249002374252 5203.968657911079 0.4523809523809524 1.436216164510452 8540.374819077158 0.5416666666666666 t_swap_k 100 1395.3431186676025 13.220721574206456 15.323057817839157 23.467416756075686 21.40850397154554 10.53218848089175 8.0088228404 35.52877545065674
0.9422249002374252 5203.968657911079 0.4523809523809524 1.359294902379602 7975.998215941225 0.5 t_multiswap_k 100 1407.6671721935272 13.220721574206456 15.323057817839157 23.467416756075686 21.40850397154554 10.53218848089175 8.0088228404 36.43348769615017
0.9422249002374252 5203.968657911079 0.4523809523809524 1.3057957449096955 7707.215752219507 0.5476190476190477 t_move_k 100 1422.7966847419739 14.17851435846439 15.323057817839157 23.467416756075686 21.40850397154554 10.53218848089175 8.0088228404 36.43348769615017
0.9422249002374252 5203.968657911079 0.4523809523809524 1.4067299107809557 8359.451069212737 0.5476190476190477 t_move_k 100 1434.6986122131348 15.196729214879747 15.323057817839157 23.467416756075686 21.40850397154554 10.53218848089175 8.0088228404 36.43348769615017
0.9422249002374252 5203.968657911079 0.4523809523809524 1.388042569419729 8161.765280669819 0.5 t_multiswap_k 100 1446.7682015895844 15.196729214879747 15.323057817839157 23.467416756075686 21.40850397154554 10.53218848089175 8.0088228404 37.19915281918867
0.9422249002374252 5203.968657911079 0.4523809523809524 1.4175399964153799 8352.377284850172 0.5 t_swap_k 100 1465.9077632427216 15.196729214879747 15.323057817839157 24.44274258851493 21.40850397154554 10.53218848089175 8.0088228404 37.19915281918867
0.9422249002374252 5203.968657911079 0.4523809523809524 1.3462302003941218 7930.038486413188 0.5238095238095238 t_multiswap_k 100 1495.6497304439545 15.196729214879747 15.323057817839157 24.44274258851493 21.40850397154554 10.53218848089175 8.0088228404 37.95716129099678
0.9422249002374252 5203.968657911079 0.4523809523809524 1.3111468938903148 7703.330598740471 0.5238095238095238 f_swap_t 100 1534.292222738266 15.196729214879747 15.323057817839157 24.44274258851493 22.194418931830082 10.53218848089175 8.0088228404 37.95716129099678
0.9422249002374252 5203.968657911079 0.4523809523809524 1.3291459375617503 7819.640193745074 0.5238095238095238 t_swap_k 100 1563.6349158287048 15.196729214879747 15.323057817839157 25.20831516262978 22.194418931830082 10.53218848089175 8.0088228404 37.95716129099678
0.9422249002374252 5203.968657911079 0.4523809523809524 1.3545906694816638 7984.063733052471 0.5238095238095238 t_multiswap_k 100 1585.4568026065826 15.196729214879747 15.323057817839157 25.20831516262978 22.194418931830082 10.53218848089175 8.0088228404 38.61758967808681
0.9422249002374252 5203.968657911079 0.4523809523809524 1.33912993094301 7922.6208452965275 0.5476190476190477 t_swap_r_k 100 1623.2358174324036 15.196729214879747 15.323057817839157 25.20831516262978 22.194418931830082 10.53218848089175 9.028734611996 38.61758967808681
0.9422249002374252 5203.968657911079 0.4523809523809524 1.4206754741962773 8372.638703039898 0.5 t_swap_k 100 1662.7684063911438 15.196729214879747 15.323057817839157 26.056232011003484 22.194418931830082 10.53218848089175 9.028734611996 38.61758967808681
0.9422249002374252 5203.968657911079 0.4523809523809524 1.4465634842205892 8539.926699911717 0.5 t_swap_k 100 1700.4807052612305 15.196729214879747 15.323057817839157 26.80566969089345 22.194418931830082 10.53218848089175 9.028734611996 38.61758967808681
0.9422249002374252 5203.968657911079 0.4523809523809524 1.4399223676664201 8497.011887830917 0.5 swap_t 100 1712.6806437969208 15.196729214879747 15.323057817839157 26.80566969089345 22.194418931830082 11.426866596082832 9.028734611996 38.61758967808681
0.9422249002374252 5203.968657911079 0.4523809523809524 1.4496118825304825 8593.281596483774 0.5208333333333334 t_multiswap_k 100 1737.41433095932 15.196729214879747 15.323057817839157 26.80566969089345 22.194418931830082 11.426866596082832 9.028734611996 39.30141378130594
0.9422249002374252 5203.968657911079 0.4523809523809524 1.430235816230512 8468.073698482593 0.5208333333333334 t_swap_k 100 1763.8142700195312 15.196729214879747 15.323057817839157 27.567612993984515 22.194418931830082 11.426866596082832 9.028734611996 39.30141378130594
0.9422249002374252 5203.968657911079 0.4523809523809524 1.4183062820520127 8390.98519788093 0.5208333333333334 swap_t 100 1781.7626597881317 15.196729214879747 15.323057817839157 27.567612993984515 22.194418931830082 12.312597930122003 9.028734611996 39.30141378130594
0.9422249002374252 5203.968657911079 0.4523809523809524 1.4417730430701385 8542.627113968927 0.5208333333333334 t_swap_k 100 1810.2229545116425 15.196729214879747 15.323057817839157 28.36193686404467 22.194418931830082 12.312597930122003 9.028734611996 39.30141378130594
0.9422249002374252 5203.968657911079 0.4523809523809524 1.3873277430147941 8195.610292624246 0.5238095238095238 t_multiswap_k 100 1831.31982088089 15.196729214879747 15.323057817839157 28.36193686404467 22.194418931830082 12.312597930122003 9.028734611996 40.058399643492876
0.9422249002374252 5203.968657911079 0.4523809523809524 1.3577835292804117 8004.695953123596 0.5238095238095238 t_move_k 100 1865.5695514678955 16.084761922730948 15.323057817839157 28.36193686404467 22.194418931830082 12.312597930122003 9.028734611996 40.058399643492876
0.9422249002374252 5203.968657911079 0.4523809523809524 1.3371577564404857 7871.412467097284 0.5238095238095238 t_multiswap_k 100 1889.225825548172 16.084761922730948 15.323057817839157 28.36193686404467 22.194418931830082 12.312597930122003 9.028734611996 40.71781564705795
0.9422249002374252 5203.968657911079 0.4523809523809524 1.307044918130757 7676.823682705259 0.5238095238095238 t_multiswap_k 100 1914.8687465190887 16.084761922730948 15.323057817839157 28.36193686404467 22.194418931830082 12.312597930122003 9.028734611996 41.37063749058737
0.9422249002374252 5203.968657911079 0.4523809523809524 1.3361517776783751 7893.760003352639 0.5416666666666666 t_swap_k 100 1933.3712878227234 16.084761922730948 15.323057817839157 29.248317495404223 22.194418931830082 12.312597930122003 9.028734611996 41.37063749058737
0.9422249002374252 5203.968657911079 0.4523809523809524 1.3108106549270773 7730.0059851965 0.5416666666666666 t_swap_k 100 1962.915762424469 16.084761922730948 15.323057817839157 29.95583432045018 22.194418931830082 12.312597930122003 9.028734611996 41.37063749058737
0.9422249002374252 5203.968657911079 0.4523809523809524 1.3659790599218133 8057.655369587594 0.5238095238095238 t_swap_k 100 1993.8140888214111 16.084761922730948 15.323057817839157 30.786275977245676 22.194418931830082 12.312597930122003 9.028734611996 41.37063749058737
0.9422249002374252 5203.968657911079 0.4523809523809524 1.4174492085430934 8385.446799589814 0.5208333333333334 t_multiswap_k 100 2012.602786540985 16.084761922730948 15.323057817839157 30.786275977245676 22.194418931830082 12.312597930122003 9.028734611996 42.046931115681495
0.9422249002374252 5203.968657911079 0.4523809523809524 1.4557479853708448 8632.933016264578 0.5208333333333334 f_swap_t 100 2039.9657130241394 16.084761922730948 15.323057817839157 30.786275977245676 23.07247474251178 12.312597930122003 9.028734611996 42.046931115681495
0.9422249002374252 5203.968657911079 0.4523809523809524 1.4003614886404558 8241.369982542454 0.5 t_swap_k 100 2071.4303426742554 16.084761922730948 15.323057817839157 31.70841321747322 23.07247474251178 12.312597930122003 9.028734611996 42.046931115681495
0.9422249002374252 5203.968657911079 0.4523809523809524 1.475859291702558 8690.771630077916 0.47619047619047616 t_swap_k 100 2106.738894224167 16.084761922730948 15.323057817839157 32.551329085298484 23.07247474251178 12.312597930122003 9.028734611996 42.046931115681495
0.9422249002374252 5203.968657911079 0.4523809523809524 1.4108363616980601 8424.451114899382 0.5714285714285714 t_multiswap_k 100 2136.428256750107 16.084761922730948 15.323057817839157 32.551329085298484 23.07247474251178 12.312597930122003 9.028734611996 42.72646180452468
0.9422249002374252 5203.968657911079 0.4523809523809524 1.3892409446091152 8207.973377389177 0.5238095238095238 t_swap_r_k 100 2182.8139283657074 16.084761922730948 15.323057817839157 32.551329085298484 23.07247474251178 12.312597930122003 9.97844726587604 42.72646180452468
0.9422249002374252 5203.968657911079 0.4523809523809524 1.37768601576292 8133.30557175788 0.5238095238095238 swap_t 100 2194.679174184799 16.084761922730948 15.323057817839157 32.551329085298484 23.07247474251178 13.189471950820783 9.97844726587604 42.72646180452468
0.9422249002374252 5203.968657911079 0.4523809523809524 1.4243245719158597 8434.683338086463 0.5238095238095238 t_multiswap_k 100 2227.0978078842163 16.084761922730948 15.323057817839157 32.551329085298484 23.07247474251178 13.189471950820783 9.97844726587604 43.37919718647944
0.9422249002374252 5203.968657911079 0.4523809523809524 1.5418626996589642 9194.213248950306 0.5238095238095238 t_swap_k 100 2248.6578488349915 16.084761922730948 15.323057817839157 33.2958157944455 23.07247474251178 13.189471950820783 9.97844726587604 43.37919718647944
0.9422249002374252 5203.968657911079 0.4523809523809524 1.615496826483462 9580.877503326961 0.47619047619047616 swap_t 100 2271.466397047043 16.084761922730948 15.323057817839157 33.2958157944455 23.07247474251178 14.167577231312576 9.97844726587604 43.37919718647944
0.9422249002374252 5203.968657911079 0.4523809523809524 1.4984134160619405 8874.98031073519 0.5 t_swap_k 100 2294.253786802292 16.084761922730948 15.323057817839157 34.092857636501044 23.07247474251178 14.167577231312576 9.97844726587604 43.37919718647944
0.9422249002374252 5203.968657911079 0.4523809523809524 1.7361437940010522 10411.191038545716 0.5 f_swap_t 100 2326.142986536026 16.084761922730948 15.323057817839157 34.092857636501044 24.001749995086662 14.167577231312576 9.97844726587604 43.37919718647944
0.9422249002374252 5203.968657911079 0.4523809523809524 1.6580588129380134 9841.764602510815 0.4523809523809524 swap_t 100 2343.736983060837 16.084761922730948 15.323057817839157 34.092857636501044 24.001749995086662 15.09590145899945 9.97844726587604 43.37919718647944
0.9422249002374252 5203.968657911079 0.4523809523809524 1.6112093555634301 9603.86626051497 0.5 t_swap_k 100 2375.523873090744 16.084761922730948 15.323057817839157 34.85192906013604 24.001749995086662 15.09590145899945 9.97844726587604 43.37919718647944
0.9422249002374252 5203.968657911079 0.4523809523809524 1.6718301019210067 10034.06097624308 0.5238095238095238 f_swap_t 100 2404.175374984741 16.084761922730948 15.323057817839157 34.85192906013604 24.921732495135796 15.09590145899945 9.97844726587604 43.37919718647944
0.9422249002374252 5203.968657911079 0.4523809523809524 1.5065912639126973 8927.825461227285 0.5 t_multiswap_k 100 2422.2340438365936 16.084761922730948 15.323057817839157 34.85192906013604 24.921732495135796 15.09590145899945 9.97844726587604 44.25540521461464
0.9422249002374252 5203.968657911079 0.4523809523809524 1.4830815476811874 8775.905969087846 0.5 t_swap_k 100 2452.5443251132965 16.084761922730948 15.323057817839157 35.78340976953468 24.921732495135796 15.09590145899945 9.97844726587604 44.25540521461464
0.9422249002374252 5203.968657911079 0.4523809523809524 1.4067632955746718 8325.251454433654 0.5263157894736842 t_multiswap_k 100 2471.596220970154 16.084761922730948 15.323057817839157 35.78340976953468 24.921732495135796 15.09590145899945 9.97844726587604 44.902851162468494
0.9422249002374252 5203.968657911079 0.4523809523809524 1.3810954247885512 8116.872918984347 0.5 t_swap_r_k 100 2508.972938299179 16.084761922730948 15.323057817839157 35.78340976953468 24.921732495135796 15.09590145899945 10.97866279321728 44.902851162468494
0.9422249002374252 5203.968657911079 0.4523809523809524 1.3708592529331445 8050.726904527519 0.5 f_swap_t 100 2542.8001749515533 16.084761922730948 15.323057817839157 35.78340976953468 25.67251517018444 15.09590145899945 10.97866279321728 44.902851162468494
0.9422249002374252 5203.968657911079 0.4523809523809524 1.3733797173382392 8024.50103839738 0.47368421052631576 t_multiswap_k 100 2558.789031267166 16.084761922730948 15.323057817839157 35.78340976953468 25.67251517018444 15.09590145899945 10.97866279321728 45.553822650843806
0.9422249002374252 5203.968657911079 0.4523809523809524 1.4794916874011348 8710.195261293373 0.47368421052631576 t_move_k 100 2592.786032438278 17.023914303503638 15.323057817839157 35.78340976953468 25.67251517018444 15.09590145899945 10.97866279321728 45.553822650843806
0.9422249002374252 5203.968657911079 0.4523809523809524 1.4318298029880072 8406.253624892104 0.47619047619047616 t_swap_r_k 100 2630.7269566059113 17.023914303503638 15.323057817839157 35.78340976953468 25.67251517018444 15.09590145899945 11.938876165285107 45.553822650843806
0.9422249002374252 5203.968657911079 0.4523809523809524 1.4733613376041113 8713.094093186985 0.5 t_multiswap_k 100 2662.959030866623 17.023914303503638 15.323057817839157 35.78340976953468 25.67251517018444 15.09590145899945 11.938876165285107 46.27828442433537
0.9422249002374252 5203.968657911079 0.4523809523809524 1.4343341259992863 8460.900740096793 0.5 t_multiswap_k 100 2684.526906490326 17.023914303503638 15.323057817839157 35.78340976953468 25.67251517018444 15.09590145899945 11.938876165285107 46.81550158009201
0.9422249002374252 5203.968657911079 0.4523809523809524 1.4370484814908648 8435.927795741589 0.47368421052631576 f_swap_t 100 2719.1348402500153 17.023914303503638 15.323057817839157 35.78340976953468 26.485790018482597 15.09590145899945 11.938876165285107 46.81550158009201
0.9422249002374252 5203.968657911079 0.4523809523809524 1.4124401435274645 8292.19618487745 0.47368421052631576 swap_t 100 2733.084890127182 17.023914303503638 15.323057817839157 35.78340976953468 26.485790018482597 15.974942444409455 11.938876165285107 46.81550158009201
0.9422249002374252 5203.968657911079 0.4523809523809524 1.4001528640561332 8172.70948341995 0.4583333333333333 f_swap_t 100 2775.51425075531 17.023914303503638 15.323057817839157 35.78340976953468 27.22093211829777 15.974942444409455 11.938876165285107 46.81550158009201
0.9422249002374252 5203.968657911079 0.4523809523809524 1.4694777600665008 8611.070041250725 0.4523809523809524 t_swap_k 100 2809.6628546714783 17.023914303503638 15.323057817839157 36.49557567183933 27.22093211829777 15.974942444409455 11.938876165285107 46.81550158009201
0.9422249002374252 5203.968657911079 0.4523809523809524 1.4246642493133772 8321.485695461173 0.4523809523809524 t_multiswap_k 100 2828.3035979270935 17.023914303503638 15.323057817839157 36.49557567183933 27.22093211829777 15.974942444409455 11.938876165285107 47.53734656429109
0.9422249002374252 5203.968657911079 0.4523809523809524 1.437093936138662 8440.27038744792 0.47619047619047616 t_swap_k 100 2859.6800816059113 17.023914303503638 15.323057817839157 37.22061991512094 27.22093211829777 15.974942444409455 11.938876165285107 47.53734656429109
0.9422249002374252 5203.968657911079 0.4523809523809524 1.463981950657864 8410.400105953708 0.4583333333333333 swap_t 100 2880.32625746727 17.023914303503638 15.323057817839157 37.22061991512094 27.22093211829777 16.82519301996536 11.938876165285107 47.53734656429109
0.9422249002374252 5203.968657911079 0.4523809523809524 1.6423815118143534 9728.371921710317 0.4523809523809524 f_swap_t 100 2913.9228246212006 17.023914303503638 15.323057817839157 37.22061991512094 28.078722797114793 16.82519301996536 11.938876165285107 47.53734656429109
0.9422249002374252 5203.968657911079 0.4523809523809524 1.608556813142353 9509.7971420993 0.4523809523809524 f_swap_t 100 2954.9582726955414 17.023914303503638 15.323057817839157 37.22061991512094 29.047935569143643 16.82519301996536 11.938876165285107 47.53734656429109
0.9422249002374252 5203.968657911079 0.4523809523809524 1.5449228321066397 9098.59515282138 0.4523809523809524 t_move_k 100 2997.5300517082214 17.8536751604686 15.323057817839157 37.22061991512094 29.047935569143643 16.82519301996536 11.938876165285107 47.53734656429109
0.9422249002374252 5203.968657911079 0.4523809523809524 1.5625514219079348 9212.510879552177 0.4523809523809524 f_swap_t 100 3031.1071164608 17.8536751604686 15.323057817839157 37.22061991512094 29.797456213452207 16.82519301996536 11.938876165285107 47.53734656429109
0.9422249002374252 5203.968657911079 0.4523809523809524 1.526739127833899 9019.556494560937 0.47619047619047616 t_multiswap_k 100 3058.054100036621 17.8536751604686 15.323057817839157 37.22061991512094 29.797456213452207 16.82519301996536 11.938876165285107 48.22197309864818
0.9422249002374252 5203.968657911079 0.4523809523809524 1.5081876563804335 8899.677118140713 0.47619047619047616 t_move_k 100 3080.575875520706 18.805138408863915 15.323057817839157 37.22061991512094 29.797456213452207 16.82519301996536 11.938876165285107 48.22197309864818
0.9422249002374252 5203.968657911079 0.4523809523809524 1.4723689438966818 8673.025072631757 0.4791666666666667 t_move_k 100 3111.826006412506 19.707087024775277 15.323057817839157 37.22061991512094 29.797456213452207 16.82519301996536 11.938876165285107 48.22197309864818
0.9422249002374252 5203.968657911079 0.4523809523809524 1.4604470494028097 8629.642124411006 0.5 t_swap_r_k 100 3157.270932197571 19.707087024775277 15.323057817839157 37.22061991512094 29.797456213452207 16.82519301996536 12.889487403632256 48.22197309864818
0.9422249002374252 5203.968657911079 0.4523809523809524 1.4592849981633191 8622.132963840757 0.5 t_swap_r_k 100 3190.5954637527466 19.707087024775277 15.323057817839157 37.22061991512094 29.797456213452207 16.82519301996536 13.800592529595933 48.22197309864818
0.9422249002374252 5203.968657911079 0.4523809523809524 1.4066121362549655 8243.297377981282 0.47619047619047616 t_multiswap_k 100 3212.4817044734955 19.707087024775277 15.323057817839157 37.22061991512094 29.797456213452207 16.82519301996536 13.800592529595933 48.829753367661695
0.9422249002374252 5203.968657911079 0.4523809523809524 1.375663707174143 8081.77322772054 0.5 t_swap_r_k 100 3253.8319029808044 19.707087024775277 15.323057817839157 37.22061991512094 29.797456213452207 16.82519301996536 14.732586604299975 48.829753367661695
0.9422249002374252 5203.968657911079 0.4523809523809524 1.4693980342385673 8687.48327642685 0.5 t_swap_k 100 3284.761950969696 19.707087024775277 15.323057817839157 37.96841371596973 29.797456213452207 16.82519301996536 14.732586604299975 48.829753367661695
0.9422249002374252 5203.968657911079 0.4523809523809524 1.422249334439635 8498.201601958746 0.5714285714285714 t_multiswap_k 100 3309.329104423523 19.707087024775277 15.323057817839157 37.96841371596973 29.797456213452207 16.82519301996536 14.732586604299975 49.50145583398508
0.9422249002374252 5203.968657911079 0.4523809523809524 1.3689124536997548 8153.53934595737 0.5714285714285714 f_swap_t 100 3331.13201546669 19.707087024775277 15.323057817839157 37.96841371596973 30.499481651317684 16.82519301996536 14.732586604299975 49.50145583398508
0.9422249002374252 5203.968657911079 0.4523809523809524 1.386351898529841 8150.840186532679 0.5 t_multiswap_k 100 3345.018214702606 19.707087024775277 15.323057817839157 37.96841371596973 30.499481651317684 16.82519301996536 14.732586604299975 50.136441275645225
0.9422249002374252 5203.968657911079 0.4523809523809524 1.3520104756684583 7928.926341675016 0.5 t_swap_k 100 3381.593998193741 19.707087024775277 15.323057817839157 38.58872957881003 30.499481651317684 16.82519301996536 14.732586604299975 50.136441275645225
0.9422249002374252 5203.968657911079 0.4523809523809524 1.3363553541438715 7827.763142256693 0.5 t_multiswap_k 100 3390.7859659194946 19.707087024775277 15.323057817839157 38.58872957881003 30.499481651317684 16.82519301996536 14.732586604299975 50.665076862888775
0.9422249002374252 5203.968657911079 0.4523809523809524 1.3347689390045712 7817.511747475422 0.5 f_swap_t 100 3429.510044813156 19.707087024775277 15.323057817839157 38.58872957881003 31.194486834804508 16.82519301996536 14.732586604299975 50.665076862888775
0.9422249002374252 5203.968657911079 0.4523809523809524 1.363230247739675 8001.428368419812 0.5 f_swap_t 100 3459.322511434555 19.707087024775277 15.323057817839157 38.58872957881003 31.892541966456463 16.82519301996536 14.732586604299975 50.665076862888775
0.9422249002374252 5203.968657911079 0.4523809523809524 1.381425795980038 8119.0077734902015 0.5 t_multiswap_k 100 3484.4942395687103 19.707087024775277 15.323057817839157 38.58872957881003 31.892541966456463 16.82519301996536 14.732586604299975 51.19842609425989
0.9422249002374252 5203.968657911079 0.4523809523809524 1.3517796217848446 7927.434566767498 0.5 swap_t 100 3501.7611589431763 19.707087024775277 15.323057817839157 38.58872957881003 31.892541966456463 17.686941089765707 14.732586604299975 51.19842609425989
0.9422249002374252 5203.968657911079 0.4523809523809524 1.34084088665958 7856.74859725117 0.5 t_multiswap_k 100 3520.5822145938873 19.707087024775277 15.323057817839157 38.58872957881003 31.892541966456463 17.686941089765707 14.732586604299975 51.80644183331729
0.9422249002374252 5203.968657911079 0.4523809523809524 1.3847157992712154 8140.267733593967 0.5 f_swap_t 100 3546.593946456909 19.707087024775277 15.323057817839157 38.58872957881003 32.5836165467919 17.686941089765707 14.732586604299975 51.80644183331729
0.9422249002374252 5203.968657911079 0.4523809523809524 1.3606007392121238 7984.436517214628 0.5 t_multiswap_k 100 3550.59189248085 19.707087024775277 15.323057817839157 38.58872957881003 32.5836165467919 17.686941089765707 14.732586604299975 52.31837741498411
0.9422249002374252 5203.968657911079 0.4523809523809524 1.345280892434495 7919.096043850701 0.5208333333333334 t_swap_r_k 100 3594.1673605442047 19.707087024775277 15.323057817839157 38.58872957881003 32.5836165467919 17.686941089765707 15.655260738256976 52.31837741498411
0.9422249002374252 5203.968657911079 0.4523809523809524 1.3403127569538553 7895.848905280968 0.5263157894736842 t_swap_k 100 3605.2125222682953 19.707087024775277 15.323057817839157 39.26284228302193 32.5836165467919 17.686941089765707 15.655260738256976 52.31837741498411