19
4 112 4 40

Solution history:
B_obj   B_dis   B_sim   C_obj   C_dis   C_sim   neighbor   iterations   time   scores
1.0508558526183776 5203.968657911079 0.017857142857142856 1.0508558526183776 5203.968657911079 0.017857142857142856 0 0 0 3.0 3.0 3.0 3.0 3.0 3.0 3.0
1.0508558526183776 5203.968657911079 0.017857142857142856 1.0514914777355278 5236.924217894816 0.03571428571428571 t_move_k 100 47.058345794677734 4.01 3.0 3.0 3.0 3.0 3.0 3.0
1.0508558526183776 5203.968657911079 0.017857142857142856 1.2576494742602085 6597.96277046174 0.05357142857142857 f_swap_t 100 102.82218360900879 4.01 3.0 3.0 4.13 3.0 3.0 3.0
1.0508558526183776 5203.968657911079 0.017857142857142856 1.2169773341252295 6335.139909790688 0.05357142857142857 move_t 100 142.40209984779358 4.01 4.03 3.0 4.13 3.0 3.0 3.0
1.0508558526183776 5203.968657911079 0.017857142857142856 1.2024263793852539 6241.111822319421 0.05357142857142857 move_t 100 158.23695921897888 4.01 5.0497000000000005 3.0 4.13 3.0 3.0 3.0
1.0508558526183776 5203.968657911079 0.017857142857142856 1.2024263793852539 6241.111822319421 0.05357142857142857 t_multiswap_k 100 167.1823182106018 4.01 5.0497000000000005 3.0 4.13 3.0 3.0 3.9699999999999998
1.0508558526183776 5203.968657911079 0.017857142857142856 1.2677134283792548 6662.99591606096 0.05357142857142857 f_swap_t 100 187.9990622997284 4.01 5.0497000000000005 3.0 5.1387 3.0 3.0 3.9699999999999998
1.0508558526183776 5203.968657911079 0.017857142857142856 1.322620837928039 6988.958751145833 0.03571428571428571 f_swap_t 100 219.89533376693726 4.01 5.0497000000000005 3.0 6.1473130000000005 3.0 3.0 3.9699999999999998
1.0508558526183776 5203.968657911079 0.017857142857142856 1.2523862800171617 6563.95207511514 0.05357142857142857 move_t 100 241.03812861442566 4.01 6.059203 3.0 6.1473130000000005 3.0 3.0 3.9699999999999998
1.0508558526183776 5203.968657911079 0.017857142857142856 1.2373207127077637 6466.59856765899 0.05357142857142857 t_swap_r_k 100 271.7105679512024 4.01 6.059203 3.0 6.1473130000000005 3.0 4.01 3.9699999999999998
1.0508558526183776 5203.968657911079 0.017857142857142856 1.239795369143308 6526.776106900595 0.05357142857142857 move_t 100 287.41495728492737 4.01 7.038610970000001 3.0 6.1473130000000005 3.0 4.01 3.9699999999999998
1.0508558526183776 5203.968657911079 0.017857142857142856 1.3404871601431596 7133.258860189832 0.05357142857142857 f_swap_t 100 311.5489664077759 4.01 7.038610970000001 3.0 7.255839870000001 3.0 4.01 3.9699999999999998
1.0508558526183776 5203.968657911079 0.017857142857142856 1.2812250835409864 6721.4599042315895 0.03571428571428571 move_t 100 332.5782332420349 4.01 7.998224860300001 3.0 7.255839870000001 3.0 4.01 3.9699999999999998
1.0508558526183776 5203.968657911079 0.017857142857142856 1.3328054233988227 7054.771415030666 0.03571428571428571 f_swap_t 100 369.7985591888428 4.01 7.998224860300001 3.0 8.413281471300001 3.0 4.01 3.9699999999999998
1.0508558526183776 5203.968657911079 0.017857142857142856 1.2895360569832646 6804.013469059975 0.05357142857142857 move_t 100 405.07529497146606 4.01 9.038242611697001 3.0 8.413281471300001 3.0 4.01 3.9699999999999998
1.0508558526183776 5203.968657911079 0.017857142857142856 1.2567676851635041 6592.264660351594 0.05357142857142857 t_swap_r_k 100 496.8750853538513 4.01 9.038242611697001 3.0 8.413281471300001 3.0 5.039899999999999 3.9699999999999998
1.0508558526183776 5203.968657911079 0.017857142857142856 1.3300338059937242 7036.861258036808 0.03571428571428571 t_swap_k 100 548.6033997535706 4.01 9.038242611697001 4.09 8.413281471300001 3.0 5.039899999999999 3.9699999999999998
1.0508558526183776 5203.968657911079 0.017857142857142856 1.2852142524943102 6718.389705666814 0.017857142857142856 t_swap_r_k 100 572.4642040729523 4.01 9.038242611697001 4.09 8.413281471300001 3.0 6.029501 3.9699999999999998
1.0508558526183776 5203.968657911079 0.017857142857142856 1.3191513420413385 6995.387070565091 0.05357142857142857 t_move_k 100 603.6150772571564 5.0199 9.038242611697001 4.09 8.413281471300001 3.0 6.029501 3.9699999999999998
1.0508558526183776 5203.968657911079 0.017857142857142856 1.3515835414052533 7204.963537069915 0.05357142857142857 t_move_k 100 622.4722535610199 6.049701 9.038242611697001 4.09 8.413281471300001 3.0 6.029501 3.9699999999999998
1.0508558526183776 5203.968657911079 0.017857142857142856 1.3127883448554316 6925.42130393271 0.03571428571428571 move_t 100 630.6516902446747 6.049701 9.977860185580031 4.09 8.413281471300001 3.0 6.029501 3.9699999999999998
1.0508558526183776 5203.968657911079 0.017857142857142856 1.2852312415229556 6718.499488557359 0.017857142857142856 f_swap_t 100 650.5937979221344 6.049701 9.977860185580031 4.09 9.359148656587001 3.0 6.029501 3.9699999999999998
1.0508558526183776 5203.968657911079 0.017857142857142856 1.2652735392941408 6647.2293833203275 0.05357142857142857 f_swap_t 100 661.5406053066254 6.049701 9.977860185580031 4.09 10.26555717002113 3.0 6.029501 3.9699999999999998
1.0508558526183776 5203.968657911079 0.017857142857142856 1.272630916709025 6694.772664121366 0.05357142857142857 move_t 100 677.3450343608856 6.049701 10.91808158372423 4.09 10.26555717002113 3.0 6.029501 3.9699999999999998
1.0508558526183776 5203.968657911079 0.017857142857142856 1.3348174802661614 7096.6214597625 0.05357142857142857 f_swap_t 100 690.1272637844086 6.049701 10.91808158372423 4.09 11.212901598320919 3.0 6.029501 3.9699999999999998
1.0508558526183776 5203.968657911079 0.017857142857142856 1.4546691448051035 7813.405099595525 0.017857142857142856 f_swap_t 100 707.239705324173 6.049701 10.91808158372423 4.09 12.20077258233771 3.0 6.029501 3.9699999999999998
1.0508558526183776 5203.968657911079 0.017857142857142856 1.3655186552875795 7295.01206862432 0.05357142857142857 f_swap_t 100 728.5218236446381 6.049701 10.91808158372423 4.09 13.168764856514333 3.0 6.029501 3.9699999999999998
1.0508558526183776 5203.968657911079 0.017857142857142856 1.3762544341673866 7306.690220562809 0.017857142857142856 t_multiswap_k 100 737.2659828662872 6.049701 10.91808158372423 4.09 13.168764856514333 3.0 6.029501 4.9803
1.0508558526183776 5203.968657911079 0.017857142857142856 1.356755032175524 7209.533487293289 0.03571428571428571 t_move_k 100 750.1326887607574 7.05920399 10.91808158372423 4.09 13.168764856514333 3.0 6.029501 4.9803
1.0508558526183776 5203.968657911079 0.017857142857142856 1.3595280788087958 7227.452879941721 0.03571428571428571 t_move_k 100 762.1627116203308 7.998611950100001 10.91808158372423 4.09 13.168764856514333 3.0 6.029501 4.9803
1.0508558526183776 5203.968657911079 0.017857142857142856 1.3583553309119434 7191.026439275915 0.017857142857142856 move_t 100 780.3851709365845 7.998611950100001 11.838900767886988 4.09 13.168764856514333 3.0 6.029501 4.9803
1.0508558526183776 5203.968657911079 0.017857142857142856 1.3455402278204103 7108.2154034382775 0.017857142857142856 swap_t 100 788.6093671321869 7.998611950100001 11.838900767886988 4.09 13.168764856514333 3.9699999999999998 6.029501 4.9803
1.0508558526183776 5203.968657911079 0.017857142857142856 1.4612185604701116 7855.727341677909 0.017857142857142856 f_swap_t 100 814.1623964309692 7.998611950100001 11.838900767886988 4.09 14.097077207949189 3.9699999999999998 6.029501 4.9803
1.0508558526183776 5203.968657911079 0.017857142857142856 1.404093409558187 7515.4334896523305 0.03571428571428571 f_swap_t 100 837.9337499141693 7.998611950100001 11.838900767886988 4.09 14.956106435869698 3.9699999999999998 6.029501 4.9803
1.0508558526183776 5203.968657911079 0.017857142857142856 1.4468145066377276 7820.344842892547 0.05357142857142857 move_t 100 852.7178199291229 7.998611950100001 12.930511760208118 4.09 14.956106435869698 3.9699999999999998 6.029501 4.9803
1.0508558526183776 5203.968657911079 0.017857142857142856 1.3856078176889366 7395.979826281035 0.03571428571428571 move_t 100 864.0053977966309 7.998611950100001 13.801206642606036 4.09 14.956106435869698 3.9699999999999998 6.029501 4.9803
1.0508558526183776 5203.968657911079 0.017857142857142856 1.3721192051055273 7337.664738963222 0.05357142857142857 t_swap_k 100 879.0344064235687 7.998611950100001 13.801206642606036 5.0491 14.956106435869698 3.9699999999999998 6.029501 4.9803
1.0508558526183776 5203.968657911079 0.017857142857142856 1.3709298108750017 7329.978888327012 0.05357142857142857 f_swap_t 100 898.8548970222473 7.998611950100001 13.801206642606036 5.0491 15.806545371511001 3.9699999999999998 6.029501 4.9803
1.0508558526183776 5203.968657911079 0.017857142857142856 1.374906274670943 7269.130272335158 0.0 t_move_k 100 911.8821468353271 9.048625830599 13.801206642606036 5.0491 15.806545371511001 3.9699999999999998 6.029501 4.9803
1.0508558526183776 5203.968657911079 0.017857142857142856 1.376224507895313 7364.193154226139 0.05357142857142857 t_multiswap_k 100 928.7232074737549 9.048625830599 13.801206642606036 5.0491 15.806545371511001 3.9699999999999998 6.029501 5.970497
1.0508558526183776 5203.968657911079 0.017857142857142856 1.3501184969244844 7224.34459639503 0.07142857142857142 t_move_k 100 939.518780708313 9.98813957229301 13.801206642606036 5.0491 15.806545371511001 3.9699999999999998 6.029501 5.970497
1.0508558526183776 5203.968657911079 0.017857142857142856 1.4221385169342546 7648.7136125401585 0.017857142857142856 move_t 100 952.3454942703247 9.98813957229301 14.793194576179976 5.0491 15.806545371511001 3.9699999999999998 6.029501 5.970497
1.0508558526183776 5203.968657911079 0.017857142857142856 1.4590297066346 7812.734837149789 0.0 t_swap_k 100 969.6648886203766 9.98813957229301 14.793194576179976 6.128609 15.806545371511001 3.9699999999999998 6.029501 5.970497
1.0508558526183776 5203.968657911079 0.017857142857142856 1.4345593596140163 7683.455919300081 0.017857142857142856 t_swap_k 100 986.8079876899719 9.98813957229301 14.793194576179976 7.23732291 15.806545371511001 3.9699999999999998 6.029501 5.970497
1.0508558526183776 5203.968657911079 0.017857142857142856 1.389389245006347 7478.111679152763 0.07142857142857142 move_t 100 1003.9863526821136 9.98813957229301 15.675262630418176 7.23732291 15.806545371511001 3.9699999999999998 6.029501 5.970497
1.0508558526183776 5203.968657911079 0.017857142857142856 1.4750417609399578 7973.900848590624 0.03571428571428571 f_swap_t 100 1020.4997572898865 9.98813957229301 15.675262630418176 7.23732291 16.77847991779589 3.9699999999999998 6.029501 5.970497
1.0508558526183776 5203.968657911079 0.017857142857142856 1.5729800102904081 8606.776590510652 0.03571428571428571 move_t 100 1030.7533748149872 9.98813957229301 16.648510004113994 7.23732291 16.77847991779589 3.9699999999999998 6.029501 5.970497
1.0508558526183776 5203.968657911079 0.017857142857142856 1.5130115089045761 8248.109043298084 0.05357142857142857 t_swap_r_k 100 1054.424720287323 9.98813957229301 16.648510004113994 7.23732291 16.77847991779589 3.9699999999999998 7.00920599 5.970497
1.0508558526183776 5203.968657911079 0.017857142857142856 1.6081096910942754 8995.354241766836 0.017857142857142856 swap_t 100 1072.851089000702 9.98813957229301 16.648510004113994 7.23732291 16.77847991779589 5.0503 7.00920599 5.970497
1.0508558526183776 5203.968657911079 0.017857142857142856 1.577398838601552 8771.19159001469 0.05357142857142857 move_t 100 1088.7855262756348 9.98813957229301 17.582024904072853 7.23732291 16.77847991779589 5.0503 7.00920599 5.970497
1.0508558526183776 5203.968657911079 0.017857142857142856 1.5303377684592234 8331.222957328213 0.03571428571428571 t_swap_r_k 100 1115.4007551670074 9.98813957229301 17.582024904072853 7.23732291 16.77847991779589 5.0503 8.0091139301 5.970497
1.0508558526183776 5203.968657911079 0.017857142857142856 1.5302450815017286 8301.775856939043 0.017857142857142856 move_t 100 1132.6434698104858 9.98813957229301 18.406204655032123 7.23732291 16.77847991779589 5.0503 8.0091139301 5.970497
1.0508558526183776 5203.968657911079 0.017857142857142856 1.542611325854637 8381.686373223713 0.017857142857142856 f_swap_t 100 1155.1103155612946 9.98813957229301 18.406204655032123 7.23732291 17.680695118617933 5.0503 8.0091139301 5.970497
1.0508558526183776 5203.968657911079 0.017857142857142856 1.5054065271691743 8218.478548979423 0.05357142857142857 move_t 100 1177.1910293102264 9.98813957229301 19.3221426084818 7.23732291 17.680695118617933 5.0503 8.0091139301 5.970497
1.0508558526183776 5203.968657911079 0.017857142857142856 1.5019674123054976 8147.894070826709 0.03571428571428571 move_t 100 1187.3840055465698 9.98813957229301 20.138921182396984 7.23732291 17.680695118617933 5.0503 8.0091139301 5.970497
1.0508558526183776 5203.968657911079 0.017857142857142856 1.4776162138951303 8019.38508980546 0.05357142857142857 t_move_k 100 1205.9972822666168 10.97825817657008 20.138921182396984 7.23732291 17.680695118617933 5.0503 8.0091139301 5.970497
1.0508558526183776 5203.968657911079 0.017857142857142856 1.4473659668888472 7823.908372135526 0.05357142857142857 t_move_k 100 1230.9582607746124 12.008475594804379 20.138921182396984 7.23732291 17.680695118617933 5.0503 8.0091139301 5.970497
1.0508558526183776 5203.968657911079 0.017857142857142856 1.4585507711654981 7867.33627899983 0.03571428571428571 t_move_k 100 1252.095367193222 13.018390838856336 20.138921182396984 7.23732291 17.680695118617933 5.0503 8.0091139301 5.970497
1.0508558526183776 5203.968657911079 0.017857142857142856 1.437407446888381 7730.708382061883 0.03571428571428571 move_t 100 1269.810626745224 13.018390838856336 21.007531970573016 7.23732291 17.680695118617933 5.0503 8.0091139301 5.970497
1.0508558526183776 5203.968657911079 0.017857142857142856 1.4001618390117407 7547.724046831208 0.07142857142857142 t_swap_r_k 100 1295.0137033462524 13.018390838856336 21.007531970573016 7.23732291 17.680695118617933 5.0503 8.999022790799 5.970497
1.0508558526183776 5203.968657911079 0.017857142857142856 1.3949171777014975 7513.833111064507 0.07142857142857142 t_swap_k 100 1324.0956013202667 13.018390838856336 21.007531970573016 8.1649496809 17.680695118617933 5.0503 8.999022790799 5.970497
1.0508558526183776 5203.968657911079 0.017857142857142856 1.6063141911934187 8879.87796729475 0.07142857142857142 f_swap_t 100 1346.8780994415283 13.018390838856336 21.007531970573016 8.1649496809 18.633888167431753 5.0503 8.999022790799 5.970497
1.0508558526183776 5203.968657911079 0.017857142857142856 1.6042793436994387 8837.880649818713 0.05357142857142857 move_t 100 1359.245790719986 13.018390838856336 22.047456650867286 8.1649496809 18.633888167431753 5.0503 8.999022790799 5.970497
1.0508558526183776 5203.968657911079 0.017857142857142856 1.5504618695767627 8403.568330102233 0.0 move_t 100 1371.0033249855042 13.018390838856336 22.856982084358613 8.1649496809 18.633888167431753 5.0503 8.999022790799 5.970497
1.0508558526183776 5203.968657911079 0.017857142857142856 1.5290089506746969 8351.484311860007 0.05357142857142857 t_swap_r_k 100 1389.446900844574 13.018390838856336 22.856982084358613 8.1649496809 18.633888167431753 5.0503 9.94903256289101 5.970497
1.0508558526183776 5203.968657911079 0.017857142857142856 1.5260813431249767 8361.414306932838 0.07142857142857142 move_t 100 1406.4356660842896 13.018390838856336 23.688412263515026 8.1649496809 18.633888167431753 5.0503 9.94903256289101 5.970497
1.0508558526183776 5203.968657911079 0.017857142857142856 1.5198743897260019 8321.305051728747 0.07142857142857142 swap_t 100 1417.8414611816406 13.018390838856336 23.688412263515026 8.1649496809 18.633888167431753 5.999797 9.94903256289101 5.970497
1.0508558526183776 5203.968657911079 0.017857142857142856 1.5198743897260019 8321.305051728747 0.07142857142857142 f_swap_t 100 1430.719844341278 13.018390838856336 23.688412263515026 8.1649496809 19.447549285757436 5.999797 9.94903256289101 5.970497
1.0508558526183776 5203.968657911079 0.017857142857142856 1.5198743897260019 8321.305051728747 0.07142857142857142 move_t 100 1440.517737865448 13.018390838856336 24.451528140879876 8.1649496809 19.447549285757436 5.999797 9.94903256289101 5.970497
1.0508558526183776 5203.968657911079 0.017857142857142856 1.5844899715143188 8740.644415665267 0.07142857142857142 move_t 100 1447.5207588672638 13.018390838856336 25.377012859471076 8.1649496809 19.447549285757436 5.999797 9.94903256289101 5.970497
1.0508558526183776 5203.968657911079 0.017857142857142856 1.5430156864949667 8470.843821910805 0.07142857142857142 t_multiswap_k 100 1459.317799091339 13.018390838856336 25.377012859471076 8.1649496809 19.447549285757436 5.999797 9.94903256289101 7.04079203
1.0508558526183776 5203.968657911079 0.017857142857142856 1.5288272683491193 8321.462124515778 0.03571428571428571 move_t 100 1471.0228157043457 13.018390838856336 26.133242730876365 8.1649496809 19.447549285757436 5.999797 9.94903256289101 7.04079203
1.0508558526183776 5203.968657911079 0.017857142857142856 1.5772794791978557 8634.559704796537 0.03571428571428571 t_move_k 100 1484.4526844024658 14.038206930467773 26.133242730876365 8.1649496809 19.447549285757436 5.999797 9.94903256289101 7.04079203
1.0508558526183776 5203.968657911079 0.017857142857142856 1.522934079680258 8254.532254642401 0.017857142857142856 t_move_k 100 1506.7535729408264 14.957824861163095 26.133242730876365 8.1649496809 19.447549285757436 5.999797 9.94903256289101 7.04079203
1.0508558526183776 5203.968657911079 0.017857142857142856 1.6027773102699374 8828.174528590398 0.05357142857142857 t_swap_k 100 1532.91978597641 14.957824861163095 26.133242730876365 9.243300184091 19.447549285757436 5.999797 9.94903256289101 7.04079203
1.0508558526183776 5203.968657911079 0.017857142857142856 1.5498731429967023 8428.612144737424 0.017857142857142856 swap_t 100 1545.9656229019165 14.957824861163095 26.133242730876365 9.243300184091 19.447549285757436 6.93979903 9.94903256289101 7.04079203
1.0508558526183776 5203.968657911079 0.017857142857142856 1.5944872231076206 8803.452247500836 0.07142857142857142 f_swap_t 100 1576.5468380451202 14.957824861163095 26.133242730876365 9.243300184091 20.26307379289986 6.93979903 9.94903256289101 7.04079203
1.0508558526183776 5203.968657911079 0.017857142857142856 1.5786960516718123 8614.86541996987 0.017857142857142856 t_swap_r_k 100 1626.4599857330322 14.957824861163095 26.133242730876365 9.243300184091 20.26307379289986 6.93979903 10.889542237262098 7.04079203
1.0508558526183776 5203.968657911079 0.017857142857142856 1.5901173816990892 8717.518070134398 0.03571428571428571 t_move_k 100 1649.5598168373108 15.998246612551464 26.133242730876365 9.243300184091 20.26307379289986 6.93979903 10.889542237262098 7.04079203
1.0508558526183776 5203.968657911079 0.017857142857142856 1.5663500422713916 8592.78197855404 0.05357142857142857 swap_t 100 1659.6195430755615 15.998246612551464 26.133242730876365 9.243300184091 20.26307379289986 7.8704010397 10.889542237262098 7.04079203
1.0508558526183776 5203.968657911079 0.017857142857142856 1.5554265902395867 8522.194768196428 0.05357142857142857 move_t 100 1678.4629578590393 15.998246612551464 26.9019103035676 9.243300184091 20.26307379289986 7.8704010397 10.889542237262098 7.04079203
1.0508558526183776 5203.968657911079 0.017857142857142856 1.5395654526721438 8448.548454116317 0.07142857142857142 t_swap_k 100 1703.908834695816 15.998246612551464 26.9019103035676 10.27086718225009 20.26307379289986 7.8704010397 10.889542237262098 7.04079203
1.0508558526183776 5203.968657911079 0.017857142857142856 1.621542507600927 8920.58684052757 0.03571428571428571 t_swap_k 100 1736.8457436561584 15.998246612551464 26.9019103035676 11.308158510427589 20.26307379289986 7.8704010397 10.889542237262098 7.04079203
1.0508558526183776 5203.968657911079 0.017857142857142856 1.581819939811212 8635.051946041247 0.017857142857142856 f_swap_t 100 1772.1278147697449 15.998246612551464 26.9019103035676 11.308158510427589 21.06044305497086 7.8704010397 10.889542237262098 7.04079203
1.0508558526183776 5203.968657911079 0.017857142857142856 1.5716322391830424 8598.06731047788 0.03571428571428571 f_swap_t 100 1800.000941991806 15.998246612551464 26.9019103035676 11.308158510427589 21.87983862442115 7.8704010397 10.889542237262098 7.04079203
1.0508558526183776 5203.968657911079 0.017857142857142856 1.6467040909981807 9083.180677624234 0.03571428571428571 t_swap_k 100 1819.6113498210907 15.998246612551464 26.9019103035676 12.215076925323313 21.87983862442115 7.8704010397 10.889542237262098 7.04079203
1.0508558526183776 5203.968657911079 0.017857142857142856 1.6618862033236792 9152.43913908672 0.017857142857142856 t_move_k 100 1838.2556040287018 16.88826414642595 26.9019103035676 12.215076925323313 21.87983862442115 7.8704010397 10.889542237262098 7.04079203
1.0508558526183776 5203.968657911079 0.017857142857142856 1.6327279075843886 8964.01859684183 0.017857142857142856 move_t 100 1850.8308827877045 16.88826414642595 27.632891200531926 12.215076925323313 21.87983862442115 7.8704010397 10.889542237262098 7.04079203
1.0508558526183776 5203.968657911079 0.017857142857142856 1.6254210066361747 8916.801494336865 0.017857142857142856 move_t 100 1865.9666204452515 16.88826414642595 28.38656228852661 12.215076925323313 21.87983862442115 7.8704010397 10.889542237262098 7.04079203
1.0508558526183776 5203.968657911079 0.017857142857142856 1.6228916697113578 8900.456950775224 0.017857142857142856 f_swap_t 100 1903.0289192199707 16.88826414642595 28.38656228852661 12.215076925323313 22.661040238176938 7.8704010397 10.889542237262098 7.04079203
1.0508558526183776 5203.968657911079 0.017857142857142856 1.6203167914585286 8883.818119721773 0.017857142857142856 t_swap_r_k 100 1932.2428994178772 16.88826414642595 28.38656228852661 12.215076925323313 22.661040238176938 7.8704010397 11.820646814889477 7.04079203
1.0508558526183776 5203.968657911079 0.017857142857142856 1.6188143669512036 8874.109471353455 0.017857142857142856 t_swap_k 100 1941.467106103897 16.88826414642595 28.38656228852661 13.09292615607008 22.661040238176938 7.8704010397 11.820646814889477 7.04079203
1.0508558526183776 5203.968657911079 0.017857142857142856 1.6293858049782715 8971.270130046298 0.03571428571428571 t_move_k 100 1964.447143316269 17.75938150496169 28.38656228852661 13.09292615607008 22.661040238176938 7.8704010397 11.820646814889477 7.04079203
1.0508558526183776 5203.968657911079 0.017857142857142856 1.7180502427554583 9544.218617611858 0.03571428571428571 f_swap_t 100 2005.3133146762848 17.75938150496169 28.38656228852661 13.09292615607008 23.53442983579517 7.8704010397 11.820646814889477 7.04079203
1.0508558526183776 5203.968657911079 0.017857142857142856 1.6548790597667349 9107.159065093638 0.017857142857142856 f_swap_t 100 2034.9433143138885 17.75938150496169 28.38656228852661 13.09292615607008 24.299085537437218 7.8704010397 11.820646814889477 7.04079203
1.0508558526183776 5203.968657911079 0.017857142857142856 1.6652318282062852 9231.754842077411 0.05357142857142857 f_swap_t 100 2059.1366679668427 17.75938150496169 28.38656228852661 13.09292615607008 25.096094682062844 7.8704010397 11.820646814889477 7.04079203
1.0508558526183776 5203.968657911079 0.017857142857142856 1.6447437559707219 9041.664858774571 0.017857142857142856 move_t 100 2083.40473651886 17.75938150496169 29.102696665641343 13.09292615607008 25.096094682062844 7.8704010397 11.820646814889477 7.04079203
1.0508558526183776 5203.968657911079 0.017857142857142856 1.6362907923612438 9015.890072121329 0.03571428571428571 t_swap_k 100 2108.9220974445343 17.75938150496169 29.102696665641343 13.96199689450938 25.096094682062844 7.8704010397 11.820646814889477 7.04079203
1.0508558526183776 5203.968657911079 0.017857142857142856 1.6584395105664953 9272.71186488303 0.03571428571428571 move_t 100 2124.6778659820557 17.75938150496169 29.86166969898493 13.96199689450938 25.096094682062844 7.8704010397 11.820646814889477 7.04079203
1.0508558526183776 5203.968657911079 0.017857142857142856 1.6123230452195714 8832.162631541687 0.017857142857142856 move_t 100 2136.0199563503265 17.75938150496169 30.56305300199508 13.96199689450938 25.096094682062844 7.8704010397 11.820646814889477 7.04079203
1.0508558526183776 5203.968657911079 0.017857142857142856 1.6816122569590692 9279.908650870415 0.017857142857142856 move_t 100 2165.02725148201 17.75938150496169 31.50742247197513 13.96199689450938 25.096094682062844 7.8704010397 11.820646814889477 7.04079203
1.0508558526183776 5203.968657911079 0.017857142857142856 1.6299052305038964 8945.778492864425 0.017857142857142856 t_swap_r_k 100 2207.2378656864166 17.75938150496169 31.50742247197513 13.96199689450938 25.096094682062844 7.8704010397 12.772440346740582 7.04079203
1.0508558526183776 5203.968657911079 0.017857142857142856 1.6556609889098275 9141.06003986249 0.03571428571428571 f_swap_t 100 2239.6088087558746 17.75938150496169 31.50742247197513 13.96199689450938 25.955133735242217 7.8704010397 12.772440346740582 7.04079203
1.0508558526183776 5203.968657911079 0.017857142857142856 1.6349429887288018 9026.539312855035 0.017857142857142856 move_t 100 2267.251916885376 17.75938150496169 32.23234824725538 13.96199689450938 25.955133735242217 7.8704010397 12.772440346740582 7.04079203
1.0508558526183776 5203.968657911079 0.017857142857142856 1.6128846868562776 8864.64011120046 0.03571428571428571 move_t 100 2289.65225315094 17.75938150496169 33.020024764782825 13.96199689450938 25.955133735242217 7.8704010397 12.772440346740582 7.04079203
1.0508558526183776 5203.968657911079 0.017857142857142856 1.5410443339813966 8400.408649774221 0.03571428571428571 t_multiswap_k 100 2310.1377172470093 17.75938150496169 33.020024764782825 13.96199689450938 25.955133735242217 7.8704010397 12.772440346740582 8.150384109700001
1.0508558526183776 5203.968657911079 0.017857142857142856 1.483297479615356 7998.40104094773 0.017857142857142856 move_t 100 2320.9289727211 17.75938150496169 33.719824517134995 13.96199689450938 25.955133735242217 7.8704010397 12.772440346740582 8.150384109700001
1.0508558526183776 5203.968657911079 0.017857142857142856 1.6543497847535504 9103.738896580617 0.017857142857142856 f_swap_t 100 2349.4547605514526 17.75938150496169 33.719824517134995 13.96199689450938 26.855582397889794 7.8704010397 12.772440346740582 8.150384109700001
1.0508558526183776 5203.968657911079 0.017857142857142856 1.58906647716161 8653.030821302864 0.0 swap_t 100 2369.391311645508 17.75938150496169 33.719824517134995 13.96199689450938 26.855582397889794 8.791697029303 12.772440346740582 8.150384109700001
1.0508558526183776 5203.968657911079 0.017857142857142856 1.6310167446024226 8981.809241491592 0.03571428571428571 t_swap_k 100 2405.7935705184937 17.75938150496169 33.719824517134995 15.032376925564286 26.855582397889794 8.791697029303 12.772440346740582 8.150384109700001
1.0508558526183776 5203.968657911079 0.017857142857142856 1.584125402976012 8678.797978596236 0.03571428571428571 swap_t 100 2426.0152785778046 17.75938150496169 33.719824517134995 15.032376925564286 26.855582397889794 9.70378005900997 12.772440346740582 8.150384109700001
1.0508558526183776 5203.968657911079 0.017857142857142856 1.6657205465980185 9206.06477578053 0.03571428571428571 t_swap_k 100 2461.98113322258 17.75938150496169 33.719824517134995 16.012053156308642 26.855582397889794 9.70378005900997 12.772440346740582 8.150384109700001
1.0508558526183776 5203.968657911079 0.017857142857142856 1.657911729157374 9126.756136751832 0.017857142857142856 t_move_k 100 2483.1020748615265 18.771787689912074 33.719824517134995 16.012053156308642 26.855582397889794 9.70378005900997 12.772440346740582 8.150384109700001
1.0508558526183776 5203.968657911079 0.017857142857142856 1.689695565136983 9389.839204038497 0.05357142857142857 t_swap_k 100 2521.810925722122 18.771787689912074 33.719824517134995 17.131932624745556 26.855582397889794 9.70378005900997 12.772440346740582 8.150384109700001
1.0508558526183776 5203.968657911079 0.017857142857142856 1.6281333918173737 8880.849491854076 0.0 move_t 100 2540.0232486724854 18.771787689912074 34.47262627196365 17.131932624745556 26.855582397889794 9.70378005900997 12.772440346740582 8.150384109700001
1.0508558526183776 5203.968657911079 0.017857142857142856 1.590865427345971 8754.939417146365 0.0 move_t 100 2568.17923951149 18.771787689912074 35.15790000924401 17.131932624745556 26.855582397889794 9.70378005900997 12.772440346740582 8.150384109700001
1.0508558526183776 5203.968657911079 0.017857142857142856 1.6283072004484886 8935.452042640594 0.017857142857142856 f_swap_t 100 2600.5130758285522 18.771787689912074 35.15790000924401 17.131932624745556 27.627026573910896 9.70378005900997 12.772440346740582 8.150384109700001
1.0508558526183776 5203.968657911079 0.017857142857142856 1.6087985553320943 8809.38742198648 0.017857142857142856 move_t 100 2622.0458555221558 18.771787689912074 35.93632100915157 17.131932624745556 27.627026573910896 9.70378005900997 12.772440346740582 8.150384109700001
1.0508558526183776 5203.968657911079 0.017857142857142856 1.5525287270006094 8445.772495344569 0.017857142857142856 t_move_k 100 2649.8730595111847 19.734069813012955 35.93632100915157 17.131932624745556 27.627026573910896 9.70378005900997 12.772440346740582 8.150384109700001
1.0508558526183776 5203.968657911079 0.017857142857142856 1.5489849627818268 8394.024576872102 0.0 f_swap_t 100 2683.852964401245 19.734069813012955 35.93632100915157 17.131932624745556 28.35075630817179 9.70378005900997 12.772440346740582 8.150384109700001
1.0508558526183776 5203.968657911079 0.017857142857142856 1.5861838448192698 8634.403287173544 0.0 f_swap_t 100 2717.9279391765594 19.734069813012955 35.93632100915157 17.131932624745556 29.137248745090073 9.70378005900997 12.772440346740582 8.150384109700001
1.0508558526183776 5203.968657911079 0.017857142857142856 1.6293203602354815 8941.999068507701 0.017857142857142856 move_t 100 2734.0278029441833 19.734069813012955 36.646957799060054 17.131932624745556 29.137248745090073 9.70378005900997 12.772440346740582 8.150384109700001
1.0508558526183776 5203.968657911079 0.017857142857142856 1.6651862496273535 9173.763997011585 0.017857142857142856 move_t 100 2755.4911477565765 19.734069813012955 37.33048822106945 17.131932624745556 29.137248745090073 9.70378005900997 12.772440346740582 8.150384109700001
1.0508558526183776 5203.968657911079 0.017857142857142856 1.577418265587311 8635.45654070873 0.03571428571428571 t_multiswap_k 100 2769.9802277088165 19.734069813012955 37.33048822106945 17.131932624745556 29.137248745090073 9.70378005900997 12.772440346740582 9.358880268603
1.0508558526183776 5203.968657911079 0.017857142857142856 1.5003418437643588 8137.389667252638 0.03571428571428571 t_swap_k 100 2800.4258840084076 19.734069813012955 37.33048822106945 18.0806132984981 29.137248745090073 9.70378005900997 12.772440346740582 9.358880268603
1.0508558526183776 5203.968657911079 0.017857142857142856 1.475538287206289 7948.261236681706 0.017857142857142856 t_swap_r_k 100 2834.9119222164154 19.734069813012955 37.33048822106945 18.0806132984981 29.137248745090073 9.70378005900997 13.684715943273176 9.358880268603
1.0508558526183776 5203.968657911079 0.017857142857142856 1.5695581448516709 8555.816380429667 0.017857142857142856 t_move_k 100 2864.8137736320496 20.596729114882827 37.33048822106945 18.0806132984981 29.137248745090073 9.70378005900997 13.684715943273176 9.358880268603
1.0508558526183776 5203.968657911079 0.017857142857142856 1.5175146387303158 8248.360053460288 0.03571428571428571 move_t 100 2880.3645141124725 20.596729114882827 37.987183338858756 18.0806132984981 29.137248745090073 9.70378005900997 13.684715943273176 9.358880268603
1.0508558526183776 5203.968657911079 0.017857142857142856 1.6020715152202065 8516.848969485569 0.0 swap_t 100 2910.6969850063324 20.596729114882827 37.987183338858756 18.0806132984981 29.137248745090073 10.61674225841987 13.684715943273176 9.358880268603
1.0508558526183776 5203.968657911079 0.017857142857142856 1.5780099163477144 8610.43162209033 0.017857142857142856 move_t 100 2951.2489111423492 20.596729114882827 38.64731150547017 18.0806132984981 29.137248745090073 10.61674225841987 13.684715943273176 9.358880268603
1.0508558526183776 5203.968657911079 0.017857142857142856 1.6699319388952967 9175.582423254456 0.0 f_swap_t 100 3012.2080545425415 20.596729114882827 38.64731150547017 18.0806132984981 30.15587625763917 10.61674225841987 13.684715943273176 9.358880268603
1.0508558526183776 5203.968657911079 0.017857142857142856 1.5907043611621285 8721.311124080394 0.03571428571428571 t_swap_r_k 100 3068.9811680316925 20.596729114882827 38.64731150547017 18.0806132984981 30.15587625763917 10.61674225841987 14.617868783840445 9.358880268603
1.0508558526183776 5203.968657911079 0.017857142857142856 1.59416647512688 8714.835102773864 0.017857142857142856 f_swap_t 100 3132.5621848106384 20.596729114882827 38.64731150547017 18.0806132984981 30.89431749506278 10.61674225841987 14.617868783840445 9.358880268603
1.0508558526183776 5203.968657911079 0.017857142857142856 1.7006177458908356 9402.721882554848 0.017857142857142856 f_swap_t 100 3207.235677957535 20.596729114882827 38.64731150547017 18.0806132984981 31.865374320112153 10.61674225841987 14.617868783840445 9.358880268603
1.0508558526183776 5203.968657911079 0.017857142857142856 1.6821535104932746 9283.406224436401 0.017857142857142856 t_move_k 100 3264.0099794864655 21.580761823733997 38.64731150547017 18.0806132984981 31.865374320112153 10.61674225841987 14.617868783840445 9.358880268603
1.0508558526183776 5203.968657911079 0.017857142857142856 1.6346040785522895 8976.142390162153 0.017857142857142856 t_swap_r_k 100 3338.007294654846 21.580761823733997 38.64731150547017 18.0806132984981 31.865374320112153 10.61674225841987 15.51169009600204 9.358880268603
1.0508558526183776 5203.968657911079 0.017857142857142856 1.6232701873585123 8902.902927075203 0.017857142857142856 t_swap_r_k 100 3411.136825323105 21.580761823733997 38.64731150547017 18.0806132984981 31.865374320112153 10.61674225841987 16.39657319504202 9.358880268603
1.0508558526183776 5203.968657911079 0.017857142857142856 1.6913580157037527 9371.733780371214 0.03571428571428571 t_move_k 100 3461.51379942894 22.61495420549666 38.64731150547017 18.0806132984981 31.865374320112153 10.61674225841987 16.39657319504202 9.358880268603
1.0508558526183776 5203.968657911079 0.017857142857142856 1.6450842208788643 9072.713097180682 0.03571428571428571 t_move_k 100 3514.6529655456543 23.50880466344169 38.64731150547017 18.0806132984981 31.865374320112153 10.61674225841987 16.39657319504202 9.358880268603
1.0508558526183776 5203.968657911079 0.017857142857142856 1.619051032311536 8904.486958380334 0.03571428571428571 swap_t 100 3537.4024879932404 23.50880466344169 38.64731150547017 18.0806132984981 31.865374320112153 11.510574835835673 16.39657319504202 9.358880268603
1.0508558526183776 5203.968657911079 0.017857142857142856 1.6097702982842543 8844.514971214614 0.03571428571428571 move_t 100 3574.556172132492 23.50880466344169 39.32083839041547 18.0806132984981 31.865374320112153 11.510574835835673 16.39657319504202 9.358880268603
1.0508558526183776 5203.968657911079 0.017857142857142856 1.5706474127412926 8591.703374333232 0.03571428571428571 t_swap_k 100 3643.488850593567 23.50880466344169 39.32083839041547 18.95980716551312 31.865374320112153 11.510574835835673 16.39657319504202 9.358880268603