19
4 112 4 40

Solution history:
B_obj   B_dis   B_sim   C_obj   C_dis   C_sim   neighbor   iterations   time   scores
1.0511534716659967 5203.968657911079 0.016666666666666666 1.0511534716659967 5203.968657911079 0.016666666666666666 0 0 0 3.0 3.0 3.0 3.0 3.0 3.0 3.0
1.0511534716659967 5203.968657911079 0.016666666666666666 1.0511534716659967 5203.968657911079 0.016666666666666666 f_swap_t 100 52.56010389328003 3.0 3.0 3.0 3.9699999999999998 3.0 3.0 3.0
1.0511534716659967 5203.968657911079 0.016666666666666666 1.0511534716659967 5203.968657911079 0.016666666666666666 t_swap_k 100 95.15226244926453 3.0 3.0 3.9699999999999998 3.9699999999999998 3.0 3.0 3.0
1.0511534716659967 5203.968657911079 0.016666666666666666 1.0511534716659967 5203.968657911079 0.016666666666666666 t_swap_r_k 100 142.29249548912048 3.0 3.0 3.9699999999999998 3.9699999999999998 3.0 4.04 3.0
1.0509640568999699 5202.744662062932 0.016666666666666666 1.1878146823907605 6113.996639606001 0.03333333333333333 t_multiswap_k 100 172.49189138412476 3.0 3.0 3.9699999999999998 3.9699999999999998 3.0 4.04 4.0
1.0509640568999699 5202.744662062932 0.016666666666666666 1.1696336758893073 5969.586255202952 0.016666666666666666 f_swap_t 100 235.75486087799072 3.0 3.0 3.9699999999999998 4.9303 3.0 4.04 4.0
1.0509640568999699 5202.744662062932 0.016666666666666666 1.2452898362132496 6498.812701644316 0.05 swap_t 100 269.529908657074 3.0 3.0 3.9699999999999998 4.9303 4.07 4.04 4.0
1.0509640568999699 5202.744662062932 0.016666666666666666 1.2061082871773166 6232.209684851026 0.03333333333333333 swap_t 100 290.8730094432831 3.0 3.0 3.9699999999999998 4.9303 5.0293 4.04 4.0
1.0509640568999699 5202.744662062932 0.016666666666666666 1.1975866407754372 6150.217964555561 0.016666666666666666 swap_t 100 313.01182103157043 3.0 3.0 3.9699999999999998 4.9303 5.979007 4.04 4.0
1.0509640568999699 5202.744662062932 0.016666666666666666 1.1975866407754372 6150.217964555561 0.016666666666666666 t_multiswap_k 100 336.09148931503296 3.0 3.0 3.9699999999999998 4.9303 5.979007 4.04 4.96
1.0509640568999699 5202.744662062932 0.016666666666666666 1.1975866407754372 6150.217964555561 0.016666666666666666 t_swap_r_k 100 370.91049575805664 3.0 3.0 3.9699999999999998 4.9303 5.979007 5.0396 4.96
1.0509640568999699 5202.744662062932 0.016666666666666666 1.1975866407754372 6150.217964555561 0.016666666666666666 f_swap_t 100 419.3306748867035 3.0 3.0 3.9699999999999998 5.880997 5.979007 5.0396 4.96
1.0509640568999699 5202.744662062932 0.016666666666666666 1.2347345532044671 6417.192257752711 0.03333333333333333 f_swap_t 100 465.3006479740143 3.0 3.0 3.9699999999999998 6.83218703 5.979007 5.0396 4.96
1.0509640568999699 5202.744662062932 0.016666666666666666 1.315375914275482 7004.54878970515 0.05 swap_t 100 486.4095878601074 3.0 3.0 3.9699999999999998 6.83218703 6.95921693 5.0396 4.96
1.0509640568999699 5202.744662062932 0.016666666666666666 1.304969077842728 6937.909364578633 0.05 swap_t 100 520.6524541378021 3.0 3.0 3.9699999999999998 6.83218703 7.9296247607 5.0396 4.96
1.0509640568999699 5202.744662062932 0.016666666666666666 1.342538705581106 7048.616550780242 0.03333333333333333 swap_t 100 548.8087768554688 3.0 3.0 3.9699999999999998 6.83218703 8.860328513093 5.0396 4.96
1.0509640568999699 5202.744662062932 0.016666666666666666 1.3580798849871374 7214.248248461723 0.03333333333333333 t_move_k 100 590.5130960941315 4.05 3.0 3.9699999999999998 6.83218703 8.860328513093 5.0396 4.96
1.0509640568999699 5202.744662062932 0.016666666666666666 1.3326076927928296 7049.647261204767 0.03333333333333333 t_swap_r_k 100 641.3081638813019 4.05 3.0 3.9699999999999998 6.83218703 8.860328513093 6.029204 4.96
1.0509640568999699 5202.744662062932 0.016666666666666666 1.4245781650927398 7643.959302491764 0.03333333333333333 f_swap_t 100 704.9262745380402 4.05 3.0 3.9699999999999998 7.8638651596999996 8.860328513093 6.029204 4.96
1.0509640568999699 5202.744662062932 0.016666666666666666 1.3654607667495877 7261.943414062652 0.03333333333333333 swap_t 100 741.8242237567902 4.05 3.0 3.9699999999999998 7.8638651596999996 9.77172522796207 6.029204 4.96
1.0509640568999699 5202.744662062932 0.016666666666666666 1.4760064712085654 7922.650215518046 0.03333333333333333 swap_t 100 772.9956429004669 4.05 3.0 3.9699999999999998 7.8638651596999996 10.74400797568245 6.029204 4.96
1.0509640568999699 5202.744662062932 0.016666666666666666 1.516894667838182 8213.582440320777 0.016666666666666666 t_swap_k 100 825.9341330528259 4.05 3.0 4.9902999999999995 7.8638651596999996 10.74400797568245 6.029204 4.96
1.0509640568999699 5202.744662062932 0.016666666666666666 1.487909783980866 7999.357535619962 0.0 t_swap_r_k 100 875.6325085163116 4.05 3.0 4.9902999999999995 7.8638651596999996 10.74400797568245 7.00891196 4.96
1.0509640568999699 5202.744662062932 0.016666666666666666 1.4744513486309734 7939.314242645594 0.016666666666666666 f_swap_t 100 931.2888829708099 4.05 3.0 4.9902999999999995 8.845226508103 10.74400797568245 7.00891196 4.96
1.0509640568999699 5202.744662062932 0.016666666666666666 1.4305894055539126 7682.803863140496 0.03333333333333333 t_multiswap_k 100 964.496910572052 4.05 3.0 4.9902999999999995 8.845226508103 10.74400797568245 7.00891196 5.9404
1.0509640568999699 5202.744662062932 0.016666666666666666 1.480692730585452 8006.57092261214 0.03333333333333333 f_swap_t 100 1023.2721073627472 4.05 3.0 4.9902999999999995 9.88677424302197 10.74400797568245 7.00891196 5.9404
1.0509640568999699 5202.744662062932 0.016666666666666666 1.481517552725688 7984.975965094794 0.016666666666666666 t_multiswap_k 100 1056.937404870987 4.05 3.0 4.9902999999999995 9.88677424302197 10.74400797568245 7.00891196 7.060996
1.0509640568999699 5202.744662062932 0.016666666666666666 1.4405534702990266 7673.956751960272 0.0 swap_t 100 1092.4692871570587 4.05 3.0 4.9902999999999995 9.88677424302197 11.666567895925626 7.00891196 7.060996
1.0509640568999699 5202.744662062932 0.016666666666666666 1.4283583899178318 7614.537172279034 0.0 swap_t 100 1121.4345803260803 4.05 3.0 4.9902999999999995 9.88677424302197 12.54990221696637 7.00891196 7.060996
1.0509640568999699 5202.744662062932 0.016666666666666666 1.500002172392478 7735.325031990468 0.0 swap_t 100 1151.8785235881805 4.05 3.0 4.9902999999999995 9.88677424302197 13.434403194796706 7.00891196 7.060996
1.0509640568999699 5202.744662062932 0.016666666666666666 1.4601046249905383 7873.530841851813 0.03333333333333333 f_swap_t 100 1217.393060684204 4.05 3.0 4.9902999999999995 10.81790650059175 13.434403194796706 7.00891196 7.060996
1.0509640568999699 5202.744662062932 0.016666666666666666 1.5672845396093236 8539.201161238516 0.016666666666666666 t_swap_k 100 1267.1554062366486 4.05 3.0 6.070397 10.81790650059175 13.434403194796706 7.00891196 7.060996
1.0509640568999699 5202.744662062932 0.016666666666666666 1.5325068198979592 8314.467971595126 0.016666666666666666 swap_t 100 1306.470780134201 4.05 3.0 6.070397 10.81790650059175 14.30005916284874 7.00891196 7.060996
1.0509640568999699 5202.744662062932 0.016666666666666666 1.5324796651638322 8314.29249804295 0.016666666666666666 move_t 100 1343.9538831710815 4.05 4.04 6.070397 10.81790650059175 14.30005916284874 7.00891196 7.060996
1.0509640568999699 5202.744662062932 0.016666666666666666 1.5222275173545967 8274.968195039919 0.03333333333333333 t_swap_r_k 100 1391.84432888031 4.05 4.04 6.070397 10.81790650059175 14.30005916284874 8.0388228404 7.060996
1.0509640568999699 5202.744662062932 0.016666666666666666 1.5204313544340071 8263.361412720278 0.03333333333333333 move_t 100 1433.1035912036896 4.05 4.9996 6.070397 10.81790650059175 14.30005916284874 8.0388228404 7.060996
1.0509640568999699 5202.744662062932 0.016666666666666666 1.5204313544340071 8263.361412720278 0.03333333333333333 swap_t 100 1465.4283502101898 4.05 4.9996 6.070397 10.81790650059175 15.157058571220253 8.0388228404 7.060996
1.0509640568999699 5202.744662062932 0.016666666666666666 1.5204313544340071 8263.361412720278 0.03333333333333333 t_swap_r_k 100 1497.9554314613342 4.05 4.9996 6.070397 10.81790650059175 15.157058571220253 8.998434611996 7.060996
1.0509640568999699 5202.744662062932 0.016666666666666666 1.569983378694931 8583.565973509962 0.03333333333333333 swap_t 100 1521.0368490219116 4.05 4.9996 6.070397 10.81790650059175 16.04548798550805 8.998434611996 7.060996
1.0509640568999699 5202.744662062932 0.016666666666666666 1.5357153978562457 8415.499317052469 0.03333333333333333 swap_t 100 1556.3671824932098 4.05 4.9996 6.070397 10.81790650059175 16.91503310565297 8.998434611996 7.060996
1.0509640568999699 5202.744662062932 0.016666666666666666 1.604580386880585 8780.206459667685 0.016666666666666666 t_move_k 100 1583.4049232006073 5.1095 4.9996 6.070397 10.81790650059175 16.91503310565297 8.998434611996 7.060996
1.0509640568999699 5202.744662062932 0.016666666666666666 1.5231945479100824 8254.292186522634 0.016666666666666666 t_swap_k 100 1614.7102189064026 5.1095 4.9996 7.09969303 10.81790650059175 16.91503310565297 8.998434611996 7.060996
1.0509640568999699 5202.744662062932 0.016666666666666666 1.6461398796435713 9083.842748336772 0.016666666666666666 swap_t 100 1641.0430126190186 5.1095 4.9996 7.09969303 10.81790650059175 17.81588277459644 8.998434611996 7.060996
1.0509640568999699 5202.744662062932 0.016666666666666666 1.5552307250342599 8461.309562269224 0.016666666666666666 t_swap_k 100 1681.9075284004211 5.1095 4.9996 8.0886960997 10.81790650059175 17.81588277459644 8.998434611996 7.060996
1.0509640568999699 5202.744662062932 0.016666666666666666 1.5394781214764366 8359.516435171801 0.016666666666666666 t_multiswap_k 100 1706.988436460495 5.1095 4.9996 8.0886960997 10.81790650059175 17.81588277459644 8.998434611996 8.130386040000001
1.0509640568999699 5202.744662062932 0.016666666666666666 1.5039857476402096 8130.165159515149 0.016666666666666666 f_swap_t 100 1751.4241757392883 5.1095 4.9996 8.0886960997 11.739727435585833 17.81588277459644 8.998434611996 8.130386040000001
1.0509640568999699 5202.744662062932 0.016666666666666666 1.6606954065273207 9115.896066658128 0.0 f_swap_t 100 1799.8049912452698 5.1095 4.9996 8.0886960997 12.902330161229974 17.81588277459644 8.998434611996 8.130386040000001
1.0509640568999699 5202.744662062932 0.016666666666666666 1.5874206600524379 8696.245467470608 0.03333333333333333 f_swap_t 100 1840.4026415348053 5.1095 4.9996 8.0886960997 13.783306859617674 17.81588277459644 8.998434611996 8.130386040000001
1.0509640568999699 5202.744662062932 0.016666666666666666 1.5602129579877497 8520.429637145586 0.03333333333333333 t_swap_r_k 100 1860.4437687397003 5.1095 4.9996 8.0886960997 13.783306859617674 17.81588277459644 9.97845026587604 8.130386040000001
1.0509640568999699 5202.744662062932 0.016666666666666666 1.6457546543552894 9072.64955381171 0.0 swap_t 100 1881.6333456039429 5.1095 4.9996 8.0886960997 13.783306859617674 18.677723946850474 9.97845026587604 8.130386040000001
1.0509640568999699 5202.744662062932 0.016666666666666666 1.5846820101023786 8624.69845002363 0.0 t_swap_r_k 100 1901.394470691681 5.1095 4.9996 8.0886960997 13.783306859617674 18.677723946850474 10.91866576321728 8.130386040000001
1.0509640568999699 5202.744662062932 0.016666666666666666 1.5659539105752733 8530.602653069032 0.016666666666666666 t_swap_r_k 100 1929.565102338791 5.1095 4.9996 8.0886960997 13.783306859617674 18.677723946850474 11.849479105585107 8.130386040000001
1.0509640568999699 5202.744662062932 0.016666666666666666 1.5659539105752733 8530.602653069032 0.016666666666666666 swap_t 100 1956.993511915207 5.1095 4.9996 8.0886960997 13.783306859617674 19.49094670738197 11.849479105585107 8.130386040000001
1.0509640568999699 5202.744662062932 0.016666666666666666 1.7370923750572167 9609.572321435666 0.0 f_swap_t 100 1991.178013086319 5.1095 4.9996 8.0886960997 14.745473791021498 19.49094670738197 11.849479105585107 8.130386040000001
1.0509640568999699 5202.744662062932 0.016666666666666666 1.581788459223868 8659.850256185291 0.03333333333333333 t_multiswap_k 100 2016.6471908092499 5.1095 4.9996 8.0886960997 14.745473791021498 19.49094670738197 11.849479105585107 9.289082179600001
1.0509640568999699 5202.744662062932 0.016666666666666666 1.5748317394454168 8587.971072150389 0.016666666666666666 f_swap_t 100 2062.099650144577 5.1095 4.9996 8.0886960997 15.638019053111282 19.49094670738197 11.849479105585107 9.289082179600001
1.0509640568999699 5202.744662062932 0.016666666666666666 1.606197404707303 8790.655608632154 0.016666666666666666 t_swap_k 100 2093.213205099106 5.1095 4.9996 9.137809138703 15.638019053111282 19.49094670738197 11.849479105585107 9.289082179600001
1.0509640568999699 5202.744662062932 0.016666666666666666 1.5421160204000992 8376.562505011678 0.016666666666666666 swap_t 100 2118.3138933181763 5.1095 4.9996 9.137809138703 15.638019053111282 20.29603724030815 11.849479105585107 9.289082179600001
1.0509640568999699 5202.744662062932 0.016666666666666666 1.672947617995616 9221.994651736735 0.016666666666666666 t_swap_k 100 2161.4515693187714 5.1095 4.9996 10.086431047315969 15.638019053111282 20.29603724030815 11.849479105585107 9.289082179600001
1.0509640568999699 5202.744662062932 0.016666666666666666 1.64168570301741 9019.98054829001 0.016666666666666666 t_multiswap_k 100 2200.409546136856 5.1095 4.9996 10.086431047315969 15.638019053111282 20.29603724030815 11.849479105585107 10.446191357804
1.0509640568999699 5202.744662062932 0.016666666666666666 1.5760549337472782 8595.87533842467 0.016666666666666666 f_swap_t 100 2249.229385614395 5.1095 4.9996 10.086431047315969 16.48163886258017 20.29603724030815 11.849479105585107 10.446191357804
1.0509640568999699 5202.744662062932 0.016666666666666666 1.5477903949898615 8440.155190481702 0.03333333333333333 t_swap_r_k 100 2274.3457231521606 5.1095 4.9996 10.086431047315969 16.48163886258017 20.29603724030815 12.770984314529256 10.446191357804
1.0509640568999699 5202.744662062932 0.016666666666666666 1.5477903949898615 8440.155190481702 0.03333333333333333 t_swap_r_k 100 2294.1599979400635 5.1095 4.9996 10.086431047315969 16.48163886258017 20.29603724030815 13.683274471383964 10.446191357804
1.0509640568999699 5202.744662062932 0.016666666666666666 1.5477903949898615 8440.155190481702 0.03333333333333333 swap_t 100 2326.2555236816406 5.1095 4.9996 10.086431047315969 16.48163886258017 21.09307686790507 13.683274471383964 10.446191357804
1.0509640568999699 5202.744662062932 0.016666666666666666 1.5477903949898615 8440.155190481702 0.03333333333333333 move_t 100 2358.447719335556 5.1095 5.949604 10.086431047315969 16.48163886258017 21.09307686790507 13.683274471383964 10.446191357804
1.0509640568999699 5202.744662062932 0.016666666666666666 1.5955854008271273 8749.005920201149 0.03333333333333333 t_swap_k 100 2398.772478580475 5.1095 5.949604 11.165566736842809 16.48163886258017 21.09307686790507 13.683274471383964 10.446191357804
1.0509640568999699 5202.744662062932 0.016666666666666666 1.6433478371548023 9057.64618615712 0.03333333333333333 swap_t 100 2428.4486861228943 5.1095 5.949604 11.165566736842809 16.48163886258017 21.94214609922602 13.683274471383964 10.446191357804
1.0509640568999699 5202.744662062932 0.016666666666666666 1.666681821878678 9181.505155625393 0.016666666666666666 move_t 100 2463.1018674373627 5.1095 7.10010796 11.165566736842809 16.48163886258017 21.94214609922602 13.683274471383964 10.446191357804
1.0509640568999699 5202.744662062932 0.016666666666666666 1.7371783507199885 9637.05284296034 0.016666666666666666 t_swap_k 100 2501.0548293590546 5.1095 7.10010796 12.18391106947438 16.48163886258017 21.94214609922602 13.683274471383964 10.446191357804
1.0509640568999699 5202.744662062932 0.016666666666666666 1.6422180219374085 9023.42038649078 0.016666666666666666 t_swap_k 100 2534.930014371872 5.1095 7.10010796 13.312071958779637 16.48163886258017 21.94214609922602 13.683274471383964 10.446191357804
1.0509640568999699 5202.744662062932 0.016666666666666666 1.5970281908492923 8731.404263404946 0.016666666666666666 f_swap_t 100 2579.884841442108 5.1095 7.10010796 13.312071958779637 17.316822473954367 21.94214609922602 13.683274471383964 10.446191357804
1.0509640568999699 5202.744662062932 0.016666666666666666 1.5779210505926908 8634.85910999882 0.03333333333333333 t_swap_r_k 100 2610.3857612609863 5.1095 7.10010796 13.312071958779637 17.316822473954367 21.94214609922602 14.586441726670124 10.446191357804
1.0509640568999699 5202.744662062932 0.016666666666666666 1.6217364242167094 8917.993506148576 0.03333333333333333 t_swap_k 100 2643.7429645061493 5.1095 7.10010796 14.32895123919184 17.316822473954367 21.94214609922602 14.586441726670124 10.446191357804
1.0509640568999699 5202.744662062932 0.016666666666666666 1.7046674104562336 9426.967553745937 0.016666666666666666 f_swap_t 100 2680.2886617183685 5.1095 7.10010796 14.32895123919184 18.273654249214825 21.94214609922602 14.586441726670124 10.446191357804
1.0509640568999699 5202.744662062932 0.016666666666666666 1.593887969080656 8711.112189625805 0.016666666666666666 t_swap_r_k 100 2711.120651960373 5.1095 7.10010796 14.32895123919184 18.273654249214825 21.94214609922602 15.480577309403422 10.446191357804
1.0509640568999699 5202.744662062932 0.016666666666666666 1.5634809155773977 8541.547138201899 0.03333333333333333 move_t 100 2742.8739256858826 5.1095 8.0291068804 14.32895123919184 18.273654249214825 21.94214609922602 15.480577309403422 10.446191357804
1.0509640568999699 5202.744662062932 0.016666666666666666 1.5634809155773977 8541.547138201899 0.03333333333333333 f_swap_t 100 2796.0074813365936 5.1095 8.0291068804 14.32895123919184 19.090917706722678 21.94214609922602 15.480577309403422 10.446191357804
1.0509640568999699 5202.744662062932 0.016666666666666666 1.588312346200812 8702.007532204814 0.03333333333333333 f_swap_t 100 2838.538431406021 5.1095 8.0291068804 14.32895123919184 19.91000852965545 21.94214609922602 15.480577309403422 10.446191357804
1.0509640568999699 5202.744662062932 0.016666666666666666 1.576598735286145 8572.464429297346 0.0 swap_t 100 2863.4544625282288 5.1095 8.0291068804 14.32895123919184 19.91000852965545 22.722724638233757 15.480577309403422 10.446191357804
1.0509640568999699 5202.744662062932 0.016666666666666666 1.6129030695058624 8833.98753066059 0.016666666666666666 swap_t 100 2884.6591691970825 5.1095 8.0291068804 14.32895123919184 19.91000852965545 23.53549739185142 15.480577309403422 10.446191357804
1.0509640568999699 5202.744662062932 0.016666666666666666 1.5772194319763535 8603.400311411 0.016666666666666666 f_swap_t 100 2919.9463274478912 5.1095 8.0291068804 14.32895123919184 20.710908444358896 23.53549739185142 15.480577309403422 10.446191357804
1.0509640568999699 5202.744662062932 0.016666666666666666 1.559694019021047 8517.076260035607 0.03333333333333333 f_swap_t 100 2958.11199259758 5.1095 8.0291068804 14.32895123919184 21.533799359915307 23.53549739185142 15.480577309403422 10.446191357804
1.0509640568999699 5202.744662062932 0.016666666666666666 1.7163445669142436 9502.425192675497 0.016666666666666666 f_swap_t 100 2994.4029166698456 5.1095 8.0291068804 14.32895123919184 22.418461366316155 23.53549739185142 15.480577309403422 10.446191357804
1.0509640568999699 5202.744662062932 0.016666666666666666 1.6818337065269915 9149.262185361853 0.016666666666666666 move_t 100 3017.540380001068 5.1095 8.958815811596 14.32895123919184 22.418461366316155 23.53549739185142 15.480577309403422 10.446191357804
1.0509640568999699 5202.744662062932 0.016666666666666666 1.6507477117076867 9064.401674058798 0.016666666666666666 move_t 100 3046.1855466365814 5.1095 9.899227653480041 14.32895123919184 22.418461366316155 23.53549739185142 15.480577309403422 10.446191357804
1.0509640568999699 5202.744662062932 0.016666666666666666 1.6201029793376363 8907.43820577732 0.03333333333333333 f_swap_t 100 3086.919581890106 5.1095 9.899227653480041 14.32895123919184 23.224276752652994 23.53549739185142 15.480577309403422 10.446191357804
1.0509640568999699 5202.744662062932 0.016666666666666666 1.6201029793376363 8907.43820577732 0.03333333333333333 swap_t 100 3109.9939799308777 5.1095 9.899227653480041 14.32895123919184 23.224276752652994 24.300142417932904 15.480577309403422 10.446191357804
1.0509640568999699 5202.744662062932 0.016666666666666666 1.6201029793376363 8907.43820577732 0.03333333333333333 f_swap_t 100 3145.7381279468536 5.1095 9.899227653480041 14.32895123919184 23.992033985126465 24.300142417932904 15.480577309403422 10.446191357804
1.0509640568999699 5202.744662062932 0.016666666666666666 1.6508804199509017 9079.396694071887 0.016666666666666666 t_swap_k 100 3193.5914103984833 5.1095 9.899227653480041 15.325661726799922 23.992033985126465 24.300142417932904 15.480577309403422 10.446191357804
1.0509640568999699 5202.744662062932 0.016666666666666666 1.6750326545891834 9235.468132116832 0.016666666666666666 f_swap_t 100 3242.164437532425 5.1095 9.899227653480041 15.325661726799922 24.7621136452752 24.300142417932904 15.480577309403422 10.446191357804
1.0509640568999699 5202.744662062932 0.016666666666666666 1.6207851619063882 8884.92151313372 0.016666666666666666 t_multiswap_k 100 3276.7064549922943 5.1095 9.899227653480041 15.325661726799922 24.7621136452752 24.300142417932904 15.480577309403422 11.40172944422596
1.0509640568999699 5202.744662062932 0.016666666666666666 1.6085102940697251 8805.601470753745 0.016666666666666666 t_move_k 100 3317.5695762634277 6.088405 9.899227653480041 15.325661726799922 24.7621136452752 24.300142417932904 15.480577309403422 11.40172944422596
1.0509640568999699 5202.744662062932 0.016666666666666666 1.5455284492844261 8425.538525634163 0.03333333333333333 t_multiswap_k 100 3349.722542285919 6.088405 9.899227653480041 15.325661726799922 24.7621136452752 24.300142417932904 15.480577309403422 12.437712149783701
1.0509640568999699 5202.744662062932 0.016666666666666666 1.6180132828877525 8850.869845381585 0.016666666666666666 swap_t 100 3374.947273015976 6.088405 9.899227653480041 15.325661726799922 24.7621136452752 25.137140993753576 15.480577309403422 12.437712149783701
1.0509640568999699 5202.744662062932 0.016666666666666666 1.562279728224634 8506.86013268979 0.016666666666666666 t_swap_r_k 100 3401.514364719391 6.088405 9.899227653480041 15.325661726799922 24.7621136452752 25.137140993753576 16.36577153630939 12.437712149783701
1.0509640568999699 5202.744662062932 0.016666666666666666 1.5959142219895166 8724.205810570817 0.016666666666666666 f_swap_t 100 3443.3973712921143 6.088405 9.899227653480041 15.325661726799922 25.584492508822446 25.137140993753576 16.36577153630939 12.437712149783701
1.0509640568999699 5202.744662062932 0.016666666666666666 1.5828815088299864 8639.988581196472 0.016666666666666666 t_move_k 100 3467.8881754875183 7.03752095 9.899227653480041 15.325661726799922 25.584492508822446 25.137140993753576 16.36577153630939 12.437712149783701
1.0509640568999699 5202.744662062932 0.016666666666666666 1.5653603536370329 8526.767095560579 0.016666666666666666 f_swap_t 100 3509.5927526950836 7.03752095 9.899227653480041 15.325661726799922 26.32864758373422 25.137140993753576 16.36577153630939 12.437712149783701
1.0509640568999699 5202.744662062932 0.016666666666666666 1.6320051439064007 8957.424896435768 0.016666666666666666 t_swap_k 100 3548.0394682884216 7.03752095 9.899227653480041 16.30240510953192 26.32864758373422 25.137140993753576 16.36577153630939 12.437712149783701
1.0509640568999699 5202.744662062932 0.016666666666666666 1.5844691825564667 8650.248108952352 0.016666666666666666 swap_t 100 3571.3974556922913 7.03752095 9.899227653480041 16.30240510953192 26.32864758373422 25.88576958381604 16.36577153630939 12.437712149783701
1.0509640568999699 5202.744662062932 0.016666666666666666 1.5771508253019708 8602.95697593953 0.016666666666666666 swap_t 100 3609.550686120987 7.03752095 9.899227653480041 16.30240510953192 26.32864758373422 26.62691188797788 16.36577153630939 12.437712149783701