9
1 100 8 200

Solution history:
B_obj   B_dis   B_sim   C_obj   C_dis   C_sim   neighbor   iterations   time   scores
1.0535692114127808 1279.3306822900365 0.0 1.0535692114127808 1279.3306822900365 0.0 0 0 0 0.0 3.0 0.0 3.0 3.0 0.0 3.0
1.0535692114127808 1279.3306822900365 0.0 1.0535692114127808 1279.3306822900365 0.0 t_swap_r_k 100 0.0006911754608154297 0.0 3.0 0.0 3.0 3.0 1.0 3.0
1.0427311242912052 1265.0023750136932 0.007352941176470588 1.0427311242912052 1265.0023750136932 0.007352941176470588 move_t 56 3.6839582920074463 0.0 4.071428571428571 0.0 3.0 3.0 1.0 3.0
1.0418921495738558 1263.6666766291278 0.007352941176470588 1.0418921495738558 1263.6666766291278 0.007352941176470588 move_t 28 7.131694793701172 0.0 5.176020408163265 0.0 3.0 3.0 1.0 3.0
1.0409123651535506 1262.1068006991845 0.007352941176470588 1.0409123651535506 1262.1068006991845 0.007352941176470588 t_multiswap_k 100 7.765146970748901 0.0 5.176020408163265 0.0 3.0 3.0 1.0 3.9699999999999998
1.0409123651535506 1262.1068006991845 0.007352941176470588 1.1455745205211991 1429.9546776788636 0.010416666666666666 f_swap_t 100 26.14796280860901 0.0 5.176020408163265 0.0 4.27 3.0 1.0 3.9699999999999998
1.0409123651535506 1262.1068006991845 0.007352941176470588 1.1025337441056078 1357.285173487869 0.0 t_multiswap_k 100 26.602393627166748 0.0 5.176020408163265 0.0 4.27 3.0 1.0 4.9303
1.0409123651535506 1262.1068006991845 0.007352941176470588 1.1235619471211566 1390.763341801359 0.0 move_t 100 33.38607048988342 0.0 6.254260204081633 0.0 4.27 3.0 1.0 4.9303
1.0409123651535506 1262.1068006991845 0.007352941176470588 1.0853080042358099 1329.860755992039 0.0 f_swap_t 100 50.18299674987793 0.0 6.254260204081633 0.0 5.3473 3.0 1.0 4.9303
1.0409123651535506 1262.1068006991845 0.007352941176470588 1.0768570924670766 1316.4063944193022 0.0 t_multiswap_k 100 51.29329776763916 0.0 6.254260204081633 0.0 5.3473 3.0 1.0 5.880997
1.0409123651535506 1262.1068006991845 0.007352941176470588 1.0981427010483822 1350.2943679286454 0.0 move_t 100 65.489337682724 0.0 7.361717602040817 0.0 5.3473 3.0 1.0 5.880997
1.0409123651535506 1262.1068006991845 0.007352941176470588 1.0741147911516433 1316.1864757216413 0.010416666666666666 f_swap_t 100 78.17798686027527 0.0 7.361717602040817 0.0 6.353827 3.0 1.0 5.880997
1.0409123651535506 1262.1068006991845 0.007352941176470588 1.1176530531340974 1385.5020164574637 0.010416666666666666 move_t 100 90.80948615074158 0.0 8.49810042602041 0.0 6.353827 3.0 1.0 5.880997
1.0409123651535506 1262.1068006991845 0.007352941176470588 1.0834053558272871 1330.9776153976554 0.010416666666666666 swap_t 100 106.10254216194153 0.0 8.49810042602041 0.0 6.353827 4.07 1.0 5.880997
1.0409123651535506 1262.1068006991845 0.007352941176470588 1.1029946067334335 1358.0188946057572 0.0 swap_t 100 118.9742522239685 0.0 8.49810042602041 0.0 6.353827 5.1093 1.0 5.880997
1.0409123651535506 1262.1068006991845 0.007352941176470588 1.0766325963908332 1316.0489831169366 0.0 f_swap_t 100 133.73869252204895 0.0 8.49810042602041 0.0 7.29028873 5.1093 1.0 5.880997
1.0409123651535506 1262.1068006991845 0.007352941176470588 1.1338072666850119 1407.074508881619 0.0 f_swap_t 100 145.45485639572144 0.0 8.49810042602041 0.0 8.3273858427 5.1093 1.0 5.880997
1.0409123651535506 1262.1068006991845 0.007352941176470588 1.1186683989607316 1382.972517790209 0.0 t_multiswap_k 100 146.46116137504578 0.0 8.49810042602041 0.0 8.3273858427 5.1093 1.0 6.82218703
1.0409123651535506 1262.1068006991845 0.007352941176470588 1.2625011099831123 1611.9628744570286 0.0 f_swap_t 100 163.5693097114563 0.0 8.49810042602041 0.0 9.424111984273 5.1093 1.0 6.82218703
1.0409123651535506 1262.1068006991845 0.007352941176470588 1.2462851694617836 1586.1461184682666 0.0 f_swap_t 100 175.51521921157837 0.0 8.49810042602041 0.0 10.42987086443027 5.1093 1.0 6.82218703
1.0409123651535506 1262.1068006991845 0.007352941176470588 1.2179552984161166 1541.043253974091 0.0 move_t 100 191.84959030151367 0.0 9.753119421760205 0.0 10.42987086443027 5.1093 1.0 6.82218703
1.0409123651535506 1262.1068006991845 0.007352941176470588 1.1823500372739963 1484.3575293555746 0.0 swap_t 100 203.8726930618286 0.0 9.753119421760205 0.0 10.42987086443027 6.058207 1.0 6.82218703
1.0409123651535506 1262.1068006991845 0.007352941176470588 1.165756636090096 1462.0858237134646 0.010416666666666666 move_t 100 213.87458205223083 0.0 10.715588227542604 0.0 10.42987086443027 6.058207 1.0 6.82218703
1.0409123651535506 1262.1068006991845 0.007352941176470588 1.1647532457758716 1456.342375273411 0.0 swap_t 100 236.03390097618103 0.0 10.715588227542604 0.0 10.42987086443027 7.077624930000001 1.0 6.82218703
1.0409123651535506 1262.1068006991845 0.007352941176470588 1.1305353726184948 1401.8654560594748 0.0 swap_t 100 251.20220494270325 0.0 10.715588227542604 0.0 10.42987086443027 8.1268486807 1.0 6.82218703
1.0409123651535506 1262.1068006991845 0.007352941176470588 1.1127416053208752 1377.6826951187645 0.010416666666666666 t_multiswap_k 100 252.60773229599 0.0 10.715588227542604 0.0 10.42987086443027 8.1268486807 1.0 7.7539651597
1.0409123651535506 1262.1068006991845 0.007352941176470588 1.1359672829556702 1414.6593756500292 0.010416666666666666 swap_t 100 269.4343206882477 0.0 10.715588227542604 0.0 10.42987086443027 9.055580193893 1.0 7.7539651597
1.0409123651535506 1262.1068006991845 0.007352941176470588 1.1276908029125474 1397.3367294096156 0.0 f_swap_t 100 279.0485279560089 0.0 10.715588227542604 0.0 11.385572155785969 9.055580193893 1.0 7.7539651597
1.0409123651535506 1262.1068006991845 0.007352941176470588 1.1531340579718026 1440.7705085688578 0.007352941176470588 move_t 100 293.2926390171051 0.0 11.788432345267179 0.0 11.385572155785969 9.055580193893 1.0 7.7539651597
1.0409123651535506 1262.1068006991845 0.007352941176470588 1.1259722930764515 1397.527339564563 0.007352941176470588 t_multiswap_k 100 294.2029550075531 0.0 11.788432345267179 0.0 11.385572155785969 9.055580193893 1.0 8.676425508103
1.0409123651535506 1262.1068006991845 0.007352941176470588 1.2157668611585046 1544.631701814816 0.017769607843137254 swap_t 100 309.0373833179474 0.0 11.788432345267179 0.0 11.385572155785969 10.06502439195407 1.0 8.676425508103
1.0409123651535506 1262.1068006991845 0.007352941176470588 1.1568833480790943 1447.9590136714114 0.010416666666666666 f_swap_t 100 329.1811809539795 0.0 11.788432345267179 0.0 12.33171643422811 10.06502439195407 1.0 8.676425508103
1.0409123651535506 1262.1068006991845 0.007352941176470588 1.1653073642896208 1457.2245653899513 0.0 move_t 100 337.8559787273407 0.0 12.830548021814508 0.0 12.33171643422811 10.06502439195407 1.0 8.676425508103
1.0409123651535506 1262.1068006991845 0.007352941176470588 1.140515888893416 1420.6816218531485 0.007352941176470588 swap_t 100 356.6809959411621 0.0 12.830548021814508 0.0 12.33171643422811 11.02437414803453 1.0 8.676425508103
1.0409123651535506 1262.1068006991845 0.007352941176470588 1.1084016354453985 1373.6997826783395 0.017769607843137254 swap_t 100 377.90547609329224 0.0 12.830548021814508 0.0 12.33171643422811 11.984130406554184 1.0 8.676425508103
1.0409123651535506 1262.1068006991845 0.007352941176470588 1.1159479413109075 1382.787375526526 0.010416666666666666 f_swap_t 100 401.0938718318939 0.0 12.830548021814508 0.0 13.278399269885828 11.984130406554184 1.0 8.676425508103
1.0409123651535506 1262.1068006991845 0.007352941176470588 1.0976668268597694 1356.6093195333406 0.017769607843137254 swap_t 100 416.11885619163513 0.0 12.830548021814508 0.0 13.278399269885828 12.864289102488643 1.0 8.676425508103
1.0409123651535506 1262.1068006991845 0.007352941176470588 1.0976668268597694 1356.6093195333406 0.017769607843137254 swap_t 100 430.16759419441223 0.0 12.830548021814508 0.0 13.278399269885828 13.735646211463756 1.0 8.676425508103
1.0409123651535506 1262.1068006991845 0.007352941176470588 1.0976668268597694 1356.6093195333406 0.017769607843137254 t_multiswap_k 100 430.9504826068878 0.0 12.830548021814508 0.0 13.278399269885828 13.735646211463756 1.0 9.58966125302197
1.0409123651535506 1262.1068006991845 0.007352941176470588 1.0976668268597694 1356.6093195333406 0.017769607843137254 f_swap_t 100 446.95338678359985 0.0 12.830548021814508 0.0 14.14561527718697 13.735646211463756 1.0 9.58966125302197
1.0409123651535506 1262.1068006991845 0.007352941176470588 1.0976668268597694 1356.6093195333406 0.017769607843137254 t_multiswap_k 100 448.4193172454834 0.0 12.830548021814508 0.0 14.14561527718697 13.735646211463756 1.0 10.493764640491749
1.0409123651535506 1262.1068006991845 0.007352941176470588 1.109563585057271 1372.6230950564125 0.010416666666666666 move_t 100 467.67941904067993 0.0 13.802242541596362 0.0 14.14561527718697 13.735646211463756 1.0 10.493764640491749
1.0409123651535506 1262.1068006991845 0.007352941176470588 1.0966578015530208 1352.0763088163676 0.010416666666666666 f_swap_t 100 489.5173990726471 0.0 13.802242541596362 0.0 15.0041591244151 13.735646211463756 1.0 10.493764640491749
1.0409123651535506 1262.1068006991845 0.007352941176470588 1.0886547514448395 1343.162038192949 0.02003205128205128 f_swap_t 100 509.08604764938354 0.0 13.802242541596362 0.0 15.92411753317095 13.735646211463756 1.0 10.493764640491749
1.0409123651535506 1262.1068006991845 0.007352941176470588 1.085368060527347 1334.1023597350436 0.010416666666666666 f_swap_t 100 528.0696308612823 0.0 13.802242541596362 0.0 16.764876357839242 13.735646211463756 1.0 10.493764640491749
1.0409123651535506 1262.1068006991845 0.007352941176470588 1.0846839518061515 1336.84028551894 0.02003205128205128 swap_t 100 542.6895604133606 0.0 13.802242541596362 0.0 16.764876357839242 14.628289749349118 1.0 10.493764640491749
1.0409123651535506 1262.1068006991845 0.007352941176470588 1.1018959727936637 1364.2428617261976 0.02003205128205128 swap_t 100 559.4658348560333 0.0 13.802242541596362 0.0 16.764876357839242 15.502006851855628 1.0 10.493764640491749
1.0409123651535506 1262.1068006991845 0.007352941176470588 1.086376895919312 1339.5355547211548 0.02003205128205128 t_multiswap_k 100 560.6329338550568 0.0 13.802242541596362 0.0 16.764876357839242 15.502006851855628 1.0 11.388826994086832
1.0409123651535506 1262.1068006991845 0.007352941176470588 1.1061688776362095 1371.0455841176686 0.02003205128205128 swap_t 100 582.3269896507263 0.0 13.802242541596362 0.0 16.764876357839242 16.44698678333707 1.0 11.388826994086832
1.0409123651535506 1262.1068006991845 0.007352941176470588 1.0928610028271741 1345.712653750728 0.009615384615384616 swap_t 100 599.5068497657776 0.0 13.802242541596362 0.0 16.764876357839242 17.2825169155037 1.0 11.388826994086832
1.0409123651535506 1262.1068006991845 0.007352941176470588 1.117876326316651 1389.6845489952452 0.02003205128205128 swap_t 100 625.119875907898 0.0 13.802242541596362 0.0 16.764876357839242 18.23969174634866 1.0 11.388826994086832
1.0409123651535506 1262.1068006991845 0.007352941176470588 1.1126949693806711 1377.2895255410144 0.009615384615384616 t_multiswap_k 100 626.0774364471436 0.0 13.802242541596362 0.0 16.764876357839242 18.23969174634866 1.0 12.274938724145963
1.0409123651535506 1262.1068006991845 0.007352941176470588 1.1327049655132109 1416.4021304240673 0.02784455128205128 move_t 100 651.4665250778198 0.0 14.854220116180398 0.0 16.764876357839242 18.23969174634866 1.0 12.274938724145963
1.0409123651535506 1262.1068006991845 0.007352941176470588 1.1478864218803344 1436.7448570492556 0.018229166666666664 swap_t 100 674.9161684513092 0.0 14.854220116180398 0.0 16.764876357839242 19.267294828885174 1.0 12.274938724145963
1.0409123651535506 1262.1068006991845 0.007352941176470588 1.1037004100366437 1362.2520689384644 0.0078125 t_multiswap_k 100 676.4247224330902 0.0 14.854220116180398 0.0 16.764876357839242 19.267294828885174 1.0 13.152189336904504
1.0409123651535506 1262.1068006991845 0.007352941176470588 1.1510640588735916 1441.8038469220842 0.018229166666666664 f_swap_t 100 700.3084843158722 0.0 14.854220116180398 0.0 17.66722759426085 19.267294828885174 1.0 13.152189336904504
1.0409123651535506 1262.1068006991845 0.007352941176470588 1.1351516743397347 1420.6163608881634 0.02864583333333333 move_t 100 718.4747495651245 0.0 15.805677915018595 0.0 17.66722759426085 19.267294828885174 1.0 13.152189336904504
1.0409123651535506 1262.1068006991845 0.007352941176470588 1.1351516743397347 1420.6163608881634 0.02864583333333333 t_multiswap_k 100 719.3459639549255 0.0 15.805677915018595 0.0 17.66722759426085 19.267294828885174 1.0 14.020667443535459
1.0409123651535506 1262.1068006991845 0.007352941176470588 1.1143134183551187 1387.4405997117697 0.02864583333333333 f_swap_t 100 746.7508234977722 0.0 15.805677915018595 0.0 18.61055531831824 19.267294828885174 1.0 14.020667443535459
1.0409123651535506 1262.1068006991845 0.007352941176470588 1.133491691035614 1417.9735672832203 0.02864583333333333 swap_t 100 767.4535527229309 0.0 15.805677915018595 0.0 18.61055531831824 20.174621880596323 1.0 14.020667443535459
1.0409123651535506 1262.1068006991845 0.007352941176470588 1.1808020287405683 1489.1484897226119 0.018229166666666664 swap_t 100 792.0088694095612 0.0 15.805677915018595 0.0 18.61055531831824 21.15287566179036 1.0 14.020667443535459
1.0409123651535506 1262.1068006991845 0.007352941176470588 1.2499795364739825 1596.1737642197047 0.010416666666666666 move_t 100 809.3882417678833 0.0 16.867621135868408 0.0 18.61055531831824 21.15287566179036 1.0 14.020667443535459
1.0409123651535506 1262.1068006991845 0.007352941176470588 1.1906522278859777 1504.8306012500482 0.018229166666666664 f_swap_t 100 835.068484544754 0.0 16.867621135868408 0.0 19.51444976513506 21.15287566179036 1.0 14.020667443535459
1.0409123651535506 1262.1068006991845 0.007352941176470588 1.1871717911684339 1499.2895359413183 0.018229166666666664 t_multiswap_k 100 835.519900560379 0.0 16.867621135868408 0.0 19.51444976513506 21.15287566179036 1.0 14.880460769100104
1.0409123651535506 1262.1068006991845 0.007352941176470588 1.1871717911684339 1499.2895359413183 0.018229166666666664 t_multiswap_k 100 836.633615732193 0.0 16.867621135868408 0.0 19.51444976513506 21.15287566179036 1.0 15.731656161409102
1.0409123651535506 1262.1068006991845 0.007352941176470588 1.171344716588188 1474.0918779999415 0.018229166666666664 f_swap_t 100 858.5180275440216 0.0 16.867621135868408 0.0 20.37930526748371 21.15287566179036 1.0 15.731656161409102
1.0409123651535506 1262.1068006991845 0.007352941176470588 1.160667094702866 1461.238450035521 0.028645833333333332 move_t 100 883.0321805477142 0.0 17.788944924509725 0.0 20.37930526748371 21.15287566179036 1.0 15.731656161409102
1.0409123651535506 1262.1068006991845 0.007352941176470588 1.1521862068331343 1439.4443836962369 0.0078125 t_multiswap_k 100 883.9094607830048 0.0 17.788944924509725 0.0 20.37930526748371 21.15287566179036 1.0 16.57433959979501
1.0409123651535506 1262.1068006991845 0.007352941176470588 1.1521862068331343 1439.4443836962369 0.0078125 t_multiswap_k 100 885.0019750595093 0.0 17.788944924509725 0.0 20.37930526748371 21.15287566179036 1.0 17.40859620379706
1.0409123651535506 1262.1068006991845 0.007352941176470588 1.1506175108306613 1436.9469249849692 0.0078125 move_t 100 897.2421536445618 0.0 18.64105547526463 0.0 20.37930526748371 21.15287566179036 1.0 17.40859620379706
1.0409123651535506 1262.1068006991845 0.007352941176470588 1.1678816289331393 1467.541935820193 0.015625 swap_t 100 912.6217978000641 0.0 18.64105547526463 0.0 20.37930526748371 22.071346905172458 1.0 17.40859620379706
1.0409123651535506 1262.1068006991845 0.007352941176470588 1.1556287964472762 1451.3514794107443 0.02395833333333333 swap_t 100 927.5427086353302 0.0 18.64105547526463 0.0 20.37930526748371 22.880633436120732 1.0 17.40859620379706
1.0409123651535506 1262.1068006991845 0.007352941176470588 1.1526196062869363 1446.560667062173 0.02395833333333333 swap_t 100 950.138017654419 0.0 18.64105547526463 0.0 20.37930526748371 23.681827101759524 1.0 17.40859620379706
1.0409123651535506 1262.1068006991845 0.007352941176470588 1.151720075485951 1442.0190668609941 0.01614583333333333 move_t 100 967.5420100688934 0.0 19.45464492051198 0.0 20.37930526748371 23.681827101759524 1.0 17.40859620379706
1.0409123651535506 1262.1068006991845 0.007352941176470588 1.1465117421526174 1442.0190668609941 0.03697916666666667 t_multiswap_k 100 969.1064326763153 0.0 19.45464492051198 0.0 20.37930526748371 23.681827101759524 1.0 18.23451024175909
1.0409123651535506 1262.1068006991845 0.007352941176470588 1.1465117421526174 1442.0190668609941 0.03697916666666667 f_swap_t 100 983.0299935340881 0.0 19.45464492051198 0.0 21.175512214808872 23.681827101759524 1.0 18.23451024175909
1.0409123651535506 1262.1068006991845 0.007352941176470588 1.1465117421526174 1442.0190668609941 0.03697916666666667 t_multiswap_k 100 984.3019201755524 0.0 19.45464492051198 0.0 21.175512214808872 23.681827101759524 1.0 19.052165139341497
1.0409123651535506 1262.1068006991845 0.007352941176470588 1.1420867102585477 1438.0836418989204 0.04479166666666666 move_t 100 1007.1510360240936 0.0 20.290098471306862 0.0 21.175512214808872 23.681827101759524 1.0 19.052165139341497
1.0409123651535506 1262.1068006991845 0.007352941176470588 1.1382689515227893 1432.0055395788359 0.04479166666666666 f_swap_t 100 1028.3291800022125 0.0 20.290098471306862 0.0 21.963757092660785 23.681827101759524 1.0 19.052165139341497
1.0409123651535506 1262.1068006991845 0.007352941176470588 1.155564836686981 1462.6511254935422 0.05260416666666666 move_t 100 1039.0139555931091 0.0 21.257197486593792 0.0 21.963757092660785 23.681827101759524 1.0 19.052165139341497
1.0409123651535506 1262.1068006991845 0.007352941176470588 1.1430725975498428 1436.5437410910752 0.03697916666666667 move_t 100 1054.7600038051605 0.0 22.244625511727854 0.0 21.963757092660785 23.681827101759524 1.0 19.052165139341497
1.0409123651535506 1262.1068006991845 0.007352941176470588 1.1169189686115522 1404.2340640045252 0.06041666666666666 swap_t 100 1079.768898010254 0.0 22.244625511727854 0.0 21.963757092660785 24.475008830741928 1.0 19.052165139341497
1.0409123651535506 1262.1068006991845 0.007352941176470588 1.1252480795806323 1411.2755255997242 0.04479166666666666 swap_t 100 1108.0700478553772 0.0 22.244625511727854 0.0 21.963757092660785 25.390258742434508 1.0 19.052165139341497
1.0409123651535506 1262.1068006991845 0.007352941176470588 1.115972836185097 1396.5087783263257 0.04479166666666666 swap_t 100 1128.7616424560547 0.0 22.244625511727854 0.0 21.963757092660785 26.136356155010162 1.0 19.052165139341497
1.0409123651535506 1262.1068006991845 0.007352941176470588 1.1913813408604401 1501.8454026071577 0.0078125 swap_t 100 1161.1202561855316 0.0 22.244625511727854 0.0 21.963757092660785 27.02499259346006 1.0 19.052165139341497
1.0409123651535506 1262.1068006991845 0.007352941176470588 1.2542836123284378 1598.880122241089 0.0 swap_t 100 1193.3341841697693 0.0 22.244625511727854 0.0 21.963757092660785 27.944742667525457 1.0 19.052165139341497
1.0409123651535506 1262.1068006991845 0.007352941176470588 1.174357941629432 1471.633630743392 0.0 swap_t 100 1214.2949469089508 0.0 22.244625511727854 0.0 21.963757092660785 28.7952952408502 1.0 19.052165139341497
1.0409123651535506 1262.1068006991845 0.007352941176470588 1.1274471355636801 1396.9487962841913 0.0 swap_t 100 1245.235416650772 0.0 22.244625511727854 0.0 21.963757092660785 29.5973422884417 1.0 19.052165139341497
1.0409123651535506 1262.1068006991845 0.007352941176470588 1.154884640873647 1443.5575422013246 0.007352941176470588 swap_t 100 1273.460607290268 0.0 22.244625511727854 0.0 21.963757092660785 30.481368865557283 1.0 19.052165139341497
1.0409123651535506 1262.1068006991845 0.007352941176470588 1.1279768839511917 1400.7187692199936 0.007352941176470588 move_t 100 1296.577730178833 0.0 23.142179256610575 0.0 21.963757092660785 30.481368865557283 1.0 19.052165139341497
1.0409123651535506 1262.1068006991845 0.007352941176470588 1.1166450272916482 1382.677769507749 0.007352941176470588 move_t 100 1326.9298160076141 0.0 23.970757464044468 0.0 21.963757092660785 30.481368865557283 1.0 19.052165139341497
1.0409123651535506 1262.1068006991845 0.007352941176470588 1.1104841546206186 1372.869288389025 0.007352941176470588 f_swap_t 100 1345.6110670566559 0.0 23.970757464044468 0.0 22.784119521734176 30.481368865557283 1.0 19.052165139341497
1.0409123651535506 1262.1068006991845 0.007352941176470588 1.0845730562244111 1331.6172559326985 0.007352941176470588 move_t 100 1366.009289741516 0.0 24.821049889404023 0.0 22.784119521734176 30.481368865557283 1.0 19.052165139341497
1.0409123651535506 1262.1068006991845 0.007352941176470588 1.0797860299876723 1323.9960212529625 0.007352941176470588 t_multiswap_k 100 1366.5019254684448 0.0 24.821049889404023 0.0 22.784119521734176 30.481368865557283 1.0 19.861643487948083
1.0409123651535506 1262.1068006991845 0.007352941176470588 1.1579730255926035 1445.5478555357936 0.0 f_swap_t 100 1381.0710377693176 0.0 24.821049889404023 0.0 23.666278326516835 30.481368865557283 1.0 19.861643487948083
1.0409123651535506 1262.1068006991845 0.007352941176470588 1.1540261260035427 1439.2641531832285 0.0 t_multiswap_k 100 1381.8360850811005 0.0 24.821049889404023 0.0 23.666278326516835 30.481368865557283 1.0 20.663027053068603
1.0409123651535506 1262.1068006991845 0.007352941176470588 1.1782826937835373 1477.882073042846 0.0 swap_t 100 1397.645842075348 0.0 24.821049889404023 0.0 23.666278326516835 31.35655517690171 1.0 20.663027053068603
1.0409123651535506 1262.1068006991845 0.007352941176470588 1.1703595005621314 1465.2678712467919 0.0 f_swap_t 100 1408.9459714889526 0.0 24.821049889404023 0.0 24.47961554325167 31.35655517690171 1.0 20.663027053068603
1.0409123651535506 1262.1068006991845 0.007352941176470588 1.1363928815162734 1411.190963742304 0.0 swap_t 100 1419.4286181926727 0.0 24.821049889404023 0.0 24.47961554325167 32.10298962513269 1.0 20.663027053068603
1.0409123651535506 1262.1068006991845 0.007352941176470588 1.1248951072759374 1392.8858132278328 0.0 t_multiswap_k 100 1420.2642624378204 0.0 24.821049889404023 0.0 24.47961554325167 32.10298962513269 1.0 21.45639678253792
1.0409123651535506 1262.1068006991845 0.007352941176470588 1.1240171912992354 1391.4881180081604 0.0 t_multiswap_k 100 1421.4187083244324 0.0 24.821049889404023 0.0 24.47961554325167 32.10298962513269 1.0 22.241832814712538
1.0409123651535506 1262.1068006991845 0.007352941176470588 1.1352306703844928 1409.3406534777137 0.0 f_swap_t 100 1439.5612335205078 0.0 24.821049889404023 0.0 25.334819387819152 32.10298962513269 1.0 22.241832814712538
1.0409123651535506 1262.1068006991845 0.007352941176470588 1.126508863398138 1395.4550103692152 0.0 move_t 100 1449.927677154541 0.0 25.60283939050998 0.0 25.334819387819152 32.10298962513269 1.0 22.241832814712538
1.0409123651535506 1262.1068006991845 0.007352941176470588 1.1151683590183097 1377.4002429643622 0.0 f_swap_t 100 1464.5245525836945 0.0 25.60283939050998 0.0 26.24147119394096 32.10298962513269 1.0 22.241832814712538
1.0409123651535506 1262.1068006991845 0.007352941176470588 1.0935385364648749 1342.9642600370823 0.0 f_swap_t 100 1481.5776586532593 0.0 25.60283939050998 0.0 27.00905648200155 32.10298962513269 1.0 22.241832814712538
1.0409123651535506 1262.1068006991845 0.007352941176470588 1.0693593326456958 1304.4695082722212 0.0 swap_t 100 1497.4510686397552 0.0 25.60283939050998 0.0 27.00905648200155 32.871959728881365 1.0 22.241832814712538
1.0409123651535506 1262.1068006991845 0.007352941176470588 1.0693593326456958 1304.4695082722212 0.0 move_t 100 1516.6148881912231 0.0 26.386810996604883 0.0 27.00905648200155 32.871959728881365 1.0 22.241832814712538
1.0409123651535506 1262.1068006991845 0.007352941176470588 1.0685316730632537 1303.151824265329 0.0 move_t 100 1541.7833392620087 0.0 27.262942886638832 0.0 27.00905648200155 32.871959728881365 1.0 22.241832814712538
1.0409123651535506 1262.1068006991845 0.007352941176470588 1.1055353169725848 1368.2828443991414 0.015625 swap_t 100 1567.1167459487915 0.0 27.262942886638832 0.0 27.00905648200155 33.69324013159255 1.0 22.241832814712538
1.0409123651535506 1262.1068006991845 0.007352941176470588 1.0702969784161647 1312.1812826818964 0.015625 move_t 100 1594.3063745498657 0.0 28.110313457772445 0.0 27.00905648200155 33.69324013159255 1.0 22.241832814712538
1.0409123651535506 1262.1068006991845 0.007352941176470588 1.110733607784508 1376.5588371035753 0.015625 swap_t 100 1611.6265902519226 0.0 28.110313457772445 0.0 27.00905648200155 34.436307730276624 1.0 22.241832814712538
1.0409123651535506 1262.1068006991845 0.007352941176470588 1.0871949996942087 1342.9110205568672 0.025240384615384616 swap_t 100 1635.1823573112488 0.0 28.110313457772445 0.0 27.00905648200155 35.24194465297386 1.0 22.241832814712538
1.0409123651535506 1262.1068006991845 0.007352941176470588 1.0861484524727252 1335.02586846466 0.009615384615384616 t_multiswap_k 100 1636.2772564888 0.0 28.110313457772445 0.0 27.00905648200155 35.24194465297386 1.0 23.019414486565413
1.0409123651535506 1262.1068006991845 0.007352941176470588 1.085821095236819 1334.5046959881438 0.009615384615384616 move_t 100 1650.9335079193115 0.0 28.88921032319472 0.0 27.00905648200155 35.24194465297386 1.0 23.019414486565413
1.0409123651535506 1262.1068006991845 0.007352941176470588 1.0601562318639752 1293.6446845500068 0.009615384615384616 f_swap_t 100 1671.971661567688 0.0 28.88921032319472 0.0 27.888965917181537 35.24194465297386 1.0 23.019414486565413
1.0401497196112088 1264.9026024695827 0.017427884615384616 1.0401497196112088 1264.9026024695827 0.017427884615384616 f_swap_t 63 1684.050763130188 0.0 28.88921032319472 0.0 28.81136328357548 35.24194465297386 1.0 23.019414486565413
1.031325242297088 1250.8535020028303 0.017427884615384616 1.031325242297088 1250.8535020028303 0.017427884615384616 f_swap_t 95 1711.4743254184723 0.0 28.88921032319472 0.0 29.581769985853633 35.24194465297386 1.0 23.019414486565413
1.0295254103371452 1247.9880608975482 0.017427884615384616 1.0295254103371452 1247.9880608975482 0.017427884615384616 f_swap_t 31 1722.188622713089 0.0 28.88921032319472 0.0 29.85332579276158 35.24194465297386 1.0 23.019414486565413
1.0245897096173122 1237.0206345910622 0.009615384615384616 1.0245897096173122 1237.0206345910622 0.009615384615384616 swap_t 23 1726.1523220539093 0.0 28.88921032319472 0.0 29.85332579276158 35.014034015888036 1.0 23.019414486565413
1.0245897096173122 1237.0206345910622 0.009615384615384616 1.1650708198471778 1460.6750405174178 0.009615384615384616 swap_t 100 1748.587834596634 0.0 28.88921032319472 0.0 29.85332579276158 35.82389367572915 1.0 23.019414486565413
1.0245897096173122 1237.0206345910622 0.009615384615384616 1.124912988711483 1396.7413497083935 0.009615384615384616 t_multiswap_k 100 1749.484664440155 0.0 28.88921032319472 0.0 29.85332579276158 35.82389367572915 1.0 23.78922034169976
1.0245897096173122 1237.0206345910622 0.009615384615384616 1.1162919046938669 1383.0160636450485 0.009615384615384616 t_multiswap_k 100 1750.4060335159302 0.0 28.88921032319472 0.0 29.85332579276158 35.82389367572915 1.0 24.551328138282763
1.0245897096173122 1237.0206345910622 0.009615384615384616 1.1161791524836007 1382.836555321384 0.009615384615384616 t_multiswap_k 100 1752.0757281780243 0.0 28.88921032319472 0.0 29.85332579276158 35.82389367572915 1.0 25.305814856899936
1.0245897096173122 1237.0206345910622 0.009615384615384616 1.1324957091193784 1408.8134982368217 0.009615384615384616 f_swap_t 100 1770.330777168274 0.0 28.88921032319472 0.0 30.634792534833966 35.82389367572915 1.0 25.305814856899936
1.0245897096173122 1237.0206345910622 0.009615384615384616 1.218795438533528 1546.2078759018664 0.009615384615384616 f_swap_t 100 1790.8058862686157 0.0 28.88921032319472 0.0 31.518444609485627 35.82389367572915 1.0 25.305814856899936
1.0245897096173122 1237.0206345910622 0.009615384615384616 1.114339811046381 1379.9082127437657 0.009615384615384616 f_swap_t 100 1807.5720920562744 0.0 28.88921032319472 0.0 32.38326016339077 35.82389367572915 1.0 25.305814856899936
1.0245897096173122 1237.0206345910622 0.009615384615384616 1.106398490783794 1367.2651516041326 0.009615384615384616 t_multiswap_k 100 1808.3387916088104 0.0 28.88921032319472 0.0 32.38326016339077 35.82389367572915 1.0 26.052756708330936
1.0245897096173122 1237.0206345910622 0.009615384615384616 1.1064492209023473 1371.172985170554 0.019230769230769232 f_swap_t 100 1832.0956184864044 0.0 28.88921032319472 0.0 33.23942756175686 35.82389367572915 1.0 26.052756708330936
1.0245897096173122 1237.0206345910622 0.009615384615384616 1.0864377902846236 1339.3135798795502 0.019230769230769232 swap_t 100 1854.6750452518463 0.0 28.88921032319472 0.0 33.23942756175686 36.52565473897186 1.0 26.052756708330936
1.0245897096173122 1237.0206345910622 0.009615384615384616 1.0726745354760998 1317.4016475722337 0.019230769230769232 move_t 100 1879.5734622478485 0.0 29.690318219962773 0.0 33.23942756175686 36.52565473897186 1.0 26.052756708330936
1.0245897096173122 1237.0206345910622 0.009615384615384616 1.0666742340572242 1307.8488055778773 0.019230769230769232 t_multiswap_k 100 1880.3073456287384 0.0 29.690318219962773 0.0 33.23942756175686 36.52565473897186 1.0 26.792229141247628
1.0245897096173122 1237.0206345910622 0.009615384615384616 1.0666742340572242 1307.8488055778773 0.019230769230769232 t_multiswap_k 100 1881.16038107872 0.0 29.690318219962773 0.0 33.23942756175686 36.52565473897186 1.0 27.524306849835153
1.0245897096173122 1237.0206345910622 0.009615384615384616 1.056374511991563 1291.4510264313944 0.019230769230769232 move_t 100 1903.2435059547424 0.0 30.513415037763146 0.0 33.23942756175686 36.52565473897186 1.0 27.524306849835153
1.0245897096173122 1237.0206345910622 0.009615384615384616 1.058232274258843 1294.4086960822183 0.019230769230769232 move_t 100 1916.6868097782135 0.0 31.428280887385515 0.0 33.23942756175686 36.52565473897186 1.0 27.524306849835153
1.0245897096173122 1237.0206345910622 0.009615384615384616 1.0358306403270163 1258.7439428594946 0.019230769230769232 swap_t 100 1935.9801869392395 0.0 31.428280887385515 0.0 33.23942756175686 37.22039819158214 1.0 27.524306849835153
1.0245897096173122 1237.0206345910622 0.009615384615384616 1.028150349169579 1246.5164558091187 0.019230769230769232 f_swap_t 100 1967.3306415081024 0.0 31.428280887385515 0.0 33.907033286139296 37.22039819158214 1.0 27.524306849835153
1.0245897096173122 1237.0206345910622 0.009615384615384616 1.0641947976076442 1303.9013931090008 0.019230769230769232 move_t 100 1986.2023692131042 0.0 32.32399807851166 0.0 33.907033286139296 37.22039819158214 1.0 27.524306849835153
1.0245897096173122 1237.0206345910622 0.009615384615384616 1.0334515519125822 1257.882872049904 0.02658371040723982 swap_t 100 2007.8649060726166 0.0 32.32399807851166 0.0 33.907033286139296 37.93819420966632 1.0 27.524306849835153
1.0245897096173122 1237.0206345910622 0.009615384615384616 1.026598680119217 1246.9726865642779 0.02658371040723982 swap_t 100 2026.184422492981 0.0 32.32399807851166 0.0 33.907033286139296 38.68881226756966 1.0 27.524306849835153
1.0231934963332998 1238.624846933389 0.019230769230769232 1.0231934963332998 1238.624846933389 0.019230769230769232 f_swap_t 2 2028.7989749908447 0.0 32.32399807851166 0.0 21.453516643069648 38.68881226756966 1.0 27.524306849835153
1.020994181567977 1235.123405092002 0.019230769230769232 1.020994181567977 1235.123405092002 0.019230769230769232 f_swap_t 86 2052.610608100891 0.0 32.32399807851166 0.0 22.28545249605721 38.68881226756966 1.0 27.524306849835153
1.0131292956686941 1228.821017825243 0.03485576923076923 1.0131292956686941 1228.821017825243 0.03485576923076923 f_swap_t 6 2054.626727581024 0.0 32.32399807851166 0.0 20.737877080047674 38.68881226756966 1.0 27.524306849835153
1.0127608984511862 1222.0155214676752 0.019230769230769232 1.0127608984511862 1222.0155214676752 0.019230769230769232 t_multiswap_k 100 2055.504024028778 0.0 32.32399807851166 0.0 20.737877080047674 38.68881226756966 1.0 28.2490637813368
1.0063443421278293 1211.7999765431996 0.019230769230769232 1.0063443421278293 1211.7999765431996 0.019230769230769232 f_swap_t 16 2062.6519389152527 0.0 32.32399807851166 0.0 20.879259762544695 38.68881226756966 1.0 28.2490637813368
1.00624926891717 1211.6486142538872 0.019230769230769232 1.00624926891717 1211.6486142538872 0.019230769230769232 t_multiswap_k 100 2064.261161804199 0.0 32.32399807851166 0.0 20.879259762544695 38.68881226756966 1.0 28.966573143523433
1.0062342716334909 1217.8437234266012 0.03485576923076923 1.0062342716334909 1217.8437234266012 0.03485576923076923 f_swap_t 82 2085.8985641002655 0.0 32.32399807851166 0.0 21.71000049714781 38.68881226756966 1.0 28.966573143523433
1.0062342716334909 1217.8437234266012 0.03485576923076923 1.0062342716334909 1217.8437234266012 0.03485576923076923 t_multiswap_k 100 2086.72487950325 0.0 32.32399807851166 0.0 21.71000049714781 38.68881226756966 1.0 29.676907412088198
1.0062342716334909 1217.8437234266012 0.03485576923076923 1.0062342716334909 1217.8437234266012 0.03485576923076923 t_multiswap_k 100 2087.3491179943085 0.0 32.32399807851166 0.0 21.71000049714781 38.68881226756966 1.0 30.380138337967317
1.0062342716334909 1217.8437234266012 0.03485576923076923 1.0062342716334909 1217.8437234266012 0.03485576923076923 t_multiswap_k 100 2088.221074104309 0.0 32.32399807851166 0.0 21.71000049714781 38.68881226756966 1.0 31.076336954587642
1.0062342716334909 1217.8437234266012 0.03485576923076923 1.0062342716334909 1217.8437234266012 0.03485576923076923 t_multiswap_k 100 2089.209247112274 0.0 32.32399807851166 0.0 21.71000049714781 38.68881226756966 1.0 31.765573585041764
1.0062342716334909 1217.8437234266012 0.03485576923076923 1.0062342716334909 1217.8437234266012 0.03485576923076923 t_multiswap_k 100 2090.0319406986237 0.0 32.32399807851166 0.0 21.71000049714781 38.68881226756966 1.0 32.44791784919135
1.0052338339576796 1216.2509662674088 0.03485576923076923 1.0052338339576796 1216.2509662674088 0.03485576923076923 move_t 15 2094.6219692230225 0.0 31.635731539944214 0.0 21.71000049714781 38.68881226756966 1.0 32.44791784919135
1.003240570541969 1216.0041521414382 0.04220871040723982 1.003240570541969 1216.0041521414382 0.04220871040723982 swap_t 29 2101.2343130111694 0.0 31.635731539944214 0.0 21.71000049714781 38.596094603170705 1.0 32.44791784919135
1.003240570541969 1216.0041521414382 0.04220871040723982 1.019235361537506 1227.5957026727167 0.007352941176470588 swap_t 100 2122.5762560367584 0.0 31.635731539944214 0.0 21.71000049714781 39.430133657138995 1.0 32.44791784919135
1.003240570541969 1216.0041521414382 0.04220871040723982 1.0064958095779355 1207.3135670843553 0.007352941176470588 swap_t 100 2147.5745918750763 0.0 31.635731539944214 0.0 21.71000049714781 40.1258323205676 1.0 32.44791784919135
1.0030168125662322 1201.7747938742139 0.007352941176470588 1.0030168125662322 1201.7747938742139 0.007352941176470588 swap_t 74 2163.9265942573547 0.0 31.635731539944214 0.0 21.71000049714781 40.67818593785723 1.0 32.44791784919135
0.9988876875769334 1198.1275592176814 0.014705882352941176 0.9988876875769334 1198.1275592176814 0.014705882352941176 f_swap_t 20 2169.1737534999847 0.0 31.635731539944214 0.0 21.97450047229042 40.67818593785723 1.0 32.44791784919135
0.9931890653358946 1189.05500868165 0.014705882352941176 0.9931890653358946 1189.05500868165 0.014705882352941176 move_t 4 2171.1865944862366 0.0 26.47679865495816 0.0 21.97450047229042 40.67818593785723 1.0 32.44791784919135
0.9931890653358946 1189.05500868165 0.014705882352941176 0.9931890653358946 1189.05500868165 0.014705882352941176 t_multiswap_k 100 2172.165450811386 0.0 26.47679865495816 0.0 21.97450047229042 40.67818593785723 1.0 33.123438670699436
0.9910854469078598 1185.7059211847757 0.014705882352941176 0.9910854469078598 1185.7059211847757 0.014705882352941176 swap_t 48 2186.0344727039337 0.0 26.47679865495816 0.0 21.97450047229042 40.97655706415187 1.0 33.123438670699436
0.9910854469078598 1185.7059211847757 0.014705882352941176 1.037940807255238 1254.449319651936 0.0 swap_t 100 2202.685417175293 0.0 26.47679865495816 0.0 21.97450047229042 41.58679149351035 1.0 33.123438670699436
0.9910854469078598 1185.7059211847757 0.014705882352941176 1.0066758697143212 1204.67365215759 0.0 t_multiswap_k 100 2203.2887375354767 0.0 26.47679865495816 0.0 21.97450047229042 41.58679149351035 1.0 33.79220428399244
0.9910854469078598 1185.7059211847757 0.014705882352941176 1.0515054908768107 1276.045114645282 0.0 swap_t 100 2230.787836074829 0.0 26.47679865495816 0.0 21.97450047229042 42.24092357857524 1.0 33.79220428399244
0.9910854469078598 1185.7059211847757 0.014705882352941176 1.0536588143101595 1279.4733355104568 0.0 f_swap_t 100 2250.7355110645294 0.0 26.47679865495816 0.0 22.824755467567513 42.24092357857524 1.0 33.79220428399244
0.9910854469078598 1185.7059211847757 0.014705882352941176 1.0583065397597036 1286.8727949297743 0.0 f_swap_t 100 2267.900299310684 0.0 26.47679865495816 0.0 23.67650791289184 42.24092357857524 1.0 33.79220428399244
0.9910854469078598 1185.7059211847757 0.014705882352941176 1.0583065397597033 1286.872794929774 0.0 t_multiswap_k 100 2269.0126264095306 0.0 26.47679865495816 0.0 23.67650791289184 42.24092357857524 1.0 34.45428224115251
0.9910854469078598 1185.7059211847757 0.014705882352941176 1.0570152662302714 1284.8170095388343 0.0 move_t 100 2285.060418844223 0.0 27.242030668408578 0.0 23.67650791289184 42.24092357857524 1.0 34.45428224115251
0.9910854469078598 1185.7059211847757 0.014705882352941176 1.0490140664648868 1272.078616616846 0.0 f_swap_t 100 2305.959852218628 0.0 27.242030668408578 0.0 24.539742833762922 42.24092357857524 1.0 34.45428224115251
0.9910854469078598 1185.7059211847757 0.014705882352941176 1.0379014951932763 1254.3867324766968 0.0 t_multiswap_k 100 2307.2723009586334 0.0 27.242030668408578 0.0 24.539742833762922 42.24092357857524 1.0 35.109739418740986
0.9910854469078598 1185.7059211847757 0.014705882352941176 1.0853356712055142 1329.9048034775894 0.0 move_t 100 2327.2640891075134 0.0 28.159610361724493 0.0 24.539742833762922 42.24092357857524 1.0 35.109739418740986
0.9910854469078598 1185.7059211847757 0.014705882352941176 1.0769520535603694 1316.5575782110004 0.0 move_t 100 2344.1035616397858 0.0 29.18801425810725 0.0 24.539742833762922 42.24092357857524 1.0 35.109739418740986
0.9910854469078598 1185.7059211847757 0.014705882352941176 1.0662820772848158 1299.570332016459 0.0 f_swap_t 100 2370.34264588356 0.0 29.18801425810725 0.0 25.454345405425293 42.24092357857524 1.0 35.109739418740986
0.9910854469078598 1185.7059211847757 0.014705882352941176 1.0488715435301208 1271.8517115030281 0.0 f_swap_t 100 2388.9713866710663 0.0 29.18801425810725 0.0 26.26980195137104 42.24092357857524 1.0 35.109739418740986
0.9910854469078598 1185.7059211847757 0.014705882352941176 1.1545352156632551 1443.184147523251 0.0078125 swap_t 100 2421.489179134369 0.0 29.18801425810725 0.0 26.26980195137104 43.06851434278949 1.0 35.109739418740986
0.9910854469078598 1185.7059211847757 0.014705882352941176 1.12051055833245 1389.014839566349 0.0078125 move_t 100 2449.734527826309 0.0 29.926134115526175 0.0 26.26980195137104 43.06851434278949 1.0 35.109739418740986
0.9910854469078598 1185.7059211847757 0.014705882352941176 1.114350365616101 1379.2074409765135 0.0078125 t_swap_r_k 100 2450.7691037654877 0.0 29.926134115526175 0.0 26.26980195137104 43.06851434278949 1.99 35.109739418740986
0.9910854469078598 1185.7059211847757 0.014705882352941176 1.119909443826139 1388.0578289933067 0.0078125 f_swap_t 100 2472.7391707897186 0.0 29.926134115526175 0.0 27.16710393185733 43.06851434278949 1.99 35.109739418740986
0.9910854469078598 1185.7059211847757 0.014705882352941176 1.1104152948420614 1372.9425708113654 0.0078125 f_swap_t 100 2503.758730173111 0.0 29.926134115526175 0.0 28.005432892538757 43.06851434278949 1.99 35.109739418740986
0.9910854469078598 1185.7059211847757 0.014705882352941176 1.0747259491257546 1316.1229784759971 0.0078125 move_t 100 2529.259654045105 0.0 30.836872774370914 0.0 28.005432892538757 43.06851434278949 1.99 35.109739418740986
0.9910854469078598 1185.7059211847757 0.014705882352941176 1.070392287868016 1309.223528204714 0.0078125 t_multiswap_k 100 2529.8655095100403 0.0 30.836872774370914 0.0 28.005432892538757 43.06851434278949 1.99 35.75864202455357
0.9910854469078598 1185.7059211847757 0.014705882352941176 1.1115007536310073 1374.6706867139378 0.0078125 swap_t 100 2550.9781770706177 0.0 30.836872774370914 0.0 28.005432892538757 43.687829199361595 1.99 35.75864202455357
0.9910854469078598 1185.7059211847757 0.014705882352941176 1.0946791959600752 1347.8897516722639 0.0078125 f_swap_t 100 2578.703756570816 0.0 30.836872774370914 0.0 28.75537856361337 43.687829199361595 1.99 35.75864202455357
0.9910854469078598 1185.7059211847757 0.014705882352941176 1.0826153029624939 1328.6833059293574 0.0078125 move_t 100 2598.5836083889008 0.0 31.708504046627205 0.0 28.75537856361337 43.687829199361595 1.99 35.75864202455357
0.9910854469078598 1185.7059211847757 0.014705882352941176 1.082116327452632 1324.779413926315 0.0 swap_t 100 2628.9164452552795 0.0 31.708504046627205 0.0 28.75537856361337 44.43095090736798 1.99 35.75864202455357
0.9910854469078598 1185.7059211847757 0.014705882352941176 1.057905634498302 1289.3440224345636 0.0078125 f_swap_t 100 2650.021563053131 0.0 31.708504046627205 0.0 29.467824777977235 44.43095090736798 1.99 35.75864202455357
0.9910854469078598 1185.7059211847757 0.014705882352941176 1.0560626500085661 1286.409879897472 0.0078125 move_t 100 2674.2013630867004 0.0 32.42141900616093 0.0 29.467824777977235 44.43095090736798 1.99 35.75864202455357
0.9910854469078598 1185.7059211847757 0.014705882352941176 1.0560626500085661 1286.409879897472 0.0078125 swap_t 100 2688.699744462967 0.0 32.42141900616093 0.0 29.467824777977235 44.986641398294296 1.99 35.75864202455357
0.9910854469078598 1185.7059211847757 0.014705882352941176 1.0506622486556074 1277.8121150137551 0.0078125 swap_t 100 2709.2953658103943 0.0 32.42141900616093 0.0 29.467824777977235 45.56677498431135 1.99 35.75864202455357
0.9910854469078598 1185.7059211847757 0.014705882352941176 1.0446749198908394 1265.1704333909447 0.0 swap_t 100 2722.2617835998535 0.0 32.42141900616093 0.0 29.467824777977235 46.14110723446824 1.99 35.75864202455357
0.9910854469078598 1185.7059211847757 0.014705882352941176 1.0430164063188279 1265.639472564952 0.0078125 swap_t 100 2740.1824600696564 0.0 32.42141900616093 0.0 29.467824777977235 46.70969616212356 1.99 35.75864202455357
0.9910854469078598 1185.7059211847757 0.014705882352941176 1.0928204056312438 1344.930445285404 0.0078125 swap_t 100 2765.1301653385162 0.0 32.42141900616093 0.0 29.467824777977235 47.432599200502324 1.99 35.75864202455357
0.9910854469078598 1185.7059211847757 0.014705882352941176 1.0596479899132478 1292.1179574113348 0.0078125 swap_t 100 2781.8577580451965 0.0 32.42141900616093 0.0 29.467824777977235 48.0182732084973 1.99 35.75864202455357
0.9910854469078598 1185.7059211847757 0.014705882352941176 1.0482481978346156 1273.9688004118025 0.0078125 t_multiswap_k 100 2782.5151386260986 0.0 32.42141900616093 0.0 29.467824777977235 48.0182732084973 1.99 36.401055604308034
0.9910854469078598 1185.7059211847757 0.014705882352941176 1.0482481978346156 1273.9688004118025 0.0078125 t_multiswap_k 100 2783.2058148384094 0.0 32.42141900616093 0.0 29.467824777977235 48.0182732084973 1.99 37.03704504826496
0.9910854469078598 1185.7059211847757 0.014705882352941176 1.0482481978346156 1273.9688004118025 0.0078125 t_multiswap_k 100 2783.5729491710663 0.0 32.42141900616093 0.0 29.467824777977235 48.0182732084973 1.99 37.66667459778231
0.9910854469078598 1185.7059211847757 0.014705882352941176 1.0482481978346156 1273.9688004118025 0.0078125 swap_t 100 2794.561139345169 0.0 32.42141900616093 0.0 29.467824777977235 48.53809047641233 1.99 37.66667459778231
0.9910854469078598 1185.7059211847757 0.014705882352941176 1.0482481978346156 1273.9688004118025 0.0078125 move_t 100 2811.731840133667 0.0 33.09720481609932 0.0 29.467824777977235 48.53809047641233 1.99 37.66667459778231
0.9910854469078598 1185.7059211847757 0.014705882352941176 1.0460226035044795 1270.4255199171853 0.0078125 swap_t 100 2831.108780860901 0.0 33.09720481609932 0.0 29.467824777977235 49.242709571648206 1.99 37.66667459778231
0.9910854469078598 1185.7059211847757 0.014705882352941176 1.0297218543370814 1247.5832363221639 0.015625 f_swap_t 100 2851.798532485962 0.0 33.09720481609932 0.0 30.233146530197462 49.242709571648206 1.99 37.66667459778231
0.9910854469078598 1185.7059211847757 0.014705882352941176 1.0419136275404042 1263.88378219382 0.0078125 f_swap_t 100 2872.6924827098846 0.0 33.09720481609932 0.0 31.000815064895487 49.242709571648206 1.99 37.66667459778231
0.9910854469078598 1185.7059211847757 0.014705882352941176 1.0134619838983534 1218.5870483768742 0.0078125 move_t 100 2886.4322175979614 0.0 33.916232767938325 0.0 31.000815064895487 49.242709571648206 1.99 37.66667459778231
0.9910854469078598 1185.7059211847757 0.014705882352941176 1.0408659997489103 1262.215895522401 0.0078125 swap_t 100 2903.6145746707916 0.0 33.916232767938325 0.0 31.000815064895487 49.85028247593172 1.99 37.66667459778231
0.9910854469078598 1185.7059211847757 0.014705882352941176 1.04483749374287 1268.5387536519088 0.0078125 swap_t 100 2925.4282188415527 0.0 33.916232767938325 0.0 31.000815064895487 50.361779651172405 1.99 37.66667459778231
0.9910854469078598 1185.7059211847757 0.014705882352941176 1.0226162882357621 1233.1612533707134 0.0078125 swap_t 100 2947.3170623779297 0.0 33.916232767938325 0.0 31.000815064895487 50.978161854660684 1.99 37.66667459778231
0.9910854469078598 1185.7059211847757 0.014705882352941176 1.0280514730109314 1241.8143955618693 0.0078125 swap_t 100 2968.080860376358 0.0 33.916232767938325 0.0 31.000815064895487 51.56838023611407 1.99 37.66667459778231
0.9910854469078598 1185.7059211847757 0.014705882352941176 1.1218116925614947 1391.0863237861938 0.0078125 f_swap_t 100 2989.808964729309 0.0 33.916232767938325 0.0 31.910806914246532 51.56838023611407 1.99 37.66667459778231
0.9910854469078598 1185.7059211847757 0.014705882352941176 1.0591211351098142 1294.8328789118952 0.016741071428571428 move_t 100 3007.2374482154846 0.0 34.90707044025894 0.0 31.910806914246532 51.56838023611407 1.99 37.66667459778231
0.9910854469078598 1185.7059211847757 0.014705882352941176 1.0759422749695975 1318.5036558962738 0.008928571428571428 swap_t 100 3038.274941444397 0.0 34.90707044025894 0.0 31.910806914246532 52.36269643375293 1.99 37.66667459778231
0.9910854469078598 1185.7059211847757 0.014705882352941176 1.0446443368382248 1271.7849423469713 0.016741071428571428 swap_t 100 3051.5948333740234 0.0 34.90707044025894 0.0 31.910806914246532 52.9690694694154 1.99 37.66667459778231
0.9910854469078598 1185.7059211847757 0.014705882352941176 1.0220169767642373 1235.7608194827037 0.016741071428571428 f_swap_t 100 3070.326651573181 0.0 34.90707044025894 0.0 32.651698845104065 52.9690694694154 1.99 37.66667459778231
0.9910854469078598 1185.7059211847757 0.014705882352941176 1.014447233700146 1220.599838792101 0.008928571428571428 t_multiswap_k 100 3070.829741716385 0.0 34.90707044025894 0.0 32.651698845104065 52.9690694694154 1.99 38.29000785180449
0.9910854469078598 1185.7059211847757 0.014705882352941176 1.014447233700146 1220.599838792101 0.008928571428571428 swap_t 100 3088.2269909381866 0.0 34.90707044025894 0.0 32.651698845104065 53.43937877472125 1.99 38.29000785180449
0.9910854469078598 1185.7059211847757 0.014705882352941176 1.0125804928486153 1217.6278746932667 0.008928571428571428 move_t 100 3101.598261117935 0.0 35.61799973585635 0.0 32.651698845104065 53.43937877472125 1.99 38.29000785180449
0.9910854469078598 1185.7059211847757 0.014705882352941176 1.0026854339710278 1204.9838366415186 0.016741071428571428 move_t 100 3111.7373712062836 0.0 36.35181973849779 0.0 32.651698845104065 53.43937877472125 1.99 38.29000785180449
0.9910854469078598 1185.7059211847757 0.014705882352941176 1.0007857441629537 1201.9594158153025 0.016741071428571428 swap_t 100 3134.6302127838135 0.0 36.35181973849779 0.0 32.651698845104065 53.93498498697404 1.99 38.29000785180449
0.9910854469078598 1185.7059211847757 0.014705882352941176 0.9922357257948287 1184.7935644101303 0.0078125 swap_t 100 3147.669492959976 0.0 36.35181973849779 0.0 32.651698845104065 54.425635137104294 1.99 38.29000785180449
0.9868622598116588 1176.2386822607448 0.0078125 0.9868622598116588 1176.2386822607448 0.0078125 swap_t 33 3155.297794342041 0.0 36.35181973849779 0.0 32.651698845104065 53.988494678404166 1.99 38.29000785180449
0.979786562788712 1164.9737455614788 0.0078125 0.979786562788712 1164.9737455614788 0.0078125 t_multiswap_k 100 3156.359542608261 0.0 36.35181973849779 0.0 32.651698845104065 53.988494678404166 1.99 38.90710777328644
0.9651639902092208 1145.2474336453097 0.016741071428571428 0.9651639902092208 1145.2474336453097 0.016741071428571428 swap_t 14 3160.1096229553223 0.0 36.35181973849779 0.0 32.651698845104065 51.63217362994673 1.99 38.90710777328644
0.9634115797457083 1142.4574904243689 0.016741071428571428 0.9634115797457083 1142.4574904243689 0.016741071428571428 swap_t 100 3176.5404953956604 0.0 36.35181973849779 0.0 32.651698845104065 52.11585189364726 1.99 38.90710777328644
0.9634115797457083 1142.4574904243689 0.016741071428571428 0.9634115797457083 1142.4574904243689 0.016741071428571428 t_swap_r_k 100 3177.670928478241 0.0 36.35181973849779 0.0 32.651698845104065 52.11585189364726 2.9701 38.90710777328644
0.9634115797457083 1142.4574904243689 0.016741071428571428 0.9634115797457083 1142.4574904243689 0.016741071428571428 swap_t 100 3187.546895980835 0.0 36.35181973849779 0.0 32.651698845104065 52.594693374710786 2.9701 38.90710777328644
0.9634115797457083 1142.4574904243689 0.016741071428571428 0.9634115797457083 1142.4574904243689 0.016741071428571428 swap_t 100 3199.42644572258 0.0 36.35181973849779 0.0 32.651698845104065 53.06874644096368 2.9701 38.90710777328644
0.9634115797457083 1142.4574904243689 0.016741071428571428 0.9634115797457083 1142.4574904243689 0.016741071428571428 t_multiswap_k 100 3199.8487224578857 0.0 36.35181973849779 0.0 32.651698845104065 53.06874644096368 2.9701 39.518036695553576
0.9634115797457083 1142.4574904243689 0.016741071428571428 0.9634115797457083 1142.4574904243689 0.016741071428571428 t_multiswap_k 100 3200.4137570858 0.0 36.35181973849779 0.0 32.651698845104065 53.06874644096368 2.9701 40.12285632859804
0.9634115797457083 1142.4574904243689 0.016741071428571428 0.9634115797457083 1142.4574904243689 0.016741071428571428 swap_t 100 3214.28538107872 0.0 36.35181973849779 0.0 32.651698845104065 53.53805897655404 2.9701 40.12285632859804
0.9634115797457083 1142.4574904243689 0.016741071428571428 0.9634115797457083 1142.4574904243689 0.016741071428571428 t_multiswap_k 100 3214.859687566757 0.0 36.35181973849779 0.0 32.651698845104065 53.53805897655404 2.9701 40.72162776531206
0.9634115797457083 1142.4574904243689 0.016741071428571428 0.9634115797457083 1142.4574904243689 0.016741071428571428 t_multiswap_k 100 3215.7095704078674 0.0 36.35181973849779 0.0 32.651698845104065 53.53805897655404 2.9701 41.31441148765894
0.9634115797457083 1142.4574904243689 0.016741071428571428 0.9634115797457083 1142.4574904243689 0.016741071428571428 f_swap_t 100 3233.2500591278076 0.0 36.35181973849779 0.0 33.325181856653025 53.53805897655404 2.9701 41.31441148765894
0.9528261268734266 1125.6048105890675 0.016741071428571428 0.9528261268734266 1125.6048105890675 0.016741071428571428 move_t 79 3245.7106816768646 0.0 37.22078404560541 0.0 33.325181856653025 53.53805897655404 2.9701 41.31441148765894
0.9442341338775213 1111.925839188014 0.016741071428571428 0.9442341338775213 1111.925839188014 0.016741071428571428 move_t 81 3255.7772657871246 0.0 37.84768794627695 0.0 33.325181856653025 53.53805897655404 2.9701 41.31441148765894
0.9442341338775213 1111.925839188014 0.016741071428571428 0.9442341338775213 1111.925839188014 0.016741071428571428 f_swap_t 100 3276.2024161815643 0.0 37.84768794627695 0.0 33.991930038086494 53.53805897655404 2.9701 41.31441148765894
0.9442341338775213 1111.925839188014 0.016741071428571428 0.9442341338775213 1111.925839188014 0.016741071428571428 t_swap_r_k 100 3277.0481016635895 0.0 37.84768794627695 0.0 33.991930038086494 53.53805897655404 3.940399 41.31441148765894
0.9440478683743365 1111.629293265283 0.016741071428571428 0.9440478683743365 1111.629293265283 0.016741071428571428 move_t 10 3279.635940551758 0.0 35.76291915164926 0.0 33.991930038086494 53.53805897655404 3.940399 41.31441148765894
0.9440478683743365 1111.629293265283 0.016741071428571428 0.9523476773201347 1124.8430900244157 0.016741071428571428 move_t 100 3297.157069206238 0.0 36.54528996013276 0.0 33.991930038086494 53.53805897655404 3.940399 41.31441148765894
0.9440478683743365 1111.629293265283 0.016741071428571428 0.9795124079757627 1168.0909806980637 0.016741071428571428 move_t 100 3318.9074103832245 0.0 37.279837060531435 0.0 33.991930038086494 53.53805897655404 3.940399 41.31441148765894
0.9440478683743365 1111.629293265283 0.016741071428571428 0.9715446181543581 1155.4057784232782 0.016741071428571428 move_t 100 3333.7784683704376 0.0 37.99703868992612 0.0 33.991930038086494 53.53805897655404 3.940399 41.31441148765894
0.9440478683743365 1111.629293265283 0.016741071428571428 0.962160536987305 1137.3562619722197 0.008928571428571428 f_swap_t 100 3354.004917383194 0.0 37.99703868992612 0.0 34.712010737705626 53.53805897655404 3.940399 41.31441148765894
0.9440478683743365 1111.629293265283 0.016741071428571428 0.9589587684635323 1132.2588532464038 0.008928571428571428 f_swap_t 100 3377.698002099991 0.0 37.99703868992612 0.0 35.36489063032857 53.53805897655404 3.940399 41.31441148765894
0.9440478683743365 1111.629293265283 0.016741071428571428 0.9589587684635323 1132.2588532464038 0.008928571428571428 t_multiswap_k 100 3377.9189739227295 0.0 37.99703868992612 0.0 35.36489063032857 53.53805897655404 3.940399 41.90126737278235
0.9440478683743365 1111.629293265283 0.016741071428571428 0.9589587684635323 1132.2588532464038 0.008928571428571428 t_multiswap_k 100 3378.580333471298 0.0 37.99703868992612 0.0 35.36489063032857 53.53805897655404 3.940399 42.48225469905453
0.9440478683743365 1111.629293265283 0.016741071428571428 0.9589587684635323 1132.2588532464038 0.008928571428571428 swap_t 100 3390.918597459793 0.0 37.99703868992612 0.0 35.36489063032857 54.0026783867885 3.940399 42.48225469905453
0.9440478683743365 1111.629293265283 0.016741071428571428 0.9595979217189445 1133.2764238037635 0.008928571428571428 swap_t 100 3403.8397467136383 0.0 37.99703868992612 0.0 35.36489063032857 54.502651602920615 3.940399 42.48225469905453
0.9440478683743365 1111.629293265283 0.016741071428571428 1.0537348543564975 1283.1481019982973 0.008928571428571428 f_swap_t 100 3419.4312674999237 0.0 37.99703868992612 0.0 36.071241724025285 54.502651602920615 3.940399 42.48225469905453
0.9440478683743365 1111.629293265283 0.016741071428571428 1.0298948779971757 1245.1934208228852 0.008928571428571428 t_swap_r_k 100 3419.890033006668 0.0 37.99703868992612 0.0 36.071241724025285 54.502651602920615 4.90099501 42.48225469905453
0.9440478683743365 1111.629293265283 0.016741071428571428 1.0552034889687665 1285.4862569373668 0.008928571428571428 swap_t 100 3438.6300990581512 0.0 37.99703868992612 0.0 36.071241724025285 55.057625086891406 4.90099501 42.48225469905453
0.9440478683743365 1111.629293265283 0.016741071428571428 1.0387877244796608 1259.3513691319502 0.008928571428571428 t_multiswap_k 100 3439.352051258087 0.0 37.99703868992612 0.0 36.071241724025285 55.057625086891406 4.90099501 43.05743215206398
0.9440478683743365 1111.629293265283 0.016741071428571428 1.0387877244796608 1259.3513691319502 0.008928571428571428 t_multiswap_k 100 3440.0396180152893 0.0 37.99703868992612 0.0 36.071241724025285 55.057625086891406 4.90099501 43.626857830543344
0.9440478683743365 1111.629293265283 0.016741071428571428 1.0634353900417417 1301.5185217955695 0.016281512605042014 move_t 100 3454.0996885299683 0.0 38.82706830302686 0.0 36.071241724025285 55.057625086891406 4.90099501 43.626857830543344
0.9440478683743365 1111.629293265283 0.016741071428571428 1.0545173155128391 1287.3204089140224 0.016281512605042014 t_multiswap_k 100 3455.682822227478 0.0 38.82706830302686 0.0 36.071241724025285 55.057625086891406 4.90099501 44.19058925223791
0.9440478683743365 1111.629293265283 0.016741071428571428 1.0492875154778911 1281.9208331559007 0.023634453781512604 f_swap_t 100 3470.8442707061768 0.0 38.82706830302686 0.0 36.780529306785034 55.057625086891406 4.90099501 44.19058925223791
0.9440478683743365 1111.629293265283 0.016741071428571428 1.0492875154778911 1281.9208331559007 0.023634453781512604 f_swap_t 100 3486.633215904236 0.0 38.82706830302686 0.0 37.41272401371718 55.057625086891406 4.90099501 44.19058925223791
0.9440478683743365 1111.629293265283 0.016741071428571428 1.1142493466411791 1385.3439890018362 0.023634453781512604 f_swap_t 100 3503.6818141937256 0.0 38.82706830302686 0.0 38.13859677358001 55.057625086891406 4.90099501 44.19058925223791
0.9440478683743365 1111.629293265283 0.016741071428571428 1.1178469343319766 1381.66469652347 0.0 swap_t 100 3525.2636919021606 0.0 38.82706830302686 0.0 38.13859677358001 55.637048836022494 4.90099501 44.19058925223791
0.9440478683743365 1111.629293265283 0.016741071428571428 1.0703766861232829 1306.0891964087582 0.0 f_swap_t 100 3544.7675919532776 0.0 38.82706830302686 0.0 38.877210805844214 55.637048836022494 4.90099501 44.19058925223791
0.9440478683743365 1111.629293265283 0.016741071428571428 1.0633963919762315 1294.9761468457564 0.0 t_swap_r_k 100 3545.4944262504578 0.0 38.82706830302686 0.0 38.877210805844214 55.637048836022494 5.8519850599 44.19058925223791
0.9440478683743365 1111.629293265283 0.016741071428571428 1.0567329285259124 1284.3675108735995 0.0 swap_t 100 3561.6282527446747 0.0 38.82706830302686 0.0 38.877210805844214 56.11067834766227 5.8519850599 44.19058925223791
0.9440478683743365 1111.629293265283 0.016741071428571428 1.155999188585433 1445.3319694246588 0.007352941176470588 f_swap_t 100 3579.3272516727448 0.0 38.82706830302686 0.0 39.67843869778577 56.11067834766227 5.8519850599 44.19058925223791
0.9440478683743365 1111.629293265283 0.016741071428571428 1.1183301081389536 1388.6529241385717 0.015625 move_t 100 3600.5012340545654 0.0 39.64879761999659 0.0 39.67843869778577 56.11067834766227 5.8519850599 44.19058925223791
0.9440478683743365 1111.629293265283 0.016741071428571428 1.100930615609959 1360.9518819228254 0.015625 move_t 100 3623.905961036682 0.0 40.43230964379663 0.0 39.67843869778577 56.11067834766227 5.8519850599 44.19058925223791
0.9440478683743365 1111.629293265283 0.016741071428571428 1.1203235606639288 1395.9726113712518 0.026041666666666664 swap_t 100 3639.0620126724243 0.0 40.43230964379663 0.0 39.67843869778577 56.78957156418565 5.8519850599 44.19058925223791
0.9440478683743365 1111.629293265283 0.016741071428571428 1.0940286022584236 1354.1094506130642 0.026041666666666664 f_swap_t 100 3659.3546357154846 0.0 40.43230964379663 0.0 40.34165431080791 56.78957156418565 5.8519850599 44.19058925223791
0.9440478683743365 1111.629293265283 0.016741071428571428 1.0978268553109802 1357.0470058315373 0.018229166666666664 f_swap_t 100 3674.302152633667 0.0 40.43230964379663 0.0 41.098237767699835 56.78957156418565 5.8519850599 44.19058925223791
0.9440478683743365 1111.629293265283 0.016741071428571428 1.0664792330805946 1307.1396993212973 0.018229166666666664 f_swap_t 100 3695.366921186447 0.0 40.43230964379663 0.0 41.77725539002284 56.78957156418565 5.8519850599 44.19058925223791
0.9440478683743365 1111.629293265283 0.016741071428571428 1.0654643280378842 1302.4144163641236 0.010416666666666666 t_swap_r_k 100 3696.492033481598 0.0 40.43230964379663 0.0 41.77725539002284 56.78957156418565 6.793465209301 44.19058925223791
0.9440478683743365 1111.629293265283 0.016741071428571428 1.0594015895568913 1292.7621707986195 0.010416666666666666 f_swap_t 100 3720.1249792575836 0.0 40.43230964379663 0.0 42.41948283612261 56.78957156418565 6.793465209301 44.19058925223791
0.9440478683743365 1111.629293265283 0.016741071428571428 1.127765233786787 1400.5647207302532 0.0078125 swap_t 100 3745.4906811714172 0.0 40.43230964379663 0.0 42.41948283612261 57.32167584854379 6.793465209301 44.19058925223791
0.9440478683743365 1111.629293265283 0.016741071428571428 1.099754269157783 1355.9695744983283 0.0078125 t_multiswap_k 100 3746.442770242691 0.0 40.43230964379663 0.0 42.41948283612261 57.32167584854379 6.793465209301 44.748683359715535
0.9440478683743365 1111.629293265283 0.016741071428571428 1.0839114251283255 1330.7468106420743 0.0078125 f_swap_t 100 3766.6265671253204 0.0 40.43230964379663 0.0 43.05528800776138 57.32167584854379 6.793465209301 44.748683359715535
0.9440478683743365 1111.629293265283 0.016741071428571428 1.0874663428875977 1336.4064542643814 0.0078125 move_t 100 3785.5107095241547 0.0 41.19798654735866 0.0 43.05528800776138 57.32167584854379 6.793465209301 44.748683359715535
0.9440478683743365 1111.629293265283 0.016741071428571428 1.1195469687422621 1387.4807467833577 0.0078125 swap_t 100 3799.833250761032 0.0 41.19798654735866 0.0 43.05528800776138 57.82845909005835 6.793465209301 44.748683359715535
0.9440478683743365 1111.629293265283 0.016741071428571428 1.1191840507476405 1386.9029594327717 0.0078125 swap_t 100 3813.6841294765472 0.0 41.19798654735866 0.0 43.05528800776138 58.320174499157766 6.793465209301 44.748683359715535
0.9440478683743365 1111.629293265283 0.016741071428571428 1.1101374847252914 1372.5002803388252 0.0078125 t_swap_r_k 100 3814.97389793396 0.0 41.19798654735866 0.0 43.05528800776138 58.320174499157766 7.72553055720799 44.748683359715535
0.9440478683743365 1111.629293265283 0.016741071428571428 1.1090983577596 1370.8459274951338 0.0078125 swap_t 100 3837.498580932617 0.0 41.19798654735866 0.0 43.05528800776138 58.84697275416619 7.72553055720799 44.748683359715535
0.9440478683743365 1111.629293265283 0.016741071428571428 1.0889005961148426 1338.6898719634767 0.0078125 move_t 100 3858.4769439697266 0.0 41.84600668188507 0.0 43.05528800776138 58.84697275416619 7.72553055720799 44.748683359715535
0.9440478683743365 1111.629293265283 0.016741071428571428 1.0789672125258098 1326.7023939373464 0.017427884615384616 f_swap_t 100 3874.585793733597 0.0 41.84600668188507 0.0 43.65473512768377 58.84697275416619 7.72553055720799 44.748683359715535
0.9440478683743365 1111.629293265283 0.016741071428571428 1.124606041323612 1396.2526709417418 0.009615384615384616 swap_t 100 3892.750338792801 0.0 41.84600668188507 0.0 43.65473512768377 59.41850302662453 7.72553055720799 44.748683359715535
0.9440478683743365 1111.629293265283 0.016741071428571428 1.1010939923748735 1358.8200699953443 0.009615384615384616 t_swap_r_k 100 3893.5596537590027 0.0 41.84600668188507 0.0 43.65473512768377 59.41850302662453 8.64827525163591 44.748683359715535
0.9440478683743365 1111.629293265283 0.016741071428571428 1.1103541511993296 1373.5628017211864 0.009615384615384616 move_t 100 3913.5830199718475 0.0 42.477546615066224 0.0 43.65473512768377 59.41850302662453 8.64827525163591 44.748683359715535
0.9440478683743365 1111.629293265283 0.016741071428571428 1.081444877448034 1327.5374931510257 0.009615384615384616 swap_t 100 3931.0706136226654 0.0 42.477546615066224 0.0 43.65473512768377 59.884317996358284 8.64827525163591 44.748683359715535
0.9440478683743365 1111.629293265283 0.016741071428571428 1.073176729164382 1314.3741020768416 0.009615384615384616 swap_t 100 3949.546720266342 0.0 42.477546615066224 0.0 43.65473512768377 60.315474816394705 8.64827525163591 44.748683359715535
0.9440478683743365 1111.629293265283 0.016741071428571428 1.0683444783171678 1309.790359964523 0.017427884615384616 f_swap_t 100 3969.068587779999 0.0 42.477546615066224 0.0 44.31818777640694 60.315474816394705 8.64827525163591 44.748683359715535
0.9440478683743365 1111.629293265283 0.016741071428571428 1.0626397350559842 1300.7080643949998 0.017427884615384616 t_swap_r_k 100 3970.7634127140045 0.0 42.477546615066224 0.0 44.31818777640694 60.315474816394705 9.561792499119552 44.748683359715535
0.9440478683743365 1111.629293265283 0.016741071428571428 1.0544990096560212 1284.638045365258 0.009615384615384616 swap_t 100 3983.461821079254 0.0 42.477546615066224 0.0 44.31818777640694 60.83232006823076 9.561792499119552 44.748683359715535
0.9440478683743365 1111.629293265283 0.016741071428571428 1.0515595619003955 1279.9582671341468 0.009615384615384616 move_t 100 4000.6303560733795 0.0 43.18277114891556 0.0 44.31818777640694 60.83232006823076 9.561792499119552 44.748683359715535
0.9440478683743365 1111.629293265283 0.016741071428571428 1.0985201556691386 1354.722366621341 0.009615384615384616 f_swap_t 100 4021.2210187911987 0.0 43.18277114891556 0.0 44.98500589864287 60.83232006823076 9.561792499119552 44.748683359715535
0.9440478683743365 1111.629293265283 0.016741071428571428 1.0823419445930322 1332.0751710631835 0.017427884615384616 swap_t 100 4042.4341151714325 0.0 43.18277114891556 0.0 44.98500589864287 61.22399686754845 9.561792499119552 44.748683359715535
0.9440478683743365 1111.629293265283 0.016741071428571428 1.0599596577787591 1296.4412196192593 0.017427884615384616 move_t 100 4058.6029715538025 0.0 43.900943437426406 0.0 44.98500589864287 61.22399686754845 9.561792499119552 44.748683359715535
0.9440478683743365 1111.629293265283 0.016741071428571428 1.0659639577417073 1302.8909346603732 0.009615384615384616 swap_t 100 4076.046216249466 0.0 43.900943437426406 0.0 44.98500589864287 61.65175689887297 9.561792499119552 44.748683359715535
0.9440478683743365 1111.629293265283 0.016741071428571428 1.0611420762945851 1295.214208382094 0.009615384615384616 move_t 100 4096.2407286167145 0.0 44.46193400305214 0.0 44.98500589864287 61.65175689887297 9.561792499119552 44.748683359715535
0.9440478683743365 1111.629293265283 0.016741071428571428 1.0609557269803602 1294.9175290271291 0.009615384615384616 swap_t 100 4109.211698055267 0.0 44.46193400305214 0.0 44.98500589864287 62.065239329884236 9.561792499119552 44.748683359715535
0.9440478683743365 1111.629293265283 0.016741071428571428 1.0537396979260252 1283.4291752644504 0.009615384615384616 move_t 100 4130.032835960388 0.0 45.187314663021624 0.0 44.98500589864287 62.065239329884236 9.561792499119552 44.748683359715535
0.9440478683743365 1111.629293265283 0.016741071428571428 1.050400932230282 1278.113658772682 0.009615384615384616 swap_t 100 4139.875361442566 0.0 45.187314663021624 0.0 44.98500589864287 62.52458693658539 9.561792499119552 44.748683359715535
0.9440478683743365 1111.629293265283 0.016741071428571428 1.0350740115978514 1256.8217689786914 0.017427884615384616 t_multiswap_k 100 4140.777304410934 0.0 45.187314663021624 0.0 44.98500589864287 62.52458693658539 9.561792499119552 45.30119652611838
0.9440478683743365 1111.629293265283 0.016741071428571428 1.0342539977604202 1255.5162574592994 0.017427884615384616 t_multiswap_k 100 4141.274717569351 0.0 45.187314663021624 0.0 44.98500589864287 62.52458693658539 9.561792499119552 45.8481845608572
0.9440478683743365 1111.629293265283 0.016741071428571428 1.035116845372471 1256.8899629330276 0.017427884615384616 swap_t 100 4156.098016023636 0.0 45.187314663021624 0.0 44.98500589864287 62.96934106721954 9.561792499119552 45.8481845608572
0.9440478683743365 1111.629293265283 0.016741071428571428 1.0314825875610674 1251.1040051593259 0.017427884615384616 f_swap_t 100 4169.576570987701 0.0 45.187314663021624 0.0 45.53515583965644 62.96934106721954 9.561792499119552 45.8481845608572
0.9440478683743365 1111.629293265283 0.016741071428571428 1.0314825875610674 1251.1040051593259 0.017427884615384616 swap_t 100 4187.272392749786 0.0 45.187314663021624 0.0 45.53515583965644 63.33964765654734 9.561792499119552 45.8481845608572
0.9440478683743365 1111.629293265283 0.016741071428571428 1.0314825875610674 1251.1040051593259 0.017427884615384616 swap_t 100 4200.727795600891 0.0 45.187314663021624 0.0 45.53515583965644 63.70625117998187 9.561792499119552 45.8481845608572
0.9440478683743365 1111.629293265283 0.016741071428571428 1.0365760428530886 1263.3590838912567 0.02784455128205128 move_t 100 4215.845101356506 0.0 45.835441516391406 0.0 45.53515583965644 63.70625117998187 9.561792499119552 45.8481845608572
0.9440478683743365 1111.629293265283 0.016741071428571428 1.0344844197779646 1260.0290937201705 0.02784455128205128 t_multiswap_k 100 4216.618575811386 0.0 45.835441516391406 0.0 45.53515583965644 63.70625117998187 9.561792499119552 46.389702715248625
0.9440478683743365 1111.629293265283 0.016741071428571428 1.0341007375381244 1259.4182484380146 0.02784455128205128 move_t 100 4226.22772693634 0.0 46.37708710122749 0.0 45.53515583965644 63.70625117998187 9.561792499119552 46.389702715248625
0.9440478683743365 1111.629293265283 0.016741071428571428 1.0313130826576082 1254.980133625216 0.02784455128205128 move_t 100 4237.712555885315 0.0 46.94331623021521 0.0 45.53515583965644 63.70625117998187 9.561792499119552 46.389702715248625
0.9440478683743365 1111.629293265283 0.016741071428571428 1.081009076142689 1334.0991545500865 0.02784455128205128 swap_t 100 4247.271835565567 0.0 46.94331623021521 0.0 45.53515583965644 64.19918866818205 9.561792499119552 46.389702715248625
0.9440478683743365 1111.629293265283 0.016741071428571428 1.0580669147405668 1290.3183655932228 0.009615384615384616 move_t 100 4261.050243139267 0.0 47.47388306791306 0.0 45.53515583965644 64.19918866818205 9.561792499119552 46.389702715248625
0.9440478683743365 1111.629293265283 0.016741071428571428 1.0580669147405666 1290.3183655932226 0.009615384615384616 t_multiswap_k 100 4261.878978729248 0.0 47.47388306791306 0.0 45.53515583965644 64.19918866818205 9.561792499119552 46.92580568809614
0.9440478683743365 1111.629293265283 0.016741071428571428 1.062764557220532 1297.7972959376077 0.009615384615384616 move_t 100 4276.905437231064 0.0 48.03914423723393 0.0 45.53515583965644 64.19918866818205 9.561792499119552 46.92580568809614
0.9440478683743365 1111.629293265283 0.016741071428571428 1.0555357602846955 1286.288614937 0.009615384615384616 t_multiswap_k 100 4278.1668400764465 0.0 48.03914423723393 0.0 45.53515583965644 64.19918866818205 9.561792499119552 47.45654763121518
0.9440478683743365 1111.629293265283 0.016741071428571428 1.0547157464472643 1284.9831034176077 0.009615384615384616 t_multiswap_k 100 4278.683964014053 0.0 48.03914423723393 0.0 45.53515583965644 64.19918866818205 9.561792499119552 47.98198215490303
0.9440478683743365 1111.629293265283 0.016741071428571428 1.0547157464472643 1284.9831034176077 0.009615384615384616 t_swap_r_k 100 4279.300681114197 0.0 48.03914423723393 0.0 45.53515583965644 64.19918866818205 10.466174574128356 47.98198215490303
0.9440478683743365 1111.629293265283 0.016741071428571428 1.0384142771711007 1259.0301804892406 0.009615384615384616 move_t 100 4290.734834909439 0.0 48.648752794861586 0.0 45.53515583965644 64.19918866818205 10.466174574128356 47.98198215490303
0.9440478683743365 1111.629293265283 0.016741071428571428 1.0317498831810576 1248.4200630416829 0.009615384615384616 move_t 100 4298.846141576767 0.0 49.16226526691297 0.0 45.53515583965644 64.19918866818205 10.466174574128356 47.98198215490303
0.9440478683743365 1111.629293265283 0.016741071428571428 1.0309298693436264 1247.1145515222906 0.009615384615384616 swap_t 100 4312.553730726242 0.0 49.16226526691297 0.0 45.53515583965644 64.55719678150022 10.466174574128356 47.98198215490303
0.9440478683743365 1111.629293265283 0.016741071428571428 1.0309298693436264 1247.1145515222906 0.009615384615384616 t_swap_r_k 100 4313.141999006271 0.0 49.16226526691297 0.0 45.53515583965644 64.55719678150022 11.361512828387072 47.98198215490303
0.9440478683743365 1111.629293265283 0.016741071428571428 1.0309298693436264 1247.1145515222906 0.009615384615384616 t_multiswap_k 100 4314.259726047516 0.0 49.16226526691297 0.0 45.53515583965644 64.55719678150022 11.361512828387072 48.502162333354
0.9440478683743365 1111.629293265283 0.016741071428571428 1.0665439407494879 1303.8143026124083 0.009615384615384616 swap_t 100 4323.994412660599 0.0 49.16226526691297 0.0 45.53515583965644 64.96162481368522 11.361512828387072 48.502162333354
0.9440478683743365 1111.629293265283 0.016741071428571428 1.05683715322355 1288.360511038476 0.009615384615384616 f_swap_t 100 4332.94033241272 0.0 49.16226526691297 0.0 46.109804281259876 64.96162481368522 11.361512828387072 48.502162333354
0.9440478683743365 1111.629293265283 0.016741071428571428 1.052026823854558 1280.7021763657813 0.009615384615384616 f_swap_t 100 4342.907943248749 0.0 49.16226526691297 0.0 46.718706238447275 64.96162481368522 11.361512828387072 48.502162333354
0.9440478683743365 1111.629293265283 0.016741071428571428 1.0445769502561122 1268.8415279756841 0.009615384615384616 swap_t 100 4351.376690149307 0.0 49.16226526691297 0.0 46.718706238447275 65.34200856554837 11.361512828387072 48.502162333354
0.9440478683743365 1111.629293265283 0.016741071428571428 1.0437257743976942 1267.4864046381635 0.009615384615384616 t_multiswap_k 100 4352.292167186737 0.0 49.16226526691297 0.0 46.718706238447275 65.34200856554837 11.361512828387072 49.01714071002046
0.9440478683743365 1111.629293265283 0.016741071428571428 1.0413694213695588 1263.7349484046667 0.009615384615384616 move_t 100 4364.348555088043 0.0 49.73064261424384 0.0 46.718706238447275 65.34200856554837 11.361512828387072 49.01714071002046
0.9440478683743365 1111.629293265283 0.016741071428571428 1.0413694213695588 1263.7349484046667 0.009615384615384616 t_multiswap_k 100 4365.319977521896 0.0 49.73064261424384 0.0 46.718706238447275 65.34200856554837 11.361512828387072 49.52696930292026
0.9440478683743365 1111.629293265283 0.016741071428571428 1.0413694213695588 1263.7349484046667 0.009615384615384616 t_swap_r_k 100 4365.728069782257 0.0 49.73064261424384 0.0 46.718706238447275 65.34200856554837 12.247897700103202 49.52696930292026
0.9440478683743365 1111.629293265283 0.016741071428571428 1.0735229091334002 1318.034734357209 0.017427884615384616 move_t 100 4381.829975366592 0.0 50.3933361881014 0.0 46.718706238447275 65.34200856554837 12.247897700103202 49.52696930292026
0.9440478683743365 1111.629293265283 0.016741071428571428 1.0978704302098876 1356.7974573541374 0.017427884615384616 f_swap_t 100 4395.434232950211 0.0 50.3933361881014 0.0 47.3815191760628 65.34200856554837 12.247897700103202 49.52696930292026
0.9440478683743365 1111.629293265283 0.016741071428571428 1.1090793247603643 1374.6426939676296 0.017427884615384616 swap_t 100 4408.461527585983 0.0 50.3933361881014 0.0 47.3815191760628 65.84858847989288 12.247897700103202 49.52696930292026
0.9440478683743365 1111.629293265283 0.016741071428571428 1.0725959923169088 1321.023939691888 0.028645833333333332 t_multiswap_k 100 4408.907987117767 0.0 50.3933361881014 0.0 47.3815191760628 65.84858847989288 12.247897700103202 50.03169960989106
0.9440478683743365 1111.629293265283 0.016741071428571428 1.1078811665667183 1374.0905737829485 0.020833333333333332 move_t 100 4425.996025085449 0.0 51.029402826220384 0.0 47.3815191760628 65.84858847989288 12.247897700103202 50.03169960989106
0.9440478683743365 1111.629293265283 0.016741071428571428 1.0864459422540187 1339.9644029994845 0.020833333333333332 move_t 100 4440.665591001511 0.0 51.57910879795818 0.0 47.3815191760628 65.84858847989288 12.247897700103202 50.03169960989106
0.9440478683743365 1111.629293265283 0.016741071428571428 1.086029618215953 1339.3015900045268 0.020833333333333332 move_t 100 4458.125731468201 0.0 52.1733177099786 0.0 47.3815191760628 65.84858847989288 12.247897700103202 50.03169960989106
0.9440478683743365 1111.629293265283 0.016741071428571428 1.09356529975147 1351.2988498091972 0.020833333333333332 f_swap_t 100 4475.32799911499 0.0 52.1733177099786 0.0 48.037703984302176 65.84858847989288 12.247897700103202 50.03169960989106
0.9440478683743365 1111.629293265283 0.016741071428571428 1.1082253111575786 1374.6384727417171 0.020833333333333332 move_t 100 4491.039004087448 0.0 52.761584532878814 0.0 48.037703984302176 65.84858847989288 12.247897700103202 50.03169960989106
0.9440478683743365 1111.629293265283 0.016741071428571428 1.095883514912447 1354.9895882564476 0.020833333333333332 t_multiswap_k 100 4492.291848659515 0.0 52.761584532878814 0.0 48.037703984302176 65.84858847989288 12.247897700103202 50.53138261379215
0.9440478683743365 1111.629293265283 0.016741071428571428 1.0946866161006275 1353.0840531117335 0.020833333333333332 t_multiswap_k 100 4493.331296920776 0.0 52.761584532878814 0.0 48.037703984302176 65.84858847989288 12.247897700103202 51.026068787654225
0.9440478683743365 1111.629293265283 0.016741071428571428 1.1514843468786884 1443.5094684173687 0.020833333333333332 swap_t 100 4511.310498714447 0.0 52.761584532878814 0.0 48.037703984302176 66.27010259509396 12.247897700103202 51.026068787654225
0.9440478683743365 1111.629293265283 0.016741071428571428 1.115204381157436 1388.859066265235 0.028645833333333332 f_swap_t 100 4530.051140069962 0.0 52.761584532878814 0.0 48.61732694445915 66.27010259509396 12.247897700103202 51.026068787654225
0.9440478683743365 1111.629293265283 0.016741071428571428 1.10840235233193 1378.0298258529604 0.028645833333333332 t_swap_r_k 100 4530.825829267502 0.0 52.761584532878814 0.0 48.61732694445915 66.27010259509396 13.12541872310217 51.026068787654225
0.9440478683743365 1111.629293265283 0.016741071428571428 1.1818477707091095 1497.8859460834221 0.03599877450980392 swap_t 100 4553.077862739563 0.0 52.761584532878814 0.0 48.61732694445915 66.76740156914302 13.12541872310217 51.026068787654225
0.9440478683743365 1111.629293265283 0.016741071428571428 1.1501605271998934 1451.5839325024665 0.04641544117647059 t_multiswap_k 100 4553.541860103607 0.0 52.761584532878814 0.0 48.61732694445915 66.76740156914302 13.12541872310217 51.51580809977768
0.9440478683743365 1111.629293265283 0.016741071428571428 1.185896352249578 1508.4775227417342 0.04641544117647059 f_swap_t 100 4569.728538990021 0.0 52.761584532878814 0.0 49.20115367501456 66.76740156914302 13.12541872310217 51.51580809977768
0.9440478683743365 1111.629293265283 0.016741071428571428 1.1984081099218806 1524.458305099531 0.03651960784313725 move_t 100 4582.428882598877 0.0 53.453968687550024 0.0 49.20115367501456 66.76740156914302 13.12541872310217 51.51580809977768
0.9440478683743365 1111.629293265283 0.016741071428571428 1.1557854801767908 1452.454515644334 0.026102941176470586 swap_t 100 4596.40997338295 0.0 53.453968687550024 0.0 49.20115367501456 67.1997275534516 13.12541872310217 51.51580809977768
0.9440478683743365 1111.629293265283 0.016741071428571428 1.1206426812460037 1408.943030284109 0.057352941176470586 f_swap_t 100 4618.484577655792 0.0 53.453968687550024 0.0 49.73914213826441 67.1997275534516 13.12541872310217 51.51580809977768
0.9440478683743365 1111.629293265283 0.016741071428571428 1.1206426812460037 1408.943030284109 0.057352941176470586 swap_t 100 4640.297862768173 0.0 53.453968687550024 0.0 49.73914213826441 67.52773027791707 13.12541872310217 51.51580809977768
0.9440478683743365 1111.629293265283 0.016741071428571428 1.106259924877667 1386.0448141048635 0.057352941176470586 f_swap_t 100 4670.465149641037 0.0 53.453968687550024 0.0 50.30175071688177 67.52773027791707 13.12541872310217 51.51580809977768
0.9440478683743365 1111.629293265283 0.016741071428571428 1.1045420227386673 1383.3098102192243 0.057352941176470586 swap_t 100 4691.606117486954 0.0 53.453968687550024 0.0 50.30175071688177 67.9124529751379 13.12541872310217 51.51580809977768
0.9440478683743365 1111.629293265283 0.016741071428571428 1.1058920401230818 1372.8138483406212 0.025582107843137254 f_swap_t 100 4713.233014822006 0.0 53.453968687550024 0.0 50.988733209712954 67.9124529751379 13.12541872310217 51.51580809977768
0.9440478683743365 1111.629293265283 0.016741071428571428 1.0781759326197617 1331.6147139793036 0.03293504901960784 f_swap_t 100 4736.774139404297 0.0 53.453968687550024 0.0 51.628845877615824 67.9124529751379 13.12541872310217 51.51580809977768
0.9440478683743365 1111.629293265283 0.016741071428571428 1.0747904206658327 1320.1887002154617 0.017769607843137254 f_swap_t 100 4753.047477245331 0.0 53.453968687550024 0.0 52.112557418839664 67.9124529751379 13.12541872310217 51.51580809977768
0.9440478683743365 1111.629293265283 0.016741071428571428 1.0672143863176302 1314.1632707053575 0.03293504901960784 swap_t 100 4775.728343486786 0.0 53.453968687550024 0.0 52.112557418839664 68.26332844538652 13.12541872310217 51.51580809977768
0.9440478683743365 1111.629293265283 0.016741071428571428 1.0664657394203128 1312.971379661827 0.03293504901960784 move_t 100 4798.132954835892 0.0 53.94942900067452 0.0 52.112557418839664 68.26332844538652 13.12541872310217 51.51580809977768
0.9440478683743365 1111.629293265283 0.016741071428571428 1.0571558904732905 1299.0500248868527 0.03519749245852187 swap_t 100 4814.63546204567 0.0 53.94942900067452 0.0 52.112557418839664 68.67069516093265 13.12541872310217 51.51580809977768
0.9440478683743365 1111.629293265283 0.016741071428571428 1.1124500930412078 1386.1812459147372 0.03293504901960784 swap_t 100 4826.27054977417 0.0 53.94942900067452 0.0 52.112557418839664 69.08398820932332 13.12541872310217 51.51580809977768
0.9440478683743365 1111.629293265283 0.016741071428571428 1.1041242978264996 1369.8165845704234 0.025122549019607844 t_multiswap_k 100 4826.627611160278 0.0 53.94942900067452 0.0 52.112557418839664 69.08398820932332 13.12541872310217 52.0006500187799
0.9440478683743365 1111.629293265283 0.016741071428571428 1.0933977876596659 1355.8488258857105 0.03293504901960784 move_t 100 4843.5223507881165 0.0 54.559934710667775 0.0 52.112557418839664 69.08398820932332 13.12541872310217 52.0006500187799
0.9440478683743365 1111.629293265283 0.016741071428571428 1.109988898503792 1379.153382794248 0.025122549019607844 swap_t 100 4864.316961288452 0.0 54.559934710667775 0.0 52.112557418839664 69.57314832723009 13.12541872310217 52.0006500187799
0.9440478683743365 1111.629293265283 0.016741071428571428 1.0776593200483287 1327.6827427097926 0.025122549019607844 t_multiswap_k 100 4865.613780260086 0.0 54.559934710667775 0.0 52.112557418839664 69.57314832723009 13.12541872310217 52.4806435185921
0.9440478683743365 1111.629293265283 0.016741071428571428 1.1345572151787926 1418.267625709661 0.025122549019607844 f_swap_t 100 4890.518205881119 0.0 54.559934710667775 0.0 52.74143184465127 69.57314832723009 13.12541872310217 52.4806435185921
0.9440478683743365 1111.629293265283 0.016741071428571428 1.1164422808168848 1385.281566414631 0.014705882352941176 swap_t 100 4910.891906738281 0.0 54.559934710667775 0.0 52.74143184465127 69.96741684395778 13.12541872310217 52.4806435185921
0.9440478683743365 1111.629293265283 0.016741071428571428 1.13392521745213 1418.480856157194 0.02818627450980392 move_t 100 4920.834952116013 0.0 55.264335363561095 0.0 52.74143184465127 69.96741684395778 13.12541872310217 52.4806435185921
0.9440478683743365 1111.629293265283 0.016741071428571428 1.105160312324389 1369.7588096177542 0.020833333333333332 t_multiswap_k 100 4921.342745304108 0.0 55.264335363561095 0.0 52.74143184465127 69.96741684395778 13.12541872310217 52.95583708340618
0.9440478683743365 1111.629293265283 0.016741071428571428 1.1049094222023776 1372.28595893261 0.02818627450980392 swap_t 100 4935.714935064316 0.0 55.264335363561095 0.0 52.74143184465127 70.2777426755182 13.12541872310217 52.95583708340618
0.9440478683743365 1111.629293265283 0.016741071428571428 1.1142494363113276 1375.9372625552096 0.0 swap_t 100 4948.372544527054 0.0 55.264335363561095 0.0 52.74143184465127 70.61496524876301 13.12541872310217 52.95583708340618
0.9440478683743365 1111.629293265283 0.016741071428571428 1.1031887021450273 1366.6198872198465 0.020833333333333332 t_multiswap_k 100 4949.145442724228 0.0 55.264335363561095 0.0 52.74143184465127 70.61496524876301 13.12541872310217 53.42627871257212
0.9440478683743365 1111.629293265283 0.016741071428571428 1.1719663222670722 1479.0445909130385 0.02818627450980392 f_swap_t 100 4962.82687163353 0.0 55.264335363561095 0.0 53.294017526204755 70.61496524876301 13.12541872310217 53.42627871257212
0.9440478683743365 1111.629293265283 0.016741071428571428 1.1368471551220596 1423.132757275093 0.02818627450980392 f_swap_t 100 4974.753579616547 0.0 55.264335363561095 0.0 53.881077350942704 70.61496524876301 13.12541872310217 53.42627871257212
0.9440478683743365 1111.629293265283 0.016741071428571428 1.1231231142899212 1398.3566744538184 0.020833333333333332 t_multiswap_k 100 4975.551442146301 0.0 55.264335363561095 0.0 53.881077350942704 70.61496524876301 13.12541872310217 53.8920159254464
0.9440478683743365 1111.629293265283 0.016741071428571428 1.1200957922301746 1393.5369950270792 0.020833333333333332 move_t 100 4988.079679965973 0.0 55.781692009925486 0.0 53.881077350942704 70.61496524876301 13.12541872310217 53.8920159254464
0.9440478683743365 1111.629293265283 0.016741071428571428 1.1163256439599722 1387.5346914415886 0.020833333333333332 t_swap_r_k 100 4988.66207408905 0.0 55.781692009925486 0.0 53.881077350942704 70.61496524876301 13.994164535871148 53.8920159254464
0.9440478683743365 1111.629293265283 0.016741071428571428 1.1163256439599722 1387.5346914415886 0.020833333333333332 t_multiswap_k 100 4989.272397279739 0.0 55.781692009925486 0.0 53.881077350942704 70.61496524876301 13.994164535871148 54.353095766191935
0.9440478683743365 1111.629293265283 0.016741071428571428 1.1332549987786524 1414.4872460483466 0.020833333333333332 f_swap_t 100 5003.848779916763 0.0 55.781692009925486 0.0 54.542266577433274 70.61496524876301 13.994164535871148 54.353095766191935
0.9440478683743365 1111.629293265283 0.016741071428571428 1.1188357012237675 1391.5308540947503 0.020833333333333332 swap_t 100 5021.808111667633 0.0 55.781692009925486 0.0 54.542266577433274 70.93881559627539 13.994164535871148 54.353095766191935
0.9440478683743365 1111.629293265283 0.016741071428571428 1.110207541041453 1377.7943023501389 0.020833333333333332 move_t 100 5037.7229261398315 0.0 56.37387508982623 0.0 54.542266577433274 70.93881559627539 13.994164535871148 54.353095766191935
0.9440478683743365 1111.629293265283 0.016741071428571428 1.110207541041453 1377.7943023501389 0.020833333333333332 t_multiswap_k 100 5038.64944767952 0.0 56.37387508982623 0.0 54.542266577433274 70.93881559627539 13.994164535871148 54.80956480853001
0.9440478683743365 1111.629293265283 0.016741071428571428 1.110207541041453 1377.7943023501389 0.020833333333333332 f_swap_t 100 5053.3948085308075 0.0 56.37387508982623 0.0 54.99684391165894 70.93881559627539 13.994164535871148 54.80956480853001
0.9440478683743365 1111.629293265283 0.016741071428571428 1.1259013540545353 1402.7797998338715 0.020833333333333332 swap_t 100 5068.444891691208 0.0 56.37387508982623 0.0 54.99684391165894 71.29942744031264 13.994164535871148 54.80956480853001
0.9440478683743365 1111.629293265283 0.016741071428571428 1.1425663544990825 1421.0195053178463 0.0 swap_t 100 5087.5684180259705 0.0 56.37387508982623 0.0 54.99684391165894 71.63643316590951 13.994164535871148 54.80956480853001
0.9440478683743365 1111.629293265283 0.016741071428571428 1.1138527187423626 1375.305664242367 0.0 swap_t 100 5098.947941064835 0.0 56.37387508982623 0.0 54.99684391165894 71.95006883425042 13.994164535871148 54.80956480853001
0.9440478683743365 1111.629293265283 0.016741071428571428 1.1048065338715247 1360.9035919646303 0.0 t_multiswap_k 100 5099.6973741054535 0.0 56.37387508982623 0.0 54.99684391165894 71.95006883425042 13.994164535871148 55.26146916044471
0.9440478683743365 1111.629293265283 0.016741071428571428 1.1055999299050565 1370.4587073383668 0.020833333333333332 swap_t 100 5108.965909719467 0.0 56.37387508982623 0.0 54.99684391165894 72.24056814590791 13.994164535871148 55.26146916044471
0.9440478683743365 1111.629293265283 0.016741071428571428 1.1644228825802094 1455.816417127545 0.0 swap_t 100 5129.600896120071 0.0 56.37387508982623 0.0 54.99684391165894 72.65816246444884 13.994164535871148 55.26146916044471
0.9440478683743365 1111.629293265283 0.016741071428571428 1.147112743789427 1428.2576314557887 0.0 t_multiswap_k 100 5130.764754533768 0.0 56.37387508982623 0.0 54.99684391165894 72.65816246444884 13.994164535871148 55.708854468840265
0.9440478683743365 1111.629293265283 0.016741071428571428 1.152075469332186 1444.4505710392827 0.020833333333333332 move_t 100 5147.083653211594 0.0 56.95013633892797 0.0 54.99684391165894 72.65816246444884 13.994164535871148 55.708854468840265
0.9440478683743365 1111.629293265283 0.016741071428571428 1.1453419360683947 1433.7303796951628 0.020833333333333332 swap_t 100 5162.312378168106 0.0 56.95013633892797 0.0 54.99684391165894 73.09158083980435 13.994164535871148 55.708854468840265
0.9440478683743365 1111.629293265283 0.016741071428571428 1.1111988516778233 1379.3725287116981 0.020833333333333332 f_swap_t 100 5186.463294267654 0.0 56.95013633892797 0.0 55.72687547254235 73.09158083980435 13.994164535871148 55.708854468840265
0.9440478683743365 1111.629293265283 0.016741071428571428 1.1023020392324105 1365.2082663502952 0.020833333333333332 swap_t 100 5209.702619314194 0.0 56.95013633892797 0.0 55.72687547254235 73.39066503140631 13.994164535871148 55.708854468840265
0.9440478683743365 1111.629293265283 0.016741071428571428 1.121604933117026 1395.9396383999538 0.020833333333333332 swap_t 100 5230.142742395401 0.0 56.95013633892797 0.0 55.72687547254235 73.81675838109226 13.994164535871148 55.708854468840265
0.9440478683743365 1111.629293265283 0.016741071428571428 1.0974485228241158 1363.3343383666484 0.03553921568627451 swap_t 100 5245.7898280620575 0.0 56.95013633892797 0.0 55.72687547254235 74.16859079728134 13.994164535871148 55.708854468840265
0.9440478683743365 1111.629293265283 0.016741071428571428 1.1518926561469398 1447.0861029461078 0.02818627450980392 swap_t 100 5264.661180734634 0.0 56.95013633892797 0.0 55.72687547254235 74.53690488930853 13.994164535871148 55.708854468840265
0.9440478683743365 1111.629293265283 0.016741071428571428 1.1141831568668323 1389.976885746111 0.03553921568627451 move_t 100 5280.446403980255 0.0 57.44063497553869 0.0 55.72687547254235 74.53690488930853 13.994164535871148 55.708854468840265
0.9440478683743365 1111.629293265283 0.016741071428571428 1.1010852703715543 1363.2710968883 0.020833333333333332 f_swap_t 100 5301.695337533951 0.0 57.44063497553869 0.0 56.25960671781693 74.53690488930853 13.994164535871148 55.708854468840265
0.9440478683743365 1111.629293265283 0.016741071428571428 1.0943160534593996 1355.4206765534145 0.02818627450980392 f_swap_t 100 5312.934114933014 0.0 57.44063497553869 0.0 56.72701065063876 74.53690488930853 13.994164535871148 55.708854468840265
0.9440478683743365 1111.629293265283 0.016741071428571428 1.066880010223363 1308.8142583462184 0.020833333333333332 move_t 100 5322.984877824783 0.0 57.956228625783304 0.0 56.72701065063876 74.53690488930853 13.994164535871148 55.708854468840265
0.9440478683743365 1111.629293265283 0.016741071428571428 1.062214304467218 1301.3861731936286 0.020833333333333332 t_swap_r_k 100 5323.347677230835 0.0 57.956228625783304 0.0 56.72701065063876 74.53690488930853 14.854222890512437 55.708854468840265
0.9440478683743365 1111.629293265283 0.016741071428571428 1.0522895132216346 1285.5853065408664 0.020833333333333332 move_t 100 5330.933495998383 0.0 58.49666633952547 0.0 56.72701065063876 74.53690488930853 14.854222890512437 55.708854468840265
0.9440478683743365 1111.629293265283 0.016741071428571428 1.0474029958433373 1277.8056759591914 0.020833333333333332 f_swap_t 100 5350.458474636078 0.0 58.49666633952547 0.0 57.159740544132376 74.53690488930853 14.854222890512437 55.708854468840265
0.9440478683743365 1111.629293265283 0.016741071428571428 1.067641186657999 1310.0260971693529 0.020833333333333332 f_swap_t 100 5365.497815847397 0.0 58.49666633952547 0.0 57.62814313869105 74.53690488930853 14.854222890512437 55.708854468840265
0.9440478683743365 1111.629293265283 0.016741071428571428 1.0684378736222242 1311.294470898757 0.020833333333333332 move_t 100 5385.8643045425415 0.0 59.16169967613021 0.0 57.62814313869105 74.53690488930853 14.854222890512437 55.708854468840265
0.9440478683743365 1111.629293265283 0.016741071428571428 1.0948500380222876 1353.3442306740012 0.020833333333333332 swap_t 100 5400.8468317985535 0.0 59.16169967613021 0.0 57.62814313869105 74.91153584041544 14.854222890512437 55.708854468840265