12
3 163 5 140

Solution history:
B_obj   B_dis   B_sim   C_obj   C_dis   C_sim   neighbor   iterations   time   scores
0.9421602803841824 1359.0707722802706 0.008333333333333333 0.9421602803841824 1359.0707722802706 0.008333333333333333 0 0 0 3.0 3.0 3.0 3.0 3.0 3.0 3.0
0.9421602803841824 1359.0707722802706 0.008333333333333333 0.9545474763210622 1396.789928740712 0.008333333333333333 t_swap_k 100 27.418555974960327 3.0 3.0 4.04 3.0 3.0 3.0 3.0
0.9421602803841824 1359.0707722802706 0.008333333333333333 0.9538967309637018 1382.1208528017664 0.0 t_swap_k 100 55.487725019454956 3.0 3.0 5.0296 3.0 3.0 3.0 3.0
0.9421602803841824 1359.0707722802706 0.008333333333333333 0.9449151704804013 1354.7718961165888 0.0 t_move_k 100 74.51692724227905 4.0 3.0 5.0296 3.0 3.0 3.0 3.0
0.9421602803841824 1359.0707722802706 0.008333333333333333 0.9444812903854581 1353.4507261545068 0.0 t_swap_k 100 103.03596830368042 4.0 3.0 5.979304 3.0 3.0 3.0 3.0
0.9421602803841824 1359.0707722802706 0.008333333333333333 0.9444812903854581 1353.4507261545068 0.0 t_swap_k 100 130.12682700157166 4.0 3.0 6.91951096 3.0 3.0 3.0 3.0
0.9421602803841824 1359.0707722802706 0.008333333333333333 0.9623604485778635 1407.892971895733 0.0 move_t 100 156.79953360557556 4.0 4.02 6.91951096 3.0 3.0 3.0 3.0
0.9421602803841824 1359.0707722802706 0.008333333333333333 0.9572915647832403 1392.4581614750823 0.0 t_swap_r_k 100 200.1568157672882 4.0 4.02 6.91951096 3.0 3.0 4.01 3.0
0.9421602803841824 1359.0707722802706 0.008333333333333333 0.9545085561975234 1383.9838677922903 0.0 t_swap_r_k 100 242.2851676940918 4.0 4.02 6.91951096 3.0 3.0 5.0099 3.0
0.9421602803841824 1359.0707722802706 0.008333333333333333 0.963434118503015 1411.162309371302 0.0 move_t 100 269.14417362213135 4.0 5.0198 6.91951096 3.0 3.0 5.0099 3.0
0.9421602803841824 1359.0707722802706 0.008333333333333333 1.0267393155614737 1603.927374586583 0.0 f_swap_t 100 285.89220333099365 4.0 5.0198 6.91951096 4.07 3.0 5.0099 3.0
0.9421602803841824 1359.0707722802706 0.008333333333333333 0.9926352748832926 1500.0801719728165 0.0 t_swap_r_k 100 340.6057207584381 4.0 5.0198 6.91951096 4.07 3.0 5.999801 3.0
0.9421602803841824 1359.0707722802706 0.008333333333333333 1.014203006510274 1565.7541669495881 0.0 f_swap_t 100 358.16185307502747 4.0 5.0198 6.91951096 5.049300000000001 3.0 5.999801 3.0
0.9421602803841824 1359.0707722802706 0.008333333333333333 1.016997588602348 1586.9512508117432 0.008333333333333333 t_swap_k 100 391.7346577644348 4.0 5.0198 7.9303158504 5.049300000000001 3.0 5.999801 3.0
0.9421602803841824 1359.0707722802706 0.008333333333333333 1.0062616764661128 1554.2602728312809 0.008333333333333333 swap_t 100 409.9354569911957 4.0 5.0198 7.9303158504 5.049300000000001 4.0 5.999801 3.0
0.9421602803841824 1359.0707722802706 0.008333333333333333 1.0025635610143135 1542.9994680417244 0.008333333333333333 t_swap_k 100 435.32763862609863 4.0 5.0198 8.911012691896 5.049300000000001 4.0 5.999801 3.0
0.9421602803841824 1359.0707722802706 0.008333333333333333 1.0025635610143135 1542.9994680417244 0.008333333333333333 t_swap_r_k 100 483.47750067710876 4.0 5.0198 8.911012691896 5.049300000000001 4.0 6.97980299 3.0
0.9421602803841824 1359.0707722802706 0.008333333333333333 1.003973909891311 1547.2939968621565 0.008333333333333333 move_t 100 509.83407187461853 4.0 6.009602 8.911012691896 5.049300000000001 4.0 6.97980299 3.0
0.9421602803841824 1359.0707722802706 0.008333333333333333 0.9969383449675517 1513.1830706914188 0.0 swap_t 100 529.4501972198486 4.0 6.009602 8.911012691896 5.049300000000001 4.96 6.97980299 3.0
0.9421602803841824 1359.0707722802706 0.008333333333333333 0.9919329522984496 1510.6291402075133 0.008333333333333333 f_swap_t 100 553.8210883140564 4.0 6.009602 8.911012691896 6.058807000000001 4.96 6.97980299 3.0
0.9421602803841824 1359.0707722802706 0.008333333333333333 1.0701390716622388 1736.0801393487839 0.0 t_swap_k 100 596.5085203647614 4.0 6.009602 9.98190256497704 6.058807000000001 4.96 6.97980299 3.0
0.9421602803841824 1359.0707722802706 0.008333333333333333 1.0400787933036162 1644.5462402782475 0.0 t_swap_k 100 627.9377613067627 4.0 6.009602 11.02208353932727 6.058807000000001 4.96 6.97980299 3.0
0.9421602803841824 1359.0707722802706 0.008333333333333333 1.0460930708018887 1662.8597855801709 0.0 t_swap_k 100 651.0825555324554 4.0 6.009602 12.051862703933997 6.058807000000001 4.96 6.97980299 3.0
0.9421602803841824 1359.0707722802706 0.008333333333333333 1.0273476188853221 1605.7796653200598 0.0 t_swap_r_k 100 699.6601946353912 4.0 6.009602 12.051862703933997 6.058807000000001 4.96 7.950004960099999 3.0
0.9421602803841824 1359.0707722802706 0.008333333333333333 1.0249875310097027 1598.5931701443562 0.0 t_multiswap_k 100 714.12846326828 4.0 6.009602 12.051862703933997 6.058807000000001 4.96 7.950004960099999 4.0
0.9421602803841824 1359.0707722802706 0.008333333333333333 1.0239519578900804 1595.4398378870558 0.0 t_swap_k 100 740.1174499988556 4.0 6.009602 13.001344076894657 6.058807000000001 4.96 7.950004960099999 4.0
0.9421602803841824 1359.0707722802706 0.008333333333333333 1.0182443706000184 1578.060167854993 0.0 t_swap_k 100 773.98672914505 4.0 6.009602 13.931330636125711 6.058807000000001 4.96 7.950004960099999 4.0
0.9421602803841824 1359.0707722802706 0.008333333333333333 1.015961041598629 1571.1074043487952 0.0 t_swap_r_k 100 821.2184307575226 4.0 6.009602 13.931330636125711 6.058807000000001 4.96 8.910504910499 4.0
0.9421602803841824 1359.0707722802706 0.008333333333333333 1.0150571176915415 1568.3549454829217 0.0 t_multiswap_k 100 835.8042523860931 4.0 6.009602 13.931330636125711 6.058807000000001 4.96 8.910504910499 4.96
0.9421602803841824 1359.0707722802706 0.008333333333333333 1.0230111710104564 1628.3987978049793 0.023529411764705882 f_swap_t 100 867.3137829303741 4.0 6.009602 13.931330636125711 7.15821893 4.96 8.910504910499 4.96
0.9421602803841824 1359.0707722802706 0.008333333333333333 1.0414445858865287 1674.0801920966085 0.016666666666666666 t_swap_k 100 901.5923888683319 4.0 6.009602 14.912017329764454 7.15821893 4.96 8.910504910499 4.96
0.9421602803841824 1359.0707722802706 0.008333333333333333 1.0363326540608728 1648.364260944391 0.01 t_multiswap_k 100 920.5425610542297 4.0 6.009602 14.912017329764454 7.15821893 4.96 8.910504910499 5.9803999999999995
0.9421602803841824 1359.0707722802706 0.008333333333333333 1.0235155916280925 1609.3361559778787 0.01 move_t 100 944.7663667201996 4.0 7.04950598 14.912017329764454 7.15821893 4.96 8.910504910499 5.9803999999999995
0.9421602803841824 1359.0707722802706 0.008333333333333333 1.050086321950529 1675.0192820173722 0.0 move_t 100 971.6997950077057 4.0 8.1690109202 14.912017329764454 7.15821893 4.96 8.910504910499 5.9803999999999995
0.9421602803841824 1359.0707722802706 0.008333333333333333 1.0322976963468706 1620.852709067399 0.0 swap_t 100 993.8874638080597 4.0 8.1690109202 14.912017329764454 7.15821893 5.9104 8.910504910499 5.9803999999999995
0.9421602803841824 1359.0707722802706 0.008333333333333333 1.0454643409353976 1660.9452957855178 0.0 t_swap_k 100 1027.7482779026031 4.0 8.1690109202 15.802897156466809 7.15821893 5.9104 8.910504910499 5.9803999999999995
0.9421602803841824 1359.0707722802706 0.008333333333333333 1.0305068512357785 1615.3995647653387 0.0 move_t 100 1061.3453953266144 4.0 9.207320810998 15.802897156466809 7.15821893 5.9104 8.910504910499 5.9803999999999995
0.9421602803841824 1359.0707722802706 0.008333333333333333 1.0226410764240021 1591.448188495858 0.0 t_swap_r_k 100 1103.7438085079193 4.0 9.207320810998 15.802897156466809 7.15821893 5.9104 9.86139986139401 5.9803999999999995
0.9421602803841824 1359.0707722802706 0.008333333333333333 1.0211250750577938 1586.8319466104767 0.0 t_multiswap_k 100 1117.1595737934113 4.0 9.207320810998 15.802897156466809 7.15821893 5.9104 9.86139986139401 6.950595999999999
0.9421602803841824 1359.0707722802706 0.008333333333333333 1.0118085444087708 1558.463001854161 0.0 t_swap_r_k 100 1155.819319486618 4.0 9.207320810998 15.802897156466809 7.15821893 5.9104 10.802785862780071 6.950595999999999
0.9421602803841824 1359.0707722802706 0.008333333333333333 1.0111630844026354 1556.4975685886789 0.0 f_swap_t 100 1180.3152515888214 4.0 9.207320810998 15.802897156466809 8.1166367407 5.9104 10.802785862780071 6.950595999999999
0.9421602803841824 1359.0707722802706 0.008333333333333333 1.0774917543609706 1758.469144134907 0.0 t_swap_k 100 1214.6132764816284 4.0 9.207320810998 16.77486818490214 8.1166367407 5.9104 10.802785862780071 6.950595999999999
0.9421602803841824 1359.0707722802706 0.008333333333333333 1.0559507807683024 1718.2517251198526 0.016666666666666666 move_t 100 1236.393725156784 4.0 10.39524760288802 16.77486818490214 8.1166367407 5.9104 10.802785862780071 6.950595999999999
0.9421602803841824 1359.0707722802706 0.008333333333333333 1.0322157280665392 1645.9782121297812 0.016666666666666666 t_swap_k 100 1267.3214976787567 4.0 10.39524760288802 17.727119503053117 8.1166367407 5.9104 10.802785862780071 6.950595999999999
0.9421602803841824 1359.0707722802706 0.008333333333333333 1.0215652266091935 1613.5473106651696 0.016666666666666666 t_swap_k 100 1296.2451593875885 4.0 10.39524760288802 18.549848308022586 8.1166367407 5.9104 10.802785862780071 6.950595999999999
0.9421602803841824 1359.0707722802706 0.008333333333333333 1.0522692393138868 1707.0413883461144 0.016666666666666666 move_t 100 1323.8871247768402 4.0 11.44129512685914 18.549848308022586 8.1166367407 5.9104 10.802785862780071 6.950595999999999
0.9421602803841824 1359.0707722802706 0.008333333333333333 1.0337050205730978 1625.1380277908715 0.0 t_multiswap_k 100 1341.5653550624847 4.0 11.44129512685914 18.549848308022586 8.1166367407 5.9104 10.802785862780071 7.941090039999999
0.9421602803841824 1359.0707722802706 0.008333333333333333 1.0261273353669842 1602.0638877390138 0.0 move_t 100 1369.9766418933868 4.0 12.386882175590548 18.549848308022586 8.1166367407 5.9104 10.802785862780071 7.941090039999999
0.9421602803841824 1359.0707722802706 0.008333333333333333 1.0357971795958059 1631.5086764768027 0.0 move_t 100 1392.6086995601654 4.0 13.343013353834642 18.549848308022586 8.1166367407 5.9104 10.802785862780071 7.941090039999999
0.9421602803841824 1359.0707722802706 0.008333333333333333 1.0373370367873984 1702.6206087958558 0.043627450980392155 t_swap_k 100 1425.92143368721 4.0 13.343013353834642 19.53434982494236 8.1166367407 5.9104 10.802785862780071 7.941090039999999
0.9421602803841824 1359.0707722802706 0.008333333333333333 1.0314037425702935 1684.5536585319537 0.043627450980392155 t_swap_r_k 100 1473.666260957718 4.0 13.343013353834642 19.53434982494236 8.1166367407 5.9104 11.73475800415227 7.941090039999999
0.9421602803841824 1359.0707722802706 0.008333333333333333 1.100779710070176 1895.8042907215768 0.043627450980392155 t_swap_k 100 1510.9812483787537 4.0 13.343013353834642 20.559006326692938 8.1166367407 5.9104 11.73475800415227 7.941090039999999
0.9421602803841824 1359.0707722802706 0.008333333333333333 1.0735313633174708 1784.4723532536252 0.025 t_swap_k 100 1551.6862120628357 4.0 13.343013353834642 21.55341626342601 8.1166367407 5.9104 11.73475800415227 7.941090039999999
0.9421602803841824 1359.0707722802706 0.008333333333333333 1.062493501228981 1750.8619341381109 0.025 f_swap_t 100 1585.7381427288055 4.0 13.343013353834642 21.55341626342601 9.095470373293 5.9104 11.73475800415227 7.941090039999999
0.9421602803841824 1359.0707722802706 0.008333333333333333 1.0603614591454154 1744.3698410655516 0.025 t_swap_k 100 1616.5663318634033 4.0 13.343013353834642 22.397882100791747 9.095470373293 5.9104 11.73475800415227 7.941090039999999
0.9421602803841824 1359.0707722802706 0.008333333333333333 1.0432394918969605 1692.2332506018258 0.025 move_t 100 1650.891881942749 4.0 14.309583220296297 22.397882100791747 9.095470373293 5.9104 11.73475800415227 7.941090039999999
0.9421602803841824 1359.0707722802706 0.008333333333333333 1.0573573574533524 1697.159670137325 0.0 move_t 100 1678.556426525116 4.0 15.396487388093334 22.397882100791747 9.095470373293 5.9104 11.73475800415227 7.941090039999999
0.9421602803841824 1359.0707722802706 0.008333333333333333 1.0536563870280897 1685.8901719201922 0.0 t_swap_k 100 1707.0306611061096 4.0 15.396487388093334 23.21390327978383 9.095470373293 5.9104 11.73475800415227 7.941090039999999
0.9421602803841824 1359.0707722802706 0.008333333333333333 1.0610168317023962 1708.3028120126944 0.0 t_swap_k 100 1743.1260390281677 4.0 15.396487388093334 24.05176424698599 9.095470373293 5.9104 11.73475800415227 7.941090039999999
0.9421602803841824 1359.0707722802706 0.008333333333333333 1.0721264845761689 1742.1318349087815 0.0 move_t 100 1777.2994782924652 4.0 16.5425225142124 24.05176424698599 9.095470373293 5.9104 11.73475800415227 7.941090039999999
0.9421602803841824 1359.0707722802706 0.008333333333333333 1.0377023726931554 1703.7330609004389 0.043627450980392155 move_t 100 1807.437147140503 4.0 17.477097289070276 24.05176424698599 9.095470373293 5.9104 11.73475800415227 7.941090039999999
0.9421602803841824 1359.0707722802706 0.008333333333333333 1.0713112127544877 1770.2487048797775 0.020098039215686276 t_move_k 100 1836.0064582824707 5.11 17.477097289070276 24.05176424698599 9.095470373293 5.9104 11.73475800415227 7.941090039999999
0.9421602803841824 1359.0707722802706 0.008333333333333333 1.0671855425005017 1744.9984420013502 0.011764705882352941 t_swap_r_k 100 1881.0141344070435 5.11 17.477097289070276 24.05176424698599 9.095470373293 5.9104 12.657410424110749 7.941090039999999
0.9421602803841824 1359.0707722802706 0.008333333333333333 1.0509866307712574 1708.3601151032892 0.020098039215686276 swap_t 100 1900.280814409256 5.11 17.477097289070276 24.05176424698599 9.095470373293 6.971296000000001 12.657410424110749 7.941090039999999
0.9421602803841824 1359.0707722802706 0.008333333333333333 1.045644840820635 1692.0943022467677 0.020098039215686276 swap_t 100 1926.475835800171 5.11 17.477097289070276 24.05176424698599 9.095470373293 7.9315830400000005 12.657410424110749 7.941090039999999
0.9421602803841824 1359.0707722802706 0.008333333333333333 1.0552541674741895 1721.35481426029 0.020098039215686276 t_multiswap_k 100 1943.2127649784088 5.11 17.477097289070276 24.05176424698599 9.095470373293 7.9315830400000005 12.657410424110749 8.901679139599999
0.9421602803841824 1359.0707722802706 0.008333333333333333 1.0359749683100201 1662.6494273905882 0.020098039215686276 t_multiswap_k 100 1956.765430688858 5.11 17.477097289070276 24.05176424698599 9.095470373293 7.9315830400000005 12.657410424110749 9.812662348203999
0.9421602803841824 1359.0707722802706 0.008333333333333333 1.0359749683100201 1662.6494273905882 0.020098039215686276 t_swap_r_k 100 2003.5911955833435 5.11 17.477097289070276 24.05176424698599 9.095470373293 7.9315830400000005 13.570836319869642 9.812662348203999
0.9421602803841824 1359.0707722802706 0.008333333333333333 1.074538841534003 1749.477490050965 0.0 move_t 100 2034.542518377304 5.11 18.572326316179574 24.05176424698599 9.095470373293 7.9315830400000005 13.570836319869642 9.812662348203999
0.9421602803841824 1359.0707722802706 0.008333333333333333 1.0585704561793874 1713.5411186589909 0.008333333333333333 t_multiswap_k 100 2043.5567378997803 5.11 18.572326316179574 24.05176424698599 9.095470373293 7.9315830400000005 13.570836319869642 10.714535724721959
0.9421602803841824 1359.0707722802706 0.008333333333333333 1.0900315072462838 1809.3403870042307 0.008333333333333333 f_swap_t 100 2074.6586878299713 5.11 18.572326316179574 24.05176424698599 10.254515669560071 7.9315830400000005 13.570836319869642 10.714535724721959
0.9421602803841824 1359.0707722802706 0.008333333333333333 1.0727299178892715 1743.9692964025965 0.0 t_swap_r_k 100 2116.141454219818 5.11 18.572326316179574 24.05176424698599 10.254515669560071 7.9315830400000005 14.475127956670946 10.714535724721959
0.9421602803841824 1359.0707722802706 0.008333333333333333 1.0621613117999786 1711.7877672912366 0.0 t_swap_r_k 100 2158.6130423545837 5.11 18.572326316179574 24.05176424698599 10.254515669560071 7.9315830400000005 15.370376677104236 10.714535724721959
0.9421602803841824 1359.0707722802706 0.008333333333333333 1.0903388206347877 1797.5886111481848 0.0 move_t 100 2186.784691095352 5.11 19.58660305301778 24.05176424698599 10.254515669560071 7.9315830400000005 15.370376677104236 10.714535724721959
0.9421602803841824 1359.0707722802706 0.008333333333333333 1.0642274465067 1718.0791716307087 0.0 f_swap_t 100 2212.3804681301117 5.11 19.58660305301778 24.05176424698599 11.15197051286447 7.9315830400000005 15.370376677104236 10.714535724721959
0.9421602803841824 1359.0707722802706 0.008333333333333333 1.0568766112929602 1695.6957924579867 0.0 move_t 100 2240.2555911540985 5.11 20.390737022487603 24.05176424698599 11.15197051286447 7.9315830400000005 15.370376677104236 10.714535724721959
0.9421602803841824 1359.0707722802706 0.008333333333333333 1.1182603794969164 1882.6100843457214 0.0 t_swap_k 100 2273.0675530433655 5.11 20.390737022487603 25.09124660451613 11.15197051286447 7.9315830400000005 15.370376677104236 10.714535724721959
0.9421602803841824 1359.0707722802706 0.008333333333333333 1.0541405506684745 1687.3644558660649 0.0 move_t 100 2306.958818435669 5.11 21.466829652262728 25.09124660451613 11.15197051286447 7.9315830400000005 15.370376677104236 10.714535724721959
0.9421602803841824 1359.0707722802706 0.008333333333333333 1.0442226420757548 1657.1643082398068 0.0 t_swap_r_k 100 2352.4985513687134 5.11 21.466829652262728 25.09124660451613 11.15197051286447 7.9315830400000005 16.256672910333194 10.714535724721959
0.9421602803841824 1359.0707722802706 0.008333333333333333 1.0435587123824082 1655.1426345608174 0.0 swap_t 100 2375.92729640007 5.11 21.466829652262728 25.09124660451613 11.15197051286447 8.8522672096 16.256672910333194 10.714535724721959
0.9421602803841824 1359.0707722802706 0.008333333333333333 1.0526230731816995 1682.743719176299 0.0 t_swap_k 100 2417.4009251594543 5.11 21.466829652262728 25.91033413847097 11.15197051286447 8.8522672096 16.256672910333194 10.714535724721959
0.9421602803841824 1359.0707722802706 0.008333333333333333 1.0772583086516043 1757.7582992204107 0.0 t_swap_k 100 2457.221009492874 5.11 21.466829652262728 26.78123079708626 11.15197051286447 8.8522672096 16.256672910333194 10.714535724721959
0.9421602803841824 1359.0707722802706 0.008333333333333333 1.062024581133918 1711.3714208144095 0.0 t_swap_r_k 100 2504.7794382572174 5.11 21.466829652262728 26.78123079708626 11.15197051286447 8.8522672096 17.13410618122986 10.714535724721959
0.9421602803841824 1359.0707722802706 0.008333333333333333 1.0726024774402234 1743.5812387451952 0.0 swap_t 100 2535.713392972946 5.11 21.466829652262728 26.78123079708626 11.15197051286447 9.793744537504 17.13410618122986 10.714535724721959
0.9421602803841824 1359.0707722802706 0.008333333333333333 1.066926519398945 1759.527398202959 0.0 swap_t 100 2563.866416454315 5.11 21.466829652262728 26.78123079708626 11.15197051286447 10.825807092128962 17.13410618122986 10.714535724721959
0.9421602803841824 1359.0707722802706 0.008333333333333333 1.0475023050823626 1766.1138004352185 0.065 t_swap_k 100 2605.567434310913 5.11 21.466829652262728 27.773418489115397 11.15197051286447 10.825807092128962 17.13410618122986 10.714535724721959
0.9421602803841824 1359.0707722802706 0.008333333333333333 1.069776221328869 1833.9381358352423 0.065 t_swap_k 100 2643.6803510189056 5.11 21.466829652262728 28.665684304224243 11.15197051286447 10.825807092128962 17.13410618122986 10.714535724721959
0.9421602803841824 1359.0707722802706 0.008333333333333333 1.051182801795668 1769.708426729749 0.06 f_swap_t 100 2683.7522411346436 5.11 21.466829652262728 28.665684304224243 12.280450807735825 10.825807092128962 17.13410618122986 10.714535724721959
0.9421602803841824 1359.0707722802706 0.008333333333333333 1.0676367052009021 1771.960571246389 0.02857142857142857 f_swap_t 100 2721.7185661792755 5.11 21.466829652262728 28.665684304224243 13.447646299658466 10.825807092128962 17.13410618122986 10.714535724721959
0.9421602803841824 1359.0707722802706 0.008333333333333333 1.0660610947378133 1738.8877103943175 0.01 t_swap_r_k 100 2771.8425137996674 5.11 21.466829652262728 28.665684304224243 13.447646299658466 10.825807092128962 18.00276511941756 10.714535724721959
0.9421602803841824 1359.0707722802706 0.008333333333333333 1.0995132533579468 1869.025033089174 0.02857142857142857 f_swap_t 100 2808.48219871521 5.11 21.466829652262728 28.665684304224243 14.59316983666188 10.825807092128962 18.00276511941756 10.714535724721959
0.9421602803841824 1359.0707722802706 0.008333333333333333 1.0736546862678609 1787.3853828229078 0.026666666666666665 t_swap_r_k 100 2853.7335844039917 5.11 21.466829652262728 28.665684304224243 14.59316983666188 10.825807092128962 18.862737468223386 10.714535724721959
0.9421602803841824 1359.0707722802706 0.008333333333333333 1.1251440402703752 1959.7586276330692 0.0369047619047619 f_swap_t 100 2897.762444257736 5.11 21.466829652262728 28.665684304224243 15.697238138295262 10.825807092128962 18.862737468223386 10.714535724721959
0.9421602803841824 1359.0707722802706 0.008333333333333333 1.1102176318225845 1934.2451159436935 0.05 t_swap_k 100 2939.7909348011017 5.11 21.466829652262728 29.599027461182 15.697238138295262 10.825807092128962 18.862737468223386 10.714535724721959
0.9421602803841824 1359.0707722802706 0.008333333333333333 1.1024352355762246 1910.5476283807789 0.05 f_swap_t 100 2975.1128039360046 5.11 21.466829652262728 29.599027461182 16.72026575691231 10.825807092128962 18.862737468223386 10.714535724721959
0.9421602803841824 1359.0707722802706 0.008333333333333333 1.074995454629681 1826.993174569206 0.05 t_swap_k 100 3015.275392770767 5.11 21.466829652262728 30.51303718657018 16.72026575691231 10.825807092128962 18.862737468223386 10.714535724721959
0.9421602803841824 1359.0707722802706 0.008333333333333333 1.0737835194033858 1803.3652410794584 0.0369047619047619 t_swap_k 100 3052.219901561737 5.11 21.466829652262728 31.307906814704477 16.72026575691231 10.825807092128962 18.862737468223386 10.714535724721959
0.9421602803841824 1359.0707722802706 0.008333333333333333 1.0737835194033858 1803.3652410794584 0.0369047619047619 t_swap_r_k 100 3104.637585878372 5.11 21.466829652262728 31.307906814704477 16.72026575691231 10.825807092128962 19.71411009354115 10.714535724721959
0.9421602803841824 1359.0707722802706 0.008333333333333333 1.0905725644343356 1810.9879124679567 0.008333333333333333 t_swap_k 100 3138.4137377738953 5.11 21.466829652262728 32.07482774655743 16.72026575691231 10.825807092128962 19.71411009354115 10.714535724721959
0.9421602803841824 1359.0707722802706 0.008333333333333333 1.0904184140034614 1823.206071320786 0.016666666666666666 f_swap_t 100 3174.603089570999 5.11 21.466829652262728 32.07482774655743 17.753063099343187 10.825807092128962 19.71411009354115 10.714535724721959
0.9421602803841824 1359.0707722802706 0.008333333333333333 1.062798922985632 1739.1043982409553 0.016666666666666666 move_t 100 3210.7137808799744 5.11 22.4321613557401 32.07482774655743 17.753063099343187 10.825807092128962 19.71411009354115 10.714535724721959
0.9421602803841824 1359.0707722802706 0.008333333333333333 1.051215852665274 1703.8338136847594 0.016666666666666666 f_swap_t 100 3241.9686448574066 5.11 22.4321613557401 32.07482774655743 18.605532468349754 10.825807092128962 19.71411009354115 10.714535724721959
0.9421602803841824 1359.0707722802706 0.008333333333333333 1.0849008126509447 1806.4049106898888 0.016666666666666666 t_swap_k 100 3287.6053652763367 5.11 22.4321613557401 32.88407946909186 18.605532468349754 10.825807092128962 19.71411009354115 10.714535724721959
0.9421602803841824 1359.0707722802706 0.008333333333333333 1.0725993091595583 1768.946688727901 0.016666666666666666 t_multiswap_k 100 3304.415744781494 5.11 22.4321613557401 32.88407946909186 18.605532468349754 10.825807092128962 19.71411009354115 11.60739036747474
0.9421602803841824 1359.0707722802706 0.008333333333333333 1.110863076274308 1872.7727582598723 0.008333333333333333 t_swap_k 100 3325.5094397068024 5.11 22.4321613557401 33.86523867440094 18.605532468349754 10.825807092128962 19.71411009354115 11.60739036747474
0.9421602803841824 1359.0707722802706 0.008333333333333333 1.0917219947942955 1814.487941353318 0.008333333333333333 t_swap_r_k 100 3350.2406005859375 5.11 22.4321613557401 33.86523867440094 18.605532468349754 10.825807092128962 20.55696899260574 11.60739036747474
0.9421602803841824 1359.0707722802706 0.008333333333333333 1.1045274767642899 1853.4807836752461 0.008333333333333333 swap_t 100 3367.8134360313416 5.11 22.4321613557401 33.86523867440094 18.605532468349754 11.887549021207672 20.55696899260574 11.60739036747474
0.9421602803841824 1359.0707722802706 0.008333333333333333 1.091284016933023 1800.466744927664 0.0 t_swap_k 100 3387.6716527938843 5.11 22.4321613557401 34.78658628765693 18.605532468349754 11.887549021207672 20.55696899260574 11.60739036747474
0.9421602803841824 1359.0707722802706 0.008333333333333333 1.0783400622099424 1761.0522514535476 0.0 t_multiswap_k 100 3394.406933069229 5.11 22.4321613557401 34.78658628765693 18.605532468349754 11.887549021207672 20.55696899260574 12.491316463799992
0.9421602803841824 1359.0707722802706 0.008333333333333333 1.0713460237946626 1739.7553227038497 0.0 swap_t 100 3413.402705192566 5.11 22.4321613557401 34.78658628765693 18.605532468349754 12.918673530995594 20.55696899260574 12.491316463799992
0.9421602803841824 1359.0707722802706 0.008333333333333333 1.0746972557210057 1749.9598631025872 0.0 swap_t 100 3428.123004436493 5.11 22.4321613557401 34.78658628765693 18.605532468349754 13.949486795685639 20.55696899260574 12.491316463799992
0.9421602803841824 1359.0707722802706 0.008333333333333333 1.0794858055619376 1764.5410533565478 0.0 t_swap_k 100 3446.2824137210846 5.11 22.4321613557401 35.508720424780364 18.605532468349754 13.949486795685639 20.55696899260574 12.491316463799992
0.9421602803841824 1359.0707722802706 0.008333333333333333 1.072174833632858 1742.279058351703 0.0 f_swap_t 100 3464.1398549079895 5.11 22.4321613557401 35.508720424780364 19.479477143666255 13.949486795685639 20.55696899260574 12.491316463799992
0.9421602803841824 1359.0707722802706 0.008333333333333333 1.05581349278113 1692.4585841593494 0.0 move_t 100 3476.533182144165 5.11 23.4578397421827 35.508720424780364 19.479477143666255 13.949486795685639 20.55696899260574 12.491316463799992
0.9421602803841824 1359.0707722802706 0.008333333333333333 1.041570809897672 1649.0894482519916 0.0 t_swap_r_k 100 3497.883754968643 5.11 23.4578397421827 35.508720424780364 19.479477143666255 13.949486795685639 21.39139930267968 12.491316463799992
0.9421602803841824 1359.0707722802706 0.008333333333333333 1.0407181938421692 1646.4932223940925 0.0 t_swap_r_k 100 3521.508549928665 5.11 23.4578397421827 35.508720424780364 19.479477143666255 13.949486795685639 22.217485309652883 12.491316463799992
0.9421602803841824 1359.0707722802706 0.008333333333333333 1.0405074085463673 1645.8513787038476 0.0 t_swap_r_k 100 3543.923152923584 5.11 23.4578397421827 35.508720424780364 19.479477143666255 13.949486795685639 23.035310456556353 12.491316463799992
0.9421602803841824 1359.0707722802706 0.008333333333333333 1.0402045689156831 1644.9292284875753 0.0 t_swap_k 100 3560.6740193367004 5.11 23.4578397421827 36.15363322053256 19.479477143666255 13.949486795685639 23.035310456556353 12.491316463799992
0.9421602803841824 1359.0707722802706 0.008333333333333333 1.0828999103544499 1774.937042367887 0.0 t_swap_k 100 3577.2086203098297 5.11 23.4578397421827 36.89209688832724 19.479477143666255 13.949486795685639 23.035310456556353 12.491316463799992
0.9421602803841824 1359.0707722802706 0.008333333333333333 1.0882507626980868 1791.2304503170956 0.0 t_swap_k 100 3590.278057575226 5.11 23.4578397421827 37.593175919443965 19.479477143666255 13.949486795685639 23.035310456556353 12.491316463799992
0.9421602803841824 1359.0707722802706 0.008333333333333333 1.1119516375273384 1863.3998912857573 0.0 t_swap_k 100 3612.997871398926 5.11 23.4578397421827 38.43724416024953 19.479477143666255 13.949486795685639 23.035310456556353 12.491316463799992