12
3 163 5 140

Solution history:
B_obj   B_dis   B_sim   C_obj   C_dis   C_sim   neighbor   iterations   time   scores
0.9463269470508491 1359.0707722802706 0.0 0.9463269470508491 1359.0707722802706 0.0 0 0 0 3.0 3.0 3.0 3.0 3.0 3.0 3.0
0.9463269470508491 1359.0707722802706 0.0 0.960458273092093 1402.100825301088 0.0 f_swap_t 100 18.330365419387817 3.0 3.0 3.0 4.01 3.0 3.0 3.0
0.9463269470508491 1359.0707722802706 0.0 0.9523927167180946 1377.5411118387701 0.0 t_multiswap_k 100 29.216431617736816 3.0 3.0 3.0 4.01 3.0 3.0 3.9699999999999998
0.9463269470508491 1359.0707722802706 0.0 0.952071435579066 1376.5628070139687 0.0 t_multiswap_k 100 38.5431752204895 3.0 3.0 3.0 4.01 3.0 3.0 4.9303
0.9463269470508491 1359.0707722802706 0.0 0.9803064563310238 1462.5387753310708 0.0 swap_t 100 66.4753065109253 3.0 3.0 3.0 4.01 4.04 3.0 4.9303
0.9463269470508491 1359.0707722802706 0.0 0.9655371729353799 1417.5661347070284 0.0 t_swap_r_k 100 116.82928919792175 3.0 3.0 3.0 4.01 4.04 4.01 4.9303
0.9463269470508491 1359.0707722802706 0.0 0.9630390037808507 1409.9591804225809 0.0 t_swap_r_k 100 162.66102933883667 3.0 3.0 3.0 4.01 4.04 5.0099 4.9303
0.9463269470508491 1359.0707722802706 0.0 0.9725239057174422 1438.8408177181607 0.0 move_t 100 195.10415720939636 3.0 4.01 3.0 4.01 4.04 5.0099 4.9303
0.9463269470508491 1359.0707722802706 0.0 0.9652965470218501 1416.8334259869018 0.0 t_swap_r_k 100 244.09044313430786 3.0 4.01 3.0 4.01 4.04 5.999801 4.9303
0.9463269470508491 1359.0707722802706 0.0 0.9630772613216152 1410.075675081521 0.0 t_multiswap_k 100 255.14885640144348 3.0 4.01 3.0 4.01 4.04 5.999801 5.880997
0.9463269470508491 1359.0707722802706 0.0 0.9630772613216152 1410.075675081521 0.0 t_multiswap_k 100 269.8857145309448 3.0 4.01 3.0 4.01 4.04 5.999801 6.82218703
0.9463269470508491 1359.0707722802706 0.0 0.9630772613216152 1410.075675081521 0.0 swap_t 100 291.9886643886566 3.0 4.01 3.0 4.01 4.9996 5.999801 6.82218703
0.9463269470508491 1359.0707722802706 0.0 0.9630772613216152 1410.075675081521 0.0 t_swap_r_k 100 334.51862621307373 3.0 4.01 3.0 4.01 4.9996 6.97980299 6.82218703
0.9463269470508491 1359.0707722802706 0.0 0.9630772613216152 1410.075675081521 0.0 t_multiswap_k 100 345.8527579307556 3.0 4.01 3.0 4.01 4.9996 6.97980299 7.7539651597
0.9463269470508491 1359.0707722802706 0.0 0.982952712713486 1470.596656956029 0.0 t_multiswap_k 100 355.3581545352936 3.0 4.01 3.0 4.01 4.9996 6.97980299 8.716425508103
0.9463269470508491 1359.0707722802706 0.0 0.9784310945744252 1456.8282768552642 0.0 t_multiswap_k 100 366.82858657836914 3.0 4.01 3.0 4.01 4.9996 6.97980299 9.629261253021971
0.9463269470508491 1359.0707722802706 0.0 0.9775449378721 1454.1299193356288 0.0 t_swap_r_k 100 414.91539883613586 3.0 4.01 3.0 4.01 4.9996 7.950004960099999 9.629261253021971
0.9463269470508491 1359.0707722802706 0.0 0.9775238716590866 1454.0657724706946 0.0 t_multiswap_k 100 426.06477880477905 3.0 4.01 3.0 4.01 4.9996 7.950004960099999 10.53296864049175
0.9463269470508491 1359.0707722802706 0.0 0.9775238716590866 1454.0657724706946 0.0 t_swap_r_k 100 477.23702597618103 3.0 4.01 3.0 4.01 4.9996 8.910504910499 10.53296864049175
0.9463269470508491 1359.0707722802706 0.0 0.9775238716590866 1454.0657724706946 0.0 t_multiswap_k 100 493.828999042511 3.0 4.01 3.0 4.01 4.9996 8.910504910499 11.427638954086833
0.9463269470508491 1359.0707722802706 0.0 0.9749722038726795 1446.2959142266661 0.0 t_move_k 100 532.9550206661224 4.04 4.01 3.0 4.01 4.9996 8.910504910499 11.427638954086833
0.9463269470508491 1359.0707722802706 0.0 0.9723553594902608 1438.3275924857296 0.0 move_t 100 570.5193855762482 4.04 4.9699 3.0 4.01 4.9996 8.910504910499 11.427638954086833
0.9463269470508491 1359.0707722802706 0.0 0.9865583209079207 1481.575776065304 0.0 move_t 100 606.7202787399292 4.04 6.060201 3.0 4.01 4.9996 8.910504910499 11.427638954086833
0.9463269470508491 1359.0707722802706 0.0 0.9795287159751134 1460.1705468538862 0.0 t_multiswap_k 100 615.2744119167328 4.04 6.060201 3.0 4.01 4.9996 8.910504910499 12.343362564545965
0.9463269470508491 1359.0707722802706 0.0 1.0059638117967822 1540.6657227133112 0.0 f_swap_t 100 645.3072044849396 4.04 6.060201 3.0 4.9899 4.9996 8.910504910499 12.343362564545965
0.9463269470508491 1359.0707722802706 0.0 0.9943094418258323 1505.1780298874187 0.0 t_swap_r_k 100 693.3783740997314 4.04 6.060201 3.0 4.9899 4.9996 9.86139986139401 12.343362564545965
0.9463269470508491 1359.0707722802706 0.0 0.9905895707218979 1493.8509788827412 0.0 t_swap_k 100 746.061619758606 4.04 6.060201 4.0 4.9899 4.9996 9.86139986139401 12.343362564545965
0.9463269470508491 1359.0707722802706 0.0 0.987760299215422 1485.235814065326 0.0 t_multiswap_k 100 757.1223313808441 4.04 6.060201 4.0 4.9899 4.9996 9.86139986139401 13.219928938900505
0.9463269470508491 1359.0707722802706 0.0 0.987760299215422 1485.235814065326 0.0 swap_t 100 787.1753408908844 4.04 6.060201 4.0 4.9899 5.949604 9.86139986139401 13.219928938900505
0.9463269470508491 1359.0707722802706 0.0 0.987760299215422 1485.235814065326 0.0 t_multiswap_k 100 802.2252719402313 4.04 6.060201 4.0 4.9899 5.949604 9.86139986139401 14.0877296495115
0.9463269470508491 1359.0707722802706 0.0 1.0169443222407284 1574.1015054006275 0.0 t_swap_k 100 845.4004940986633 4.04 6.060201 5.04 4.9899 5.949604 9.86139986139401 14.0877296495115
0.9463269470508491 1359.0707722802706 0.0 1.005104504998061 1538.0491234640824 0.0 t_move_k 100 883.74622797966 5.1096 6.060201 5.04 4.9899 5.949604 9.86139986139401 14.0877296495115
0.9463269470508491 1359.0707722802706 0.0 1.0052060930689055 1538.3584603275847 0.0 swap_t 100 914.4701929092407 5.1096 6.060201 5.04 4.9899 6.93010796 9.86139986139401 14.0877296495115
0.9463269470508491 1359.0707722802706 0.0 1.0270328789243353 1604.8212784588761 0.0 t_move_k 100 958.1903629302979 6.2485040000000005 6.060201 5.04 4.9899 6.93010796 9.86139986139401 14.0877296495115
0.9463269470508491 1359.0707722802706 0.0 1.0237395162269587 1623.793061892527 0.019047619047619046 t_swap_k 100 1003.2496845722198 6.2485040000000005 6.060201 6.1495999999999995 4.9899 6.93010796 9.86139986139401 14.0877296495115
0.9463269470508491 1359.0707722802706 0.0 1.0112282238887698 1585.6960304391487 0.019047619047619046 f_swap_t 100 1045.1654779911041 6.2485040000000005 6.060201 6.1495999999999995 5.970001 6.93010796 9.86139986139401 14.0877296495115
0.9463269470508491 1359.0707722802706 0.0 1.00917672736163 1579.4491995276549 0.019047619047619046 t_swap_k 100 1093.2727341651917 6.2485040000000005 6.060201 7.118104 5.970001 6.93010796 9.86139986139401 14.0877296495115
0.9463269470508491 1359.0707722802706 0.0 1.0089235440591284 1578.6782534112858 0.019047619047619046 t_swap_r_k 100 1144.6403062343597 6.2485040000000005 6.060201 7.118104 5.970001 6.93010796 10.802785862780071 14.0877296495115
0.9463269470508491 1359.0707722802706 0.0 1.0089235440591284 1578.6782534112858 0.019047619047619046 t_swap_r_k 100 1196.383826494217 6.2485040000000005 6.060201 7.118104 5.970001 6.93010796 11.73475800415227 14.0877296495115
0.9463269470508491 1359.0707722802706 0.0 1.0543352215421884 1716.9573423062116 0.019047619047619046 t_swap_k 100 1242.2318167686462 6.2485040000000005 6.060201 8.20692296 5.970001 6.93010796 11.73475800415227 14.0877296495115
0.9463269470508491 1359.0707722802706 0.0 1.0466312450222812 1664.4985323736669 0.0 t_swap_r_k 100 1289.1836333274841 6.2485040000000005 6.060201 8.20692296 5.970001 6.93010796 12.657410424110749 14.0877296495115
0.9463269470508491 1359.0707722802706 0.0 1.0293974641527912 1624.20151489505 0.008 t_move_k 100 1334.3139612674713 7.376018960000001 6.060201 8.20692296 5.970001 6.93010796 12.657410424110749 14.0877296495115
0.9463269470508491 1359.0707722802706 0.0 1.0129931433371038 1574.2501662099135 0.008 f_swap_t 100 1365.9627902507782 7.376018960000001 6.060201 8.20692296 6.91030099 6.93010796 12.657410424110749 14.0877296495115
0.9463269470508491 1359.0707722802706 0.0 1.0086977560739143 1561.1706617712962 0.008 move_t 100 1403.7007417678833 7.376018960000001 6.99959899 8.20692296 6.91030099 6.93010796 12.657410424110749 14.0877296495115
0.9463269470508491 1359.0707722802706 0.0 1.0252811925771619 1611.6674198192968 0.008 t_swap_k 100 1453.105237007141 7.376018960000001 6.99959899 9.2248537304 6.91030099 6.93010796 12.657410424110749 14.0877296495115
0.9463269470508491 1359.0707722802706 0.0 1.0215549767503034 1600.3210490591323 0.008 t_multiswap_k 100 1462.8891985416412 7.376018960000001 6.99959899 9.2248537304 6.91030099 6.93010796 12.657410424110749 14.946852353016386
0.9463269470508491 1359.0707722802706 0.0 1.018212733434038 1590.1438790831776 0.008 t_multiswap_k 100 1475.1718564033508 7.376018960000001 6.99959899 9.2248537304 6.91030099 6.93010796 12.657410424110749 15.827383829486221
0.9463269470508491 1359.0707722802706 0.0 1.0045857779205645 1548.6496402165837 0.008 t_move_k 100 1513.1987121105194 8.332258770400001 6.99959899 9.2248537304 6.91030099 6.93010796 12.657410424110749 15.827383829486221
0.9463269470508491 1359.0707722802706 0.0 1.001553585494272 1539.4165788257505 0.008 t_multiswap_k 100 1527.3169519901276 8.332258770400001 6.99959899 9.2248537304 6.91030099 6.93010796 12.657410424110749 16.66910999119136
0.9463269470508491 1359.0707722802706 0.0 1.001094342995436 1538.0181800472744 0.008 t_multiswap_k 100 1542.143424987793 8.332258770400001 6.99959899 9.2248537304 6.91030099 6.93010796 12.657410424110749 17.502418891279444
0.9463269470508491 1359.0707722802706 0.0 0.9995982614309299 1533.4625941909806 0.008 t_multiswap_k 100 1553.0007784366608 8.332258770400001 6.99959899 9.2248537304 6.91030099 6.93010796 12.657410424110749 18.357394702366648
0.9463269470508491 1359.0707722802706 0.0 0.9995982614309299 1533.4625941909806 0.008 t_multiswap_k 100 1560.347831249237 8.332258770400001 6.99959899 9.2248537304 6.91030099 6.93010796 12.657410424110749 19.17382075534298
0.9463269470508491 1359.0707722802706 0.0 0.9998981983649463 1534.3759056619608 0.008 move_t 100 1605.3995141983032 8.332258770400001 7.9696030001 9.2248537304 6.91030099 6.93010796 12.657410424110749 19.17382075534298
0.9463269470508491 1359.0707722802706 0.0 0.9995324566061086 1533.2622177300013 0.008 f_swap_t 100 1639.5654118061066 8.332258770400001 7.9696030001 9.2248537304 7.8411979801 6.93010796 12.657410424110749 19.17382075534298
0.9463269470508491 1359.0707722802706 0.0 0.9995315995569246 1533.2596080052156 0.008 move_t 100 1673.954668045044 8.332258770400001 8.919906970099 9.2248537304 7.8411979801 6.93010796 12.657410424110749 19.17382075534298
0.9463269470508491 1359.0707722802706 0.0 0.9995315995569246 1533.2596080052156 0.008 swap_t 100 1708.084084033966 8.332258770400001 8.919906970099 9.2248537304 7.8411979801 7.8608068804 12.657410424110749 19.17382075534298
0.9463269470508491 1359.0707722802706 0.0 0.9995315995569246 1533.2596080052156 0.008 t_swap_k 100 1760.538647890091 8.332258770400001 8.919906970099 10.132605193096 7.8411979801 7.8608068804 12.657410424110749 19.17382075534298
0.9463269470508491 1359.0707722802706 0.0 0.9995315995569246 1533.2596080052156 0.008 move_t 100 1801.5292098522186 8.332258770400001 9.830707900398009 10.132605193096 7.8411979801 7.8608068804 12.657410424110749 19.17382075534298
0.9463269470508491 1359.0707722802706 0.0 0.9995315995569246 1533.2596080052156 0.008 t_multiswap_k 100 1811.9103355407715 8.332258770400001 9.830707900398009 10.132605193096 7.8411979801 7.8608068804 12.657410424110749 19.98208254778955
0.9463269470508491 1359.0707722802706 0.0 1.0066419666434276 1554.9107589189175 0.008 move_t 100 1855.2162206172943 8.332258770400001 10.742400821394028 10.132605193096 7.8411979801 7.8608068804 12.657410424110749 19.98208254778955
0.9463269470508491 1359.0707722802706 0.0 1.0028269413065067 1543.2939621622402 0.008 swap_t 100 1879.0615067481995 8.332258770400001 10.742400821394028 10.132605193096 7.8411979801 8.782198811596 12.657410424110749 19.98208254778955
0.9463269470508491 1359.0707722802706 0.0 0.999843174515491 1534.2083573970235 0.008 t_multiswap_k 100 1892.2914850711823 8.332258770400001 10.742400821394028 10.132605193096 7.8411979801 8.782198811596 12.657410424110749 20.782261722311652
0.9463269470508491 1359.0707722802706 0.0 0.999843174515491 1534.2083573970235 0.008 t_multiswap_k 100 1901.5073914527893 8.332258770400001 10.742400821394028 10.132605193096 7.8411979801 8.782198811596 12.657410424110749 21.574439105088537
0.9463269470508491 1359.0707722802706 0.0 0.999843174515491 1534.2083573970235 0.008 f_swap_t 100 1925.9941155910492 8.332258770400001 10.742400821394028 10.132605193096 8.762786000299 8.782198811596 12.657410424110749 21.574439105088537
0.9463269470508491 1359.0707722802706 0.0 0.999843174515491 1534.2083573970235 0.008 t_multiswap_k 100 1933.2530660629272 8.332258770400001 10.742400821394028 10.132605193096 8.762786000299 8.782198811596 12.657410424110749 22.35869471403765
0.9463269470508491 1359.0707722802706 0.0 1.0091890251616809 1550.4865351190256 0.0 t_multiswap_k 100 1940.1727211475372 8.332258770400001 10.742400821394028 10.132605193096 8.762786000299 8.782198811596 12.657410424110749 23.145107766897272
0.9463269470508491 1359.0707722802706 0.0 1.0043045148476848 1535.6131441026027 0.0 f_swap_t 100 1965.976613998413 8.332258770400001 10.742400821394028 10.132605193096 9.67515814029601 8.782198811596 12.657410424110749 23.145107766897272
0.9463269470508491 1359.0707722802706 0.0 1.0037953844532934 1534.0628360988649 0.0 t_swap_r_k 100 2012.095754623413 8.332258770400001 10.742400821394028 10.132605193096 9.67515814029601 8.782198811596 13.570836319869642 23.145107766897272
0.9463269470508491 1359.0707722802706 0.0 1.0037941449079368 1534.0590616687612 0.0 move_t 100 2050.1280817985535 8.332258770400001 11.634976813180089 10.132605193096 9.67515814029601 8.782198811596 13.570836319869642 23.145107766897272
0.9463269470508491 1359.0707722802706 0.0 1.0065963748794402 1542.5918846960114 0.0 t_multiswap_k 100 2063.5456550121307 8.332258770400001 11.634976813180089 10.132605193096 9.67515814029601 8.782198811596 13.570836319869642 23.9536566892283
0.9463269470508491 1359.0707722802706 0.0 1.0027285589230641 1530.8143398858595 0.0 move_t 100 2093.3093712329865 8.332258770400001 12.578627045048288 10.132605193096 9.67515814029601 8.782198811596 13.570836319869642 23.9536566892283
0.9463269470508491 1359.0707722802706 0.0 1.0025787164874291 1530.3580679173742 0.0 t_multiswap_k 100 2103.118654489517 8.332258770400001 12.578627045048288 10.132605193096 9.67515814029601 8.782198811596 13.570836319869642 24.714120122336016
0.9463269470508491 1359.0707722802706 0.0 1.0025787164874291 1530.3580679173742 0.0 swap_t 100 2133.0823409557343 8.332258770400001 12.578627045048288 10.132605193096 9.67515814029601 9.69437682348004 13.570836319869642 24.714120122336016
0.9463269470508491 1359.0707722802706 0.0 1.0025787164874291 1530.3580679173742 0.0 t_swap_r_k 100 2183.3188014030457 8.332258770400001 12.578627045048288 10.132605193096 9.67515814029601 9.69437682348004 14.475127956670946 24.714120122336016
0.9463269470508491 1359.0707722802706 0.0 1.0025787164874291 1530.3580679173742 0.0 swap_t 100 2208.5128226280212 8.332258770400001 12.578627045048288 10.132605193096 9.67515814029601 10.59743305524524 14.475127956670946 24.714120122336016
0.9463269470508491 1359.0707722802706 0.0 1.0117676112634804 1558.3383599481558 0.0 t_multiswap_k 100 2219.0614087581635 8.332258770400001 12.578627045048288 10.132605193096 9.67515814029601 10.59743305524524 14.475127956670946 25.506978921112655
0.9463269470508491 1359.0707722802706 0.0 1.0061180241171797 1541.1353010319915 0.0 t_swap_r_k 100 2268.721831560135 8.332258770400001 12.578627045048288 10.132605193096 9.67515814029601 10.59743305524524 15.370376677104236 25.506978921112655
0.9463269470508491 1359.0707722802706 0.0 1.0057415982239122 1539.9890797857738 0.0 t_multiswap_k 100 2278.724793434143 8.332258770400001 12.578627045048288 10.132605193096 9.67515814029601 10.59743305524524 15.370376677104236 26.251909131901527
0.9463269470508491 1359.0707722802706 0.0 1.0524269113950808 1682.146404242497 0.0 t_swap_k 100 2319.845707178116 8.332258770400001 12.578627045048288 11.12127914116504 9.67515814029601 10.59743305524524 15.370376677104236 26.251909131901527
0.9463269470508491 1359.0707722802706 0.0 1.0140095750299687 1565.1651658304338 0.0 move_t 100 2360.12460398674 8.332258770400001 13.542840774597805 11.12127914116504 9.67515814029601 10.59743305524524 15.370376677104236 26.251909131901527
0.9463269470508491 1359.0707722802706 0.0 1.0031583067449366 1532.122927028126 0.0 swap_t 100 2388.6133716106415 8.332258770400001 13.542840774597805 11.12127914116504 9.67515814029601 11.521458724692788 15.370376677104236 26.251909131901527
0.9463269470508491 1359.0707722802706 0.0 1.0008107196659217 1524.9744969242442 0.0 t_swap_r_k 100 2435.0857083797455 8.332258770400001 13.542840774597805 11.12127914116504 9.67515814029601 11.521458724692788 16.256672910333194 26.251909131901527
0.9463269470508491 1359.0707722802706 0.0 1.0003818541780443 1523.6685964993083 0.0 t_multiswap_k 100 2445.6786942481995 8.332258770400001 13.542840774597805 11.12127914116504 9.67515814029601 11.521458724692788 16.256672910333194 27.01939004058251
0.9463269470508491 1359.0707722802706 0.0 1.019926344159909 1583.1817970107052 0.0 t_move_k 100 2476.1920886039734 9.258936182696 13.542840774597805 11.12127914116504 9.67515814029601 11.521458724692788 16.256672910333194 27.01939004058251
0.9463269470508491 1359.0707722802706 0.0 1.0017042429302845 1554.3753881567 0.017523809523809525 move_t 100 2512.5090255737305 9.258936182696 14.507412366851826 11.12127914116504 9.67515814029601 11.521458724692788 16.256672910333194 27.01939004058251
0.9463269470508491 1359.0707722802706 0.0 1.0013617421077767 1553.3324691476012 0.017523809523809525 t_multiswap_k 100 2529.0962903499603 9.258936182696 14.507412366851826 11.12127914116504 9.67515814029601 11.521458724692788 16.256672910333194 27.779196140176687
0.9463269470508491 1359.0707722802706 0.0 1.0087773589012459 1563.7330622195334 0.009523809523809523 swap_t 100 2565.928996324539 9.258936182696 14.507412366851826 11.12127914116504 9.67515814029601 12.47624413744586 16.256672910333194 27.779196140176687
0.9463269470508491 1359.0707722802706 0.0 1.0277238717613466 1606.9253597267502 0.0 t_swap_k 100 2611.89243888855 9.258936182696 14.507412366851826 12.15006634975339 9.67515814029601 12.47624413744586 16.256672910333194 27.779196140176687
0.9463269470508491 1359.0707722802706 0.0 1.0190223005698593 1580.4289737088134 0.0 t_multiswap_k 100 2621.523529291153 9.258936182696 14.507412366851826 12.15006634975339 9.67515814029601 12.47624413744586 16.256672910333194 28.53140417877492
0.9463269470508491 1359.0707722802706 0.0 1.0145129332611016 1566.6978975295601 0.0 t_swap_k 100 2660.369811296463 9.258936182696 14.507412366851826 13.058565686255855 9.67515814029601 12.47624413744586 16.256672910333194 28.53140417877492
0.9463269470508491 1359.0707722802706 0.0 1.0114729348839107 1557.441066926973 0.0 t_multiswap_k 100 2673.3000433444977 9.258936182696 14.507412366851826 13.058565686255855 9.67515814029601 12.47624413744586 16.256672910333194 29.24609013698717
0.9463269470508491 1359.0707722802706 0.0 1.0277101859077813 1606.883686142627 0.0 t_swap_k 100 2720.681495666504 9.258936182696 14.507412366851826 13.947980029393296 9.67515814029601 12.47624413744586 16.256672910333194 29.24609013698717
0.9463269470508491 1359.0707722802706 0.0 1.0337463154274178 1625.2637711051007 0.0 move_t 100 2755.219118118286 9.258936182696 15.552338243183307 13.947980029393296 9.67515814029601 12.47624413744586 16.256672910333194 29.24609013698717
0.9463269470508491 1359.0707722802706 0.0 1.0191559399724528 1580.835907252239 0.0 swap_t 100 2788.2316601276398 9.258936182696 15.552338243183307 13.947980029393296 9.67515814029601 13.381481696071402 16.256672910333194 29.24609013698717
0.9463269470508491 1359.0707722802706 0.0 1.0176445172665696 1576.2336074410819 0.0 swap_t 100 2834.821165084839 9.258936182696 15.552338243183307 13.947980029393296 9.67515814029601 14.347666879110688 16.256672910333194 29.24609013698717
0.9463269470508491 1359.0707722802706 0.0 1.0080105419087242 1546.8980398347985 0.0 t_multiswap_k 100 2847.4019079208374 9.258936182696 15.552338243183307 13.947980029393296 9.67515814029601 14.347666879110688 16.256672910333194 29.9536292356173
0.9463269470508491 1359.0707722802706 0.0 0.9960497244923934 1510.4772109546998 0.0 swap_t 100 2881.8646609783173 9.258936182696 15.552338243183307 13.947980029393296 9.67515814029601 15.234190210319582 16.256672910333194 29.9536292356173
0.9463269470508491 1359.0707722802706 0.0 1.030670580476719 1644.9900510560365 0.0 swap_t 100 2913.7916326522827 9.258936182696 15.552338243183307 13.947980029393296 9.67515814029601 16.181848308216388 16.256672910333194 29.9536292356173
0.9463269470508491 1359.0707722802706 0.0 1.0234570994864174 1593.9329882619563 0.0 t_multiswap_k 100 2920.7873628139496 9.258936182696 15.552338243183307 13.947980029393296 9.67515814029601 16.181848308216388 16.256672910333194 30.654092943261126
0.9463269470508491 1359.0707722802706 0.0 1.0206484892159868 1585.3807371498729 0.0 t_swap_r_k 100 2969.6964149475098 9.258936182696 15.552338243183307 13.947980029393296 9.67515814029601 16.181848308216388 17.13410618122986 30.654092943261126
0.9463269470508491 1359.0707722802706 0.0 1.0530242637124574 1696.1453958017264 0.008 swap_t 100 2996.914119720459 9.258936182696 15.552338243183307 13.947980029393296 9.67515814029601 17.210029825134225 17.13410618122986 30.654092943261126
0.9463269470508491 1359.0707722802706 0.0 1.0186664585697747 1579.345430658007 0.0 t_move_k 100 3041.913191795349 10.506346820869041 15.552338243183307 13.947980029393296 9.67515814029601 17.210029825134225 17.13410618122986 30.654092943261126
0.9463269470508491 1359.0707722802706 0.0 1.0077663166114066 1546.154370948954 0.0 t_swap_r_k 100 3095.264330148697 10.506346820869041 15.552338243183307 13.947980029393296 9.67515814029601 17.210029825134225 18.00276511941756 30.654092943261126
0.9463269470508491 1359.0707722802706 0.0 1.0032730953185374 1532.4724595768625 0.0 t_multiswap_k 100 3112.9205842018127 10.506346820869041 15.552338243183307 13.947980029393296 9.67515814029601 17.210029825134225 18.00276511941756 31.347552013828516
0.9463269470508491 1359.0707722802706 0.0 1.0029569548681767 1531.5098082091606 0.0 t_swap_r_k 100 3159.933403491974 10.506346820869041 15.552338243183307 13.947980029393296 9.67515814029601 17.210029825134225 18.862737468223386 31.347552013828516
0.9463269470508491 1359.0707722802706 0.0 1.0029569548681767 1531.5098082091606 0.0 move_t 100 3189.7380633354187 10.506346820869041 16.396814860751473 13.947980029393296 9.67515814029601 17.210029825134225 18.862737468223386 31.347552013828516
0.9463269470508491 1359.0707722802706 0.0 1.0029569548681767 1531.5098082091606 0.0 t_swap_r_k 100 3244.04429602623 10.506346820869041 16.396814860751473 13.947980029393296 9.67515814029601 17.210029825134225 19.71411009354115 31.347552013828516
0.9463269470508491 1359.0707722802706 0.0 1.0029569548681767 1531.5098082091606 0.0 t_multiswap_k 100 3257.6097464561462 10.506346820869041 16.396814860751473 13.947980029393296 9.67515814029601 17.210029825134225 19.71411009354115 32.03407649369023
0.9463269470508491 1359.0707722802706 0.0 1.0029569548681767 1531.5098082091606 0.0 move_t 100 3291.761048555374 10.506346820869041 17.232846712143957 13.947980029393296 9.67515814029601 17.210029825134225 19.71411009354115 32.03407649369023
0.9463269470508491 1359.0707722802706 0.0 1.0029569548681767 1531.5098082091606 0.0 f_swap_t 100 3310.2439160346985 10.506346820869041 17.232846712143957 13.947980029393296 10.578406558893048 17.210029825134225 19.71411009354115 32.03407649369023
0.9463269470508491 1359.0707722802706 0.0 1.0029569548681767 1531.5098082091606 0.0 t_move_k 100 3344.500204563141 11.40128335266035 17.232846712143957 13.947980029393296 10.578406558893048 17.210029825134225 19.71411009354115 32.03407649369023
0.9463269470508491 1359.0707722802706 0.0 0.9968899895152825 1513.0358277738808 0.0 move_t 100 3372.2842233181 11.40128335266035 18.150518245022518 13.947980029393296 10.578406558893048 17.210029825134225 19.71411009354115 32.03407649369023
0.9463269470508491 1359.0707722802706 0.0 0.9906065072548168 1493.9025508235031 0.0 t_multiswap_k 100 3385.6774764060974 11.40128335266035 18.150518245022518 13.947980029393296 10.578406558893048 17.210029825134225 19.71411009354115 32.77373572875333
0.9463269470508491 1359.0707722802706 0.0 1.0036306304097016 1533.5611581098024 0.0 t_multiswap_k 100 3399.587412595749 11.40128335266035 18.150518245022518 13.947980029393296 10.578406558893048 17.210029825134225 19.71411009354115 33.455998371465796
0.9463269470508491 1359.0707722802706 0.0 1.0035184087778382 1533.219441928669 0.0 t_swap_k 100 3444.931138277054 11.40128335266035 18.150518245022518 14.858500229099363 10.578406558893048 17.210029825134225 19.71411009354115 33.455998371465796
0.9463269470508491 1359.0707722802706 0.0 1.0053805294059892 1538.8896210135363 0.0 t_multiswap_k 100 3463.3398480415344 11.40128335266035 18.150518245022518 14.858500229099363 10.578406558893048 17.210029825134225 19.71411009354115 34.16143838775114
0.9463269470508491 1359.0707722802706 0.0 1.0012154498247092 1526.2069049899078 0.0 t_move_k 100 3506.800575017929 12.297270519133747 18.150518245022518 14.858500229099363 10.578406558893048 17.210029825134225 19.71411009354115 34.16143838775114
0.9463269470508491 1359.0707722802706 0.0 0.9990235905418727 1519.532667846178 0.0 t_multiswap_k 100 3518.462668657303 12.297270519133747 18.150518245022518 14.858500229099363 10.578406558893048 17.210029825134225 19.71411009354115 34.84982400387363
0.9463269470508491 1359.0707722802706 0.0 0.9943989130807029 1505.4504709046091 0.0 t_multiswap_k 100 3532.699157476425 12.297270519133747 18.150518245022518 14.858500229099363 10.578406558893048 17.210029825134225 19.71411009354115 35.53132576383489
0.9463269470508491 1359.0707722802706 0.0 0.9998318990932125 1521.993976835852 0.0 t_multiswap_k 100 3543.2664546966553 12.297270519133747 18.150518245022518 14.858500229099363 10.578406558893048 17.210029825134225 19.71411009354115 36.18601250619654
0.9463269470508491 1359.0707722802706 0.0 0.998173153375979 1516.9430767326141 0.0 t_multiswap_k 100 3556.175686597824 12.297270519133747 18.150518245022518 14.858500229099363 10.578406558893048 17.210029825134225 19.71411009354115 36.824152381134574
0.9463269470508491 1359.0707722802706 0.0 1.000308591137067 1523.4455096829322 0.0 f_swap_t 100 3579.9400215148926 12.297270519133747 18.150518245022518 14.858500229099363 11.522622493304118 17.210029825134225 19.71411009354115 36.824152381134574
0.9463269470508491 1359.0707722802706 0.0 0.9982770276926192 1517.2593752412947 0.0 t_swap_r_k 100 3630.1841909885406 12.297270519133747 18.150518245022518 14.858500229099363 11.522622493304118 17.210029825134225 20.55696899260574 36.824152381134574