12
3 163 5 140

Solution history:
B_obj   B_dis   B_sim   C_obj   C_dis   C_sim   neighbor   iterations   time   scores
0.8399439683274448 1359.0707722802706 0.2127659574468085 0.8399439683274448 1359.0707722802706 0.2127659574468085 0 0 0 3.0 3.0 3.0 3.0 3.0 3.0 3.0
0.8284573737488137 1428.3613126348653 0.28125 0.8284573737488137 1428.3613126348653 0.28125 t_move_k 15 1.8771634101867676 4.266666666666667 3.0 3.0 3.0 3.0 3.0 3.0
0.8155755098812827 1389.1358865418715 0.28125 0.8209142831000138 1452.9708211039633 0.3125 t_move_k 100 37.00992798805237 5.2940000000000005 3.0 3.0 3.0 3.0 3.0 3.0
0.8109319472860468 1446.3636456804425 0.328125 0.8109319472860468 1446.3636456804425 0.328125 t_move_k 43 60.52999234199524 6.333674418604652 3.0 3.0 3.0 3.0 3.0 3.0
0.8024975420936856 1444.4699370983094 0.34375 0.8024975420936856 1444.4699370983094 0.34375 t_move_k 36 72.671147108078 7.352183462532301 3.0 3.0 3.0 3.0 3.0 3.0
0.7929079735835862 1439.0587427073497 0.359375 0.7929079735835862 1439.0587427073497 0.359375 move_t 4 76.7689561843872 7.352183462532301 5.0 3.0 3.0 3.0 3.0 3.0
0.7382204735835862 1439.0587427073497 0.46875 0.7382204735835862 1439.0587427073497 0.46875 t_swap_r_k 9 87.6921899318695 7.352183462532301 5.0 3.0 3.0 3.0 4.444444444444445 3.0
0.7382204735835862 1439.0587427073497 0.46875 0.7389709960119666 1441.34409227697 0.46875 t_move_k 100 110.64245557785034 8.318661627906977 5.0 3.0 3.0 3.0 4.444444444444445 3.0
0.738129390129545 1438.7813925248352 0.46875 0.738129390129545 1438.7813925248352 0.46875 move_t 1 113.60697793960571 8.318661627906977 8.0 3.0 3.0 3.0 4.444444444444445 3.0
0.7379693266638835 1438.2939974004137 0.46875 0.7379693266638835 1438.2939974004137 0.46875 t_move_k 36 128.3592357635498 9.282032138242894 8.0 3.0 3.0 3.0 4.444444444444445 3.0
0.7379692915122205 1438.2938903631887 0.46875 0.7379692915122205 1438.2938903631887 0.46875 t_swap_r_k 100 182.14107394218445 9.282032138242894 8.0 3.0 3.0 3.0 5.44 3.0
0.7379692915122205 1438.2938903631887 0.46875 0.7379692915122205 1438.2938903631887 0.46875 t_swap_k 100 218.26907300949097 9.282032138242894 8.0 3.9699999999999998 3.0 3.0 5.44 3.0
0.7379692915122205 1438.2938903631887 0.46875 0.7379692915122205 1438.2938903631887 0.46875 t_move_k 100 245.13538885116577 10.189211816860464 8.0 3.9699999999999998 3.0 3.0 5.44 3.0
0.7379692915122205 1438.2938903631887 0.46875 0.7817538276924433 1549.4367249431932 0.453125 move_t 100 275.62474822998047 10.189211816860464 9.01 3.9699999999999998 3.0 3.0 5.44 3.0
0.7379692915122205 1438.2938903631887 0.46875 0.7655324464047557 1498.4348654380835 0.453125 f_swap_t 100 311.07743978500366 10.189211816860464 9.01 3.9699999999999998 4.0 3.0 5.44 3.0
0.7379692915122205 1438.2938903631887 0.46875 0.7596423783060576 1482.6621895596563 0.45454545454545453 t_swap_r_k 100 390.0273358821869 10.189211816860464 9.01 3.9699999999999998 4.0 3.0 6.4556000000000004 3.0
0.7379692915122205 1438.2938903631887 0.46875 0.7668406100151399 1525.1950883527177 0.46808510638297873 t_swap_k 100 460.16520142555237 10.189211816860464 9.01 5.1803 4.0 3.0 6.4556000000000004 3.0
0.7379692915122205 1438.2938903631887 0.46875 0.7589193836842314 1501.074861559133 0.46808510638297873 t_swap_r_k 100 535.8284475803375 10.189211816860464 9.01 5.1803 4.0 3.0 7.431044 3.0
0.7379692915122205 1438.2938903631887 0.46875 0.750788424347345 1501.8383370236124 0.48484848484848486 move_t 100 565.1503174304962 10.189211816860464 10.0199 5.1803 4.0 3.0 7.431044 3.0
0.7341971284235163 1474.3859173429346 0.5 0.7341971284235163 1474.3859173429346 0.5 move_t 76 591.554379940033 10.189211816860464 11.111743421052632 5.1803 4.0 3.0 7.431044 3.0
0.7311359677789306 1465.0646473886986 0.5 0.7311359677789306 1465.0646473886986 0.5 t_move_k 100 623.7764747142792 11.087319698691859 11.111743421052632 5.1803 4.0 3.0 7.431044 3.0
0.7311359677789306 1465.0646473886986 0.5 0.768370010332122 1465.0646473886986 0.425531914893617 t_swap_r_k 100 672.376220703125 11.087319698691859 11.111743421052632 5.1803 4.0 3.0 8.39673356 3.0
0.7311359677789306 1465.0646473886986 0.5 0.7547360275555393 1488.3364932349432 0.46808510638297873 t_multiswap_k 100 687.2077069282532 11.087319698691859 11.111743421052632 5.1803 4.0 3.0 8.39673356 4.0
0.7311359677789306 1465.0646473886986 0.5 0.7533849133259309 1532.8129467167662 0.5 move_t 100 718.9112756252289 11.087319698691859 12.130625986842105 5.1803 4.0 3.0 8.39673356 4.0
0.7311359677789306 1465.0646473886986 0.5 0.7356708143250068 1478.8733081434932 0.5 t_move_k 100 753.2261254787445 12.03644650170494 12.130625986842105 5.1803 4.0 3.0 8.39673356 4.0
0.7260786143106681 1472.7332173415166 0.5151515151515151 0.7260786143106681 1472.7332173415166 0.5151515151515151 t_move_k 8 758.7896480560303 12.406890688991822 12.130625986842105 5.1803 4.0 3.0 8.39673356 4.0
0.7195491402977292 1475.9191630235775 0.5303030303030303 0.7195491402977292 1475.9191630235775 0.5303030303030303 t_swap_k 5 762.0701112747192 12.406890688991822 12.130625986842105 6.54424 4.0 3.0 8.39673356 4.0
0.7189923466522831 1474.2237198630933 0.5303030303030303 0.7189923466522831 1474.2237198630933 0.5303030303030303 move_t 100 798.5613288879395 12.406890688991822 13.009319726973684 6.54424 4.0 3.0 8.39673356 4.0
0.7189923466522831 1474.2237198630933 0.5303030303030303 0.7349618018052277 1522.850897520675 0.5303030303030303 f_swap_t 100 822.7100279331207 12.406890688991822 13.009319726973684 6.54424 5.09 3.0 8.39673356 4.0
0.7189923466522831 1474.2237198630933 0.5303030303030303 0.7620005136929833 1606.625858258569 0.53125 move_t 100 854.1500108242035 12.406890688991822 13.899226529703947 6.54424 5.09 3.0 8.39673356 4.0
0.7189923466522831 1474.2237198630933 0.5303030303030303 0.742666959403745 1547.754959397506 0.53125 move_t 100 882.4261972904205 12.406890688991822 14.790234264406907 6.54424 5.09 3.0 8.39673356 4.0
0.7165195895862777 1491.9250664297292 0.546875 0.7165195895862777 1491.9250664297292 0.546875 t_swap_r_k 13 893.5383245944977 12.406890688991822 14.790234264406907 6.54424 5.09 3.0 9.520061747692306 4.0
0.7141248507890272 1484.6330587925158 0.546875 0.7266052036024822 1564.6465124166984 0.574468085106383 t_move_k 100 924.8578584194183 13.532821782101905 14.790234264406907 6.54424 5.09 3.0 9.520061747692306 4.0
0.7141248507890272 1484.6330587925158 0.546875 0.7502443913964372 1618.4066361009875 0.5625 f_swap_t 100 947.0961167812347 13.532821782101905 14.790234264406907 6.54424 6.2291 3.0 9.520061747692306 4.0
0.7141248507890272 1484.6330587925158 0.546875 0.7230905302749336 1535.7228114996722 0.5625 t_multiswap_k 100 964.468873500824 13.532821782101905 14.790234264406907 6.54424 6.2291 3.0 9.520061747692306 4.96
0.7141248507890272 1484.6330587925158 0.546875 0.7879834001134598 1519.219974290991 0.421875 t_swap_r_k 100 1016.1213431358337 13.532821782101905 14.790234264406907 6.54424 6.2291 3.0 10.494861130215384 4.96
0.7141248507890272 1484.6330587925158 0.546875 0.8310796766857841 1769.3944095644003 0.5 t_swap_k 100 1056.8494210243225 13.532821782101905 14.790234264406907 7.8787976 6.2291 3.0 10.494861130215384 4.96
0.7141248507890272 1484.6330587925158 0.546875 0.8055809274094811 1715.5395737282213 0.515625 t_swap_k 100 1097.3990314006805 13.532821782101905 14.790234264406907 8.890009624000001 6.2291 3.0 10.494861130215384 4.96
0.7141248507890272 1484.6330587925158 0.546875 0.833249042987808 1799.7893091632914 0.515625 t_swap_k 100 1132.752096414566 13.532821782101905 14.790234264406907 10.02110952776 6.2291 3.0 10.494861130215384 4.96
0.7141248507890272 1484.6330587925158 0.546875 0.7891255728836942 1689.2219806438652 0.53125 move_t 100 1163.7048225402832 13.532821782101905 15.862331921762838 10.02110952776 6.2291 3.0 10.494861130215384 4.96
0.7141248507890272 1484.6330587925158 0.546875 0.79732524656605 1737.9792367229738 0.546875 swap_t 100 1183.3641316890717 13.532821782101905 15.862331921762838 10.02110952776 6.2291 4.14 10.494861130215384 4.96
0.7141248507890272 1484.6330587925158 0.546875 0.7758802231774766 1670.5162394173544 0.5454545454545454 t_move_k 100 1212.840550661087 14.427493564280887 15.862331921762838 10.02110952776 6.2291 4.14 10.494861130215384 4.96
0.7141248507890272 1484.6330587925158 0.546875 0.752715448471916 1649.7201876324548 0.578125 t_move_k 100 1237.512196779251 15.523218628638078 15.862331921762838 10.02110952776 6.2291 4.14 10.494861130215384 4.96
0.7141248507890272 1484.6330587925158 0.546875 0.7827563148021275 1760.6588299951966 0.5909090909090909 t_swap_k 100 1271.9562289714813 15.523218628638078 15.862331921762838 11.1108984324824 6.2291 4.14 10.494861130215384 4.96
0.7141248507890272 1484.6330587925158 0.546875 0.7692877751140176 1723.9722698680944 0.59375 t_swap_k 100 1310.413987159729 15.523218628638078 15.862331921762838 12.039789448157578 6.2291 4.14 10.494861130215384 4.96
0.7141248507890272 1484.6330587925158 0.546875 0.7509950435438335 1668.2706883559806 0.59375 t_move_k 100 1345.6282415390015 16.6279864423517 15.862331921762838 12.039789448157578 6.2291 4.14 10.494861130215384 4.96
0.7141248507890272 1484.6330587925158 0.546875 0.7270953711364742 1595.4959064376153 0.59375 move_t 100 1378.2046701908112 16.6279864423517 16.763708602545208 12.039789448157578 6.2291 4.14 10.494861130215384 4.96
0.7141248507890272 1484.6330587925158 0.546875 0.7378120061583068 1631.1650986361046 0.5957446808510638 move_t 100 1414.0592668056488 16.6279864423517 17.826071516519754 12.039789448157578 6.2291 4.14 10.494861130215384 4.96
0.7141248507890272 1484.6330587925158 0.546875 0.7338009988070712 1618.9515343543933 0.5957446808510638 f_swap_t 100 1441.2251317501068 16.6279864423517 17.826071516519754 12.039789448157578 7.236809 4.14 10.494861130215384 4.96
0.7141248507890272 1484.6330587925158 0.546875 0.7218492841952158 1598.2644800594242 0.6060606060606061 t_swap_r_k 100 1486.7451989650726 16.6279864423517 17.826071516519754 12.039789448157578 7.236809 4.14 11.45991251891323 4.96
0.7141248507890272 1484.6330587925158 0.546875 0.753642877386453 1679.3702866223343 0.5957446808510638 t_swap_k 100 1528.5379827022552 16.6279864423517 17.826071516519754 13.099391553676002 7.236809 4.14 11.45991251891323 4.96
0.7141248507890272 1484.6330587925158 0.546875 0.7341923799193766 1635.8493508565116 0.6060606060606061 move_t 100 1559.9442820549011 16.6279864423517 18.777810801354555 13.099391553676002 7.236809 4.14 11.45991251891323 4.96
0.7141248507890272 1484.6330587925158 0.546875 0.7345343781831014 1618.147769872395 0.59375 t_move_k 100 1590.9901382923126 17.62170657792818 18.777810801354555 13.099391553676002 7.236809 4.14 11.45991251891323 4.96
0.7141248507890272 1484.6330587925158 0.546875 0.7225859641760419 1584.801622775323 0.5957446808510638 t_swap_k 100 1629.905037164688 17.62170657792818 18.777810801354555 13.998397638139242 7.236809 4.14 11.45991251891323 4.96
0.7141248507890272 1484.6330587925158 0.546875 0.7256979538558108 1609.983724175063 0.6060606060606061 t_move_k 100 1667.3078336715698 18.525489512148898 18.777810801354555 13.998397638139242 7.236809 4.14 11.45991251891323 4.96
0.7141248507890272 1484.6330587925158 0.546875 0.7167000348939998 1605.6532261264417 0.6212121212121212 t_multiswap_k 100 1677.7528879642487 18.525489512148898 18.777810801354555 13.998397638139242 7.236809 4.14 11.45991251891323 5.9404
0.7112772656945021 1589.1408305102761 0.6212121212121212 0.7259204466387363 1610.6612173004846 0.6060606060606061 f_swap_t 100 1699.3195374011993 18.525489512148898 18.777810801354555 13.998397638139242 8.17444091 4.14 11.45991251891323 5.9404
0.7112772656945021 1589.1408305102761 0.6212121212121212 0.722990466695977 1601.7393941170903 0.6060606060606061 t_swap_r_k 100 1741.666216135025 18.525489512148898 18.777810801354555 13.998397638139242 8.17444091 4.14 12.385313393724097 5.9404
0.7112772656945021 1589.1408305102761 0.6212121212121212 0.722990466695977 1601.7393941170903 0.6060606060606061 t_swap_k 100 1775.5559575557709 18.525489512148898 18.777810801354555 14.858413661757849 8.17444091 4.14 12.385313393724097 5.9404
0.7112772656945021 1589.1408305102761 0.6212121212121212 0.7362745405844531 1658.8772393930656 0.6170212765957447 t_move_k 100 1809.2441220283508 19.41023461702741 18.777810801354555 14.858413661757849 8.17444091 4.14 12.385313393724097 5.9404
0.7112772656945021 1589.1408305102761 0.6212121212121212 0.7307782408751893 1648.521527943307 0.6212121212121212 t_move_k 100 1841.5944006443024 20.276132270857136 18.777810801354555 14.858413661757849 8.17444091 4.14 12.385313393724097 5.9404
0.7112772656945021 1589.1408305102761 0.6212121212121212 0.7243481792099695 1652.0101853865144 0.6363636363636364 t_multiswap_k 100 1854.2956306934357 20.276132270857136 18.777810801354555 14.858413661757849 8.17444091 4.14 12.385313393724097 6.910996000000001
0.7112772656945021 1589.1408305102761 0.6212121212121212 0.718198106838249 1656.3514135020966 0.6515151515151515 t_move_k 100 1886.763572692871 21.163370948148565 18.777810801354555 14.858413661757849 8.17444091 4.14 12.385313393724097 6.910996000000001
0.7112772656945021 1589.1408305102761 0.6212121212121212 0.7274674441911388 1684.5766541198964 0.6515151515151515 t_swap_k 100 1922.1878900527954 21.163370948148565 18.777810801354555 15.749829525140271 8.17444091 4.14 12.385313393724097 6.910996000000001
0.7112772656945021 1589.1408305102761 0.6212121212121212 0.7282918146477826 1694.2957062974212 0.65625 t_swap_k 100 1964.8941020965576 21.163370948148565 18.777810801354555 16.662331229888867 8.17444091 4.14 12.385313393724097 6.910996000000001
0.7112772656945021 1589.1408305102761 0.6212121212121212 0.7262702775420552 1688.1401021744168 0.65625 t_swap_r_k 100 2010.9726133346558 21.163370948148565 18.777810801354555 16.662331229888867 8.17444091 4.14 13.301460259786856 6.910996000000001
0.7112772656945021 1589.1408305102761 0.6212121212121212 0.7441022755942199 1712.16163984392 0.6363636363636364 t_swap_k 100 2049.7351315021515 21.163370948148565 18.777810801354555 17.575707917589977 8.17444091 4.14 13.301460259786856 6.910996000000001
0.7112772656945021 1589.1408305102761 0.6212121212121212 0.7359255892455641 1687.2635343094241 0.6363636363636364 t_swap_k 100 2086.4528815746307 21.163370948148565 18.777810801354555 18.399950838414078 8.17444091 4.14 13.301460259786856 6.910996000000001
0.7112772656945021 1589.1408305102761 0.6212121212121212 0.7493134066624265 1730.9744804581305 0.6382978723404256 move_t 100 2120.507056236267 21.163370948148565 19.700032693341008 18.399950838414078 8.17444091 4.14 13.301460259786856 6.910996000000001
0.7112772656945021 1589.1408305102761 0.6212121212121212 0.7760344073287893 1768.304997689267 0.609375 t_move_k 100 2150.711043357849 22.14173723866708 19.700032693341008 18.399950838414078 8.17444091 4.14 13.301460259786856 6.910996000000001
0.7112772656945021 1589.1408305102761 0.6212121212121212 0.7623680836491814 1726.6908822964972 0.609375 t_move_k 100 2175.733743906021 22.92031986628041 19.700032693341008 18.399950838414078 8.17444091 4.14 13.301460259786856 6.910996000000001
0.7112772656945021 1589.1408305102761 0.6212121212121212 0.7577075642775791 1736.2887001633194 0.625 move_t 100 2206.877739906311 22.92031986628041 20.5730323664076 18.399950838414078 8.17444091 4.14 13.301460259786856 6.910996000000001
0.7112772656945021 1589.1408305102761 0.6212121212121212 0.7554930949568512 1746.8468179860158 0.6363636363636364 move_t 100 2239.2849140167236 22.92031986628041 21.627302042743523 18.399950838414078 8.17444091 4.14 13.301460259786856 6.910996000000001
0.7112772656945021 1589.1408305102761 0.6212121212121212 0.7858143219706926 1839.1753087627376 0.6363636363636364 move_t 100 2268.824777364731 22.92031986628041 22.531029022316087 18.399950838414078 8.17444091 4.14 13.301460259786856 6.910996000000001
0.7112772656945021 1589.1408305102761 0.6212121212121212 0.7733741208893403 1801.294751017634 0.6363636363636364 move_t 100 2296.334902524948 22.92031986628041 23.555718732092927 18.399950838414078 8.17444091 4.14 13.301460259786856 6.910996000000001
0.7112772656945021 1589.1408305102761 0.6212121212121212 0.7464015286253571 1719.1628922068865 0.6363636363636364 t_swap_r_k 100 2346.534138917923 22.92031986628041 23.555718732092927 18.399950838414078 8.17444091 4.14 14.208445657188987 6.910996000000001
0.7112772656945021 1589.1408305102761 0.6212121212121212 0.7281657527588126 1666.5796270606143 0.6382978723404256 move_t 100 2377.4692420959473 22.92031986628041 24.350161544771996 18.399950838414078 8.17444091 4.14 14.208445657188987 6.910996000000001
0.7112772656945021 1589.1408305102761 0.6212121212121212 0.7282293634786832 1663.8284368640386 0.6363636363636364 f_swap_t 100 2407.5439670085907 22.92031986628041 24.350161544771996 18.399950838414078 9.2026965009 4.14 14.208445657188987 6.910996000000001
0.7112772656945021 1589.1408305102761 0.6212121212121212 0.7221391323092041 1668.3518821401174 0.6515151515151515 swap_t 100 2431.5818679332733 22.92031986628041 24.350161544771996 18.399950838414078 9.2026965009 5.1986 14.208445657188987 6.910996000000001
0.7112772656945021 1589.1408305102761 0.6212121212121212 0.7180484704120778 1655.8957688348376 0.6515151515151515 t_swap_r_k 100 2474.8081386089325 22.92031986628041 24.350161544771996 18.399950838414078 9.2026965009 5.1986 15.106361200617098 6.910996000000001
0.7112772656945021 1589.1408305102761 0.6212121212121212 0.7507903277291488 1755.5951071872053 0.6515151515151515 t_move_k 100 2506.7279074192047 24.001116667617605 24.350161544771996 18.399950838414078 9.2026965009 5.1986 15.106361200617098 6.910996000000001
0.7112772656945021 1589.1408305102761 0.6212121212121212 0.7584764414179921 1802.067683631621 0.6666666666666666 t_swap_k 100 2545.41393494606 24.001116667617605 24.350161544771996 19.465951330029938 9.2026965009 5.1986 15.106361200617098 6.910996000000001
0.7112772656945021 1589.1408305102761 0.6212121212121212 0.7263305650461531 1725.7789418294913 0.6808510638297872 move_t 100 2577.891496181488 24.001116667617605 25.296659929324278 19.465951330029938 9.2026965009 5.1986 15.106361200617098 6.910996000000001
0.7112772656945021 1589.1408305102761 0.6212121212121212 0.7447187513392339 1781.771184088894 0.6808510638297872 f_swap_t 100 2601.0221889019012 24.001116667617605 25.296659929324278 19.465951330029938 10.200669535891 5.1986 15.106361200617098 6.910996000000001
0.7112772656945021 1589.1408305102761 0.6212121212121212 0.7398530495582197 1753.2889556198315 0.671875 move_t 100 2622.3621706962585 24.001116667617605 26.083693330031036 19.465951330029938 10.200669535891 5.1986 15.106361200617098 6.910996000000001
0.7112772656945021 1589.1408305102761 0.6212121212121212 0.7224484426013351 1713.95783359476 0.6808510638297872 move_t 100 2648.8712425231934 24.001116667617605 26.852856396730726 19.465951330029938 10.200669535891 5.1986 15.106361200617098 6.910996000000001
0.7112772656945021 1589.1408305102761 0.6212121212121212 0.7183315580950667 1701.4218721380444 0.6808510638297872 move_t 100 2669.94860291481 24.001116667617605 27.584327832763417 19.465951330029938 10.200669535891 5.1986 15.106361200617098 6.910996000000001
0.7112772656945021 1589.1408305102761 0.6212121212121212 0.716727851229279 1696.5385659809795 0.6808510638297872 t_swap_r_k 100 2713.1742839813232 24.001116667617605 27.584327832763417 19.465951330029938 10.200669535891 5.1986 15.995297588610926 6.910996000000001
0.7112772656945021 1589.1408305102761 0.6212121212121212 0.7559229525426371 1783.4943663485924 0.6595744680851063 t_swap_k 100 2743.3105397224426 24.001116667617605 27.584327832763417 20.42129181672964 10.200669535891 5.1986 15.995297588610926 6.910996000000001
0.7112772656945021 1589.1408305102761 0.6212121212121212 0.7424201917861654 1742.37830196917 0.6595744680851063 t_swap_k 100 2771.8400304317474 24.001116667617605 27.584327832763417 21.21707889856234 10.200669535891 5.1986 15.995297588610926 6.910996000000001
0.7112772656945021 1589.1408305102761 0.6212121212121212 0.7328475005380207 1713.2293451934675 0.6595744680851063 move_t 100 2795.9691421985626 24.001116667617605 28.378484554435783 21.21707889856234 10.200669535891 5.1986 15.995297588610926 6.910996000000001
0.7112772656945021 1589.1408305102761 0.6212121212121212 0.7685521638899049 1757.162979752171 0.6170212765957447 move_t 100 2824.475436925888 24.001116667617605 29.254699708891426 21.21707889856234 10.200669535891 5.1986 15.995297588610926 6.910996000000001
0.7112772656945021 1589.1408305102761 0.6212121212121212 0.7403367387312876 1736.034163057074 0.6595744680851063 f_swap_t 100 2846.5211386680603 24.001116667617605 29.254699708891426 21.21707889856234 11.188662840532091 5.1986 15.995297588610926 6.910996000000001
0.7112772656945021 1589.1408305102761 0.6212121212121212 0.7309760237391577 1707.530676459389 0.6595744680851063 t_swap_r_k 100 2893.1156153678894 24.001116667617605 29.254699708891426 21.21707889856234 11.188662840532091 5.1986 16.875344612724817 6.910996000000001
0.7112772656945021 1589.1408305102761 0.6212121212121212 0.7331830644765787 1709.1896192152094 0.65625 t_move_k 100 2927.9268193244934 24.94110550094143 29.254699708891426 21.21707889856234 11.188662840532091 5.1986 16.875344612724817 6.910996000000001
0.7112772656945021 1589.1408305102761 0.6212121212121212 0.7347052849513214 1729.6842342552773 0.6666666666666666 t_move_k 100 2959.51722574234 25.911694445932014 29.254699708891426 21.21707889856234 11.188662840532091 5.1986 16.875344612724817 6.910996000000001
0.7112772656945021 1589.1408305102761 0.6212121212121212 0.7367362273732552 1735.8684776760983 0.6666666666666666 swap_t 100 2983.6805012226105 25.911694445932014 29.254699708891426 21.21707889856234 11.188662840532091 6.186614 16.875344612724817 6.910996000000001
0.7112772656945021 1589.1408305102761 0.6212121212121212 0.7222490192334353 1699.6844774523408 0.671875 t_swap_k 100 3019.3645074367523 25.911694445932014 29.254699708891426 22.06490810957672 11.188662840532091 6.186614 16.875344612724817 6.910996000000001
0.7104789927672477 1677.51071890166 0.6808510638297872 0.7104789927672477 1677.51071890166 0.6808510638297872 t_move_k 53 3036.786883354187 26.611473796008767 29.254699708891426 22.06490810957672 11.188662840532091 6.186614 16.875344612724817 6.910996000000001
0.7098827659549194 1675.6952012869626 0.6808510638297872 0.7766159513127717 1814.1110481431954 0.6382978723404256 t_swap_k 100 3073.9246547222137 26.611473796008767 29.254699708891426 23.064259028480954 11.188662840532091 6.186614 16.875344612724817 6.910996000000001
0.7098827659549194 1675.6952012869626 0.6808510638297872 0.7331028690175294 1714.0069451993716 0.6595744680851063 move_t 100 3106.698282957077 26.611473796008767 30.112152711802512 23.064259028480954 11.188662840532091 6.186614 16.875344612724817 6.910996000000001
0.7098827659549194 1675.6952012869626 0.6808510638297872 0.7686418143253141 1789.8297077817808 0.6382978723404256 move_t 100 3142.6472368240356 26.611473796008767 31.091031184684486 23.064259028480954 11.188662840532091 6.186614 16.875344612724817 6.910996000000001
0.7098827659549194 1675.6952012869626 0.6808510638297872 0.7697123286360283 1793.0894363744928 0.6382978723404256 t_move_k 100 3176.047081708908 27.565359058048678 31.091031184684486 23.064259028480954 11.188662840532091 6.186614 16.875344612724817 6.910996000000001
0.7098827659549194 1675.6952012869626 0.6808510638297872 0.7443851456422527 1715.9678680298575 0.6382978723404256 t_swap_r_k 100 3222.036158800125 27.565359058048678 31.091031184684486 23.064259028480954 11.188662840532091 6.186614 17.746591166597568 6.910996000000001
0.7098827659549194 1675.6952012869626 0.6808510638297872 0.7342211277247381 1712.35053394302 0.65625 move_t 100 3249.789430141449 27.565359058048678 31.95012087283764 23.064259028480954 11.188662840532091 6.186614 17.746591166597568 6.910996000000001
0.7098827659549194 1675.6952012869626 0.6808510638297872 0.742499834752077 1707.282188743656 0.6363636363636364 t_multiswap_k 100 3266.735070705414 27.565359058048678 31.95012087283764 23.064259028480954 11.188662840532091 6.186614 17.746591166597568 7.881886040000001
0.7098827659549194 1675.6952012869626 0.6808510638297872 0.7308750213343349 1671.8844959678606 0.6363636363636364 t_multiswap_k 100 3283.3732855319977 27.565359058048678 31.95012087283764 23.064259028480954 11.188662840532091 6.186614 17.746591166597568 8.803067179600001
0.7098827659549194 1675.6952012869626 0.6808510638297872 0.7211953977090979 1677.7485558415553 0.6595744680851063 t_move_k 100 3317.184163093567 28.449705467468192 31.95012087283764 23.064259028480954 11.188662840532091 6.186614 17.746591166597568 8.803067179600001
0.7098827659549194 1675.6952012869626 0.6808510638297872 0.714411418394405 1689.4850009147665 0.6808510638297872 t_move_k 100 3346.1793060302734 29.19520841279351 31.95012087283764 23.064259028480954 11.188662840532091 6.186614 17.746591166597568 8.803067179600001
0.7068087926627895 1666.334916671147 0.6808510638297872 0.74834462623736 1728.0245327367013 0.6382978723404256 t_swap_k 100 3379.892641067505 29.19520841279351 31.95012087283764 23.973616438196146 11.188662840532091 6.186614 17.746591166597568 8.803067179600001
0.7068087926627895 1666.334916671147 0.6808510638297872 0.7766319324088113 1781.7659693619041 0.6170212765957447 move_t 100 3404.4106435775757 29.19520841279351 32.760619664109264 23.973616438196146 11.188662840532091 6.186614 17.746591166597568 8.803067179600001
0.7068087926627895 1666.334916671147 0.6808510638297872 0.7505690765733308 1734.7980100182838 0.6382978723404256 move_t 100 3440.6966366767883 29.19520841279351 33.61301346746817 23.973616438196146 11.188662840532091 6.186614 17.746591166597568 8.803067179600001
0.7068087926627895 1666.334916671147 0.6808510638297872 0.7482955532786619 1727.8751050036985 0.6382978723404256 swap_t 100 3461.2486691474915 29.19520841279351 33.61301346746817 23.973616438196146 11.188662840532091 7.134747859999999 17.746591166597568 8.803067179600001
0.7068087926627895 1666.334916671147 0.6808510638297872 0.7325906301215903 1680.0534303664913 0.6382978723404256 t_multiswap_k 100 3479.3113565444946 29.19520841279351 33.61301346746817 23.973616438196146 11.188662840532091 7.134747859999999 17.746591166597568 9.775036507804002
0.7068087926627895 1666.334916671147 0.6808510638297872 0.7403441882128474 1671.2693640043549 0.6170212765957447 t_multiswap_k 100 3495.3016686439514 29.19520841279351 33.61301346746817 23.973616438196146 11.188662840532091 7.134747859999999 17.746591166597568 10.747286142725962
0.7068087926627895 1666.334916671147 0.6808510638297872 0.7784140848506493 1657.6176787621114 0.5319148936170213 t_swap_r_k 100 3546.6323430538177 29.19520841279351 33.61301346746817 23.973616438196146 11.188662840532091 7.134747859999999 18.60912525493159 10.747286142725962
0.7068087926627895 1666.334916671147 0.6808510638297872 0.7620366951752372 1701.8926466739754 0.59375 t_swap_k 100 3580.679580926895 29.19520841279351 33.61301346746817 24.883880273814185 11.188662840532091 7.134747859999999 18.60912525493159 10.747286142725962
0.7068087926627895 1666.334916671147 0.6808510638297872 0.7495996468841516 1664.021689212097 0.59375 f_swap_t 100 3602.7433071136475 29.19520841279351 33.61301346746817 24.883880273814185 12.13677621212677 7.134747859999999 18.60912525493159 10.747286142725962
0.7068087926627895 1666.334916671147 0.6808510638297872 0.7721802182207955 1735.8167062038128 0.5957446808510638 t_swap_k 100 3640.081671476364 29.19520841279351 33.61301346746817 25.845041471076044 12.13677621212677 7.134747859999999 18.60912525493159 10.747286142725962
0.7068087926627895 1666.334916671147 0.6808510638297872 0.7914787558671609 1794.580978977909 0.5957446808510638 move_t 100 3673.922265291214 29.19520841279351 34.52688333279349 25.845041471076044 12.13677621212677 7.134747859999999 18.60912525493159 10.747286142725962
0.7068087926627895 1666.334916671147 0.6808510638297872 0.758816592912257 1727.5180522957205 0.6170212765957447 swap_t 100 3694.860913515091 29.19520841279351 34.52688333279349 25.845041471076044 12.13677621212677 8.093400381399999 18.60912525493159 10.747286142725962
0.7068087926627895 1666.334916671147 0.6808510638297872 0.7435908029740081 1681.1553439119143 0.6170212765957447 t_move_k 100 3727.126989841461 29.903256328665574 34.52688333279349 25.845041471076044 12.13677621212677 8.093400381399999 18.60912525493159 10.747286142725962
0.7068087926627895 1666.334916671147 0.6808510638297872 0.7398486450564015 1669.760429299024 0.6170212765957447 t_swap_k 100 3766.7488915920258 29.903256328665574 34.52688333279349 26.586591056365283 12.13677621212677 8.093400381399999 18.60912525493159 10.747286142725962
0.7068087926627895 1666.334916671147 0.6808510638297872 0.7355963543782955 1656.812154465878 0.6170212765957447 move_t 100 3801.631110429764 29.903256328665574 35.241614499465555 26.586591056365283 12.13677621212677 8.093400381399999 18.60912525493159 10.747286142725962
0.7068087926627895 1666.334916671147 0.6808510638297872 0.7561059784018418 1719.2641994186629 0.6170212765957447 t_move_k 100 3829.176383972168 30.67422376537892 35.241614499465555 26.586591056365283 12.13677621212677 8.093400381399999 18.60912525493159 10.747286142725962
0.7068087926627895 1666.334916671147 0.6808510638297872 0.786682205122478 1841.818023107322 0.6363636363636364 t_swap_k 100 3879.476692676544 30.67422376537892 35.241614499465555 27.45072514580163 12.13677621212677 8.093400381399999 18.60912525493159 10.747286142725962
0.7068087926627895 1666.334916671147 0.6808510638297872 0.7678615687123439 1787.4538507675575 0.6382978723404256 f_swap_t 100 3913.7324821949005 30.67422376537892 35.241614499465555 27.45072514580163 13.115408450005503 8.093400381399999 18.60912525493159 10.747286142725962
0.7068087926627895 1666.334916671147 0.6808510638297872 0.8546205587218784 1722.1309013836108 0.421875 t_swap_r_k 100 3960.153822183609 30.67422376537892 35.241614499465555 27.45072514580163 13.115408450005503 8.093400381399999 19.463034002382276 10.747286142725962
0.7068087926627895 1666.334916671147 0.6808510638297872 0.840269429891857 1726.0098539904568 0.453125 f_swap_t 100 3988.050194978714 30.67422376537892 35.241614499465555 27.45072514580163 14.044254365505449 8.093400381399999 19.463034002382276 10.747286142725962
0.7068087926627895 1666.334916671147 0.6808510638297872 0.8271143717777081 1757.3200097564684 0.5 t_swap_k 100 4017.610778570175 30.67422376537892 35.241614499465555 28.456217894343613 14.044254365505449 8.093400381399999 19.463034002382276 10.747286142725962
0.7068087926627895 1666.334916671147 0.6808510638297872 0.8320963839616298 1723.8996829984421 0.46808510638297873 t_swap_r_k 100 4068.582859277725 30.67422376537892 35.241614499465555 28.456217894343613 14.044254365505449 8.093400381399999 20.308403662358455 10.747286142725962
0.7068087926627895 1666.334916671147 0.6808510638297872 0.8320484965611079 1723.7538653039476 0.46808510638297873 t_multiswap_k 100 4086.664105653763 30.67422376537892 35.241614499465555 28.456217894343613 14.044254365505449 8.093400381399999 20.308403662358455 11.639813281298702
0.7068087926627895 1666.334916671147 0.6808510638297872 0.8306880899155111 1719.611411162061 0.46808510638297873 t_move_k 100 4116.865437984467 31.46748152772513 35.241614499465555 28.456217894343613 14.044254365505449 8.093400381399999 20.308403662358455 11.639813281298702
0.7068087926627895 1666.334916671147 0.6808510638297872 0.8526456092910665 1692.328003430707 0.40625 t_swap_r_k 100 4167.4123911857605 31.46748152772513 35.241614499465555 28.456217894343613 14.044254365505449 8.093400381399999 21.17531962573487 11.639813281298702
0.7068087926627895 1666.334916671147 0.6808510638297872 0.8456485373989004 1742.389299242601 0.453125 t_swap_k 100 4197.786339521408 31.46748152772513 35.241614499465555 29.31165571540018 14.044254365505449 8.093400381399999 21.17531962573487 11.639813281298702
0.7068087926627895 1666.334916671147 0.6808510638297872 0.8429311276214407 1734.1147546979414 0.453125 move_t 100 4226.792140007019 31.46748152772513 35.9091983544709 29.31165571540018 14.044254365505449 8.093400381399999 21.17531962573487 11.639813281298702
0.7068087926627895 1666.334916671147 0.6808510638297872 0.8009610724593516 1725.2612152338818 0.53125 t_multiswap_k 100 4236.990614891052 31.46748152772513 35.9091983544709 29.31165571540018 14.044254365505449 8.093400381399999 21.17531962573487 12.613415148485714
0.7068087926627895 1666.334916671147 0.6808510638297872 0.78452106313678 1742.964238912986 0.5757575757575758 swap_t 100 4263.980034351349 31.46748152772513 35.9091983544709 29.31165571540018 14.044254365505449 9.132466377585999 21.17531962573487 12.613415148485714
0.7068087926627895 1666.334916671147 0.6808510638297872 0.7776784274110088 1725.7327503722613 0.578125 move_t 100 4294.018322944641 31.46748152772513 36.59010637092619 29.31165571540018 14.044254365505449 9.132466377585999 21.17531962573487 12.613415148485714
0.7068087926627895 1666.334916671147 0.6808510638297872 0.7739501496982983 1714.3801011455694 0.578125 t_move_k 100 4322.47206735611 32.15280671244788 36.59010637092619 29.31165571540018 14.044254365505449 9.132466377585999 21.17531962573487 12.613415148485714
0.7068087926627895 1666.334916671147 0.6808510638297872 0.7701572848111329 1722.2946363631856 0.5909090909090909 t_multiswap_k 100 4343.026179552078 32.15280671244788 36.59010637092619 29.31165571540018 14.044254365505449 9.132466377585999 21.17531962573487 13.527280997000856
0.7068087926627895 1666.334916671147 0.6808510638297872 0.760372323161846 1692.4993137341128 0.5909090909090909 t_move_k 100 4377.511020183563 32.8312786453234 36.59010637092619 29.31165571540018 14.044254365505449 9.132466377585999 21.17531962573487 13.527280997000856
0.7068087926627895 1666.334916671147 0.6808510638297872 0.7586931095425933 1687.3860886299126 0.5909090909090909 t_swap_r_k 100 4423.254403352737 32.8312786453234 36.59010637092619 29.31165571540018 14.044254365505449 9.132466377585999 22.00356642947752 13.527280997000856
0.7068087926627895 1666.334916671147 0.6808510638297872 0.7586931095425933 1687.3860886299126 0.5909090909090909 move_t 100 4459.904990434647 32.8312786453234 37.224205307216934 29.31165571540018 14.044254365505449 9.132466377585999 22.00356642947752 13.527280997000856
0.7068087926627895 1666.334916671147 0.6808510638297872 0.7586931095425933 1687.3860886299126 0.5909090909090909 f_swap_t 100 4483.330978631973 32.8312786453234 37.224205307216934 29.31165571540018 14.903811821850393 9.132466377585999 22.00356642947752 13.527280997000856
0.7068087926627895 1666.334916671147 0.6808510638297872 0.7624627986166337 1698.8648359360411 0.5909090909090909 f_swap_t 100 4506.536432981491 32.8312786453234 37.224205307216934 29.31165571540018 15.764773703631889 9.132466377585999 22.00356642947752 13.527280997000856
0.7068087926627895 1666.334916671147 0.6808510638297872 0.7596589227890542 1690.3270012577952 0.5909090909090909 t_swap_r_k 100 4556.084360122681 32.8312786453234 37.224205307216934 29.31165571540018 15.764773703631889 9.132466377585999 22.823530765182745 13.527280997000856
0.7068087926627895 1666.334916671147 0.6808510638297872 0.757915266795309 1689.3428490688384 0.59375 f_swap_t 100 4581.6643352508545 32.8312786453234 37.224205307216934 29.31165571540018 16.64712596659557 9.132466377585999 22.823530765182745 13.527280997000856
0.7068087926627895 1666.334916671147 0.6808510638297872 0.7580545539007189 1708.5099496292182 0.6060606060606061 t_move_k 100 4610.265328168869 33.662965858870166 37.224205307216934 29.31165571540018 16.64712596659557 9.132466377585999 22.823530765182745 13.527280997000856
0.7068087926627895 1666.334916671147 0.6808510638297872 0.7492123361997594 1681.5852933454828 0.6060606060606061 f_swap_t 100 4634.11553812027 33.662965858870166 37.224205307216934 29.31165571540018 17.480654706929617 9.132466377585999 22.823530765182745 13.527280997000856
0.7068087926627895 1666.334916671147 0.6808510638297872 0.7482789534075438 1678.7431318299582 0.6060606060606061 swap_t 100 4653.099634885788 33.662965858870166 37.224205307216934 29.31165571540018 17.480654706929617 10.04114171381014 22.823530765182745 13.527280997000856
0.7068087926627895 1666.334916671147 0.6808510638297872 0.7478077462916302 1682.3544848014699 0.609375 move_t 100 4683.212252378464 33.662965858870166 37.911963254144766 29.31165571540018 17.480654706929617 10.04114171381014 22.823530765182745 13.527280997000856
0.7068087926627895 1666.334916671147 0.6808510638297872 0.7467410554840718 1679.1063988205724 0.609375 t_move_k 100 4702.58406829834 34.32633620028147 37.911963254144766 29.31165571540018 17.480654706929617 10.04114171381014 22.823530765182745 13.527280997000856
0.7068087926627895 1666.334916671147 0.6808510638297872 0.7459000767921566 1688.1871096884947 0.6170212765957447 t_multiswap_k 100 4715.151350021362 34.32633620028147 37.911963254144766 29.31165571540018 17.480654706929617 10.04114171381014 22.823530765182745 14.422008187030848
0.7068087926627895 1666.334916671147 0.6808510638297872 0.7852087587045355 1796.2410048960774 0.609375 t_move_k 100 4746.28249168396 35.143072838278655 37.911963254144766 29.31165571540018 17.480654706929617 10.04114171381014 22.823530765182745 14.422008187030848
0.7068087926627895 1666.334916671147 0.6808510638297872 0.7843865674244265 1769.9482689902557 0.59375 t_move_k 100 4776.270087957382 35.96164210989587 37.911963254144766 29.31165571540018 17.480654706929617 10.04114171381014 22.823530765182745 14.422008187030848
0.7068087926627895 1666.334916671147 0.6808510638297872 0.7942270425930149 1795.5873302356317 0.5909090909090909 move_t 100 4809.655676364899 35.96164210989587 38.75284362160332 29.31165571540018 17.480654706929617 10.04114171381014 22.823530765182745 14.422008187030848
0.7068087926627895 1666.334916671147 0.6808510638297872 0.7697112136966178 1720.9363446039674 0.5909090909090909 move_t 100 4837.817109584808 35.96164210989587 39.455315185387285 29.31165571540018 17.480654706929617 10.04114171381014 22.823530765182745 14.422008187030848
0.7068087926627895 1666.334916671147 0.6808510638297872 0.7686649445454579 1717.7504428055759 0.5909090909090909 t_swap_r_k 100 4880.283896446228 35.96164210989587 39.455315185387285 29.31165571540018 17.480654706929617 10.04114171381014 23.63529545753092 14.422008187030848
0.7068087926627895 1666.334916671147 0.6808510638297872 0.7686649445454579 1717.7504428055759 0.5909090909090909 t_move_k 100 4914.65335559845 36.602025688796914 39.455315185387285 29.31165571540018 17.480654706929617 10.04114171381014 23.63529545753092 14.422008187030848
0.7068087926627895 1666.334916671147 0.6808510638297872 0.7684066987505733 1716.9640813407107 0.5909090909090909 t_move_k 100 4943.451591014862 37.266005431908944 39.455315185387285 29.31165571540018 17.480654706929617 10.04114171381014 23.63529545753092 14.422008187030848
0.7068087926627895 1666.334916671147 0.6808510638297872 0.7761310622433595 1740.4848584904676 0.5909090909090909 f_swap_t 100 4961.282191753387 37.266005431908944 39.455315185387285 29.31165571540018 18.34584815986032 10.04114171381014 23.63529545753092 14.422008187030848
0.7068087926627895 1666.334916671147 0.6808510638297872 0.8291268448398612 1924.9259065250133 0.6060606060606061 f_swap_t 100 4991.95914888382 37.266005431908944 39.455315185387285 29.31165571540018 19.242389678261716 10.04114171381014 23.63529545753092 14.422008187030848
0.7068087926627895 1666.334916671147 0.6808510638297872 0.7980601476638787 1830.3274503884413 0.6060606060606061 t_swap_r_k 100 5041.510380744934 37.266005431908944 39.455315185387285 29.31165571540018 19.242389678261716 10.04114171381014 24.43894250295561 14.422008187030848
0.7068087926627895 1666.334916671147 0.6808510638297872 0.7807009883988344 1782.5147916098035 0.609375 t_move_k 100 5071.4641807079315 37.953345377589855 39.455315185387285 29.31165571540018 19.242389678261716 10.04114171381014 24.43894250295561 14.422008187030848
0.7068087926627895 1666.334916671147 0.6808510638297872 0.8162925527543 1867.1023673684879 0.59375 t_move_k 100 5104.444112062454 38.73381192381396 39.455315185387285 29.31165571540018 19.242389678261716 10.04114171381014 24.43894250295561 14.422008187030848
0.7068087926627895 1666.334916671147 0.6808510638297872 0.8248832178774133 1912.0040128073424 0.6060606060606061 move_t 100 5139.142412900925 38.73381192381396 40.27076203353341 29.31165571540018 19.242389678261716 10.04114171381014 24.43894250295561 14.422008187030848
0.7068087926627895 1666.334916671147 0.6808510638297872 0.7923597816695456 1812.9697692863058 0.6060606060606061 t_multiswap_k 100 5157.738654851913 38.73381192381396 40.27076203353341 29.31165571540018 19.242389678261716 10.04114171381014 24.43894250295561 15.277788105160539
0.7068087926627895 1666.334916671147 0.6808510638297872 0.7815302200658095 1785.039811731223 0.609375 move_t 100 5186.473551988602 38.73381192381396 40.898054413198075 29.31165571540018 19.242389678261716 10.04114171381014 24.43894250295561 15.277788105160539
0.7068087926627895 1666.334916671147 0.6808510638297872 0.7777376201653459 1785.1328015083916 0.6170212765957447 f_swap_t 100 5210.16854429245 38.73381192381396 40.898054413198075 29.31165571540018 20.0799657814791 10.04114171381014 24.43894250295561 15.277788105160539
0.7068087926627895 1666.334916671147 0.6808510638297872 0.7914909606630731 1810.3241991632328 0.6060606060606061 t_move_k 100 5249.311637878418 39.51647380457582 40.898054413198075 29.31165571540018 20.0799657814791 10.04114171381014 24.43894250295561 15.277788105160539
0.7068087926627895 1666.334916671147 0.6808510638297872 0.7848511851417546 1790.1060050677331 0.6060606060606061 t_swap_r_k 100 5290.297399520874 39.51647380457582 40.898054413198075 29.31165571540018 20.0799657814791 10.04114171381014 25.23455307792605 15.277788105160539
0.7068087926627895 1666.334916671147 0.6808510638297872 0.7782213776485787 1792.986434129361 0.6212121212121212 move_t 100 5317.000595569611 39.51647380457582 41.54907386906609 29.31165571540018 20.0799657814791 10.04114171381014 25.23455307792605 15.277788105160539
0.7068087926627895 1666.334916671147 0.6808510638297872 0.7867409836989752 1795.8604637702308 0.6060606060606061 move_t 100 5341.470430135727 39.51647380457582 42.20358313037543 29.31165571540018 20.0799657814791 10.04114171381014 25.23455307792605 15.277788105160539
0.7068087926627895 1666.334916671147 0.6808510638297872 0.8004493933678993 1837.6027314925439 0.6060606060606061 move_t 100 5376.996420621872 39.51647380457582 42.97154729907167 29.31165571540018 20.0799657814791 10.04114171381014 25.23455307792605 15.277788105160539
0.7068087926627895 1666.334916671147 0.6808510638297872 0.793204663270419 1815.5424436394262 0.6060606060606061 move_t 100 5407.138340711594 39.51647380457582 43.68183182608096 29.31165571540018 20.0799657814791 10.04114171381014 25.23455307792605 15.277788105160539