21

Similarity 1
0.0

Similarity combination matrix:
0.43478260869565216 0.30434782608695654 0.391304347826087 0.34782608695652173 0.4782608695652174 0.0
0.5384615384615384 0.23076923076923078 0.46153846153846156 0.34615384615384615 0.4230769230769231 0.0
0.25 0.7 0.75 0.15 0.2 0.0
0.4074074074074074 0.25925925925925924 0.4444444444444444 0.4074074074074074 0.37037037037037035 0.0
0.5 0.6666666666666666 0.3333333333333333 0.5 0.6666666666666666 0.0
0.0 0.0 0.0 0.0 0.0 0.0

Similarity combination pairings:
(np.int64(0), np.int64(4)) (np.int64(1), np.int64(0)) (np.int64(2), np.int64(2)) (np.int64(3), np.int64(3)) (np.int64(4), np.int64(1)) (np.int64(5), np.int64(5))
0.4782608695652174 0.5384615384615384 0.75 0.4074074074074074 0.6666666666666666 0.0

Similarity 2
0.0

Similarity combination matrix:
0.0 0.025 0.0 0.0 0.07500000000000001 0.0
0.05 0.0 0.025 0.05 0.0 0.0
0.0 0.025 0.0 0.1 0.0 0.0
0.025 0.0 0.025 0.025 0.0 0.0
0.1 0.05 0.0 0.1 0.0 0.0
0.0 0.0 0.0 0.0 0.0 0.0

Similarity combination pairings:
(np.int64(0), np.int64(4)) (np.int64(1), np.int64(0)) (np.int64(2), np.int64(3)) (np.int64(3), np.int64(2)) (np.int64(4), np.int64(1)) (np.int64(5), np.int64(5))
0.07500000000000001 0.05 0.1 0.025 0.05 0.0

Similarity 3
0.0

Similarity combination matrix:
0.0 0.027777777777777776 0.0 0.0 0.09027777777777778 0.0
0.05555555555555555 0.0 0.027777777777777776 0.0625 0.0 0.0
0.0 0.027777777777777776 0.0 0.125 0.0 0.0
0.027777777777777776 0.0 0.027777777777777776 0.05555555555555555 0.0 0.0
0.125 0.0625 0.0 0.125 0.0 0.0
0.0 0.0 0.0 0.0 0.0 0.0

Similarity combination pairings:
(np.int64(0), np.int64(4)) (np.int64(1), np.int64(2)) (np.int64(2), np.int64(3)) (np.int64(3), np.int64(1)) (np.int64(4), np.int64(0)) (np.int64(5), np.int64(5))
0.09027777777777778 0.027777777777777776 0.125 0.0 0.125 0.0
