21
6 60 4 20

2292.5445302748353
100 15
Neighbourhoods:
t_move_k move_t t_swap_k f_swap_t swap_t t_swap_r_k t_multiswap_k
100.0 300.0 0.0 0.0 300.0 200.0 200.0
0.0 0.0 0.0 0.0 0.0 0.0 0.0
0.0 0.0 0.0 0.0 0.0 0.0 0.0
-1763242261.6402137 -5289726770.811266 0.0 0.0 -5289726761.655016 -3526484504.4523025 -3526484500.4523025
-17632422.616402138 -17632422.56937089 0.0 0.0 -17632422.538850054 -17632422.52226151 -17632422.502261512
0.0 0.0 0.0 0.0 0.0 0.0 0.0
0.0 0.0 0.0 0.0 0.0 0.0 0.0

Assigned customers matrix:
Vehicle 0:
0 20 52 53 11 31 10 30 47 0 0 0 0 0 0 0 0 0 0 0 0 0 0 0 0 0 0 0 0 0 0 0 0 0 0 0 0 0 0 0 0 0 0 0
0 5 4 0 0 0 0 0 0 0 0 0 0 0 0 0 0 0 0 0 0 0 0 0 0 0 0 0 0 0 0 0 0 0 0 0 0 0 0 0 0 0 0 0
0 16 44 9 28 27 8 0 0 0 0 0 0 0 0 0 0 0 0 0 0 0 0 0 0 0 0 0 0 0 0 0 0 0 0 0 0 0 0 0 0 0 0 0
0 6 35 12 33 11 32 21 5 0 0 0 0 0 0 0 0 0 0 0 0 0 0 0 0 0 0 0 0 0 0 0 0 0 0 0 0 0 0 0 0 0 0 0

Vehicle 1:
0 6 22 56 34 12 58 23 1 0 0 0 0 0 0 0 0 0 0 0 0 0 0 0 0 0 0 0 0 0 0 0 0 0 0 0 0 0 0 0 0 0 0 0
0 13 37 25 7 36 24 1 0 0 0 0 0 0 0 0 0 0 0 0 0 0 0 0 0 0 0 0 0 0 0 0 0 0 0 0 0 0 0 0 0 0 0 0
0 5 20 19 4 0 0 0 0 0 0 0 0 0 0 0 0 0 0 0 0 0 0 0 0 0 0 0 0 0 0 0 0 0 0 0 0 0 0 0 0 0 0 0
0 4 0 0 0 0 0 0 0 0 0 0 0 0 0 0 0 0 0 0 0 0 0 0 0 0 0 0 0 0 0 0 0 0 0 0 0 0 0 0 0 0 0 0

Vehicle 2:
0 38 7 8 27 15 0 0 0 0 0 0 0 0 0 0 0 0 0 0 0 0 0 0 0 0 0 0 0 0 0 0 0 0 0 0 0 0 0 0 0 0 0 0
0 21 51 32 11 33 55 12 35 57 6 0 0 0 0 0 0 0 0 0 0 0 0 0 0 0 0 0 0 0 0 0 0 0 0 0 0 0 0 0 0 0 0 0
0 60 7 12 34 22 23 6 0 0 0 0 0 0 0 0 0 0 0 0 0 0 0 0 0 0 0 0 0 0 0 0 0 0 0 0 0 0 0 0 0 0 0 0
0 24 59 36 7 25 13 1 0 0 0 0 0 0 0 0 0 0 0 0 0 0 0 0 0 0 0 0 0 0 0 0 0 0 0 0 0 0 0 0 0 0 0 0

Vehicle 3:
0 3 9 28 43 16 2 0 0 0 0 0 0 0 0 0 0 0 0 0 0 0 0 0 0 0 0 0 0 0 0 0 0 0 0 0 0 0 0 0 0 0 0 0
0 48 10 9 29 46 17 0 0 0 0 0 0 0 0 0 0 0 0 0 0 0 0 0 0 0 0 0 0 0 0 0 0 0 0 0 0 0 0 0 0 0 0 0
0 1 2 15 3 0 0 0 0 0 0 0 0 0 0 0 0 0 0 0 0 0 0 0 0 0 0 0 0 0 0 0 0 0 0 0 0 0 0 0 0 0 0 0
0 2 14 40 26 8 41 3 0 0 0 0 0 0 0 0 0 0 0 0 0 0 0 0 0 0 0 0 0 0 0 0 0 0 0 0 0 0 0 0 0 0 0 0

Vehicle 4:
0 5 19 18 4 0 0 0 0 0 0 0 0 0 0 0 0 0 0 0 0 0 0 0 0 0 0 0 0 0 0 0 0 0 0 0 0 0 0 0 0 0 0 0
0 3 42 8 26 39 14 2 0 0 0 0 0 0 0 0 0 0 0 0 0 0 0 0 0 0 0 0 0 0 0 0 0 0 0 0 0 0 0 0 0 0 0 0
0 54 11 31 10 30 18 0 0 0 0 0 0 0 0 0 0 0 0 0 0 0 0 0 0 0 0 0 0 0 0 0 0 0 0 0 0 0 0 0 0 0 0 0
0 17 45 9 29 10 49 50 0 0 0 0 0 0 0 0 0 0 0 0 0 0 0 0 0 0 0 0 0 0 0 0 0 0 0 0 0 0 0 0 0 0 0 0

Vehicle 5:
0 0 0 0 0 0 0 0 0 0 0 0 0 0 0 0 0 0 0 0 0 0 0 0 0 0 0 0 0 0 0 0 0 0 0 0 0 0 0 0 0 0 0 0
0 0 0 0 0 0 0 0 0 0 0 0 0 0 0 0 0 0 0 0 0 0 0 0 0 0 0 0 0 0 0 0 0 0 0 0 0 0 0 0 0 0 0 0
0 0 0 0 0 0 0 0 0 0 0 0 0 0 0 0 0 0 0 0 0 0 0 0 0 0 0 0 0 0 0 0 0 0 0 0 0 0 0 0 0 0 0 0
0 0 0 0 0 0 0 0 0 0 0 0 0 0 0 0 0 0 0 0 0 0 0 0 0 0 0 0 0 0 0 0 0 0 0 0 0 0 0 0 0 0 0 0

Transported demand matrix:
20 8 20 18
20 20 17 4
18 17 19 20
18 19 15 19
17 19 18 20
0 0 0 0

Routes distance matrix:
160.6436267630072 29.999559995159892 153.2288837282542 159.92238741278777
111.87204866396368 106.33066497819388 54.27946847071732 20.0
155.08974027033832 169.08334978171257 160.20869131325264 106.33091297956042
108.9358186961239 153.63504475022438 55.88396905240681 109.54443190702126
52.82953420254223 110.0557292859249 156.86932494010168 157.8013430835422
0.0 0.0 0.0 0.0

Solution history:
1.0 2292.5445302748353 1.0 1.0 0 0 0 3.0 3.0 3.0 3.0 3.0 3.0 3.0
1.0 2292.5445302748353 1.0 1.0 t_move_k 100 -1763242261.6402137 3.9699999999999998 3.0 3.0 3.0 3.0 3.0 3.0
1.0 2292.5445302748353 1.0 1.0 move_t 100 -1763242260.4370887 3.9699999999999998 3.9699999999999998 3.0 3.0 3.0 3.0 3.0
1.0 2292.5445302748353 1.0 1.0 move_t 100 -1763242259.5308387 3.9699999999999998 4.9303 3.0 3.0 3.0 3.0 3.0
1.0 2292.5445302748353 1.0 1.0 t_swap_r_k 100 -1763242256.5152137 3.9699999999999998 4.9303 3.0 3.0 3.0 3.9699999999999998 3.0
1.0 2292.5445302748353 1.0 1.0 swap_t 100 -1763242255.2495887 3.9699999999999998 4.9303 3.0 3.0 3.9699999999999998 3.9699999999999998 3.0
1.0 2292.5445302748353 1.0 1.0 swap_t 100 -1763242254.1558387 3.9699999999999998 4.9303 3.0 3.0 4.9303 3.9699999999999998 3.0
1.0 2292.5445302748353 1.0 1.0 t_multiswap_k 100 -1763242253.3277137 3.9699999999999998 4.9303 3.0 3.0 4.9303 3.9699999999999998 3.9699999999999998
1.0 2292.5445302748353 1.0 1.0 swap_t 100 -1763242252.2495887 3.9699999999999998 4.9303 3.0 3.0 5.880997 3.9699999999999998 3.9699999999999998
1.0 2292.5445302748353 1.0 1.0 move_t 100 -1763242250.8433387 3.9699999999999998 5.880997 3.0 3.0 5.880997 3.9699999999999998 3.9699999999999998
1.0 2292.5445302748353 1.0 1.0 t_swap_r_k 100 -1763242247.9370887 3.9699999999999998 5.880997 3.0 3.0 5.880997 4.9303 3.9699999999999998
1.0 2292.5445302748353 1.0 1.0 t_multiswap_k 100 -1763242247.1245887 3.9699999999999998 5.880997 3.0 3.0 5.880997 4.9303 4.9303