30
9 153 6 20

Solution history:
B_obj   B_dis   B_sim   C_obj   C_dis   C_sim   neighbor   iterations   time   scores
1.0060757033558594 87758.36173125164 0.0 1.0060757033558594 87758.36173125164 0.0 0 0 0 3.0 3.0 3.0 3.0 3.0 3.0 3.0
1.0060757033558594 87758.36173125164 0.0 1.0060757033558594 87758.36173125164 0.0 f_swap_t 100 82.21012616157532 3.0 3.0 3.0 3.9699999999999998 3.0 3.0 3.0
1.0060757031340262 87758.36169278366 0.0 1.0412582451427772 94003.97852518334 0.0 swap_t 100 139.81868290901184 3.0 3.0 3.0 3.9699999999999998 4.02 3.0 3.0
1.0060757031340262 87758.36169278366 0.0 1.0264919805946253 91298.7392503543 0.0 t_swap_r_k 100 410.5397939682007 3.0 3.0 3.0 3.9699999999999998 4.02 4.01 3.0
1.0060757031340262 87758.36169278366 0.0 1.0263041575934515 91266.16894759296 0.0 t_move_k 100 486.73794436454773 4.01 3.0 3.0 3.9699999999999998 4.02 4.01 3.0
1.0060757031340262 87758.36169278366 0.0 1.0291690059129732 91249.84060763632 0.0 swap_t 100 572.1234982013702 4.01 3.0 3.0 3.9699999999999998 4.9898 4.01 3.0
1.0060757031340262 87758.36169278366 0.0 1.028050155070738 91568.94159045543 0.0 t_move_k 100 658.0679454803467 4.9999 3.0 3.0 3.9699999999999998 4.9898 4.01 3.0
1.0060757031340262 87758.36169278366 0.0 1.0277519392507428 91517.22811827813 0.0 f_swap_t 100 781.1808822154999 4.9999 3.0 3.0 4.9303 4.9898 4.01 3.0
1.0060757031340262 87758.36169278366 0.0 1.0276129632452864 91493.12835123156 0.0 t_multiswap_k 100 837.8799879550934 4.9999 3.0 3.0 4.9303 4.9898 4.01 3.9699999999999998
1.0060757031340262 87758.36169278366 0.0 1.0276129632452864 91493.12835123156 0.0 t_swap_r_k 100 1094.9392127990723 4.9999 3.0 3.0 4.9303 4.9898 5.0099 3.9699999999999998
1.0060757031340262 87758.36169278366 0.0 1.0265462896874884 91308.15696589599 0.0 t_move_k 100 1183.5204496383667 6.039901 3.0 3.0 4.9303 4.9898 5.0099 3.9699999999999998
1.0060757031340262 87758.36169278366 0.0 1.0302970955365538 91958.58253326316 0.0 t_move_k 100 1270.6917254924774 6.989501990000001 3.0 3.0 4.9303 4.9898 5.0099 3.9699999999999998
1.0060757031340262 87758.36169278366 0.0 1.0289559139939342 91726.00884086103 0.0 t_swap_r_k 100 1574.4412293434143 6.989501990000001 3.0 3.0 4.9303 4.9898 5.999801 3.9699999999999998
1.0060757031340262 87758.36169278366 0.0 1.0282631701653302 91605.88044288698 0.0 f_swap_t 100 1655.6153066158295 6.989501990000001 3.0 3.0 5.880997 4.9898 5.999801 3.9699999999999998
1.0060757031340262 87758.36169278366 0.0 1.0282631701653302 91605.88044288698 0.0 t_swap_k 100 1786.4602658748627 6.989501990000001 3.0 3.9699999999999998 5.880997 4.9898 5.999801 3.9699999999999998
1.0060757031340262 87758.36169278366 0.0 1.0282631701653302 91605.88044288698 0.0 t_multiswap_k 100 1824.456217765808 6.989501990000001 3.0 3.9699999999999998 5.880997 4.9898 5.999801 4.9303
1.0060757031340262 87758.36169278366 0.0 1.0282631701653302 91605.88044288698 0.0 t_multiswap_k 100 1877.6214141845703 6.989501990000001 3.0 3.9699999999999998 5.880997 4.9898 5.999801 5.880997
1.0060757031340262 87758.36169278366 0.0 1.0282631701653302 91605.88044288698 0.0 t_multiswap_k 100 1918.3105070590973 6.989501990000001 3.0 3.9699999999999998 5.880997 4.9898 5.999801 6.82218703
1.0060757031340262 87758.36169278366 0.0 1.0282631701653302 91605.88044288698 0.0 t_swap_r_k 100 2138.560345172882 6.989501990000001 3.0 3.9699999999999998 5.880997 4.9898 6.97980299 6.82218703
1.0060757031340262 87758.36169278366 0.0 1.0282631701653302 91605.88044288698 0.0 swap_t 100 2198.7952222824097 6.989501990000001 3.0 3.9699999999999998 5.880997 5.939902 6.97980299 6.82218703
1.0060757031340262 87758.36169278366 0.0 1.0282631701653302 91605.88044288698 0.0 t_swap_r_k 100 2474.578937292099 6.989501990000001 3.0 3.9699999999999998 5.880997 5.939902 7.950004960099999 6.82218703
1.0060757031340262 87758.36169278366 0.0 1.0282631701653302 91605.88044288698 0.0 t_swap_r_k 100 2731.7620215415955 6.989501990000001 3.0 3.9699999999999998 5.880997 5.939902 8.910504910499 6.82218703
1.0060757031340262 87758.36169278366 0.0 1.0282631701653302 91605.88044288698 0.0 f_swap_t 100 2842.881134748459 6.989501990000001 3.0 3.9699999999999998 6.82218703 5.939902 8.910504910499 6.82218703
1.0060757031340262 87758.36169278366 0.0 1.0282631701653302 91605.88044288698 0.0 f_swap_t 100 2935.633786678314 6.989501990000001 3.0 3.9699999999999998 7.7539651597 5.939902 8.910504910499 6.82218703
1.0060757031340262 87758.36169278366 0.0 1.0282631701653302 91605.88044288698 0.0 t_swap_r_k 100 3178.9886400699615 6.989501990000001 3.0 3.9699999999999998 7.7539651597 5.939902 9.86139986139401 6.82218703
1.0060757031340262 87758.36169278366 0.0 1.039566783658186 93566.03501106384 0.0 t_move_k 100 3255.742584705353 7.959606970100001 3.0 3.9699999999999998 7.7539651597 5.939902 9.86139986139401 6.82218703
1.0060757031340262 87758.36169278366 0.0 1.038563414582711 93392.04122773933 0.0 t_swap_k 100 3397.1979687213898 7.959606970100001 3.0 4.9703 7.7539651597 5.939902 9.86139986139401 6.82218703
1.0060757031340262 87758.36169278366 0.0 1.0379422232509308 93284.32071628781 0.0 f_swap_t 100 3473.4042344093323 7.959606970100001 3.0 4.9703 8.676425508103 5.939902 9.86139986139401 6.82218703
1.0060757031340262 87758.36169278366 0.0 1.0379422232509308 93284.32071628781 0.0 t_swap_r_k 100 3697.9790065288544 7.959606970100001 3.0 4.9703 8.676425508103 5.939902 10.802785862780071 6.82218703