30
9 153 6 20

Solution history:
B_obj   B_dis   B_sim   C_obj   C_dis   C_sim   neighbor   iterations   time   scores
1.0060757033558594 87758.36173125164 0.0 1.0060757033558594 87758.36173125164 0.0 0 0 0 3.0 3.0 3.0 3.0 3.0 3.0 3.0
1.0060757033558594 87758.36173125164 0.0 1.0060757033558594 87758.36173125164 0.0 t_move_k 100 58.41422247886658 3.9699999999999998 3.0 3.0 3.0 3.0 3.0 3.0
1.0060757031340262 87758.36169278366 0.0 1.0060757031340262 87758.36169278366 0.0 t_multiswap_k 100 107.92963671684265 3.9699999999999998 3.0 3.0 3.0 3.0 3.0 3.9699999999999998
1.0060757031340262 87758.36169278366 0.0 1.0060757031340262 87758.36169278366 0.0 t_swap_r_k 100 365.774777173996 3.9699999999999998 3.0 3.0 3.0 3.0 4.01 3.9699999999999998
1.0060757031340262 87758.36169278366 0.0 1.0060757031340262 87758.36169278366 0.0 t_swap_r_k 100 613.9588515758514 3.9699999999999998 3.0 3.0 3.0 3.0 5.0099 3.9699999999999998
1.0060757031340262 87758.36169278366 0.0 1.0060757031340262 87758.36169278366 0.0 f_swap_t 100 677.5505256652832 3.9699999999999998 3.0 3.0 3.9699999999999998 3.0 5.0099 3.9699999999999998
1.0060757031340262 87758.36169278366 0.0 1.0060757031340262 87758.36169278366 0.0 move_t 100 737.5283386707306 3.9699999999999998 3.9699999999999998 3.0 3.9699999999999998 3.0 5.0099 3.9699999999999998
1.0060757031340262 87758.36169278366 0.0 1.0060757031340262 87758.36169278366 0.0 move_t 100 805.5259189605713 3.9699999999999998 4.9303 3.0 3.9699999999999998 3.0 5.0099 3.9699999999999998
1.0060757031340262 87758.36169278366 0.0 1.0202515534331384 90216.58956293843 0.0 t_swap_k 100 955.9314451217651 3.9699999999999998 4.9303 3.99 3.9699999999999998 3.0 5.0099 3.9699999999999998
1.0060757031340262 87758.36169278366 0.0 1.017019113460893 89656.05359079476 0.0 swap_t 100 992.4280912876129 3.9699999999999998 4.9303 3.99 3.9699999999999998 3.9699999999999998 5.0099 3.9699999999999998
1.0060757031340262 87758.36169278366 0.0 1.013800679318338 89097.94636332344 0.0 t_move_k 100 1062.1348013877869 4.9303 4.9303 3.99 3.9699999999999998 3.9699999999999998 5.0099 3.9699999999999998
1.0060757031340262 87758.36169278366 0.0 1.0134364838333925 89034.7913869102 0.0 t_swap_r_k 100 1318.5927217006683 4.9303 4.9303 3.99 3.9699999999999998 3.9699999999999998 5.999801 3.9699999999999998
1.0060757031340262 87758.36169278366 0.0 1.0133681468949423 89022.94110892937 0.0 move_t 100 1377.5959844589233 4.9303 5.910997 3.99 3.9699999999999998 3.9699999999999998 5.999801 3.9699999999999998
1.0060757031340262 87758.36169278366 0.0 1.0133681468949423 89022.94110892937 0.0 t_move_k 100 1449.1700468063354 5.880997 5.910997 3.99 3.9699999999999998 3.9699999999999998 5.999801 3.9699999999999998
1.0060757031340262 87758.36169278366 0.0 1.0133681468949423 89022.94110892937 0.0 t_swap_r_k 100 1731.6167454719543 5.880997 5.910997 3.99 3.9699999999999998 3.9699999999999998 6.97980299 3.9699999999999998
1.0060757031340262 87758.36169278366 0.0 1.0150287301226566 89310.90210491522 0.0 move_t 100 1822.0504298210144 5.880997 6.86188703 3.99 3.9699999999999998 3.9699999999999998 6.97980299 3.9699999999999998
1.0060757031340262 87758.36169278366 0.0 1.0281174638169532 91580.61357008 0.0 t_swap_k 100 1959.061809539795 5.880997 6.86188703 5.0601 3.9699999999999998 3.9699999999999998 6.97980299 3.9699999999999998
1.0060757031340262 87758.36169278366 0.0 1.0271662929006928 91415.67144623587 0.0 t_multiswap_k 100 2009.4094245433807 5.880997 6.86188703 5.0601 3.9699999999999998 3.9699999999999998 6.97980299 4.9303
1.0060757031340262 87758.36169278366 0.0 1.0271662929006928 91415.67144623587 0.0 f_swap_t 100 2083.004136323929 5.880997 6.86188703 5.0601 4.9303 3.9699999999999998 6.97980299 4.9303
1.0060757031340262 87758.36169278366 0.0 1.0271662929006928 91415.67144623587 0.0 t_move_k 100 2173.3145427703857 6.82218703 6.86188703 5.0601 4.9303 3.9699999999999998 6.97980299 4.9303
1.0060757031340262 87758.36169278366 0.0 1.0271662929006928 91415.67144623587 0.0 t_move_k 100 2256.894129753113 7.7539651597 6.86188703 5.0601 4.9303 3.9699999999999998 6.97980299 4.9303
1.0060757031340262 87758.36169278366 0.0 1.0275206096569776 91477.11335672335 0.0 t_move_k 100 2355.5006268024445 8.716425508103 6.86188703 5.0601 4.9303 3.9699999999999998 6.97980299 4.9303
1.0060757031340262 87758.36169278366 0.0 1.0273631797334564 91449.81350398574 0.0 t_move_k 100 2443.354927301407 9.629261253021971 6.86188703 5.0601 4.9303 3.9699999999999998 6.97980299 4.9303
1.0060757031340262 87758.36169278366 0.0 1.0279935425886553 91559.12444521775 0.0 t_move_k 100 2505.327765226364 10.572968640491752 6.86188703 5.0601 4.9303 3.9699999999999998 6.97980299 4.9303
1.0060757031340262 87758.36169278366 0.0 1.0306641108281673 92175.11518300902 0.0 swap_t 100 2591.6266674995422 10.572968640491752 6.86188703 5.0601 4.9303 4.9703 6.97980299 4.9303
1.0060757031340262 87758.36169278366 0.0 1.0288723373633557 91711.51585467347 0.0 swap_t 100 2678.134971857071 10.572968640491752 6.86188703 5.0601 4.9303 5.920597 6.97980299 4.9303
1.0060757031340262 87758.36169278366 0.0 1.031090928478562 92098.33015438997 0.0 move_t 100 2769.413920879364 10.572968640491752 7.8332681597 5.0601 4.9303 5.920597 6.97980299 4.9303
1.0060757031340262 87758.36169278366 0.0 1.0305886687225954 92009.14410925285 0.0 t_move_k 100 2908.881422996521 11.497238954086834 7.8332681597 5.0601 4.9303 5.920597 6.97980299 4.9303
1.0060757031340262 87758.36169278366 0.0 1.0302641583768257 91952.87091510277 0.0 t_swap_r_k 100 3186.204679965973 11.497238954086834 7.8332681597 5.0601 4.9303 5.920597 7.950004960099999 4.9303
1.0060757031340262 87758.36169278366 0.0 1.0302626324589703 91952.60630636888 0.0 t_move_k 100 3321.630667924881 12.412266564545966 7.8332681597 5.0601 4.9303 5.920597 7.950004960099999 4.9303
1.0060757031340262 87758.36169278366 0.0 1.0299548490240396 91899.23371835798 0.0 t_move_k 100 3434.4586098194122 13.358143898900506 7.8332681597 5.0601 4.9303 5.920597 7.950004960099999 4.9303
1.0060757031340262 87758.36169278366 0.0 1.0375174804472915 93210.66625637728 0.0 t_swap_k 100 3600.184098005295 13.358143898900506 7.8332681597 6.119499 4.9303 5.920597 7.950004960099999 4.9303