30
9 153 6 20

Solution history:
B_obj   B_dis   B_sim   C_obj   C_dis   C_sim   neighbor   iterations   time   scores
1.0060757033558594 87758.36173125164 0.0 1.0060757033558594 87758.36173125164 0.0 0 0 0 3.0 3.0 3.0 3.0 3.0 3.0 3.0
1.0060757033558594 87758.36173125164 0.0 1.0060757033558594 87758.36173125164 0.0 f_swap_t 100 73.420649766922 3.0 3.0 3.0 3.9699999999999998 3.0 3.0 3.0
1.0060757031340262 87758.36169278366 0.0 1.0060757031340262 87758.36169278366 0.0 f_swap_t 100 110.24227476119995 3.0 3.0 3.0 4.9303 3.0 3.0 3.0
1.0060757031340262 87758.36169278366 0.0 1.0060757031340262 87758.36169278366 0.0 t_move_k 100 174.61238765716553 3.9699999999999998 3.0 3.0 4.9303 3.0 3.0 3.0
1.0060757031340262 87758.36169278366 0.0 1.0060757031340262 87758.36169278366 0.0 t_multiswap_k 100 205.56326484680176 3.9699999999999998 3.0 3.0 4.9303 3.0 3.0 3.9699999999999998
1.0060757031340262 87758.36169278366 0.0 1.0060757031340262 87758.36169278366 0.0 t_multiswap_k 100 245.7715358734131 3.9699999999999998 3.0 3.0 4.9303 3.0 3.0 4.9303
1.0060757031340262 87758.36169278366 0.0 1.0060757031340262 87758.36169278366 0.0 t_multiswap_k 100 281.7916991710663 3.9699999999999998 3.0 3.0 4.9303 3.0 3.0 5.880997
1.0060757031340262 87758.36169278366 0.0 1.0060757031340262 87758.36169278366 0.0 t_swap_r_k 100 515.2946774959564 3.9699999999999998 3.0 3.0 4.9303 3.0 4.01 5.880997
1.0060757031340262 87758.36169278366 0.0 1.0060757031340262 87758.36169278366 0.0 f_swap_t 100 597.4149272441864 3.9699999999999998 3.0 3.0 5.880997 3.0 4.01 5.880997
1.0060757031340262 87758.36169278366 0.0 1.0133694461841496 89023.16641809062 0.0 f_swap_t 100 670.2632703781128 3.9699999999999998 3.0 3.0 6.83218703 3.0 4.01 5.880997
1.0060757031340262 87758.36169278366 0.0 1.0129617552406411 88952.46891363087 0.0 move_t 100 719.5708720684052 3.9699999999999998 3.9699999999999998 3.0 6.83218703 3.0 4.01 5.880997
1.0060757031340262 87758.36169278366 0.0 1.0129617552406411 88952.46891363087 0.0 move_t 100 783.1588561534882 3.9699999999999998 4.9303 3.0 6.83218703 3.0 4.01 5.880997
1.0060757031340262 87758.36169278366 0.0 1.0129617552406411 88952.46891363087 0.0 t_multiswap_k 100 821.2810666561127 3.9699999999999998 4.9303 3.0 6.83218703 3.0 4.01 6.82218703
1.0060757031340262 87758.36169278366 0.0 1.0129617552406411 88952.46891363087 0.0 swap_t 100 864.0440101623535 3.9699999999999998 4.9303 3.0 6.83218703 3.9699999999999998 4.01 6.82218703
1.0060757031340262 87758.36169278366 0.0 1.0098900102391095 88419.79898460046 0.0 f_swap_t 100 953.9620521068573 3.9699999999999998 4.9303 3.0 7.7938651597 3.9699999999999998 4.01 6.82218703
1.0060757031340262 87758.36169278366 0.0 1.009699776396182 88386.81061884719 0.0 t_move_k 100 1034.8150131702423 4.9403 4.9303 3.0 7.7938651597 3.9699999999999998 4.01 6.82218703
1.0060757031340262 87758.36169278366 0.0 1.009699776396182 88386.81061884719 0.0 swap_t 100 1080.9123373031616 4.9403 4.9303 3.0 7.7938651597 4.9303 4.01 6.82218703
1.0060757031340262 87758.36169278366 0.0 1.037502222963551 90177.91841786368 0.0 swap_t 100 1131.2660200595856 4.9403 4.9303 3.0 7.7938651597 5.890997 4.01 6.82218703
1.0060757031340262 87758.36169278366 0.0 1.0327831991548924 92389.69665155177 0.0 t_multiswap_k 100 1151.5966529846191 4.9403 4.9303 3.0 7.7938651597 5.890997 4.01 7.7539651597
1.0060757031340262 87758.36169278366 0.0 1.0330334842716544 92433.09848188485 0.0 t_move_k 100 1192.2675344944 5.960896999999999 4.9303 3.0 7.7938651597 5.890997 4.01 7.7539651597
1.0060757031340262 87758.36169278366 0.0 1.0310207766731325 92084.07575599807 0.0 move_t 100 1279.3079159259796 5.960896999999999 5.880997 3.0 7.7938651597 5.890997 4.01 7.7539651597
1.0060757031340262 87758.36169278366 0.0 1.030954191099069 92072.52918133342 0.0 swap_t 100 1316.4484140872955 5.960896999999999 5.880997 3.0 7.7938651597 6.832087029999999 4.01 7.7539651597
1.0060757031340262 87758.36169278366 0.0 1.030954191099069 92072.52918133342 0.0 move_t 100 1379.5957458019257 5.960896999999999 6.82218703 3.0 7.7938651597 6.832087029999999 4.01 7.7539651597
1.0060757031340262 87758.36169278366 0.0 1.030954191099069 92072.52918133342 0.0 t_move_k 100 1442.8635358810425 6.901288029999999 6.82218703 3.0 7.7938651597 6.832087029999999 4.01 7.7539651597
1.0060757031340262 87758.36169278366 0.0 1.027331396442001 92398.18022666637 0.0 swap_t 100 1478.2506489753723 6.901288029999999 6.82218703 3.0 7.7938651597 7.7937661597 4.01 7.7539651597
1.0060757031340262 87758.36169278366 0.0 1.0222512411458922 90563.35451624819 0.0 t_swap_r_k 100 1727.865186214447 6.901288029999999 6.82218703 3.0 7.7938651597 7.7937661597 5.0099 7.7539651597
1.0060757031340262 87758.36169278366 0.0 1.0222512411458922 90563.35451624819 0.0 swap_t 100 1776.9951725006104 6.901288029999999 6.82218703 3.0 7.7938651597 8.715828498102999 5.0099 7.7539651597
1.0060757031340262 87758.36169278366 0.0 1.0201227735194092 90194.25789560525 0.0 t_move_k 100 1835.3545145988464 7.8622751496999985 6.82218703 3.0 7.7938651597 8.715828498102999 5.0099 7.7539651597
1.0060757031340262 87758.36169278366 0.0 1.019363465232228 90062.58658459368 0.0 swap_t 100 1870.6728394031525 7.8622751496999985 6.82218703 3.0 7.7938651597 9.62867021312197 5.0099 7.7539651597
1.0060757031340262 87758.36169278366 0.0 1.0189251121654617 89986.57197503191 0.0 f_swap_t 100 1929.5188553333282 7.8622751496999985 6.82218703 3.0 8.715926508103 9.62867021312197 5.0099 7.7539651597
1.0060757031340262 87758.36169278366 0.0 1.0189251121654617 89986.57197503191 0.0 move_t 100 1980.5462770462036 7.8622751496999985 7.7539651597 3.0 8.715926508103 9.62867021312197 5.0099 7.7539651597
1.0060757031340262 87758.36169278366 0.0 1.0298015302513202 91208.1618365942 0.0 swap_t 100 2052.8931753635406 7.8622751496999985 7.7539651597 3.0 8.715926508103 10.54238351099075 5.0099 7.7539651597
1.0060757031340262 87758.36169278366 0.0 1.033289307672876 92477.46070365293 0.0 t_multiswap_k 100 2112.2028028964996 7.8622751496999985 7.7539651597 3.0 8.715926508103 10.54238351099075 5.0099 8.716425508103
1.0060757031340262 87758.36169278366 0.0 1.0314656612787836 92161.22299680117 0.0 t_swap_r_k 100 2332.803216934204 7.8622751496999985 7.7539651597 3.0 8.715926508103 10.54238351099075 5.999801 8.716425508103
1.0060757031340262 87758.36169278366 0.0 1.0310687935753027 92092.4023455615 0.0 f_swap_t 100 2415.8930110931396 7.8622751496999985 7.7539651597 3.0 9.628767243021969 10.54238351099075 5.999801 8.716425508103
1.0060757031340262 87758.36169278366 0.0 1.0310687935753027 92092.4023455615 0.0 move_t 100 2470.820948600769 7.8622751496999985 8.676425508103 3.0 9.628767243021969 10.54238351099075 5.999801 8.716425508103
1.0060757031340262 87758.36169278366 0.0 1.0310687935753027 92092.4023455615 0.0 f_swap_t 100 2541.8481595516205 7.8622751496999985 8.676425508103 3.0 10.532479570591748 10.54238351099075 5.999801 8.716425508103
1.0060757031340262 87758.36169278366 0.0 1.0310687935753027 92092.4023455615 0.0 t_swap_r_k 100 2784.691281557083 7.8622751496999985 8.676425508103 3.0 10.532479570591748 10.54238351099075 6.97980299 8.716425508103
1.0060757031340262 87758.36169278366 0.0 1.044819127405283 94476.84159481815 0.0 t_move_k 100 2847.413181781769 8.853652398202998 8.676425508103 3.0 10.532479570591748 10.54238351099075 6.97980299 8.716425508103
1.0060757031340262 87758.36169278366 0.0 1.0446206102509703 94442.41682373648 0.0 t_swap_r_k 100 3079.509819984436 8.853652398202998 8.676425508103 3.0 10.532479570591748 10.54238351099075 7.950004960099999 8.716425508103
1.0060757031340262 87758.36169278366 0.0 1.0446206102509703 94442.41682373648 0.0 t_move_k 100 3141.55810880661 9.805115874220968 8.676425508103 3.0 10.532479570591748 10.54238351099075 7.950004960099999 8.716425508103
1.0060757031340262 87758.36169278366 0.0 1.0446206102509703 94442.41682373648 0.0 t_multiswap_k 100 3193.820306301117 9.805115874220968 8.676425508103 3.0 10.532479570591748 10.54238351099075 7.950004960099999 9.629261253021971
1.0060757031340262 87758.36169278366 0.0 1.0439636126763052 94328.48716769552 0.0 t_swap_k 100 3311.0303270816803 9.805115874220968 8.676425508103 4.01 10.532479570591748 10.54238351099075 7.950004960099999 9.629261253021971
1.0060757031340262 87758.36169278366 0.0 1.0540574145548156 96078.84884406907 0.0 t_swap_k 100 3433.082533121109 9.805115874220968 8.676425508103 5.039899999999999 10.532479570591748 10.54238351099075 7.950004960099999 9.629261253021971
1.0060757031340262 87758.36169278366 0.0 1.0527689835219936 95855.42259401521 0.0 f_swap_t 100 3540.3787813186646 9.805115874220968 8.676425508103 5.039899999999999 11.427154774885832 10.54238351099075 7.950004960099999 9.629261253021971
1.0060757031340262 87758.36169278366 0.0 1.0523687026292161 95786.01006314378 0.0 t_swap_r_k 100 3771.7845430374146 9.805115874220968 8.676425508103 5.039899999999999 11.427154774885832 10.54238351099075 8.910504910499 9.629261253021971