27

Similarity 1
0.41935483870967744

Similarity combination matrix:
0.19230769230769232 0.5769230769230769 0.2692307692307692 0.4230769230769231 0.34615384615384615 0.19230769230769232
0.34615384615384615 0.38461538461538464 0.4230769230769231 0.23076923076923078 0.38461538461538464 0.4230769230769231
0.4482758620689655 0.2413793103448276 0.3793103448275862 0.4482758620689655 0.4827586206896552 0.2413793103448276
0.5 0.3076923076923077 0.34615384615384615 0.34615384615384615 0.34615384615384615 0.11538461538461539
0.41935483870967744 0.12903225806451613 0.41935483870967744 0.2903225806451613 0.41935483870967744 0.16129032258064516
0.08333333333333333 0.9166666666666666 0.08333333333333333 0.25 0.08333333333333333 0.0

Similarity combination pairings:
(np.int64(0), np.int64(3)) (np.int64(1), np.int64(5)) (np.int64(2), np.int64(4)) (np.int64(3), np.int64(0)) (np.int64(4), np.int64(2)) (np.int64(5), np.int64(1))
0.4230769230769231 0.4230769230769231 0.4827586206896552 0.5 0.41935483870967744 0.9166666666666666

Similarity 2
0.0

Similarity combination matrix:
0.0 0.0 0.0 0.041666666666666664 0.03935185185185185 0.0
0.041666666666666664 0.0 0.023809523809523808 0.0 0.0 0.0
0.023809523809523808 0.023809523809523808 0.0 0.018518518518518517 0.0 0.0
0.041666666666666664 0.041666666666666664 0.03935185185185185 0.0 0.0 0.0
0.0 0.0 0.0 0.027777777777777776 0.0 0.0
0.0 0.0 0.0 0.0 0.0 0.0

Similarity combination pairings:
(np.int64(0), np.int64(4)) (np.int64(1), np.int64(0)) (np.int64(2), np.int64(1)) (np.int64(3), np.int64(2)) (np.int64(4), np.int64(3)) (np.int64(5), np.int64(5))
0.03935185185185185 0.041666666666666664 0.023809523809523808 0.03935185185185185 0.027777777777777776 0.0

Similarity 3
0.0

Similarity combination matrix:
0.0 0.0 0.0 0.047619047619047616 0.044642857142857144 0.0
0.05555555555555555 0.0 0.027777777777777776 0.0 0.0 0.0
0.027777777777777776 0.027777777777777776 0.0 0.020833333333333332 0.0 0.0
0.05555555555555555 0.05555555555555555 0.044642857142857144 0.0 0.0 0.0
0.0 0.0 0.0 0.03333333333333333 0.0 0.0
0.0 0.0 0.0 0.0 0.0 0.0

Similarity combination pairings:
(np.int64(0), np.int64(4)) (np.int64(1), np.int64(0)) (np.int64(2), np.int64(1)) (np.int64(3), np.int64(2)) (np.int64(4), np.int64(3)) (np.int64(5), np.int64(5))
0.044642857142857144 0.05555555555555555 0.027777777777777776 0.044642857142857144 0.03333333333333333 0.0
