27
6 102 6 20

Solution history:
B_obj   B_dis   B_sim   C_obj   C_dis   C_sim   neighbor   iterations   time   scores
0.9407416609785239 24172.293533179916 0.0 0.9407416609785239 24172.293533179916 0.0 0 0 0 3.0 3.0 3.0 3.0 3.0 3.0 3.0
0.9407416609785239 24172.293533179916 0.0 0.9407416609785239 24172.293533179916 0.0 swap_t 100 28.870946407318115 3.0 3.0 3.0 3.0 3.9699999999999998 3.0 3.0
0.9407416003603657 24172.29141186598 0.0 0.9407416003603657 24172.29141186598 0.0 f_swap_t 100 80.85154938697815 3.0 3.0 3.0 3.9699999999999998 3.9699999999999998 3.0 3.0
0.9407416003603657 24172.29141186598 0.0 0.9407416003603657 24172.29141186598 0.0 f_swap_t 100 136.6416826248169 3.0 3.0 3.0 4.9303 3.9699999999999998 3.0 3.0
0.9407416003603657 24172.29141186598 0.0 0.9407416003603657 24172.29141186598 0.0 t_multiswap_k 100 156.33207321166992 3.0 3.0 3.0 4.9303 3.9699999999999998 3.0 3.9699999999999998
0.9407416003603657 24172.29141186598 0.0 0.9407416003603657 24172.29141186598 0.0 f_swap_t 100 204.2260410785675 3.0 3.0 3.0 5.880997 3.9699999999999998 3.0 3.9699999999999998
0.9407416003603657 24172.29141186598 0.0 0.952690960574587 24590.4556242615 0.0 t_move_k 100 250.51266956329346 4.04 3.0 3.0 5.880997 3.9699999999999998 3.0 3.9699999999999998
0.9407416003603657 24172.29141186598 0.0 0.9649836255407522 25020.63368163572 0.0 f_swap_t 100 289.10510325431824 4.04 3.0 3.0 6.862187029999999 3.9699999999999998 3.0 3.9699999999999998
0.9407416003603657 24172.29141186598 0.0 0.9561725241959254 24712.291880221816 0.0 t_move_k 100 311.42973256111145 5.0096 3.0 3.0 6.862187029999999 3.9699999999999998 3.0 3.9699999999999998
0.9407416003603657 24172.29141186598 0.0 0.9520769341112593 24568.967955647924 0.0 t_multiswap_k 100 335.8066346645355 5.0096 3.0 3.0 6.862187029999999 3.9699999999999998 3.0 4.9303
0.9407416003603657 24172.29141186598 0.0 0.9520769341112593 24568.967955647924 0.0 t_swap_r_k 100 432.88504433631897 5.0096 3.0 3.0 6.862187029999999 3.9699999999999998 4.01 4.9303
0.9407416003603657 24172.29141186598 0.0 0.9520769341112593 24568.967955647924 0.0 t_move_k 100 473.19403862953186 5.959504 3.0 3.0 6.862187029999999 3.9699999999999998 4.01 4.9303
0.9407416003603657 24172.29141186598 0.0 0.9520769341112593 24568.967955647924 0.0 f_swap_t 100 534.9549198150635 5.959504 3.0 3.0 7.793565159699999 3.9699999999999998 4.01 4.9303
0.9407416003603657 24172.29141186598 0.0 0.9520769341112593 24568.967955647924 0.0 f_swap_t 100 575.7493078708649 5.959504 3.0 3.0 8.715629508103 3.9699999999999998 4.01 4.9303
0.9407416003603657 24172.29141186598 0.0 0.996882289109229 26136.917674121512 0.0 t_swap_k 100 648.9122784137726 5.959504 3.0 4.02 8.715629508103 3.9699999999999998 4.01 4.9303
0.9407416003603657 24172.29141186598 0.0 0.9900044450330617 25896.229620574777 0.0 f_swap_t 100 703.6370503902435 5.959504 3.0 4.02 9.62847321302197 3.9699999999999998 4.01 4.9303
0.9407416003603657 24172.29141186598 0.0 0.9900044450330617 25896.229620574777 0.0 f_swap_t 100 748.0249173641205 5.959504 3.0 4.02 10.53218848089175 3.9699999999999998 4.01 4.9303
0.9407416003603657 24172.29141186598 0.0 0.9900044450330617 25896.229620574777 0.0 swap_t 100 784.9528880119324 5.959504 3.0 4.02 10.53218848089175 4.9303 4.01 4.9303
0.9407416003603657 24172.29141186598 0.0 0.9857109249937643 25745.979197669258 0.0 t_move_k 100 817.3077201843262 6.92990896 3.0 4.02 10.53218848089175 4.9303 4.01 4.9303
0.9407416003603657 24172.29141186598 0.0 0.9962122761553528 26113.47077536462 0.0 t_move_k 100 866.6913685798645 7.870609870399999 3.0 4.02 10.53218848089175 4.9303 4.01 4.9303
0.9407416003603657 24172.29141186598 0.0 0.9950484862981996 26072.744304634318 0.0 f_swap_t 100 912.2324030399323 7.870609870399999 3.0 4.02 11.436866596082831 4.9303 4.01 4.9303
0.9407416003603657 24172.29141186598 0.0 0.9950484862981996 26072.744304634318 0.0 t_multiswap_k 100 952.658721446991 7.870609870399999 3.0 4.02 11.436866596082831 4.9303 4.01 5.880997
0.9407416003603657 24172.29141186598 0.0 0.9949257620324221 26068.449606422808 0.0 t_move_k 100 1008.184232711792 8.821903771695998 3.0 4.02 11.436866596082831 4.9303 4.01 5.880997
0.9407416003603657 24172.29141186598 0.0 0.9934729258663766 26017.608048362563 0.0 t_multiswap_k 100 1040.9636342525482 8.821903771695998 3.0 4.02 11.436866596082831 4.9303 4.01 6.82218703
0.9407416003603657 24172.29141186598 0.0 0.9900524956254413 25897.911136384606 0.0 t_multiswap_k 100 1069.2771961688995 8.821903771695998 3.0 4.02 11.436866596082831 4.9303 4.01 7.7839651597
0.9407416003603657 24172.29141186598 0.0 0.9867528657411351 25782.441596004905 0.0 swap_t 100 1107.6826157569885 8.821903771695998 3.0 4.02 11.436866596082831 5.880997 4.01 7.7839651597
0.9407416003603657 24172.29141186598 0.0 1.0366705149461075 26903.05705812676 0.0 swap_t 100 1147.62366938591 8.821903771695998 3.0 4.02 11.436866596082831 6.87218703 4.01 7.7839651597
0.9407416003603657 24172.29141186598 0.0 1.0271754334428618 27197.017011170654 0.0 t_multiswap_k 100 1176.5502994060516 8.821903771695998 3.0 4.02 11.436866596082831 6.87218703 4.01 8.746125508103
0.9407416003603657 24172.29141186598 0.0 1.019552876294142 26930.267951020905 0.0 f_swap_t 100 1244.3411946296692 8.821903771695998 3.0 4.02 12.332497930122003 6.87218703 4.01 8.746125508103
0.9407416003603657 24172.29141186598 0.0 1.0173451892809822 26853.010618032058 0.0 t_multiswap_k 100 1277.9586355686188 8.821903771695998 3.0 4.02 12.332497930122003 6.87218703 4.01 9.658664253021971
0.9407416003603657 24172.29141186598 0.0 1.0173451892809822 26853.010618032058 0.0 f_swap_t 100 1348.8368515968323 8.821903771695998 3.0 4.02 13.209172950820783 6.87218703 4.01 9.658664253021971
0.9407416003603657 24172.29141186598 0.0 1.0163097300126616 26912.005209998402 0.020833333333333332 swap_t 100 1396.494913816452 8.821903771695998 3.0 4.02 13.209172950820783 7.8634651597000005 4.01 9.658664253021971
0.9407416003603657 24172.29141186598 0.0 1.0156360884766404 26955.21363259609 0.018518518518518517 f_swap_t 100 1468.093206167221 8.821903771695998 3.0 4.02 14.077081221312575 7.8634651597000005 4.01 9.658664253021971
0.9407416003603657 24172.29141186598 0.0 1.0137795933187603 26890.24615135914 0.018518518518518517 t_multiswap_k 100 1502.663057565689 8.821903771695998 3.0 4.02 14.077081221312575 7.8634651597000005 4.01 10.592077610491751
0.9407416003603657 24172.29141186598 0.0 1.0274000674892305 27366.890486439912 0.018518518518518517 t_multiswap_k 100 1543.4121565818787 8.821903771695998 3.0 4.02 14.077081221312575 7.8634651597000005 4.01 11.626156834386833
0.9407416003603657 24172.29141186598 0.0 1.032478808016675 27544.619460589718 0.018518518518518517 f_swap_t 100 1601.8807952404022 8.821903771695998 3.0 4.02 15.006310409099449 7.8634651597000005 4.01 11.626156834386833
0.9407416003603657 24172.29141186598 0.0 1.023893058923941 27244.163792434716 0.018518518518518517 t_move_k 100 1651.5565629005432 9.82368473397904 3.0 4.02 15.006310409099449 7.8634651597000005 4.01 11.626156834386833
0.9407416003603657 24172.29141186598 0.0 1.0183716502609195 26888.93130663256 0.0 t_multiswap_k 100 1695.6711912155151 9.82368473397904 3.0 4.02 15.006310409099449 7.8634651597000005 4.01 12.599895266042966
0.9407416003603657 24172.29141186598 0.0 1.0211459822508513 27148.030682979574 0.018518518518518517 t_move_k 100 1746.2305109500885 10.795447886639248 3.0 4.02 15.006310409099449 7.8634651597000005 4.01 12.599895266042966
0.9407416003603657 24172.29141186598 0.0 1.012586785374234 26848.504201520827 0.018518518518518517 t_swap_k 100 1796.3789021968842 10.795447886639248 3.0 5.009799999999999 15.006310409099449 7.8634651597000005 4.01 12.599895266042966
0.9407416003603657 24172.29141186598 0.0 1.012586785374234 26848.504201520827 0.018518518518518517 f_swap_t 100 1834.5552473068237 10.795447886639248 3.0 5.009799999999999 15.856247305008454 7.8634651597000005 4.01 12.599895266042966
0.9407416003603657 24172.29141186598 0.0 1.012586785374234 26848.504201520827 0.018518518518518517 swap_t 100 1877.702111005783 10.795447886639248 3.0 5.009799999999999 15.856247305008454 8.784830508103001 4.01 12.599895266042966
0.9407416003603657 24172.29141186598 0.0 1.012586785374234 26848.504201520827 0.018518518518518517 t_multiswap_k 100 1894.895611524582 10.795447886639248 3.0 5.009799999999999 15.856247305008454 8.784830508103001 4.01 13.473896313382536
0.9407416003603657 24172.29141186598 0.0 1.012586785374234 26848.504201520827 0.018518518518518517 t_swap_r_k 100 1970.4224469661713 10.795447886639248 3.0 5.009799999999999 15.856247305008454 8.784830508103001 5.0099 13.473896313382536
0.9407416003603657 24172.29141186598 0.0 1.012586785374234 26848.504201520827 0.018518518518518517 t_multiswap_k 100 1996.4072551727295 10.795447886639248 3.0 5.009799999999999 15.856247305008454 8.784830508103001 5.0099 14.33915735024871
0.9407416003603657 24172.29141186598 0.0 1.0383589081022984 27750.39176781209 0.018518518518518517 f_swap_t 100 2048.4563167095184 10.795447886639248 3.0 5.009799999999999 16.707684831958368 8.784830508103001 5.0099 14.33915735024871
0.9407416003603657 24172.29141186598 0.0 1.0256495506905015 27305.631685524826 0.018518518518518517 t_multiswap_k 100 2066.0665016174316 10.795447886639248 3.0 5.009799999999999 16.707684831958368 8.784830508103001 5.0099 15.255765776746223
0.9407416003603657 24172.29141186598 0.0 1.0595755869416417 28492.862966056146 0.018518518518518517 t_multiswap_k 100 2093.093688726425 10.795447886639248 3.0 5.009799999999999 16.707684831958368 8.784830508103001 5.0099 16.12320811897876
0.9407416003603657 24172.29141186598 0.0 1.0514126240492396 28045.19009649902 0.0 swap_t 100 2142.033625602722 10.795447886639248 3.0 5.009799999999999 16.707684831958368 9.696982203021971 5.0099 16.12320811897876
0.9407416003603657 24172.29141186598 0.0 1.0449843884888566 27982.248431090997 0.018518518518518517 move_t 100 2187.843238592148 10.795447886639248 4.09 5.009799999999999 16.707684831958368 9.696982203021971 5.0099 16.12320811897876
0.9407416003603657 24172.29141186598 0.0 1.046785837149001 28045.28957694614 0.018518518518518517 t_swap_k 100 2236.052101612091 10.795447886639248 4.09 5.969702 16.707684831958368 9.696982203021971 5.0099 16.12320811897876
0.9407416003603657 24172.29141186598 0.0 1.0679293665883731 28623.1884588713 0.0 t_multiswap_k 100 2259.6567051410675 10.795447886639248 4.09 5.969702 16.707684831958368 9.696982203021971 5.0099 16.97197603778897
0.9407416003603657 24172.29141186598 0.0 1.0585381222544008 28476.808765503196 0.020833333333333332 t_multiswap_k 100 2285.1166911125183 10.795447886639248 4.09 5.969702 16.707684831958368 9.696982203021971 5.0099 17.80225627741108
0.9407416003603657 24172.29141186598 0.0 1.058092379341432 28461.21012835519 0.020833333333333332 f_swap_t 100 2336.731409549713 10.795447886639248 4.09 5.969702 17.570607983638784 9.696982203021971 5.0099 17.80225627741108
0.9407416003603657 24172.29141186598 0.0 1.0690321417452318 28661.77973879341 0.0 t_multiswap_k 100 2380.093761920929 10.795447886639248 4.09 5.969702 17.570607983638784 9.696982203021971 5.0099 18.634233714636967
0.9407416003603657 24172.29141186598 0.0 1.0502966360591057 28006.136437510504 0.0 f_swap_t 100 2439.5859484672546 10.795447886639248 4.09 5.969702 18.484901903802395 9.696982203021971 5.0099 18.634233714636967
0.9407416003603657 24172.29141186598 0.0 1.0420854095923657 27901.05110913079 0.020833333333333332 f_swap_t 100 2497.9283425807953 10.795447886639248 4.09 5.969702 19.300052884764373 9.696982203021971 5.0099 18.634233714636967
0.9407416003603657 24172.29141186598 0.0 1.033542951842704 27602.110408309167 0.020833333333333332 t_multiswap_k 100 2527.2051281929016 10.795447886639248 4.09 5.969702 19.300052884764373 9.696982203021971 5.0099 19.477891377490597
0.9407416003603657 24172.29141186598 0.0 1.0319146538848658 27545.128618415984 0.020833333333333332 f_swap_t 100 2600.113550901413 10.795447886639248 4.09 5.969702 20.10705235591673 9.696982203021971 5.0099 19.477891377490597
0.9407416003603657 24172.29141186598 0.0 1.0319146538848658 27545.128618415984 0.020833333333333332 f_swap_t 100 2664.2247397899628 10.795447886639248 4.09 5.969702 20.90598183235756 9.696982203021971 5.0099 19.477891377490597
0.9407416003603657 24172.29141186598 0.0 1.0726991212706025 28790.10456770536 0.0 t_multiswap_k 100 2687.478088617325 10.795447886639248 4.09 5.969702 20.90598183235756 9.696982203021971 5.0099 20.303112463715692
0.9407416003603657 24172.29141186598 0.0 1.0768254638092376 29125.00791889469 0.0 swap_t 100 2728.20037484169 10.795447886639248 4.09 5.969702 20.90598183235756 10.64001238099175 5.0099 20.303112463715692
0.9407416003603657 24172.29141186598 0.0 1.0501445971503303 28209.117636403666 0.023809523809523808 t_move_k 100 2781.649953842163 11.747493407772856 4.09 5.969702 20.90598183235756 10.64001238099175 5.0099 20.303112463715692
0.9407416003603657 24172.29141186598 0.0 1.0457234542844471 27846.099337560525 0.0 t_swap_k 100 2842.942040681839 11.747493407772856 4.09 6.95000498 20.90598183235756 10.64001238099175 5.0099 20.303112463715692
0.9407416003603657 24172.29141186598 0.0 1.0924433524262915 29481.04790881811 0.0 t_multiswap_k 100 2874.556932449341 11.747493407772856 4.09 6.95000498 20.90598183235756 10.64001238099175 5.0099 21.130081339078536
0.9407416003603657 24172.29141186598 0.0 1.0833012619927578 29161.123245300343 0.0 f_swap_t 100 2932.4959738254547 11.747493407772856 4.09 6.95000498 21.696922014033987 10.64001238099175 5.0099 21.130081339078536
0.9407416003603657 24172.29141186598 0.0 1.0821220810161902 29119.85816704525 0.0 t_swap_k 100 2982.0263431072235 11.747493407772856 4.09 7.9405049302 21.696922014033987 10.64001238099175 5.0099 21.130081339078536
0.9407416003603657 24172.29141186598 0.0 1.0793029263151246 29021.202709007484 0.0 swap_t 100 3029.118091106415 11.747493407772856 4.09 7.9405049302 21.696922014033987 11.533612257181833 5.0099 21.130081339078536
0.9407416003603657 24172.29141186598 0.0 1.0769100619412415 28937.465150817276 0.0 f_swap_t 100 3091.00502038002 11.747493407772856 4.09 7.9405049302 22.509952793893646 11.533612257181833 5.0099 21.130081339078536
0.9407416003603657 24172.29141186598 0.0 1.0772894223128096 28950.740751196452 0.0 t_move_k 100 3135.1378169059753 12.770018473695128 4.09 7.9405049302 22.509952793893646 11.533612257181833 5.0099 21.130081339078536
0.9407416003603657 24172.29141186598 0.0 1.073108186482773 28804.419679912124 0.0 f_swap_t 100 3188.0745635032654 12.770018473695128 4.09 7.9405049302 23.28485326595471 11.533612257181833 5.0099 21.130081339078536
0.9407416003603657 24172.29141186598 0.0 1.0736342660863822 28822.82967502122 0.0 t_move_k 100 3244.045166492462 13.742318288958177 4.09 7.9405049302 23.28485326595471 11.533612257181833 5.0099 21.130081339078536
0.9407416003603657 24172.29141186598 0.0 1.0722693548978353 28775.06502470385 0.0 f_swap_t 100 3297.9839222431183 13.742318288958177 4.09 7.9405049302 24.052004733295163 11.533612257181833 5.0099 21.130081339078536
0.9407416003603657 24172.29141186598 0.0 1.0722693548978353 28775.06502470385 0.0 t_swap_r_k 100 3371.604865550995 13.742318288958177 4.09 7.9405049302 24.052004733295163 11.533612257181833 5.999801 21.130081339078536
0.9407416003603657 24172.29141186598 0.0 1.0722693548978353 28775.06502470385 0.0 f_swap_t 100 3424.2402029037476 13.742318288958177 4.09 7.9405049302 24.811484685962213 11.533612257181833 5.999801 21.130081339078536
0.9407416003603657 24172.29141186598 0.0 1.0722693548978353 28775.06502470385 0.0 f_swap_t 100 3475.0982258319855 13.742318288958177 4.09 7.9405049302 25.56336983910259 11.533612257181833 5.999801 21.130081339078536
0.9407416003603657 24172.29141186598 0.0 1.0672477876584705 28599.336812314617 0.0 t_multiswap_k 100 3502.6253066062927 13.742318288958177 4.09 7.9405049302 25.56336983910259 11.533612257181833 5.999801 21.97878052568775
0.9407416003603657 24172.29141186598 0.0 1.111782456282803 30157.81394378698 0.0 swap_t 100 3550.5669865608215 13.742318288958177 4.09 7.9405049302 25.56336983910259 12.538276134610015 5.999801 21.97878052568775
0.9407416003603657 24172.29141186598 0.0 1.0923573105526616 29478.03689972017 0.0 t_multiswap_k 100 3578.0034985542297 13.742318288958177 4.09 7.9405049302 25.56336983910259 12.538276134610015 5.999801 22.75899272043087
0.9407416003603657 24172.29141186598 0.0 1.1039394200990298 29948.35008832924 0.0 swap_t 100 3627.776162147522 13.742318288958177 4.09 7.9405049302 25.56336983910259 13.482893373263915 5.999801 22.75899272043087