27
6 102 6 20

Solution history:
B_obj   B_dis   B_sim   C_obj   C_dis   C_sim   neighbor   iterations   time   scores
0.9407416609785239 24172.293533179916 0.0 0.9407416609785239 24172.293533179916 0.0 0 0 0 3.0 3.0 3.0 3.0 3.0 3.0 3.0
0.9407416609785239 24172.293533179916 0.0 0.9610605553842085 24883.34703927381 0.0 t_swap_k 100 47.90831899642944 3.0 3.0 3.99 3.0 3.0 3.0 3.0
0.9407416609785239 24172.293533179916 0.0 0.9560649430095219 24708.527109449617 0.0 t_swap_r_k 100 148.33085298538208 3.0 3.0 3.99 3.0 3.0 4.01 3.0
0.9407416609785239 24172.293533179916 0.0 0.9555396345447535 24690.14410010882 0.0 t_move_k 100 180.6455957889557 3.9699999999999998 3.0 3.99 3.0 3.0 4.01 3.0
0.9407416609785239 24172.293533179916 0.0 0.9698111241257129 25189.570520715864 0.0 t_swap_k 100 230.06730461120605 3.9699999999999998 3.0 4.960100000000001 3.0 3.0 4.01 3.0
0.9407416609785239 24172.293533179916 0.0 0.9678845983396255 25122.15233902609 0.0 t_move_k 100 261.8992700576782 4.9303 3.0 4.960100000000001 3.0 3.0 4.01 3.0
0.9407416609785239 24172.293533179916 0.0 0.9678845983396255 25122.15233902609 0.0 t_multiswap_k 100 280.6834156513214 4.9303 3.0 4.960100000000001 3.0 3.0 4.01 3.9699999999999998
0.9407416609785239 24172.293533179916 0.0 0.9678845983396255 25122.15233902609 0.0 f_swap_t 100 305.85193824768066 4.9303 3.0 4.960100000000001 3.9699999999999998 3.0 4.01 3.9699999999999998
0.9407416609785239 24172.293533179916 0.0 0.9678845983396255 25122.15233902609 0.0 move_t 100 321.32214856147766 4.9303 3.9699999999999998 4.960100000000001 3.9699999999999998 3.0 4.01 3.9699999999999998
0.9407416609785239 24172.293533179916 0.0 0.9678553599862073 25121.129151775087 0.0 t_multiswap_k 100 342.0489673614502 4.9303 3.9699999999999998 4.960100000000001 3.9699999999999998 3.0 4.01 4.9603
0.9407416609785239 24172.293533179916 0.0 0.9671833470153292 25097.612263033847 0.0 f_swap_t 100 354.5168604850769 4.9303 3.9699999999999998 4.960100000000001 4.9303 3.0 4.01 4.9603
0.9407416609785239 24172.293533179916 0.0 0.9982828874827159 26185.931186580074 0.0 t_swap_k 100 404.2084720134735 4.9303 3.9699999999999998 5.930499000000001 4.9303 3.0 4.01 4.9603
0.9407416609785239 24172.293533179916 0.0 0.9820255578569126 25908.633355628237 0.03333333333333333 move_t 100 427.2772707939148 4.9303 5.0203 5.930499000000001 4.9303 3.0 4.01 4.9603
0.9407416609785239 24172.293533179916 0.0 1.0051644724808173 26426.750152547742 0.0 t_swap_k 100 477.2854919433594 4.9303 5.0203 6.961194010000002 4.9303 3.0 4.01 4.9603
0.9407416609785239 24172.293533179916 0.0 0.9978443205926266 26170.5836721618 0.0 move_t 100 499.0298774242401 4.9303 6.000096999999999 6.961194010000002 4.9303 3.0 4.01 4.9603
0.9407416609785239 24172.293533179916 0.0 1.0140481619327186 27029.254608327305 0.03333333333333333 t_swap_k 100 532.4794120788574 4.9303 6.000096999999999 7.9915820699000015 4.9303 3.0 4.01 4.9603
0.9407416609785239 24172.293533179916 0.0 1.0101076043075181 26891.355997338906 0.03333333333333333 t_swap_r_k 100 602.9563872814178 4.9303 6.000096999999999 7.9915820699000015 4.9303 3.0 5.0099 4.9603
0.9407416609785239 24172.293533179916 0.0 1.0101076043075181 26891.355997338906 0.03333333333333333 t_swap_r_k 100 681.8494017124176 4.9303 6.000096999999999 7.9915820699000015 4.9303 3.0 5.999801 4.9603
0.9407416609785239 24172.293533179916 0.0 0.9984861286508765 26484.6660049283 0.03333333333333333 t_swap_k 100 717.0875842571259 4.9303 6.000096999999999 8.971666249201002 4.9303 3.0 5.999801 4.9603
0.9407416609785239 24172.293533179916 0.0 0.9958734040111035 26393.234503859578 0.03333333333333333 f_swap_t 100 741.1788799762726 4.9303 6.000096999999999 8.971666249201002 5.880997 3.0 5.999801 4.9603
0.9407416609785239 24172.293533179916 0.0 1.0457853543995697 28030.52954801574 0.020833333333333332 t_swap_k 100 781.9824485778809 4.9303 6.000096999999999 9.941949586708992 5.880997 3.0 5.999801 4.9603
0.9407416609785239 24172.293533179916 0.0 1.0829048317556362 29390.269003288387 0.027777777777777776 t_swap_k 100 824.8457052707672 4.9303 6.000096999999999 10.922530090841901 5.880997 3.0 5.999801 4.9603
0.9407416609785239 24172.293533179916 0.0 1.1120746564967139 30168.03940106011 0.0 f_swap_t 100 879.0518696308136 4.9303 6.000096999999999 10.922530090841901 6.83218703 3.0 5.999801 4.9603
0.9407416609785239 24172.293533179916 0.0 1.098831219449675 29886.853399824737 0.020833333333333332 move_t 100 900.318368434906 4.9303 7.040096029999999 10.922530090841901 6.83218703 3.0 5.999801 4.9603
0.9407416609785239 24172.293533179916 0.0 1.0951819382061498 29576.883882057 0.0 t_swap_r_k 100 976.1755185127258 4.9303 7.040096029999999 10.922530090841901 6.83218703 3.0 6.97980299 4.9603
0.9407416609785239 24172.293533179916 0.0 1.0920167512056715 29466.11912934963 0.0 swap_t 100 1007.7543363571167 4.9303 7.040096029999999 10.922530090841901 6.83218703 3.9699999999999998 6.97980299 4.9603
0.9407416609785239 24172.293533179916 0.0 1.0897861646008307 29388.060432141454 0.0 t_swap_k 100 1042.9758412837982 4.9303 7.040096029999999 11.843304789933482 6.83218703 3.9699999999999998 6.97980299 4.9603
0.9407416609785239 24172.293533179916 0.0 1.0881363573795528 29330.325932141273 0.0 t_move_k 100 1085.995931148529 5.910997 7.040096029999999 11.843304789933482 6.83218703 3.9699999999999998 6.97980299 4.9603
0.9407416609785239 24172.293533179916 0.0 1.104257800153295 29894.490899914043 0.0 t_swap_k 100 1133.3397853374481 5.910997 7.040096029999999 12.794871742034147 6.83218703 3.9699999999999998 6.97980299 4.9603
0.9407416609785239 24172.293533179916 0.0 1.0950908175258631 29573.69514167074 0.0 t_swap_r_k 100 1195.3307514190674 5.910997 7.040096029999999 12.794871742034147 6.83218703 3.9699999999999998 7.950004960099999 4.9603
0.9407416609785239 24172.293533179916 0.0 1.0841759111958038 29191.731327118712 0.0 f_swap_t 100 1219.2740762233734 5.910997 7.040096029999999 12.794871742034147 7.8538651597 3.9699999999999998 7.950004960099999 4.9603
0.9407416609785239 24172.293533179916 0.0 1.0793746547790848 29023.712824704107 0.0 move_t 100 1253.7495646476746 5.910997 7.9996950696999996 12.794871742034147 7.8538651597 3.9699999999999998 7.950004960099999 4.9603
0.9407416609785239 24172.293533179916 0.0 1.0793746547790848 29023.712824704107 0.0 t_multiswap_k 100 1275.5677783489227 5.910997 7.9996950696999996 12.794871742034147 7.8538651597 3.9699999999999998 7.950004960099999 5.910697
0.9407416609785239 24172.293533179916 0.0 1.0793746547790848 29023.712824704107 0.0 t_swap_r_k 100 1344.3170976638794 5.910997 7.9996950696999996 12.794871742034147 7.8538651597 3.9699999999999998 8.910504910499 5.910697
0.9407416609785239 24172.293533179916 0.0 1.0793746547790848 29023.712824704107 0.0 t_swap_r_k 100 1422.2557649612427 5.910997 7.9996950696999996 12.794871742034147 7.8538651597 3.9699999999999998 9.86139986139401 5.910697
0.9407416609785239 24172.293533179916 0.0 1.0793746547790848 29023.712824704107 0.0 t_multiswap_k 100 1441.6016104221344 5.910997 7.9996950696999996 12.794871742034147 7.8538651597 3.9699999999999998 9.86139986139401 6.85159003
0.9407416609785239 24172.293533179916 0.0 1.0795089711093715 29080.490272945357 0.0 move_t 100 1468.2794694900513 5.910997 8.989698119003 12.794871742034147 7.8538651597 3.9699999999999998 9.86139986139401 6.85159003
0.9407416609785239 24172.293533179916 0.0 1.0832792637907611 29160.35342493782 0.0 f_swap_t 100 1506.9598317146301 5.910997 8.989698119003 12.794871742034147 8.815326508103 3.9699999999999998 9.86139986139401 6.85159003
0.9407416609785239 24172.293533179916 0.0 1.1016190459442292 29225.810532135387 0.0 move_t 100 1542.3724706172943 5.910997 9.94980113781297 12.794871742034147 8.815326508103 3.9699999999999998 9.86139986139401 6.85159003
0.9407416609785239 24172.293533179916 0.0 1.0816074329610983 29101.848215486316 0.0 swap_t 100 1567.7338967323303 5.910997 9.94980113781297 12.794871742034147 8.815326508103 4.9303 9.86139986139401 6.85159003
0.9407416609785239 24172.293533179916 0.0 1.077118532348317 28944.760509064046 0.0 t_move_k 100 1597.5326652526855 6.88188703 9.94980113781297 12.794871742034147 8.815326508103 4.9303 9.86139986139401 6.85159003
0.9407416609785239 24172.293533179916 0.0 1.0711525200564869 28735.981730415635 0.0 f_swap_t 100 1627.0346808433533 6.88188703 9.94980113781297 12.794871742034147 9.75717324302197 4.9303 9.86139986139401 6.85159003
0.9407416609785239 24172.293533179916 0.0 1.077211738777994 28948.022239613416 0.0 f_swap_t 100 1657.7188730239868 6.88188703 9.94980113781297 12.794871742034147 10.66960151059175 4.9303 9.86139986139401 6.85159003
0.9407416609785239 24172.293533179916 0.0 1.072508388863154 28783.429945339874 0.0 t_multiswap_k 100 1678.1861209869385 6.88188703 9.94980113781297 12.794871742034147 10.66960151059175 4.9303 9.86139986139401 7.8130741296999995
0.9407416609785239 24172.293533179916 0.0 1.0708565499952027 28725.624348484653 0.0 swap_t 100 1711.0910911560059 6.88188703 9.94980113781297 12.794871742034147 10.66960151059175 5.880997 9.86139986139401 7.8130741296999995
0.9407416609785239 24172.293533179916 0.0 1.0708565499952027 28725.624348484653 0.0 t_swap_r_k 100 1817.375542640686 6.88188703 9.94980113781297 12.794871742034147 10.66960151059175 5.880997 10.802785862780071 7.8130741296999995
0.9407416609785239 24172.293533179916 0.0 1.100561519341026 29765.14068141318 0.0 t_swap_k 100 1888.352366924286 6.88188703 9.94980113781297 13.686923024613805 10.66960151059175 5.880997 10.802785862780071 7.8130741296999995
0.9407416609785239 24172.293533179916 0.0 1.0942046128237668 29542.68267869115 0.0 t_swap_r_k 100 2049.7537891864777 6.88188703 9.94980113781297 13.686923024613805 10.66960151059175 5.880997 11.73475800415227 7.8130741296999995
0.9407416609785239 24172.293533179916 0.0 1.0859555195658779 29254.008178690976 0.0 t_move_k 100 2108.1781826019287 7.8430681597 9.94980113781297 13.686923024613805 10.66960151059175 5.880997 11.73475800415227 7.8130741296999995
0.9407416609785239 24172.293533179916 0.0 1.0859555195658779 29254.008178690976 0.0 move_t 100 2154.069310903549 7.8430681597 10.850303126434842 13.686923024613805 10.66960151059175 5.880997 11.73475800415227 7.8130741296999995
0.9407416609785239 24172.293533179916 0.0 1.0859555195658779 29254.008178690976 0.0 f_swap_t 100 2237.219490289688 7.8430681597 10.850303126434842 13.686923024613805 11.562905495485833 5.880997 11.73475800415227 7.8130741296999995
0.9407416609785239 24172.293533179916 0.0 1.081125620277145 29084.98732771529 0.0 t_multiswap_k 100 2294.130507707596 7.8430681597 10.850303126434842 13.686923024613805 11.562905495485833 5.880997 11.73475800415227 8.824943388403
0.9407416609785239 24172.293533179916 0.0 1.0749968738499007 28870.513717682985 0.0 t_swap_r_k 100 2463.982813835144 7.8430681597 10.850303126434842 13.686923024613805 11.562905495485833 5.880997 12.657410424110749 8.824943388403
0.9407416609785239 24172.293533179916 0.0 1.074575340678067 28855.76229303444 0.0 swap_t 100 2524.468433380127 7.8430681597 10.850303126434842 13.686923024613805 11.562905495485833 6.82218703 12.657410424110749 8.824943388403
0.9407416609785239 24172.293533179916 0.0 1.078566004053425 28995.41433945164 0.0 t_swap_k 100 2613.25480055809 7.8430681597 10.850303126434842 14.630053794367667 11.562905495485833 6.82218703 12.657410424110749 8.824943388403
0.9407416609785239 24172.293533179916 0.0 1.0746683829521653 28859.018279009444 0.0 f_swap_t 100 2675.554856300354 7.8430681597 10.850303126434842 14.630053794367667 12.477276440530975 6.82218703 12.657410424110749 8.824943388403
0.9407416609785239 24172.293533179916 0.0 1.0746683829521653 28859.018279009444 0.0 swap_t 100 2722.7239429950714 7.8430681597 10.850303126434842 14.630053794367667 12.477276440530975 7.7539651597 12.657410424110749 8.824943388403
0.9407416609785239 24172.293533179916 0.0 1.073991377579221 28835.326682682145 0.0 move_t 100 2790.1955127716064 7.8430681597 11.801800095170494 14.630053794367667 12.477276440530975 7.7539651597 12.657410424110749 8.824943388403
0.9407416609785239 24172.293533179916 0.0 1.0734048491477848 28814.80129929909 0.0 f_swap_t 100 2868.417302131653 7.8430681597 11.801800095170494 14.630053794367667 13.382503676125665 7.7539651597 12.657410424110749 8.824943388403
0.9407416609785239 24172.293533179916 0.0 1.0729094737784082 28797.46578949255 0.0 t_multiswap_k 100 2918.9113183021545 7.8430681597 11.801800095170494 14.630053794367667 13.382503676125665 7.7539651597 12.657410424110749 9.76669395451897
0.9407416609785239 24172.293533179916 0.0 1.0729094737784082 28797.46578949255 0.0 move_t 100 2981.1785311698914 7.8430681597 12.683782094218788 14.630053794367667 13.382503676125665 7.7539651597 12.657410424110749 9.76669395451897
0.9407416609785239 24172.293533179916 0.0 1.0729094737784082 28797.46578949255 0.0 move_t 100 3015.1317250728607 7.8430681597 13.556944273276601 14.630053794367667 13.382503676125665 7.7539651597 12.657410424110749 9.76669395451897
0.9407416609785239 24172.293533179916 0.0 1.0666747588064998 28579.283842593348 0.0 t_swap_k 100 3117.2618086338043 7.8430681597 13.556944273276601 15.51375325642399 13.382503676125665 7.7539651597 12.657410424110749 9.76669395451897
0.9407416609785239 24172.293533179916 0.0 1.0610195409947953 28563.64525671263 0.020833333333333332 move_t 100 3200.497208595276 7.8430681597 14.481374830543835 15.51375325642399 13.382503676125665 7.7539651597 12.657410424110749 9.76669395451897
0.9407416609785239 24172.293533179916 0.0 1.06105997438578 28565.060210885273 0.020833333333333332 t_move_k 100 3275.1744813919067 8.804637478103 14.481374830543835 15.51375325642399 13.382503676125665 7.7539651597 12.657410424110749 9.76669395451897
0.9407416609785239 24172.293533179916 0.0 1.06105997438578 28565.060210885273 0.020833333333333332 t_swap_r_k 100 3437.8907599449158 8.804637478103 14.481374830543835 15.51375325642399 13.382503676125665 7.7539651597 13.570836319869642 9.76669395451897
0.9407416609785239 24172.293533179916 0.0 1.0615020482004145 28580.530449057296 0.020833333333333332 t_move_k 100 3501.0079674720764 9.72659110332197 14.481374830543835 15.51375325642399 13.382503676125665 7.7539651597 13.570836319869642 9.76669395451897
0.9407416609785239 24172.293533179916 0.0 1.0605477101339587 28547.133679793988 0.020833333333333332 move_t 100 3575.281447172165 9.72659110332197 15.366561082238396 15.51375325642399 13.382503676125665 7.7539651597 13.570836319869642 9.76669395451897
0.9407416609785239 24172.293533179916 0.0 1.0605477101339587 28547.133679793988 0.020833333333333332 t_swap_r_k 100 3756.9133155345917 9.72659110332197 15.366561082238396 15.51375325642399 13.382503676125665 7.7539651597 14.475127956670946 9.76669395451897