27
6 102 6 20

Solution history:
B_obj   B_dis   B_sim   C_obj   C_dis   C_sim   neighbor   iterations   time   scores
0.8439674674301367 24172.293533179916 0.3870967741935484 0.8439674674301367 24172.293533179916 0.3870967741935484 0 0 0 3.0 3.0 3.0 3.0 3.0 3.0 3.0
0.8439674674301367 24172.293533179916 0.3870967741935484 0.8498506483153748 24378.173652044195 0.3870967741935484 t_move_k 100 19.40984797477722 3.98 3.0 3.0 3.0 3.0 3.0 3.0
0.839512972048929 24298.62510706192 0.41935483870967744 0.839512972048929 24298.62510706192 0.41935483870967744 t_multiswap_k 23 25.016730546951294 3.98 3.0 3.0 3.0 3.0 3.0 4.304347826086957
0.8391830199013793 24287.078532397267 0.41935483870967744 0.8391830199013793 24287.078532397267 0.41935483870967744 t_swap_k 100 47.7919864654541 3.98 3.0 3.9699999999999998 3.0 3.0 3.0 4.304347826086957
0.8391830199013793 24287.078532397267 0.41935483870967744 0.8391830199013793 24287.078532397267 0.41935483870967744 t_move_k 100 56.73893594741821 4.9402 3.0 3.9699999999999998 3.0 3.0 3.0 4.304347826086957
0.8391830199013793 24287.078532397267 0.41935483870967744 0.8391830199013793 24287.078532397267 0.41935483870967744 f_swap_t 100 71.82961320877075 4.9402 3.0 3.9699999999999998 3.9699999999999998 3.0 3.0 4.304347826086957
0.8391830199013793 24287.078532397267 0.41935483870967744 0.8391830199013793 24287.078532397267 0.41935483870967744 t_multiswap_k 100 79.99075508117676 4.9402 3.0 3.9699999999999998 3.9699999999999998 3.0 3.0 5.261304347826087
0.8391830199013793 24287.078532397267 0.41935483870967744 0.8391830199013793 24287.078532397267 0.41935483870967744 swap_t 100 90.3181962966919 4.9402 3.0 3.9699999999999998 3.9699999999999998 3.9699999999999998 3.0 5.261304347826087
0.8391233135613954 24284.98912725868 0.41935483870967744 0.8391233135613954 24284.98912725868 0.41935483870967744 move_t 74 94.04210066795349 4.9402 4.054054054054054 3.9699999999999998 3.9699999999999998 3.9699999999999998 3.0 5.261304347826087
0.8391233135613954 24284.98912725868 0.41935483870967744 0.8391233135613954 24284.98912725868 0.41935483870967744 f_swap_t 100 102.33679866790771 4.9402 4.054054054054054 3.9699999999999998 4.9303 3.9699999999999998 3.0 5.261304347826087
0.8391233135613954 24284.98912725868 0.41935483870967744 0.8511889035632713 24544.941080552562 0.41935483870967744 swap_t 100 117.02947783470154 4.9402 4.054054054054054 3.9699999999999998 4.9303 4.9403 3.0 5.261304347826087
0.8391233135613954 24284.98912725868 0.41935483870967744 0.8468345978234076 24554.843165648505 0.41935483870967744 move_t 100 130.299250125885 4.9402 5.013513513513514 3.9699999999999998 4.9303 4.9403 3.0 5.261304347826087
0.8391233135613954 24284.98912725868 0.41935483870967744 0.869893290067478 25361.775060599397 0.41935483870967744 t_move_k 100 150.35424613952637 5.960798 5.013513513513514 3.9699999999999998 4.9303 4.9403 3.0 5.261304347826087
0.8391233135613954 24284.98912725868 0.41935483870967744 0.8694995504333424 25347.996262316854 0.41935483870967744 move_t 100 159.70400500297546 5.960798 5.963378378378379 3.9699999999999998 4.9303 4.9403 3.0 5.261304347826087
0.8391233135613954 24284.98912725868 0.41935483870967744 0.9645993609753662 28675.985096977674 0.41935483870967744 move_t 100 171.21174454689026 5.960798 7.033744594594595 3.9699999999999998 4.9303 4.9403 3.0 5.261304347826087
0.8391233135613954 24284.98912725868 0.41935483870967744 0.9566026562576029 28347.48505003161 0.41379310344827586 f_swap_t 100 198.74163937568665 5.960798 7.033744594594595 3.9699999999999998 5.990997 4.9403 3.0 5.261304347826087
0.8391233135613954 24284.98912725868 0.41935483870967744 0.9397370061485667 27805.934580626734 0.41935483870967744 t_multiswap_k 100 208.7641212940216 5.960798 7.033744594594595 3.9699999999999998 5.990997 4.9403 3.0 6.298691304347826
0.8391233135613954 24284.98912725868 0.41935483870967744 0.9284259706849461 27410.108347989317 0.41935483870967744 t_move_k 100 222.2854344844818 7.05119002 7.033744594594595 3.9699999999999998 5.990997 4.9403 3.0 6.298691304347826
0.8391233135613954 24284.98912725868 0.41935483870967744 0.9232496348176528 27228.96405471868 0.41935483870967744 t_swap_r_k 100 247.5999174118042 7.05119002 7.033744594594595 3.9699999999999998 5.990997 4.9403 4.01 6.298691304347826
0.8391233135613954 24284.98912725868 0.41935483870967744 0.9550764014778071 28342.73203684882 0.41935483870967744 t_move_k 100 258.9240474700928 8.0706781198 7.033744594594595 3.9699999999999998 5.990997 4.9403 4.01 6.298691304347826
0.8391233135613954 24284.98912725868 0.41935483870967744 0.95065635210575 28188.05375857448 0.41935483870967744 move_t 100 272.9740540981293 8.0706781198 7.963407148648649 3.9699999999999998 5.990997 4.9403 4.01 6.298691304347826
0.8391233135613954 24284.98912725868 0.41935483870967744 0.9466894083247333 28049.23177211935 0.41935483870967744 t_move_k 100 295.2017307281494 9.079971338602 7.963407148648649 3.9699999999999998 5.990997 4.9403 4.01 6.298691304347826
0.8391233135613954 24284.98912725868 0.41935483870967744 0.9461857290456231 28031.60566952698 0.41935483870967744 f_swap_t 100 310.2096154689789 9.079971338602 7.963407148648649 3.9699999999999998 6.9310870300000005 4.9403 4.01 6.298691304347826
0.8391233135613954 24284.98912725868 0.41935483870967744 0.9704842093436978 29134.944164523462 0.4482758620689655 t_move_k 100 315.0836138725281 10.08917162521598 7.963407148648649 3.9699999999999998 6.9310870300000005 4.9403 4.01 6.298691304347826
0.8391233135613954 24284.98912725868 0.41935483870967744 0.9506171142506163 28439.70123743368 0.4482758620689655 t_move_k 100 322.8643741607666 11.118279908963821 7.963407148648649 3.9699999999999998 6.9310870300000005 4.9403 4.01 6.298691304347826
0.8391233135613954 24284.98912725868 0.41935483870967744 0.966272613079933 28170.109484051052 0.3548387096774194 t_swap_r_k 100 356.70244550704956 11.118279908963821 7.963407148648649 3.9699999999999998 6.9310870300000005 4.9403 5.0099 6.298691304347826
0.8391233135613954 24284.98912725868 0.41935483870967744 0.966272613079933 28170.109484051052 0.3548387096774194 swap_t 100 369.8924820423126 11.118279908963821 7.963407148648649 3.9699999999999998 6.9310870300000005 5.890897 5.0099 6.298691304347826
0.8391233135613954 24284.98912725868 0.41935483870967744 0.966272613079933 28170.109484051052 0.3548387096774194 t_swap_r_k 100 397.80278062820435 11.118279908963821 7.963407148648649 3.9699999999999998 6.9310870300000005 5.890897 5.999801 6.298691304347826
0.8391233135613954 24284.98912725868 0.41935483870967744 1.0375245265846185 30945.763722705182 0.3870967741935484 move_t 100 423.40993762016296 11.118279908963821 8.993773077162162 3.9699999999999998 6.9310870300000005 5.890897 5.999801 6.298691304347826
0.8391233135613954 24284.98912725868 0.41935483870967744 1.0135447177653605 30388.812914164664 0.41935483870967744 t_multiswap_k 100 437.4459979534149 11.118279908963821 8.993773077162162 3.9699999999999998 6.9310870300000005 5.890897 5.999801 7.335704391304348
0.8391233135613954 24284.98912725868 0.41935483870967744 0.9817106396918114 29527.8096669748 0.4482758620689655 t_move_k 100 461.33611249923706 12.127097109874182 8.993773077162162 3.9699999999999998 6.9310870300000005 5.890897 5.999801 7.335704391304348
0.8391233135613954 24284.98912725868 0.41935483870967744 0.9886055690344056 29769.09561420378 0.4482758620689655 t_move_k 100 471.4837634563446 13.10582613877544 8.993773077162162 3.9699999999999998 6.9310870300000005 5.890897 5.999801 7.335704391304348
0.8391233135613954 24284.98912725868 0.41935483870967744 0.9858135909674366 29700.585878288806 0.45161290322580644 t_move_k 100 490.2953863143921 14.154767877387686 8.993773077162162 3.9699999999999998 6.9310870300000005 5.890897 5.999801 7.335704391304348
0.8391233135613954 24284.98912725868 0.41935483870967744 0.9764085740567358 29371.460182977593 0.45161290322580644 swap_t 100 503.8399655818939 14.154767877387686 8.993773077162162 3.9699999999999998 6.9310870300000005 6.83198803 5.999801 7.335704391304348
0.8391233135613954 24284.98912725868 0.41935483870967744 0.9757475264992169 29348.32702552897 0.45161290322580644 move_t 100 529.5190351009369 14.154767877387686 9.933835346390541 3.9699999999999998 6.9310870300000005 6.83198803 5.999801 7.335704391304348
0.8391233135613954 24284.98912725868 0.41935483870967744 1.0139432992833308 30655.781748313475 0.4482758620689655 t_swap_k 100 559.7592227458954 14.154767877387686 9.933835346390541 5.0302999999999995 6.9310870300000005 6.83198803 5.999801 7.335704391304348
0.8391233135613954 24284.98912725868 0.41935483870967744 0.9986114518397606 30119.248428045943 0.4482758620689655 t_move_k 100 579.3016476631165 15.103220198613808 9.933835346390541 5.0302999999999995 6.9310870300000005 6.83198803 5.999801 7.335704391304348
0.8391233135613954 24284.98912725868 0.41935483870967744 0.9683641277361339 29060.75255595633 0.4482758620689655 t_move_k 100 600.4498775005341 16.11218799662767 9.933835346390541 5.0302999999999995 6.9310870300000005 6.83198803 5.999801 7.335704391304348
0.8391233135613954 24284.98912725868 0.41935483870967744 0.9960739894648656 30030.450706958047 0.4482758620689655 move_t 100 616.9991137981415 16.11218799662767 10.874496992926636 5.0302999999999995 6.9310870300000005 6.83198803 5.999801 7.335704391304348
0.8391233135613954 24284.98912725868 0.41935483870967744 0.9853306036166898 29703.92649881263 0.4482758620689655 move_t 100 632.6074287891388 16.11218799662767 11.825752022997369 5.0302999999999995 6.9310870300000005 6.83198803 5.999801 7.335704391304348
0.8391233135613954 24284.98912725868 0.41935483870967744 0.9786983699628498 30100.848076078073 0.4482758620689655 swap_t 100 645.5494203567505 16.11218799662767 11.825752022997369 5.0302999999999995 6.9310870300000005 7.7936681497 5.999801 7.335704391304348
0.8391233135613954 24284.98912725868 0.41935483870967744 0.9783571074311463 29410.453829391547 0.4482758620689655 t_swap_r_k 100 678.5377902984619 16.11218799662767 11.825752022997369 5.0302999999999995 6.9310870300000005 7.7936681497 6.97980299 7.335704391304348
0.8391233135613954 24284.98912725868 0.41935483870967744 0.9783571074311463 29410.453829391547 0.4482758620689655 move_t 100 690.6758587360382 16.11218799662767 12.707494502767396 5.0302999999999995 6.9310870300000005 7.7936681497 6.97980299 7.335704391304348
0.8391233135613954 24284.98912725868 0.41935483870967744 0.9783571074311463 29410.453829391547 0.4482758620689655 t_swap_r_k 100 740.0544748306274 16.11218799662767 12.707494502767396 5.0302999999999995 6.9310870300000005 7.7936681497 7.950004960099999 7.335704391304348
0.8391233135613954 24284.98912725868 0.41935483870967744 0.9710366332741465 29154.27607130702 0.4482758620689655 t_move_k 100 756.41277384758 17.101066116661396 12.707494502767396 5.0302999999999995 6.9310870300000005 7.7936681497 7.950004960099999 7.335704391304348
0.8391233135613954 24284.98912725868 0.41935483870967744 0.967605102632838 29034.190704207114 0.4482758620689655 t_swap_r_k 100 802.9287421703339 17.101066116661396 12.707494502767396 5.0302999999999995 6.9310870300000005 7.7936681497 8.910504910499 7.335704391304348
0.8391233135613954 24284.98912725868 0.41935483870967744 0.967605102632838 29034.190704207114 0.4482758620689655 swap_t 100 817.6024272441864 17.101066116661396 12.707494502767396 5.0302999999999995 6.9310870300000005 8.715731468203 8.910504910499 7.335704391304348
0.8391233135613954 24284.98912725868 0.41935483870967744 0.972890924971043 28966.145847479853 0.41935483870967744 move_t 100 829.2190909385681 17.101066116661396 13.630419557739723 5.0302999999999995 6.9310870300000005 8.715731468203 8.910504910499 7.335704391304348
0.8391233135613954 24284.98912725868 0.41935483870967744 0.9699916147845041 28864.685372700496 0.41935483870967744 t_move_k 100 840.3916590213776 18.02005545549478 13.630419557739723 5.0302999999999995 6.9310870300000005 8.715731468203 8.910504910499 7.335704391304348
0.8391233135613954 24284.98912725868 0.41935483870967744 1.003257120415817 29746.586306130153 0.3870967741935484 t_move_k 100 858.0499441623688 19.11985490093983 13.630419557739723 5.0302999999999995 6.9310870300000005 8.715731468203 8.910504910499 7.335704391304348
0.8391233135613954 24284.98912725868 0.41935483870967744 1.1018886624008033 33430.61450536327 0.41379310344827586 move_t 100 878.6742768287659 19.11985490093983 14.734115362162326 5.0302999999999995 6.9310870300000005 8.715731468203 8.910504910499 7.335704391304348
0.8391233135613954 24284.98912725868 0.41935483870967744 1.0668504263495064 32205.572104263716 0.41379310344827586 t_move_k 100 900.3199520111084 20.138656351930432 14.734115362162326 5.0302999999999995 6.9310870300000005 8.715731468203 8.910504910499 7.335704391304348
0.8391233135613954 24284.98912725868 0.41935483870967744 1.0496085568820606 31602.1981464262 0.41379310344827586 t_move_k 100 907.6621618270874 20.997269788411128 14.734115362162326 5.0302999999999995 6.9310870300000005 8.715731468203 8.910504910499 7.335704391304348
0.8391233135613954 24284.98912725868 0.41935483870967744 1.0350291718544047 31091.997018666647 0.41379310344827586 t_multiswap_k 100 911.8317406177521 20.997269788411128 14.734115362162326 5.0302999999999995 6.9310870300000005 8.715731468203 8.910504910499 8.322347347391304
0.8391233135613954 24284.98912725868 0.41935483870967744 1.0865656065863862 32944.156624192336 0.41935483870967744 t_swap_k 100 921.5258257389069 20.997269788411128 14.734115362162326 6.079997 6.9310870300000005 8.715731468203 8.910504910499 8.322347347391304
0.8391233135613954 24284.98912725868 0.41935483870967744 1.0766669826019015 32597.757300038964 0.41935483870967744 f_swap_t 100 941.2470514774323 20.997269788411128 14.734115362162326 6.079997 7.861776159700001 8.715731468203 8.910504910499 8.322347347391304
0.8391233135613954 24284.98912725868 0.41935483870967744 1.0579351447323584 31974.805654384803 0.4230769230769231 t_swap_k 100 959.888834476471 20.997269788411128 14.734115362162326 7.22919703 7.861776159700001 8.715731468203 8.910504910499 8.322347347391304
0.8391233135613954 24284.98912725868 0.41935483870967744 1.0296797532667705 30986.016856799404 0.4230769230769231 t_move_k 100 967.7415225505829 21.937297090527018 14.734115362162326 7.22919703 7.861776159700001 8.715731468203 8.910504910499 8.322347347391304
0.8391233135613954 24284.98912725868 0.41935483870967744 1.0559844377358818 32428.676955202507 0.4827586206896552 move_t 100 981.3576104640961 21.937297090527018 15.776774208540703 7.22919703 7.861776159700001 8.715731468203 8.910504910499 8.322347347391304
0.8391233135613954 24284.98912725868 0.41935483870967744 1.0435838751424966 31994.723053306334 0.4827586206896552 f_swap_t 100 998.0492212772369 21.937297090527018 15.776774208540703 7.22919703 8.783158398103001 8.715731468203 8.910504910499 8.322347347391304
0.8391233135613954 24284.98912725868 0.41935483870967744 1.064436574683556 32451.973188774995 0.45161290322580644 t_move_k 100 1017.4951612949371 22.867924119621748 15.776774208540703 7.22919703 8.783158398103001 8.715731468203 8.910504910499 8.322347347391304
0.8391233135613954 24284.98912725868 0.41935483870967744 1.0308460297960784 31276.482326085006 0.45161290322580644 t_move_k 100 1027.136702299118 23.75924487842553 15.776774208540703 7.22919703 8.783158398103001 8.715731468203 8.910504910499 8.322347347391304
0.8391233135613954 24284.98912725868 0.41935483870967744 1.0179048591690643 30794.415326996947 0.4482758620689655 t_multiswap_k 100 1044.090985774994 23.75924487842553 15.776774208540703 7.22919703 8.783158398103001 8.715731468203 8.910504910499 9.299123873917392
0.8391233135613954 24284.98912725868 0.41935483870967744 1.0520814560120757 32106.445053737312 0.46153846153846156 move_t 100 1056.6009602546692 23.75924487842553 16.669006466455297 7.22919703 8.783158398103001 8.715731468203 8.910504910499 9.299123873917392
0.8391233135613954 24284.98912725868 0.41935483870967744 1.0295811999171076 31504.703708999816 0.4827586206896552 t_move_k 100 1075.8426642417908 24.611652429641275 16.669006466455297 7.22919703 8.783158398103001 8.715731468203 8.910504910499 9.299123873917392
0.8391233135613954 24284.98912725868 0.41935483870967744 1.0410804263846711 31907.115628362957 0.4827586206896552 f_swap_t 100 1089.9995784759521 24.611652429641275 16.669006466455297 7.22919703 9.825326814121972 8.715731468203 8.910504910499 9.299123873917392
0.8391233135613954 24284.98912725868 0.41935483870967744 1.024892471921819 31154.974856663044 0.46153846153846156 t_move_k 100 1096.9037611484528 25.425535905344862 16.669006466455297 7.22919703 9.825326814121972 8.715731468203 8.910504910499 9.299123873917392
0.8391233135613954 24284.98912725868 0.41935483870967744 1.008638719171835 30771.82798934137 0.4827586206896552 t_move_k 100 1119.8113877773285 26.301280546291412 16.669006466455297 7.22919703 9.825326814121972 8.715731468203 8.910504910499 9.299123873917392
0.8391233135613954 24284.98912725868 0.41935483870967744 0.9930584452185968 30226.601059215987 0.4827586206896552 t_multiswap_k 100 1132.7973239421844 26.301280546291412 16.669006466455297 7.22919703 9.825326814121972 8.715731468203 8.910504910499 10.296132635178218
0.8391233135613954 24284.98912725868 0.41935483870967744 0.9913116831810715 30165.47365502285 0.4827586206896552 t_swap_r_k 100 1171.1771323680878 26.301280546291412 16.669006466455297 7.22919703 9.825326814121972 8.715731468203 9.86139986139401 10.296132635178218
0.8391233135613954 24284.98912725868 0.41935483870967744 1.0020603619061927 30239.94198282189 0.4482758620689655 move_t 100 1177.7980256080627 26.301280546291412 17.542316401790742 7.22919703 9.825326814121972 8.715731468203 9.86139986139401 10.296132635178218
0.8391233135613954 24284.98912725868 0.41935483870967744 0.997131967725497 30369.152735643493 0.4827586206896552 f_swap_t 100 1180.9179084300995 26.301280546291412 17.542316401790742 7.22919703 10.757073545980752 8.715731468203 9.86139986139401 10.296132635178218
0.8391233135613954 24284.98912725868 0.41935483870967744 0.9959183737240719 30326.68338409027 0.4827586206896552 f_swap_t 100 1197.6466131210327 26.301280546291412 17.542316401790742 7.22919703 11.649502810520945 8.715731468203 9.86139986139401 10.296132635178218
0.8391233135613954 24284.98912725868 0.41935483870967744 0.9946917670313026 30283.75865737641 0.4827586206896552 t_move_k 100 1203.8673768043518 27.0682677408285 17.542316401790742 7.22919703 11.649502810520945 8.715731468203 9.86139986139401 10.296132635178218
0.8391233135613954 24284.98912725868 0.41935483870967744 1.0047792284825494 30730.745352071553 0.45161290322580644 move_t 100 1228.8906993865967 27.0682677408285 18.476893237772835 7.22919703 11.649502810520945 8.715731468203 9.86139986139401 10.296132635178218
0.8391233135613954 24284.98912725868 0.41935483870967744 0.9943689330937239 30272.461182296407 0.4827586206896552 t_multiswap_k 100 1238.1138203144073 27.0682677408285 18.476893237772835 7.22919703 11.649502810520945 8.715731468203 9.86139986139401 11.223171308826435
0.8391233135613954 24284.98912725868 0.41935483870967744 1.0195658588958667 30576.002969713503 0.4166666666666667 f_swap_t 100 1247.796450138092 27.0682677408285 18.476893237772835 7.22919703 12.543007782415735 8.715731468203 9.86139986139401 11.223171308826435
0.8391233135613954 24284.98912725868 0.41935483870967744 1.0013409443557695 30516.444587762435 0.4827586206896552 move_t 100 1251.4443175792694 27.0682677408285 19.322124305395107 7.22919703 12.543007782415735 8.715731468203 9.86139986139401 11.223171308826435
0.8391233135613954 24284.98912725868 0.41935483870967744 1.0010109922082195 30504.898013097783 0.4827586206896552 t_multiswap_k 100 1253.542337179184 27.0682677408285 19.322124305395107 7.22919703 12.543007782415735 8.715731468203 9.86139986139401 12.11093959573817
0.8391233135613954 24284.98912725868 0.41935483870967744 1.0010109922082195 30504.898013097783 0.4827586206896552 swap_t 100 1267.5596950054169 27.0682677408285 19.322124305395107 7.22919703 12.543007782415735 9.62857415352097 9.86139986139401 12.11093959573817
0.8391233135613954 24284.98912725868 0.41935483870967744 0.9921469763690621 30230.47360440836 0.4827586206896552 move_t 100 1285.3308403491974 27.0682677408285 20.188903062341154 7.22919703 12.543007782415735 9.62857415352097 9.86139986139401 12.11093959573817
0.8391233135613954 24284.98912725868 0.41935483870967744 0.9904891058094615 30136.687811047348 0.4827586206896552 move_t 100 1291.134982585907 27.0682677408285 20.98701403171774 7.22919703 12.543007782415735 9.62857415352097 9.86139986139401 12.11093959573817
0.8391233135613954 24284.98912725868 0.41935483870967744 0.9894672631588105 30251.767940705035 0.5 t_multiswap_k 100 1299.5332882404327 27.0682677408285 20.98701403171774 7.22919703 12.543007782415735 9.62857415352097 9.86139986139401 13.089830199780788
0.8391233135613954 24284.98912725868 0.41935483870967744 1.0678214071309444 30825.730957055635 0.5 swap_t 100 1307.624779701233 27.0682677408285 20.98701403171774 7.22919703 12.543007782415735 10.54228841198576 9.86139986139401 13.089830199780788
0.8391233135613954 24284.98912725868 0.41935483870967744 1.0555737732276225 32565.145077352245 0.5 f_swap_t 100 1330.0339171886444 27.0682677408285 20.98701403171774 7.22919703 13.417577704591578 10.54228841198576 9.86139986139401 13.089830199780788
0.8391233135613954 24284.98912725868 0.41935483870967744 1.0516793425007283 32428.86066308691 0.5 move_t 100 1341.1835680007935 27.0682677408285 21.807143891400564 7.22919703 13.417577704591578 10.54228841198576 9.86139986139401 13.089830199780788
0.8391233135613954 24284.98912725868 0.41935483870967744 1.0572102689093024 32622.413744088386 0.5 move_t 100 1360.0519926548004 27.0682677408285 22.629072452486557 7.22919703 13.417577704591578 10.54228841198576 9.86139986139401 13.089830199780788
0.8391233135613954 24284.98912725868 0.41935483870967744 1.0536243474313782 32496.92551679872 0.5 t_multiswap_k 100 1382.102966785431 27.0682677408285 22.629072452486557 7.22919703 13.417577704591578 10.54228841198576 9.86139986139401 14.02893189778298
0.8391233135613954 24284.98912725868 0.41935483870967744 1.049222687034446 32342.89075509448 0.5 f_swap_t 100 1408.94295668602 27.0682677408285 22.629072452486557 7.22919703 14.283401927545661 10.54228841198576 9.86139986139401 14.02893189778298
0.8391233135613954 24284.98912725868 0.41935483870967744 1.0619527127415396 32451.88666915682 0.46153846153846156 f_swap_t 100 1449.4032771587372 27.0682677408285 22.629072452486557 7.22919703 15.150567908270204 10.54228841198576 9.86139986139401 14.02893189778298
0.8391233135613954 24284.98912725868 0.41935483870967744 1.0612353194622504 32612.429958051624 0.4827586206896552 f_swap_t 100 1490.537956237793 27.0682677408285 22.629072452486557 7.22919703 16.079062229187503 10.54228841198576 9.86139986139401 14.02893189778298
0.8391233135613954 24284.98912725868 0.41935483870967744 1.0432643289905355 31983.5406332802 0.4827586206896552 t_move_k 100 1517.8520929813385 27.867585063420215 22.629072452486557 7.22919703 16.079062229187503 10.54228841198576 9.86139986139401 14.02893189778298
0.8391233135613954 24284.98912725868 0.41935483870967744 1.0462641953450287 31786.841637986246 0.4482758620689655 move_t 100 1553.8013451099396 27.867585063420215 23.502781727961693 7.22919703 16.079062229187503 10.54228841198576 9.86139986139401 14.02893189778298
0.8391233135613954 24284.98912725868 0.41935483870967744 1.039297118274116 31543.030903032435 0.4482758620689655 t_move_k 100 1591.5369319915771 28.61890921278601 23.502781727961693 7.22919703 16.079062229187503 10.54228841198576 9.86139986139401 14.02893189778298
0.8391233135613954 24284.98912725868 0.41935483870967744 1.0357868724018262 31536.221075253205 0.46153846153846156 t_swap_r_k 100 1697.6332032680511 28.61890921278601 23.502781727961693 7.22919703 16.079062229187503 10.54228841198576 10.83278586278007 14.02893189778298
0.8391233135613954 24284.98912725868 0.41935483870967744 1.0933532208216903 33214.25041351372 0.4230769230769231 swap_t 100 1738.0061528682709 28.61890921278601 23.502781727961693 7.22919703 16.079062229187503 11.506865527865903 10.83278586278007 14.02893189778298
0.8391233135613954 24284.98912725868 0.41935483870967744 1.060649191479717 32069.782891673465 0.4230769230769231 t_swap_k 100 1800.2369468212128 28.61890921278601 23.502781727961693 8.2469050597 16.079062229187503 11.506865527865903 10.83278586278007 14.02893189778298
0.8391233135613954 24284.98912725868 0.41935483870967744 1.0861355472853045 32639.252700721685 0.4230769230769231 move_t 100 1848.9047963619232 28.61890921278601 24.277753910682076 8.2469050597 16.079062229187503 11.506865527865903 10.83278586278007 14.02893189778298
0.8391233135613954 24284.98912725868 0.41935483870967744 1.0931755929994105 33208.03438210521 0.4230769230769231 move_t 100 1885.2652609348297 28.61890921278601 25.194976371575255 8.2469050597 16.079062229187503 11.506865527865903 10.83278586278007 14.02893189778298
0.8391233135613954 24284.98912725868 0.41935483870967744 1.0622542355688793 32125.950919532057 0.4230769230769231 t_multiswap_k 100 1928.9448955059052 28.61890921278601 25.194976371575255 8.2469050597 16.079062229187503 11.506865527865903 10.83278586278007 14.948642578805151
0.8391233135613954 24284.98912725868 0.41935483870967744 1.1250027414434682 33985.32827573797 0.38461538461538464 move_t 100 1971.4048535823822 28.61890921278601 26.153026607859502 8.2469050597 16.079062229187503 11.506865527865903 10.83278586278007 14.948642578805151
0.8391233135613954 24284.98912725868 0.41935483870967744 1.094321662685539 33248.14074086072 0.4230769230769231 move_t 100 1998.1996977329254 28.61890921278601 26.951496341780906 8.2469050597 16.079062229187503 11.506865527865903 10.83278586278007 14.948642578805151
0.8391233135613954 24284.98912725868 0.41935483870967744 1.0728253466944742 32495.88372586917 0.4230769230769231 move_t 100 2036.1598992347717 28.61890921278601 27.831981378363096 8.2469050597 16.079062229187503 11.506865527865903 10.83278586278007 14.948642578805151
0.8391233135613954 24284.98912725868 0.41935483870967744 1.0703914800677072 32410.711306357836 0.4230769230769231 move_t 100 2076.205815553665 28.61890921278601 28.553661564579464 8.2469050597 16.079062229187503 11.506865527865903 10.83278586278007 14.948642578805151
0.8391233135613954 24284.98912725868 0.41935483870967744 1.1050557312368565 33623.77619255789 0.4230769230769231 t_move_k 100 2121.584803342819 29.492720120658152 28.553661564579464 8.2469050597 16.079062229187503 11.506865527865903 10.83278586278007 14.948642578805151
0.8391233135613954 24284.98912725868 0.41935483870967744 1.0835659062651402 32871.74632880665 0.4230769230769231 f_swap_t 100 2169.046749353409 29.492720120658152 28.553661564579464 8.2469050597 16.948271606895627 11.506865527865903 10.83278586278007 14.948642578805151
0.8391233135613954 24284.98912725868 0.41935483870967744 1.080370865891528 32759.936866421092 0.4230769230769231 t_move_k 100 2206.640871524811 30.25779291945157 28.553661564579464 8.2469050597 16.948271606895627 11.506865527865903 10.83278586278007 14.948642578805151
0.8391233135613954 24284.98912725868 0.41935483870967744 1.091478503008544 33148.64523601935 0.4230769230769231 move_t 100 2236.3219273090363 30.25779291945157 29.30812494893367 8.2469050597 16.948271606895627 11.506865527865903 10.83278586278007 14.948642578805151
0.8391233135613954 24284.98912725868 0.41935483870967744 1.079801244645167 32740.003144817754 0.4230769230769231 move_t 100 2276.1939425468445 30.25779291945157 30.075043699444333 8.2469050597 16.948271606895627 11.506865527865903 10.83278586278007 14.948642578805151
0.8391233135613954 24284.98912725868 0.41935483870967744 1.2086609427341202 37110.16341422136 0.38461538461538464 swap_t 100 2311.42262673378 30.25779291945157 30.075043699444333 8.2469050597 16.948271606895627 12.491796872587244 10.83278586278007 14.948642578805151
0.8391233135613954 24284.98912725868 0.41935483870967744 1.1798551152549757 35904.8703501007 0.38461538461538464 f_swap_t 100 2355.773519515991 30.25779291945157 30.075043699444333 8.2469050597 17.90878889082667 12.491796872587244 10.83278586278007 14.948642578805151
0.8391233135613954 24284.98912725868 0.41935483870967744 1.14642620283517 34735.0357662683 0.38461538461538464 t_multiswap_k 100 2389.633646965027 30.25779291945157 30.075043699444333 8.2469050597 17.90878889082667 12.491796872587244 10.83278586278007 15.9791561530171
0.8391233135613954 24284.98912725868 0.41935483870967744 1.1771400845784163 35174.82482339283 0.38461538461538464 move_t 100 2431.385538816452 30.25779291945157 30.90429326244989 8.2469050597 17.90878889082667 12.491796872587244 10.83278586278007 15.9791561530171
0.8391233135613954 24284.98912725868 0.41935483870967744 1.1211427221432806 34130.65428626773 0.4166666666666667 move_t 100 2465.5172834396362 30.25779291945157 31.815250329825393 8.2469050597 17.90878889082667 12.491796872587244 10.83278586278007 15.9791561530171
0.8391233135613954 24284.98912725868 0.41935483870967744 1.0949210219345007 33605.60258369418 0.46153846153846156 move_t 100 2505.782557249069 30.25779291945157 32.65709782652714 8.2469050597 17.90878889082667 12.491796872587244 10.83278586278007 15.9791561530171
0.8391233135613954 24284.98912725868 0.41935483870967744 1.0774236130380999 32993.28610156002 0.46153846153846156 f_swap_t 100 2565.4844102859497 30.25779291945157 32.65709782652714 8.2469050597 18.789701001918402 12.491796872587244 10.83278586278007 15.9791561530171
0.8391233135613954 24284.98912725868 0.41935483870967744 1.074510745026142 32891.35117481952 0.46153846153846156 f_swap_t 100 2622.5588023662567 30.25779291945157 32.65709782652714 8.2469050597 19.601803991899217 12.491796872587244 10.83278586278007 15.9791561530171
0.8391233135613954 24284.98912725868 0.41935483870967744 1.0712448152434977 32786.90666290715 0.46153846153846156 move_t 100 2666.266989707947 30.25779291945157 33.42052684826187 8.2469050597 19.601803991899217 12.491796872587244 10.83278586278007 15.9791561530171
0.8391233135613954 24284.98912725868 0.41935483870967744 1.0821648211003287 33159.203230142826 0.46153846153846156 move_t 100 2718.761198282242 30.25779291945157 34.15632157977925 8.2469050597 19.601803991899217 12.491796872587244 10.83278586278007 15.9791561530171
0.8391233135613954 24284.98912725868 0.41935483870967744 1.1115008730235159 34185.80941050167 0.46153846153846156 move_t 100 2781.4234914779663 30.25779291945157 35.03475836398146 8.2469050597 19.601803991899217 12.491796872587244 10.83278586278007 15.9791561530171
0.8391233135613954 24284.98912725868 0.41935483870967744 1.0755629440211762 33264.660006308695 0.5 t_swap_k 100 2863.6420238018036 30.25779291945157 35.03475836398146 9.314436009103 19.601803991899217 12.491796872587244 10.83278586278007 15.9791561530171
0.8391233135613954 24284.98912725868 0.41935483870967744 1.0678282220852404 32993.985773675755 0.5 t_multiswap_k 100 2901.27223277092 30.25779291945157 35.03475836398146 9.314436009103 19.601803991899217 12.491796872587244 10.83278586278007 16.84936459148693
0.8391233135613954 24284.98912725868 0.41935483870967744 1.0783430933098272 33361.95048184788 0.5 t_move_k 100 2962.5893573760986 31.025214990257055 35.03475836398146 9.314436009103 19.601803991899217 12.491796872587244 10.83278586278007 16.84936459148693
0.8391233135613954 24284.98912725868 0.41935483870967744 1.0694793167642378 33051.765327865745 0.5 t_swap_r_k 100 3071.4926640987396 31.025214990257055 35.03475836398146 9.314436009103 19.601803991899217 12.491796872587244 11.76445800415227 16.84936459148693
0.8391233135613954 24284.98912725868 0.41935483870967744 1.0705227133130983 33088.27867153006 0.5 f_swap_t 100 3135.148106575012 31.025214990257055 35.03475836398146 9.314436009103 20.415785951980226 12.491796872587244 11.76445800415227 16.84936459148693
0.8391233135613954 24284.98912725868 0.41935483870967744 1.0859031016818748 33626.51066665497 0.5 move_t 100 3187.2649857997894 31.025214990257055 35.79441078034164 9.314436009103 20.415785951980226 12.491796872587244 11.76445800415227 16.84936459148693
0.8391233135613954 24284.98912725868 0.41935483870967744 1.0813062321832656 33465.64462203752 0.5 t_swap_r_k 100 3279.948647737503 31.025214990257055 35.79441078034164 9.314436009103 20.415785951980226 12.491796872587244 12.686813424110747 16.84936459148693
0.8391233135613954 24284.98912725868 0.41935483870967744 1.0995423982056782 33767.32623533541 0.46153846153846156 t_move_k 100 3330.7948820590973 31.804962840354484 35.79441078034164 9.314436009103 20.415785951980226 12.491796872587244 12.686813424110747 16.84936459148693
0.8391233135613954 24284.98912725868 0.41935483870967744 1.1032073398235525 33477.87119103096 0.41379310344827586 t_multiswap_k 100 3375.0709204673767 31.804962840354484 35.79441078034164 9.314436009103 20.415785951980226 12.491796872587244 12.686813424110747 17.85087094557206
0.8391233135613954 24284.98912725868 0.41935483870967744 1.0887078071276812 32970.46447124222 0.41379310344827586 t_multiswap_k 100 3421.647162914276 31.804962840354484 35.79441078034164 9.314436009103 20.415785951980226 12.491796872587244 12.686813424110747 18.702362236116336
0.8391233135613954 24284.98912725868 0.41935483870967744 1.0783741995353813 32608.843028539726 0.41379310344827586 t_move_k 100 3475.538538455963 32.64691321195094 35.79441078034164 9.314436009103 20.415785951980226 12.491796872587244 12.686813424110747 18.702362236116336
0.8391233135613954 24284.98912725868 0.41935483870967744 1.0644322763035308 32202.170790055912 0.4230769230769231 t_swap_k 100 3524.799831390381 32.64691321195094 35.79441078034164 10.31129164901197 20.415785951980226 12.491796872587244 12.686813424110747 18.702362236116336
0.8391233135613954 24284.98912725868 0.41935483870967744 1.0817665014072293 32808.776705186676 0.4230769230769231 t_multiswap_k 100 3568.110947370529 32.64691321195094 35.79441078034164 10.31129164901197 20.415785951980226 12.491796872587244 12.686813424110747 19.535338613755172
0.8391233135613954 24284.98912725868 0.41935483870967744 1.0658920097105036 32589.741163865117 0.46153846153846156 t_move_k 100 3621.7269978523254 33.41044407983143 35.79441078034164 10.31129164901197 20.415785951980226 12.491796872587244 12.686813424110747 19.535338613755172
0.8391233135613954 24284.98912725868 0.41935483870967744 1.050090231463806 32036.762758618373 0.46153846153846156 f_swap_t 100 3667.306528568268 33.41044407983143 35.79441078034164 10.31129164901197 21.271628092460425 12.491796872587244 12.686813424110747 19.535338613755172
0.8391233135613954 24284.98912725868 0.41935483870967744 1.040514091123654 31701.648651139803 0.46153846153846156 t_swap_r_k 100 3736.9546439647675 33.41044407983143 35.79441078034164 10.31129164901197 21.271628092460425 12.491796872587244 13.59994528986964 19.535338613755172