11
4 138 5 235

Solution history:
B_obj   B_dis   B_sim   C_obj   C_dis   C_sim   neighbor   iterations   time   scores
1.0135848653962845 948.813521142544 0.013333333333333332 1.0135848653962845 948.813521142544 0.013333333333333332 0 0 0 3.0 3.0 3.0 3.0 3.0 3.0 3.0
1.0135848653962845 948.813521142544 0.013333333333333332 1.0135848653962845 948.813521142544 0.013333333333333332 t_swap_r_k 100 77.72898817062378 3.0 3.0 3.0 3.0 3.0 4.01 3.0
1.0135848653962845 948.813521142544 0.013333333333333332 1.0135848653962845 948.813521142544 0.013333333333333332 t_swap_r_k 100 153.27560997009277 3.0 3.0 3.0 3.0 3.0 5.0099 3.0
1.007841921236954 938.3397738612385 0.013333333333333332 1.007841921236954 938.3397738612385 0.013333333333333332 f_swap_t 100 172.2382674217224 3.0 3.0 3.0 3.9699999999999998 3.0 5.0099 3.0
1.007841921236954 938.3397738612385 0.013333333333333332 1.0277975516464832 974.7340385362604 0.013333333333333332 t_multiswap_k 100 191.9248869419098 3.0 3.0 3.0 3.9699999999999998 3.0 5.0099 4.04
1.007841921236954 938.3397738612385 0.013333333333333332 1.018314035851951 959.3089115615578 0.015384615384615385 t_swap_r_k 100 259.3010561466217 3.0 3.0 3.0 3.9699999999999998 3.0 6.059801 4.04
1.007841921236954 938.3397738612385 0.013333333333333332 1.039108900988074 997.233738295373 0.015384615384615385 t_move_k 100 308.26751685142517 4.02 3.0 3.0 3.9699999999999998 3.0 6.059801 4.04
1.007841921236954 938.3397738612385 0.013333333333333332 1.0295745966735996 979.8454630270813 0.015384615384615385 move_t 100 351.9128248691559 4.02 3.9699999999999998 3.0 3.9699999999999998 3.0 6.059801 4.04
1.007841921236954 938.3397738612385 0.013333333333333332 1.0260196626072413 973.3621192961053 0.015384615384615385 t_move_k 100 406.25461196899414 5.0798 3.9699999999999998 3.0 3.9699999999999998 3.0 6.059801 4.04
1.007841921236954 938.3397738612385 0.013333333333333332 1.0543761811467258 1025.0775810384393 0.015384615384615385 move_t 100 444.1410782337189 5.0798 5.0403 3.0 3.9699999999999998 3.0 6.059801 4.04
1.007841921236954 938.3397738612385 0.013333333333333332 1.0420389566220183 1002.5774542324746 0.015384615384615385 swap_t 100 463.6699056625366 5.0798 5.0403 3.0 3.9699999999999998 3.9699999999999998 6.059801 4.04
1.007841921236954 938.3397738612385 0.013333333333333332 1.0324360828138037 985.0641247187094 0.015384615384615385 t_move_k 100 494.16112422943115 6.0590019999999996 5.0403 3.0 3.9699999999999998 3.9699999999999998 6.059801 4.04
1.007841921236954 938.3397738612385 0.013333333333333332 1.1203625710489273 1131.3919501360585 0.0 f_swap_t 100 513.9828169345856 6.0590019999999996 5.0403 3.0 4.9403 3.9699999999999998 6.059801 4.04
1.007841921236954 938.3397738612385 0.013333333333333332 1.0848333467773292 1080.6241172521911 0.015384615384615385 t_swap_r_k 100 587.9072983264923 6.0590019999999996 5.0403 3.0 4.9403 3.9699999999999998 7.039202990000001 4.04
1.007841921236954 938.3397738612385 0.013333333333333332 1.0915793757448509 1092.9272496870406 0.015384615384615385 move_t 100 618.3719308376312 6.0590019999999996 6.029897 3.0 4.9403 3.9699999999999998 7.039202990000001 4.04
1.007841921236954 938.3397738612385 0.013333333333333332 1.1249818490431212 1153.8453178748086 0.015384615384615385 t_swap_k 100 668.5652449131012 6.0590019999999996 6.029897 4.0600000000000005 4.9403 3.9699999999999998 7.039202990000001 4.04
1.007841921236954 938.3397738612385 0.013333333333333332 1.1073277009761047 1121.6484028098646 0.015384615384615385 f_swap_t 100 695.3922152519226 6.0590019999999996 6.029897 4.0600000000000005 5.920897 3.9699999999999998 7.039202990000001 4.04
1.007841921236954 938.3397738612385 0.013333333333333332 1.11452760240721 1134.779289328618 0.015384615384615385 t_multiswap_k 100 713.1660602092743 6.0590019999999996 6.029897 4.0600000000000005 5.920897 3.9699999999999998 7.039202990000001 5.0396
1.007841921236954 938.3397738612385 0.013333333333333332 1.0938206099494852 1097.0147212010056 0.015384615384615385 t_move_k 100 756.5325689315796 7.05841198 6.029897 4.0600000000000005 5.920897 3.9699999999999998 7.039202990000001 5.0396
1.007841921236954 938.3397738612385 0.013333333333333332 1.0862320586256007 1083.1750308623057 0.015384615384615385 t_move_k 100 790.5246362686157 8.0478278602 6.029897 4.0600000000000005 5.920897 3.9699999999999998 7.039202990000001 5.0396
1.007841921236954 938.3397738612385 0.013333333333333332 1.0939875170010063 1097.319119472798 0.015384615384615385 t_move_k 100 833.9241166114807 8.977349581598 6.029897 4.0600000000000005 5.920897 3.9699999999999998 7.039202990000001 5.0396
1.007841921236954 938.3397738612385 0.013333333333333332 1.0852026924475298 1081.2977148184916 0.015384615384615385 t_move_k 100 869.0812029838562 9.91757608578202 6.029897 4.0600000000000005 5.920897 3.9699999999999998 7.039202990000001 5.0396
1.007841921236954 938.3397738612385 0.013333333333333332 1.0844232946333907 1079.876280879659 0.015384615384615385 t_move_k 100 906.1590685844421 10.8184003249242 6.029897 4.0600000000000005 5.920897 3.9699999999999998 7.039202990000001 5.0396
1.007841921236954 938.3397738612385 0.013333333333333332 1.1205352046222183 1131.706792204648 0.0 t_move_k 100 945.8657121658325 11.870216321674958 6.029897 4.0600000000000005 5.920897 3.9699999999999998 7.039202990000001 5.0396
1.007841921236954 938.3397738612385 0.013333333333333332 1.1013136319562893 1110.6801890682186 0.015384615384615385 t_swap_r_k 100 1016.0309154987335 11.870216321674958 6.029897 4.0600000000000005 5.920897 3.9699999999999998 8.0088109601 5.0396
1.007841921236954 938.3397738612385 0.013333333333333332 1.0978953600728834 1104.4460842515423 0.015384615384615385 t_swap_r_k 100 1089.569271326065 11.870216321674958 6.029897 4.0600000000000005 5.920897 3.9699999999999998 8.968722850499 5.0396
1.007841921236954 938.3397738612385 0.013333333333333332 1.0953774751708678 1099.8540684813242 0.015384615384615385 f_swap_t 100 1116.2675144672394 11.870216321674958 6.029897 4.0600000000000005 6.89168803 3.9699999999999998 8.968722850499 5.0396
1.007841921236954 938.3397738612385 0.013333333333333332 1.0953774751708678 1099.8540684813242 0.015384615384615385 t_swap_r_k 100 1179.4249532222748 11.870216321674958 6.029897 4.0600000000000005 6.89168803 3.9699999999999998 9.919035621994011 5.0396
1.007841921236954 938.3397738612385 0.013333333333333332 1.1033853807206948 1114.4585599502486 0.015384615384615385 t_multiswap_k 100 1190.9022390842438 11.870216321674958 6.029897 4.0600000000000005 6.89168803 3.9699999999999998 9.919035621994011 5.999204
1.007841921236954 938.3397738612385 0.013333333333333332 1.0900198919251005 1090.0831267138417 0.015384615384615385 swap_t 100 1222.767770767212 11.870216321674958 6.029897 4.0600000000000005 6.89168803 4.9902999999999995 9.919035621994011 5.999204
1.007841921236954 938.3397738612385 0.013333333333333332 1.0950000113372351 1099.165665339727 0.015384615384615385 t_move_k 100 1265.3231174945831 12.851514158458208 6.029897 4.0600000000000005 6.89168803 4.9902999999999995 9.919035621994011 5.999204
1.007841921236954 938.3397738612385 0.013333333333333332 1.0923585920330718 1080.319435595494 0.0 t_multiswap_k 100 1274.4573202133179 12.851514158458208 6.029897 4.0600000000000005 6.89168803 4.9902999999999995 9.919035621994011 6.96921196
1.007841921236954 938.3397738612385 0.013333333333333332 1.0797470595016452 1071.3479540077542 0.015384615384615385 t_move_k 100 1319.6674065589905 13.762999016873627 6.029897 4.0600000000000005 6.89168803 4.9902999999999995 9.919035621994011 6.96921196
1.007841921236954 938.3397738612385 0.013333333333333332 1.0796598323570223 1071.188872699717 0.015384615384615385 t_move_k 100 1351.918347120285 14.68536902670489 6.029897 4.0600000000000005 6.89168803 4.9902999999999995 9.919035621994011 6.96921196
1.007841921236954 938.3397738612385 0.013333333333333332 1.0796598323570223 1071.188872699717 0.015384615384615385 move_t 100 1384.7551550865173 14.68536902670489 6.96959803 4.0600000000000005 6.89168803 4.9902999999999995 9.919035621994011 6.96921196
1.007841921236954 938.3397738612385 0.013333333333333332 1.0796598323570223 1071.188872699717 0.015384615384615385 f_swap_t 100 1410.5717780590057 14.68536902670489 6.96959803 4.0600000000000005 7.8227711497 4.9902999999999995 9.919035621994011 6.96921196
1.007841921236954 938.3397738612385 0.013333333333333332 1.0796598323570223 1071.188872699717 0.015384615384615385 move_t 100 1447.2852840423584 14.68536902670489 7.8999020497000005 4.0600000000000005 7.8227711497 4.9902999999999995 9.919035621994011 6.96921196
1.007841921236954 938.3397738612385 0.013333333333333332 1.0796598323570223 1071.188872699717 0.015384615384615385 t_swap_r_k 100 1529.0455691814423 14.68536902670489 7.8999020497000005 4.0600000000000005 7.8227711497 4.9902999999999995 10.859845265774071 6.96921196
1.007841921236954 938.3397738612385 0.013333333333333332 1.079616707316506 1071.1102230100576 0.015384615384615385 move_t 100 1576.3875279426575 14.68536902670489 8.850903029203 4.0600000000000005 7.8227711497 4.9902999999999995 10.859845265774071 6.96921196
1.007841921236954 938.3397738612385 0.013333333333333332 1.080642348342147 1071.1102230100576 0.013333333333333332 t_swap_r_k 100 1648.5863916873932 14.68536902670489 8.850903029203 4.0600000000000005 7.8227711497 4.9902999999999995 11.79124681311633 6.96921196
1.007841921236954 938.3397738612385 0.013333333333333332 1.080642348342147 1071.1102230100576 0.013333333333333332 swap_t 100 1663.5917966365814 14.68536902670489 8.850903029203 4.0600000000000005 7.8227711497 5.940396999999999 11.79124681311633 6.96921196
1.007841921236954 938.3397738612385 0.013333333333333332 1.1230515193905812 1148.4543391372013 0.013333333333333332 t_move_k 100 1697.306890487671 15.64851533643784 8.850903029203 4.0600000000000005 7.8227711497 5.940396999999999 11.79124681311633 6.96921196
1.007841921236954 938.3397738612385 0.013333333333333332 1.0851107388698564 1079.259491371891 0.013333333333333332 t_move_k 100 1730.5711145401 16.552030183073462 8.850903029203 4.0600000000000005 7.8227711497 5.940396999999999 11.79124681311633 6.96921196
1.007841921236954 938.3397738612385 0.013333333333333332 1.0823144656803856 1070.5381331699805 0.0 swap_t 100 1748.011858701706 16.552030183073462 8.850903029203 4.0600000000000005 7.8227711497 6.890993029999999 11.79124681311633 6.96921196
1.007841921236954 938.3397738612385 0.013333333333333332 1.0810816485514083 1059.7530061029463 0.0 f_swap_t 100 1773.674509525299 16.552030183073462 8.850903029203 4.0600000000000005 8.744543438203 6.890993029999999 11.79124681311633 6.96921196
1.007841921236954 938.3397738612385 0.013333333333333332 1.080028633966283 1057.8325610590555 0.0 t_move_k 100 1808.7595613002777 17.416509881242728 8.850903029203 4.0600000000000005 8.744543438203 6.890993029999999 11.79124681311633 6.96921196
1.007841921236954 938.3397738612385 0.013333333333333332 1.0777710070685496 1053.7151932201355 0.0 move_t 100 1843.4478216171265 17.416509881242728 9.79239399891097 4.0600000000000005 8.744543438203 6.890993029999999 11.79124681311633 6.96921196
1.007841921236954 938.3397738612385 0.013333333333333332 1.077373765311885 1052.990719909329 0.0 t_move_k 100 1884.4173381328583 18.2423447824303 9.79239399891097 4.0600000000000005 8.744543438203 6.890993029999999 11.79124681311633 6.96921196
1.007841921236954 938.3397738612385 0.013333333333333332 1.077067143021702 1052.43151468478 0.0 t_multiswap_k 100 1901.484483242035 18.2423447824303 9.79239399891097 4.0600000000000005 8.744543438203 6.890993029999999 11.79124681311633 7.8995198404
1.007841921236954 938.3397738612385 0.013333333333333332 1.077067143021702 1052.43151468478 0.0 t_swap_r_k 100 1970.4041092395782 18.2423447824303 9.79239399891097 4.0600000000000005 8.744543438203 6.890993029999999 12.713334344985167 7.8995198404
1.007841921236954 938.3397738612385 0.013333333333333332 1.0769219157094565 1052.1666550370799 0.0 t_multiswap_k 100 1989.5812516212463 18.2423447824303 9.79239399891097 4.0600000000000005 8.744543438203 6.890993029999999 12.713334344985167 8.850524641996
1.007841921236954 938.3397738612385 0.013333333333333332 1.0765246739527918 1051.4421817262735 0.0 t_multiswap_k 100 2010.0528008937836 18.2423447824303 9.79239399891097 4.0600000000000005 8.744543438203 6.890993029999999 12.713334344985167 9.76201939557604
1.007841921236954 938.3397738612385 0.013333333333333332 1.080850945360246 1059.3322590341634 0.0 t_move_k 100 2051.1250760555267 19.069921334605997 9.79239399891097 4.0600000000000005 8.744543438203 6.890993029999999 12.713334344985167 9.76201939557604
1.007841921236954 938.3397738612385 0.013333333333333332 1.0792273174165192 1056.3711526243385 0.0 t_swap_r_k 100 2118.8654634952545 19.069921334605997 9.79239399891097 4.0600000000000005 8.744543438203 6.890993029999999 13.626201001535316 9.76201939557604
1.007841921236954 938.3397738612385 0.013333333333333332 1.0784331148168418 1054.9227183215837 0.0 t_move_k 100 2160.899705171585 19.909222121259937 9.79239399891097 4.0600000000000005 8.744543438203 6.890993029999999 13.626201001535316 9.76201939557604
1.007841921236954 938.3397738612385 0.013333333333333332 1.0784331148168418 1054.9227183215837 0.0 t_move_k 100 2195.289530277252 20.71012990004734 9.79239399891097 4.0600000000000005 8.744543438203 6.890993029999999 13.626201001535316 9.76201939557604
1.007841921236954 938.3397738612385 0.013333333333333332 1.0784331148168418 1054.9227183215837 0.0 t_swap_r_k 100 2261.3650982379913 20.71012990004734 9.79239399891097 4.0600000000000005 8.744543438203 6.890993029999999 14.529938991519963 9.76201939557604
1.007841921236954 938.3397738612385 0.013333333333333332 1.088999158719173 1074.1926381616363 0.0 t_move_k 100 2304.515678167343 21.553028601046865 9.79239399891097 4.0600000000000005 8.744543438203 6.890993029999999 14.529938991519963 9.76201939557604
1.007841921236954 938.3397738612385 0.013333333333333332 1.0822810924805988 1061.9405030111357 0.0 swap_t 100 2324.532063961029 21.553028601046865 9.79239399891097 4.0600000000000005 8.744543438203 7.822083099699999 14.529938991519963 9.76201939557604
1.007841921236954 938.3397738612385 0.013333333333333332 1.0817497631433894 1060.9714862408728 0.0 t_swap_r_k 100 2401.6190667152405 21.553028601046865 9.79239399891097 4.0600000000000005 8.744543438203 7.822083099699999 15.424639601604763 9.76201939557604
1.007841921236954 938.3397738612385 0.013333333333333332 1.0817497631433894 1060.9714862408728 0.0 t_swap_r_k 100 2465.1735875606537 21.553028601046865 9.79239399891097 4.0600000000000005 8.744543438203 7.822083099699999 16.310393205588717 9.76201939557604
1.007841921236954 938.3397738612385 0.013333333333333332 1.0817497631433894 1060.9714862408728 0.0 t_swap_r_k 100 2535.777594566345 21.553028601046865 9.79239399891097 4.0600000000000005 8.744543438203 7.822083099699999 17.18728927353283 9.76201939557604
1.007841921236954 938.3397738612385 0.013333333333333332 1.079068983929592 1056.0823904699039 0.0 t_move_k 100 2584.453801870346 22.397498315036398 9.79239399891097 4.0600000000000005 8.744543438203 7.822083099699999 17.18728927353283 9.76201939557604
1.007841921236954 938.3397738612385 0.013333333333333332 1.078671742172927 1055.3579171590973 0.0 t_swap_r_k 100 2659.219990491867 22.397498315036398 9.79239399891097 4.0600000000000005 8.744543438203 7.822083099699999 18.055416380797503 9.76201939557604
1.007841921236954 938.3397738612385 0.013333333333333332 1.0783651198827444 1054.7987119345482 0.0 swap_t 100 2686.0964312553406 22.397498315036398 9.79239399891097 4.0600000000000005 8.744543438203 8.743862268703 18.055416380797503 9.76201939557604
1.007841921236954 938.3397738612385 0.013333333333333332 1.0763099070301838 1051.0504985739783 0.0 t_move_k 100 2726.1141300201416 23.233523331886033 9.79239399891097 4.0600000000000005 8.744543438203 8.743862268703 18.055416380797503 9.76201939557604
1.007841921236954 938.3397738612385 0.013333333333333332 1.0746862790864569 1048.0893921641532 0.0 t_swap_r_k 100 2799.611065387726 23.233523331886033 9.79239399891097 4.0600000000000005 8.744543438203 8.743862268703 18.914862216989526 9.76201939557604
1.007841921236954 938.3397738612385 0.013333333333333332 1.0746783599623186 1048.0749495886012 0.0 t_move_k 100 2841.171403646469 24.001188098567173 9.79239399891097 4.0600000000000005 8.744543438203 8.743862268703 18.914862216989526 9.76201939557604
1.007841921236954 938.3397738612385 0.013333333333333332 1.0746783599623186 1048.0749495886012 0.0 t_swap_r_k 100 2916.0300657749176 24.001188098567173 9.79239399891097 4.0600000000000005 8.744543438203 8.743862268703 19.76571359481963 9.76201939557604
1.007841921236954 938.3397738612385 0.013333333333333332 1.0746783599623186 1048.0749495886012 0.0 t_swap_r_k 100 2992.3966631889343 24.001188098567173 9.79239399891097 4.0600000000000005 8.744543438203 8.743862268703 20.608056458871435 9.76201939557604
1.007841921236954 938.3397738612385 0.013333333333333332 1.0746783599623186 1048.0749495886012 0.0 move_t 100 3029.9913709163666 24.001188098567173 10.69447005892186 4.0600000000000005 8.744543438203 8.743862268703 20.608056458871435 9.76201939557604
1.007841921236954 938.3397738612385 0.013333333333333332 1.084041445821026 1065.1509636219148 0.0 t_move_k 100 3071.3004817962646 24.8311762175815 10.69447005892186 4.0600000000000005 8.744543438203 8.743862268703 20.608056458871435 9.76201939557604
1.007841921236954 938.3397738612385 0.013333333333333332 1.0795449695957724 1056.9504737106226 0.0 t_swap_r_k 100 3128.0039863586426 24.8311762175815 10.69447005892186 4.0600000000000005 8.744543438203 8.743862268703 21.44197589428272 9.76201939557604
1.007841921236954 938.3397738612385 0.013333333333333332 1.085675384283685 1068.1308739355632 0.0 t_swap_k 100 3157.646064758301 24.8311762175815 10.69447005892186 5.029400000000001 8.744543438203 8.743862268703 21.44197589428272 9.76201939557604
1.007841921236954 938.3397738612385 0.013333333333333332 1.0844690555078151 1065.9308207248594 0.0 t_multiswap_k 100 3171.40242934227 24.8311762175815 10.69447005892186 5.029400000000001 8.744543438203 8.743862268703 21.44197589428272 10.69439920162028
1.007841921236954 938.3397738612385 0.013333333333333332 1.0739007011701822 1046.656687207155 0.0 t_move_k 100 3217.5229880809784 25.642864455405686 10.69447005892186 5.029400000000001 8.744543438203 8.743862268703 21.44197589428272 10.69439920162028
1.007841921236954 938.3397738612385 0.013333333333333332 1.0721207181165968 1043.4104267262883 0.0 t_swap_k 100 3267.881272315979 25.642864455405686 10.69447005892186 6.009106000000001 8.744543438203 8.743862268703 21.44197589428272 10.69439920162028
1.007841921236954 938.3397738612385 0.013333333333333332 1.068609491378175 1037.0067946370152 0.0 t_move_k 100 3296.857153892517 26.38643581085163 10.69447005892186 6.009106000000001 8.744543438203 8.743862268703 21.44197589428272 10.69439920162028
1.007841921236954 938.3397738612385 0.013333333333333332 1.0657789745835986 1031.8446135745858 0.0 t_swap_r_k 100 3357.017204761505 26.38643581085163 10.69447005892186 6.009106000000001 8.744543438203 8.743862268703 22.26755613533989 10.69439920162028
1.007841921236954 938.3397738612385 0.013333333333333332 1.0863750146697257 1069.4068312930467 0.0 t_move_k 100 3390.3193855285645 27.202571452743115 10.69447005892186 6.009106000000001 8.744543438203 8.743862268703 22.26755613533989 10.69439920162028
1.007841921236954 938.3397738612385 0.013333333333333332 1.0804738014969253 1070.8028341494073 0.013333333333333332 t_swap_k 100 3438.2960045337677 27.202571452743115 10.69447005892186 7.029014940000001 8.744543438203 8.743862268703 22.26755613533989 10.69439920162028
1.007841921236954 938.3397738612385 0.013333333333333332 1.0794683931805833 1056.8108167684434 0.0 t_move_k 100 3466.559780359268 27.930545738215685 10.69447005892186 7.029014940000001 8.744543438203 8.743862268703 22.26755613533989 10.69439920162028
1.007841921236954 938.3397738612385 0.013333333333333332 1.132796828575191 1154.069041771917 0.0 t_swap_k 100 3542.6990807056427 27.930545738215685 10.69447005892186 8.0287247906 8.744543438203 8.743862268703 22.26755613533989 10.69439920162028
1.007841921236954 938.3397738612385 0.013333333333333332 1.1071254749275523 1107.2506742212681 0.0 t_move_k 100 3589.8051912784576 28.751240280833528 10.69447005892186 8.0287247906 8.744543438203 8.743862268703 22.26755613533989 10.69439920162028
1.007841921236954 938.3397738612385 0.013333333333333332 1.0942172231259844 1083.7091311621339 0.0 t_swap_r_k 100 3686.5654299259186 28.751240280833528 10.69447005892186 8.0287247906 8.744543438203 8.743862268703 23.084880573986492 10.69439920162028