11
4 138 5 235

Solution history:
B_obj   B_dis   B_sim   C_obj   C_dis   C_sim   neighbor   iterations   time   scores
1.0140015320629512 948.813521142544 0.0125 1.0140015320629512 948.813521142544 0.0125 0 0 0 3.0 3.0 3.0 3.0 3.0 3.0 3.0
1.0135521372760443 947.9939332627016 0.0125 1.0135521372760443 947.9939332627016 0.0125 move_t 4 1.0758354663848877 3.0 5.0 3.0 3.0 3.0 3.0 3.0
1.0135521372760443 947.9939332627016 0.0125 1.048166138064431 1011.1215358641409 0.0125 swap_t 100 32.102500677108765 3.0 5.0 3.0 3.0 4.04 3.0 3.0
1.0135521372760443 947.9939332627016 0.0125 1.064528945756841 1041.7232567018032 0.013333333333333332 move_t 100 79.17869806289673 3.0 6.12 3.0 3.0 4.04 3.0 3.0
1.0135521372760443 947.9939332627016 0.0125 1.0426490127141192 1001.0596277147179 0.0125 move_t 100 113.80147290229797 3.0 7.1488 3.0 3.0 4.04 3.0 3.0
1.0135521372760443 947.9939332627016 0.0125 1.0402667269370323 996.714912096942 0.0125 t_move_k 100 157.78673100471497 4.05 7.1488 3.0 3.0 4.04 3.0 3.0
1.0135521372760443 947.9939332627016 0.0125 1.0364956293456027 989.1668384389072 0.011764705882352941 t_multiswap_k 100 173.16247844696045 4.05 7.1488 3.0 3.0 4.04 3.0 3.9699999999999998
1.0135521372760443 947.9939332627016 0.0125 1.0517881259313366 1014.9661710447527 0.0 move_t 100 222.63417506217957 4.05 8.157312 3.0 3.0 4.04 3.0 3.9699999999999998
1.0135521372760443 947.9939332627016 0.0125 1.0381490048024657 992.1821971496763 0.011764705882352941 t_swap_r_k 100 306.82373332977295 4.05 8.157312 3.0 3.0 4.04 4.01 3.9699999999999998
1.0135521372760443 947.9939332627016 0.0125 1.0335886677684936 983.8652405005678 0.011764705882352941 move_t 100 342.5906648635864 4.05 9.105738879999999 3.0 3.0 4.04 4.01 3.9699999999999998
1.0135521372760443 947.9939332627016 0.0125 1.0241082591761494 977.3032533823097 0.023529411764705882 t_move_k 100 396.80368757247925 5.0995 9.105738879999999 3.0 3.0 4.04 4.01 3.9699999999999998
1.0135521372760443 947.9939332627016 0.0125 1.0316831670803277 991.1180614087169 0.023529411764705882 f_swap_t 100 422.48393082618713 5.0995 9.105738879999999 3.0 4.01 4.04 4.01 3.9699999999999998
1.0135521372760443 947.9939332627016 0.0125 1.0263234169113487 981.3431676950776 0.023529411764705882 move_t 100 460.89676451683044 5.0995 10.044681491199999 3.0 4.01 4.04 4.01 3.9699999999999998
1.0135521372760443 947.9939332627016 0.0125 1.0263234169113487 981.3431676950776 0.023529411764705882 move_t 100 497.5738134384155 5.0995 10.944234676287998 3.0 4.01 4.04 4.01 3.9699999999999998
1.0135521372760443 947.9939332627016 0.0125 1.0263234169113487 981.3431676950776 0.023529411764705882 f_swap_t 100 519.7794964313507 5.0995 10.944234676287998 3.0 4.9699 4.04 4.01 3.9699999999999998
1.0135521372760443 947.9939332627016 0.0125 1.0246952656508446 981.3431676950776 0.026785714285714284 t_swap_r_k 100 588.3186445236206 5.0995 10.944234676287998 3.0 4.9699 4.04 5.039899999999999 3.9699999999999998
1.0135521372760443 947.9939332627016 0.0125 1.0211885561742924 970.8491554869046 0.022291021671826623 t_move_k 100 628.4206185340881 6.078505 10.944234676287998 3.0 4.9699 4.04 5.039899999999999 3.9699999999999998
1.0135521372760443 947.9939332627016 0.0125 1.0153264450507922 964.2566948744405 0.026785714285714284 t_swap_r_k 100 700.4782390594482 6.078505 10.944234676287998 3.0 4.9699 4.04 6.059500999999999 3.9699999999999998
1.0135521372760443 947.9939332627016 0.0125 1.0153264450507922 964.2566948744405 0.026785714285714284 move_t 100 746.8269128799438 6.078505 11.834792329525119 3.0 4.9699 4.04 6.059500999999999 3.9699999999999998
1.0135521372760443 947.9939332627016 0.0125 1.0153264450507922 964.2566948744405 0.026785714285714284 t_move_k 100 792.8679847717285 7.01771995 11.834792329525119 3.0 4.9699 4.04 6.059500999999999 3.9699999999999998
1.0135521372760443 947.9939332627016 0.0125 1.0151421968961272 963.9206706061435 0.026785714285714284 t_swap_k 100 841.6861619949341 7.01771995 11.834792329525119 4.0 4.9699 4.04 6.059500999999999 3.9699999999999998
1.0135521372760443 947.9939332627016 0.0125 1.0151421968961272 963.9206706061435 0.026785714285714284 t_swap_r_k 100 905.3237454891205 7.01771995 11.834792329525119 4.0 4.9699 4.04 7.038905989999999 3.9699999999999998
1.0135521372760443 947.9939332627016 0.0125 1.0657324306034255 1031.7597285622514 0.0 move_t 100 943.8869156837463 7.01771995 12.796444406229867 4.0 4.9699 4.04 7.038905989999999 3.9699999999999998
1.0135521372760443 947.9939332627016 0.0125 1.0544436387490417 1011.1716904908769 0.0 t_swap_r_k 100 1025.2731375694275 7.01771995 12.796444406229867 4.0 4.9699 4.04 8.008516930099999 3.9699999999999998
1.0135521372760443 947.9939332627016 0.0125 1.087302504291973 1071.0983490302806 0.0 t_swap_k 100 1078.5478019714355 7.01771995 12.796444406229867 5.01 4.9699 4.04 8.008516930099999 3.9699999999999998
1.0135521372760443 947.9939332627016 0.0125 1.0704221103552496 1040.3125751837986 0.0 move_t 100 1112.3281555175781 7.01771995 13.668479962167568 5.01 4.9699 4.04 8.008516930099999 3.9699999999999998
1.0135521372760443 947.9939332627016 0.0125 1.0619003922464092 1024.771013330109 0.0 t_move_k 100 1155.2325203418732 8.0075427505 13.668479962167568 5.01 4.9699 4.04 8.008516930099999 3.9699999999999998
1.0135521372760443 947.9939332627016 0.0125 1.0599519959430364 1021.2176076344954 0.0 t_move_k 100 1200.5456972122192 8.927467322995001 13.668479962167568 5.01 4.9699 4.04 8.008516930099999 3.9699999999999998
1.0135521372760443 947.9939332627016 0.0125 1.0589242845935534 1019.3433095995533 0.0 move_t 100 1245.745667219162 8.927467322995001 14.561795162545893 5.01 4.9699 4.04 8.008516930099999 3.9699999999999998
1.0135521372760443 947.9939332627016 0.0125 1.1091869187099106 1054.9682127404676 0.0 move_t 100 1295.6356971263885 8.927467322995001 15.426177210920434 5.01 4.9699 4.04 8.008516930099999 3.9699999999999998
1.0135521372760443 947.9939332627016 0.0125 1.0973163316852619 1089.3611589281481 0.0 t_move_k 100 1348.0525679588318 9.96819264976505 15.426177210920434 5.01 4.9699 4.04 8.008516930099999 3.9699999999999998
1.0135521372760443 947.9939332627016 0.0125 1.0929172921921588 1081.3383701541377 0.0 move_t 100 1396.256829738617 9.96819264976505 16.27191543881123 5.01 4.9699 4.04 8.008516930099999 3.9699999999999998
1.0135521372760443 947.9939332627016 0.0125 1.088382881048536 1073.068696086233 0.0 t_swap_k 100 1448.303593635559 9.96819264976505 16.27191543881123 5.9899 4.9699 4.04 8.008516930099999 3.9699999999999998
1.0135521372760443 947.9939332627016 0.0125 1.088342930172629 1072.9958353085017 0.0 move_t 100 1490.502649307251 9.96819264976505 17.109196284423117 5.9899 4.9699 4.04 8.008516930099999 3.9699999999999998
1.0135521372760443 947.9939332627016 0.0125 1.0958882078164407 1086.756604874783 0.0 t_move_k 100 1546.6394515037537 10.8785107232674 17.109196284423117 5.9899 4.9699 4.04 8.008516930099999 3.9699999999999998
1.0135521372760443 947.9939332627016 0.0125 1.0731229749763784 1045.238301901298 0.0 t_move_k 100 1599.2911829948425 11.859725616034726 17.109196284423117 5.9899 4.9699 4.04 8.008516930099999 3.9699999999999998
1.0135521372760443 947.9939332627016 0.0125 1.0684776338342767 1036.766318227423 0.0 move_t 100 1646.086356639862 11.859725616034726 17.938104321578887 5.9899 4.9699 4.04 8.008516930099999 3.9699999999999998
1.0135521372760443 947.9939332627016 0.0125 1.0664354667643212 1033.041897232981 0.0 t_swap_r_k 100 1715.0431823730469 11.859725616034726 17.938104321578887 5.9899 4.9699 4.04 8.968431760799 3.9699999999999998
1.0135521372760443 947.9939332627016 0.0125 1.1074338388422449 1107.8130557495501 0.0 t_move_k 100 1761.1071982383728 12.87112835987438 17.938104321578887 5.9899 4.9699 4.04 8.968431760799 3.9699999999999998
1.0135521372760443 947.9939332627016 0.0125 1.0892616490729043 1074.671357360794 0.0 t_move_k 100 1823.2695124149323 13.742417076275636 17.938104321578887 5.9899 4.9699 4.04 8.968431760799 3.9699999999999998
1.0135521372760443 947.9939332627016 0.0125 1.086682990642335 1069.968505308383 0.0 t_multiswap_k 100 1860.2549068927765 13.742417076275636 17.938104321578887 5.9899 4.9699 4.04 8.968431760799 4.9303
1.0135521372760443 947.9939332627016 0.0125 1.077696555348083 1053.5794112095168 0.0 t_swap_k 100 1913.1542854309082 13.742417076275636 17.938104321578887 6.9900009999999995 4.9699 4.04 8.968431760799 4.9303
1.0135521372760443 947.9939332627016 0.0125 1.0731826791061359 1045.3471878575915 0.0 t_move_k 100 1960.137731552124 14.734992905512879 17.938104321578887 6.9900009999999995 4.9699 4.04 8.968431760799 4.9303
1.0135521372760443 947.9939332627016 0.0125 1.1028329877533873 1099.4222112198638 0.0 t_move_k 100 2013.7618708610535 15.667642976457751 17.938104321578887 6.9900009999999995 4.9699 4.04 8.968431760799 4.9303
1.0135521372760443 947.9939332627016 0.0125 1.090457797483392 1076.8528440364096 0.0 f_swap_t 100 2042.353595495224 15.667642976457751 17.938104321578887 6.9900009999999995 5.9202010000000005 4.04 8.968431760799 4.9303
1.0135521372760443 947.9939332627016 0.0125 1.153740865538853 1192.2659219995126 0.0 move_t 100 2090.5361886024475 15.667642976457751 19.0087232783631 6.9900009999999995 5.9202010000000005 4.04 8.968431760799 4.9303
1.0135521372760443 947.9939332627016 0.0125 1.1124744055041542 1117.005835603702 0.0 move_t 100 2136.9621210098267 15.667642976457751 19.87863604557947 6.9900009999999995 5.9202010000000005 4.04 8.968431760799 4.9303
1.0135521372760443 947.9939332627016 0.0125 1.0900591999439069 1076.1258981042024 0.0 move_t 100 2178.547337293625 15.667642976457751 20.709849685123675 6.9900009999999995 5.9202010000000005 4.04 8.968431760799 4.9303
1.0135521372760443 947.9939332627016 0.0125 1.084677102673873 1066.3102486592825 0.0 t_swap_r_k 100 2250.788737297058 15.667642976457751 20.709849685123675 6.9900009999999995 5.9202010000000005 4.04 9.918747443191009 4.9303
1.0135521372760443 947.9939332627016 0.0125 1.0814885151609999 1060.495032827887 0.0 swap_t 100 2279.342170238495 15.667642976457751 20.709849685123675 6.9900009999999995 5.9202010000000005 4.9996 9.918747443191009 4.9303
1.0135521372760443 947.9939332627016 0.0125 1.0776060070030322 1065.5726675396631 0.013333333333333332 move_t 100 2321.911122560501 15.667642976457751 21.65275118827244 6.9900009999999995 5.9202010000000005 4.9996 9.918747443191009 4.9303
1.0135521372760443 947.9939332627016 0.0125 1.075445924897239 1049.4748032050227 0.0 move_t 100 2359.1511845588684 15.667642976457751 22.466223676389717 6.9900009999999995 5.9202010000000005 4.9996 9.918747443191009 4.9303
1.0135521372760443 947.9939332627016 0.0125 1.0978375429879144 1090.311722839739 0.0 move_t 100 2404.925789833069 15.667642976457751 23.31156143962582 6.9900009999999995 5.9202010000000005 4.9996 9.918747443191009 4.9303
1.0135521372760443 947.9939332627016 0.0125 1.079372933830813 1070.6656388712959 0.015384615384615385 move_t 100 2456.1622953414917 15.667642976457751 24.13844582522956 6.9900009999999995 5.9202010000000005 4.9996 9.918747443191009 4.9303
1.0135521372760443 947.9939332627016 0.0125 1.0813587946167231 1074.287370761843 0.015384615384615385 move_t 100 2497.1099603176117 15.667642976457751 24.937061366977264 6.9900009999999995 5.9202010000000005 4.9996 9.918747443191009 4.9303
1.0135521372760443 947.9939332627016 0.0125 1.077357567899659 1066.9900967004803 0.015384615384615385 t_move_k 100 2536.5680701732635 16.600966546693172 24.937061366977264 6.9900009999999995 5.9202010000000005 4.9996 9.918747443191009 4.9303
1.0135521372760443 947.9939332627016 0.0125 1.0714752149584825 1066.9900967004803 0.02714932126696833 t_swap_r_k 100 2605.03515458107 16.600966546693172 24.937061366977264 6.9900009999999995 5.9202010000000005 4.9996 10.9195599687591 4.9303
1.0135521372760443 947.9939332627016 0.0125 1.0685250857751973 1064.6121794549645 0.014285714285714285 swap_t 100 2634.9651596546173 16.600966546693172 24.937061366977264 6.9900009999999995 5.9202010000000005 5.979604 10.9195599687591 4.9303
1.0135521372760443 947.9939332627016 0.0125 1.0686351372554896 1061.8104788433068 0.02714932126696833 move_t 100 2688.2740590572357 16.600966546693172 25.87769075330749 6.9900009999999995 5.9202010000000005 5.979604 10.9195599687591 4.9303
1.0135521372760443 947.9939332627016 0.0125 1.0686351372554896 1061.8104788433068 0.02714932126696833 swap_t 100 2721.9545538425446 16.600966546693172 25.87769075330749 6.9900009999999995 5.9202010000000005 6.91980796 10.9195599687591 4.9303
1.0135521372760443 947.9939332627016 0.0125 1.068004377100669 1060.660124204045 0.02714932126696833 move_t 100 2766.4855375289917 16.600966546693172 26.648913845774416 6.9900009999999995 5.9202010000000005 6.91980796 10.9195599687591 4.9303
1.0135521372760443 947.9939332627016 0.0125 1.06472807411817 1054.684936477392 0.02714932126696833 t_move_k 100 2811.447496175766 17.52495688122624 26.648913845774416 6.9900009999999995 5.9202010000000005 6.91980796 10.9195599687591 4.9303
1.0135521372760443 947.9939332627016 0.0125 1.0697337675399474 1063.8141159388033 0.02714932126696833 move_t 100 2844.6575145721436 17.52495688122624 27.48242470731667 6.9900009999999995 5.9202010000000005 6.91980796 10.9195599687591 4.9303
1.0135521372760443 947.9939332627016 0.0125 1.066219590699427 1042.2469239364725 0.010526315789473684 t_multiswap_k 100 2870.0055162906647 17.52495688122624 27.48242470731667 6.9900009999999995 5.9202010000000005 6.91980796 10.9195599687591 5.910997
1.0135521372760443 947.9939332627016 0.0125 1.066219590699427 1042.2469239364725 0.010526315789473684 t_swap_r_k 100 2938.6863663196564 17.52495688122624 27.48242470731667 6.9900009999999995 5.9202010000000005 6.91980796 11.850364369071508 5.910997
1.0135521372760443 947.9939332627016 0.0125 1.0616074291158795 1045.6927097849725 0.023529411764705882 t_move_k 100 2992.5255601406097 18.43970731241398 27.48242470731667 6.9900009999999995 5.9202010000000005 6.91980796 11.850364369071508 5.910997
1.0135521372760443 947.9939332627016 0.0125 1.0609713351078136 1044.5326274817503 0.023529411764705882 move_t 100 3024.2121098041534 18.43970731241398 28.237600460243506 6.9900009999999995 5.9202010000000005 6.91980796 11.850364369071508 5.910997
1.0135521372760443 947.9939332627016 0.0125 1.0581607185886885 1039.4067397298813 0.023529411764705882 move_t 100 3067.9931824207306 18.43970731241398 28.98522445564107 6.9900009999999995 5.9202010000000005 6.91980796 11.850364369071508 5.910997
1.0135521372760443 947.9939332627016 0.0125 1.0581607185886885 1039.4067397298813 0.023529411764705882 move_t 100 3103.6628403663635 18.43970731241398 29.69537221108466 6.9900009999999995 5.9202010000000005 6.91980796 11.850364369071508 5.910997
1.0135521372760443 947.9939332627016 0.0125 1.0600864242924657 1042.9187632355884 0.023529411764705882 move_t 100 3138.8481187820435 18.43970731241398 30.438418488973813 6.9900009999999995 5.9202010000000005 6.91980796 11.850364369071508 5.910997
1.0135521372760443 947.9939332627016 0.0125 1.062771294877771 1047.8153206830102 0.023529411764705882 move_t 100 3181.3649764060974 18.43970731241398 31.274034304084076 6.9900009999999995 5.9202010000000005 6.91980796 11.850364369071508 5.910997
1.0135521372760443 947.9939332627016 0.0125 1.062771294877771 1047.8153206830102 0.023529411764705882 move_t 100 3217.481036901474 18.43970731241398 31.961293961043236 6.9900009999999995 5.9202010000000005 6.91980796 11.850364369071508 5.910997
1.0135521372760443 947.9939332627016 0.0125 1.074536000760124 1047.8153206830102 0.0 t_swap_r_k 100 3289.7964684963226 18.43970731241398 31.961293961043236 6.9900009999999995 5.9202010000000005 6.91980796 12.771860725380794 5.910997
1.0135521372760443 947.9939332627016 0.0125 1.066658630885722 1044.1768901845035 0.011764705882352941 move_t 100 3330.5804545879364 18.43970731241398 32.7116810214328 6.9900009999999995 5.9202010000000005 6.91980796 12.771860725380794 5.910997
1.0135521372760443 947.9939332627016 0.0125 1.066658630885722 1044.1768901845035 0.011764705882352941 f_swap_t 100 3359.8040475845337 18.43970731241398 32.7116810214328 6.9900009999999995 6.860998990000001 6.91980796 12.771860725380794 5.910997
1.0135521372760443 947.9939332627016 0.0125 1.0693751980194026 1051.4301106461064 0.014285714285714285 move_t 100 3405.9332344532013 18.43970731241398 33.424564211218474 6.9900009999999995 6.860998990000001 6.91980796 12.771860725380794 5.910997
1.0135521372760443 947.9939332627016 0.0125 1.0888618287570833 1086.1005760870269 0.013333333333333332 f_swap_t 100 3441.3786215782166 18.43970731241398 33.424564211218474 6.9900009999999995 7.832389000100001 6.91980796 12.771860725380794 5.910997
1.0135521372760443 947.9939332627016 0.0125 1.0850209979281187 1066.854572573653 0.0 move_t 100 3474.2777140140533 18.43970731241398 34.12031856910629 6.9900009999999995 7.832389000100001 6.91980796 12.771860725380794 5.910997
1.0135521372760443 947.9939332627016 0.0125 1.0739844119556876 1046.8093555228793 0.0 move_t 100 3510.271491765976 18.43970731241398 34.86911538341523 6.9900009999999995 7.832389000100001 6.91980796 12.771860725380794 5.910997
1.0135521372760443 947.9939332627016 0.0125 1.0714121651002069 1042.118196639562 0.0 f_swap_t 100 3539.2306253910065 18.43970731241398 34.86911538341523 6.9900009999999995 8.754065110099 6.91980796 12.771860725380794 5.910997
1.0135521372760443 947.9939332627016 0.0125 1.065509179870135 1042.0805683127442 0.011764705882352941 swap_t 100 3576.218552350998 18.43970731241398 34.86911538341523 6.9900009999999995 8.754065110099 7.9106098804 12.771860725380794 5.910997
1.0135521372760443 947.9939332627016 0.0125 1.074732721356661 1058.9020870126183 0.011764705882352941 move_t 100 3621.184173822403 18.43970731241398 35.620424229581076 6.9900009999999995 8.754065110099 7.9106098804 12.771860725380794 5.910997