11
4 138 5 235

Solution history:
B_obj   B_dis   B_sim   C_obj   C_dis   C_sim   neighbor   iterations   time   scores
0.9625592243706435 948.813521142544 0.11538461538461539 0.9625592243706435 948.813521142544 0.11538461538461539 0 0 0 3.0 3.0 3.0 3.0 3.0 3.0 3.0
0.9611281431511524 963.7397198071873 0.1346153846153846 0.9611281431511524 963.7397198071873 0.1346153846153846 t_move_k 8 0.4606921672821045 4.5 3.0 3.0 3.0 3.0 3.0 3.0
0.9467710159854685 954.273838028525 0.15384615384615385 0.9467710159854685 954.273838028525 0.15384615384615385 move_t 10 4.7154669761657715 4.5 4.4 3.0 3.0 3.0 3.0 3.0
0.8690719531689308 971.8175526710721 0.3275862068965517 0.8690719531689308 971.8175526710721 0.3275862068965517 t_multiswap_k 3 6.011453628540039 4.5 4.4 3.0 3.0 3.0 3.0 5.333333333333334
0.8636722770839601 977.6919058230417 0.3448275862068966 0.8636722770839601 977.6919058230417 0.3448275862068966 t_swap_k 2 8.13041877746582 4.5 4.4 6.0 3.0 3.0 3.0 5.333333333333334
0.8614346581946347 973.6110277736541 0.3448275862068966 0.9137272783033876 1068.9801751136213 0.3448275862068966 f_swap_t 100 44.9949951171875 4.5 4.4 6.0 3.98 3.0 3.0 5.333333333333334
0.8614346581946347 973.6110277736541 0.3448275862068966 0.9288232039462619 1096.5115084810134 0.3448275862068966 t_move_k 100 93.50160932540894 5.505 4.4 6.0 3.98 3.0 3.0 5.333333333333334
0.8614346581946347 973.6110277736541 0.3448275862068966 0.9158368654292884 1072.8275540557765 0.3448275862068966 f_swap_t 100 126.81944847106934 5.505 4.4 6.0 4.9802 3.0 3.0 5.333333333333334
0.8612018159221919 1062.076499997321 0.4423076923076923 0.8612018159221919 1062.076499997321 0.4423076923076923 t_swap_r_k 20 142.5319685935974 5.505 4.4 6.0 4.9802 3.0 4.5 5.333333333333334
0.8575785150758946 1055.4684717220325 0.4423076923076923 0.8575785150758946 1055.4684717220325 0.4423076923076923 swap_t 100 173.75214290618896 5.505 4.4 6.0 4.9802 3.9699999999999998 4.5 5.333333333333334
0.8388699413252168 1038.8846843227698 0.46153846153846156 0.8388699413252168 1038.8846843227698 0.46153846153846156 t_swap_k 2 175.9600157737732 5.505 4.4 7.5 4.9802 3.9699999999999998 4.5 5.333333333333334
0.824826538264142 1013.2728987036741 0.46153846153846156 0.824826538264142 1013.2728987036741 0.46153846153846156 t_multiswap_k 1 178.63593554496765 5.505 4.4 7.5 4.9802 3.9699999999999998 4.5 8.0
0.8188760892562512 1010.6730166449537 0.47058823529411764 0.8188760892562512 1010.6730166449537 0.47058823529411764 f_swap_t 28 191.33291220664978 5.505 4.4 7.5 6.052335714285714 3.9699999999999998 4.5 8.0
0.8033261555872728 1009.1336702868207 0.5 0.8033261555872728 1009.1336702868207 0.5 f_swap_t 68 219.59363770484924 5.505 4.4 7.5 7.066271953781513 3.9699999999999998 4.5 8.0
0.7869418387978473 1006.0726100312695 0.5294117647058824 0.7869418387978473 1006.0726100312695 0.5294117647058824 t_swap_r_k 78 285.41367626190186 5.505 4.4 7.5 7.066271953781513 3.9699999999999998 5.57051282051282 8.0
0.7869418387978473 1006.0726100312695 0.5294117647058824 0.7869418387978473 1006.0726100312695 0.5294117647058824 f_swap_t 100 326.80636405944824 5.505 4.4 7.5 7.995609234243698 3.9699999999999998 5.57051282051282 8.0
0.7851541490006742 996.716842413435 0.5227272727272727 0.7851541490006742 996.716842413435 0.5227272727272727 t_multiswap_k 81 344.7759008407593 5.505 4.4 7.5 7.995609234243698 3.9699999999999998 5.57051282051282 8.987654320987655
0.7837971439798006 994.241992013749 0.5227272727272727 0.7837971439798006 994.241992013749 0.5227272727272727 t_swap_r_k 100 417.8763117790222 5.505 4.4 7.5 7.995609234243698 3.9699999999999998 6.554807692307692 8.987654320987655
0.78247319044964 997.9228714669293 0.5294117647058824 0.78247319044964 997.9228714669293 0.5294117647058824 f_swap_t 76 442.45082902908325 5.505 4.4 7.5 8.982509112740491 3.9699999999999998 6.554807692307692 8.987654320987655
0.7811791760292697 995.5629007548157 0.5294117647058824 0.79815905932958 1026.5301192440588 0.5294117647058824 t_move_k 100 485.4933407306671 6.6099499999999995 4.4 7.5 8.982509112740491 3.9699999999999998 6.554807692307692 8.987654320987655
0.7811791760292697 995.5629007548157 0.5294117647058824 0.7951892057814469 1021.1138214945678 0.5294117647058824 t_move_k 100 535.1390926837921 7.6538505 4.4 7.5 8.982509112740491 3.9699999999999998 6.554807692307692 8.987654320987655
0.7811791760292697 995.5629007548157 0.5294117647058824 0.8767030453370489 1001.4568893885481 0.3448275862068966 t_swap_r_k 100 607.4061014652252 7.6538505 4.4 7.5 8.982509112740491 3.9699999999999998 7.529259615384616 8.987654320987655
0.7811791760292697 995.5629007548157 0.5294117647058824 0.8754915098445553 999.2473403804677 0.3448275862068966 t_swap_r_k 100 661.7142143249512 7.6538505 4.4 7.5 8.982509112740491 3.9699999999999998 8.49396701923077 8.987654320987655
0.7811791760292697 995.5629007548157 0.5294117647058824 0.9121712667672374 1113.3085711169992 0.39655172413793105 t_move_k 100 709.0268936157227 8.797311995 4.4 7.5 8.982509112740491 3.9699999999999998 8.49396701923077 8.987654320987655
0.7811791760292697 995.5629007548157 0.5294117647058824 0.8838165189155056 1075.468746437872 0.4117647058823529 t_swap_k 100 755.9194502830505 8.797311995 4.4 8.495 8.982509112740491 3.9699999999999998 8.49396701923077 8.987654320987655
0.7811791760292697 995.5629007548157 0.5294117647058824 0.8754205517370885 1060.156524001231 0.4117647058823529 swap_t 100 787.1347360610962 8.797311995 4.4 8.495 8.982509112740491 4.9303 8.49396701923077 8.987654320987655
0.7811791760292697 995.5629007548157 0.5294117647058824 0.8934142389255044 1092.972676664694 0.4117647058823529 t_move_k 100 838.7880210876465 9.85933887505 4.4 8.495 8.982509112740491 4.9303 8.49396701923077 8.987654320987655
0.7811791760292697 995.5629007548157 0.5294117647058824 0.8881773662679937 1083.4218819438308 0.4117647058823529 t_move_k 100 880.8440601825714 10.7907454862995 4.4 8.495 8.982509112740491 4.9303 8.49396701923077 8.987654320987655
0.7811791760292697 995.5629007548157 0.5294117647058824 0.8571186612212787 1080.4182593351652 0.47058823529411764 t_multiswap_k 100 908.957644701004 10.7907454862995 4.4 8.495 8.982509112740491 4.9303 8.49396701923077 10.067777777777778
0.7811791760292697 995.5629007548157 0.5294117647058824 0.9663942652518538 1209.9512771412724 0.46551724137931033 swap_t 100 935.279016494751 10.7907454862995 4.4 8.495 8.982509112740491 5.930997 8.49396701923077 10.067777777777778
0.7811791760292697 995.5629007548157 0.5294117647058824 0.913828096448187 1210.6626022355356 0.5 t_move_k 100 977.161838054657 11.892838031436504 4.4 8.495 8.982509112740491 5.930997 8.49396701923077 10.067777777777778
0.7811791760292697 995.5629007548157 0.5294117647058824 0.9297276571101727 1176.771323877602 0.43103448275862066 t_swap_r_k 100 1055.0413172245026 11.892838031436504 4.4 8.495 8.982509112740491 5.930997 9.449027349038461 10.067777777777778
0.7811791760292697 995.5629007548157 0.5294117647058824 0.9267428910214965 1171.3278292450077 0.43103448275862066 swap_t 100 1071.3172962665558 11.892838031436504 4.4 8.495 8.982509112740491 6.8716870299999995 9.449027349038461 10.067777777777778
0.7811791760292697 995.5629007548157 0.5294117647058824 0.9250950637987985 1168.3225891773752 0.43103448275862066 swap_t 100 1101.8727242946625 11.892838031436504 4.4 8.495 8.982509112740491 7.802970159699999 9.449027349038461 10.067777777777778
0.7811791760292697 995.5629007548157 0.5294117647058824 0.9268557177459649 1202.9777222673927 0.46551724137931033 t_move_k 100 1141.6424260139465 13.033909651122139 4.4 8.495 8.982509112740491 7.802970159699999 9.449027349038461 10.067777777777778
0.7811791760292697 995.5629007548157 0.5294117647058824 0.907189924637056 1167.112051037679 0.46551724137931033 swap_t 100 1160.6818215847015 13.033909651122139 4.4 8.495 8.982509112740491 8.724940458103 9.449027349038461 10.067777777777778
0.7811791760292697 995.5629007548157 0.5294117647058824 0.9001154121862324 1154.209843826071 0.46551724137931033 t_swap_r_k 100 1235.7276339530945 13.033909651122139 4.4 8.495 8.982509112740491 8.724940458103 10.394537075548076 10.067777777777778
0.7811791760292697 995.5629007548157 0.5294117647058824 0.9039216018930908 1161.1514173445203 0.46551724137931033 move_t 100 1266.3806903362274 13.033909651122139 5.516 8.495 8.982509112740491 8.724940458103 10.394537075548076 10.067777777777778
0.7811791760292697 995.5629007548157 0.5294117647058824 0.8986088772110716 1151.4622867956502 0.46551724137931033 t_swap_r_k 100 1346.8607685565948 13.033909651122139 5.516 8.495 8.982509112740491 8.724940458103 11.330591704792596 10.067777777777778
0.7811791760292697 995.5629007548157 0.5294117647058824 0.91526842906071 1181.8452978526934 0.46551724137931033 move_t 100 1377.194382429123 13.033909651122139 6.51084 8.495 8.982509112740491 8.724940458103 11.330591704792596 10.067777777777778
0.7811791760292697 995.5629007548157 0.5294117647058824 0.9333889665085855 1214.8927948446553 0.46551724137931033 t_move_k 100 1430.66543507576 13.993570554610917 6.51084 8.495 8.982509112740491 8.724940458103 11.330591704792596 10.067777777777778
0.7811791760292697 995.5629007548157 0.5294117647058824 0.9143370581766678 1180.1467016285292 0.46551724137931033 move_t 100 1464.2170996665955 13.993570554610917 7.4457316 8.495 8.982509112740491 8.724940458103 11.330591704792596 10.067777777777778
0.7811791760292697 995.5629007548157 0.5294117647058824 0.9071988446289969 1167.1283189551004 0.46551724137931033 f_swap_t 100 1499.7165253162384 13.993570554610917 7.4457316 8.495 9.922684021613087 8.724940458103 11.330591704792596 10.067777777777778
0.7811791760292697 995.5629007548157 0.5294117647058824 0.9056784654850151 1178.2634915257515 0.4807692307692308 t_move_k 100 1536.162915468216 14.993634849064808 7.4457316 8.495 9.922684021613087 8.724940458103 11.330591704792596 10.067777777777778
0.7811791760292697 995.5629007548157 0.5294117647058824 0.8927731228674596 1172.2634003312614 0.5 t_multiswap_k 100 1557.245317697525 14.993634849064808 7.4457316 8.495 9.922684021613087 8.724940458103 11.330591704792596 11.0071
0.7811791760292697 995.5629007548157 0.5294117647058824 0.8875950741200584 1178.5419483804703 0.5172413793103449 f_swap_t 100 1591.7393188476562 14.993634849064808 7.4457316 8.495 10.853457181396955 8.724940458103 11.330591704792596 11.0071
0.7811791760292697 995.5629007548157 0.5294117647058824 0.8972222334833021 1180.3775067763327 0.5 t_multiswap_k 100 1602.2799015045166 14.993634849064808 7.4457316 8.495 10.853457181396955 8.724940458103 11.330591704792596 11.967029
0.7811791760292697 995.5629007548157 0.5294117647058824 0.8763411092720359 1163.0199006942648 0.5227272727272727 t_multiswap_k 100 1627.7963378429413 14.993634849064808 7.4457316 8.495 10.853457181396955 8.724940458103 11.330591704792596 12.87735871
0.7811791760292697 995.5629007548157 0.5294117647058824 0.8722850444068497 1155.6226150554132 0.5227272727272727 swap_t 100 1657.1429271697998 14.993634849064808 7.4457316 8.495 10.853457181396955 9.667691053521969 11.330591704792596 12.87735871
0.7811791760292697 995.5629007548157 0.5294117647058824 0.8719729000749189 1155.0533389563893 0.5227272727272727 t_multiswap_k 100 1680.179141998291 14.993634849064808 7.4457316 8.495 10.853457181396955 9.667691053521969 11.330591704792596 13.7485851229
0.7811791760292697 995.5629007548157 0.5294117647058824 0.8863855726939571 1187.4340352237916 0.5294117647058824 t_swap_k 100 1735.5863163471222 14.993634849064808 7.4457316 9.61005 10.853457181396955 9.667691053521969 11.330591704792596 13.7485851229
0.7811791760292697 995.5629007548157 0.5294117647058824 0.855165210973093 1165.849234090204 0.5681818181818182 t_swap_k 100 1794.710317850113 14.993634849064808 7.4457316 10.673949499999999 10.853457181396955 9.667691053521969 11.330591704792596 13.7485851229
0.7811791760292697 995.5629007548157 0.5294117647058824 0.8609988119754757 1176.4883176236315 0.5681818181818182 t_move_k 100 1838.9454910755157 15.98369850057416 7.4457316 10.673949499999999 10.853457181396955 9.667691053521969 11.330591704792596 13.7485851229
0.7811791760292697 995.5629007548157 0.5294117647058824 0.8461136040630612 1149.3412826570764 0.5681818181818182 t_move_k 100 1892.8779261112213 16.94386151556842 7.4457316 10.673949499999999 10.853457181396955 9.667691053521969 11.330591704792596 13.7485851229
0.7811791760292697 995.5629007548157 0.5294117647058824 0.8417820341746984 1141.4415421958504 0.5681818181818182 swap_t 100 1929.6931176185608 16.94386151556842 7.4457316 10.673949499999999 10.853457181396955 10.601014142986749 11.330591704792596 13.7485851229
0.7811791760292697 995.5629007548157 0.5294117647058824 0.840020347368059 1138.2286496637898 0.5681818181818182 t_move_k 100 1991.0648982524872 17.834422900412733 7.4457316 10.673949499999999 10.853457181396955 10.601014142986749 11.330591704792596 13.7485851229
0.7811791760292697 995.5629007548157 0.5294117647058824 0.860276374230313 1170.7226677404938 0.5689655172413793 swap_t 100 2031.194013118744 17.834422900412733 7.4457316 10.673949499999999 10.853457181396955 11.595004001556882 11.330591704792596 13.7485851229
0.7811791760292697 995.5629007548157 0.5294117647058824 0.8496500479281786 1155.7909047133146 0.5681818181818182 t_swap_r_k 100 2099.4297971725464 17.834422900412733 7.4457316 10.673949499999999 10.853457181396955 11.595004001556882 12.25728578774467 13.7485851229
0.7811791760292697 995.5629007548157 0.5294117647058824 0.8532757601220538 1180.689686383146 0.5882352941176471 t_move_k 100 2150.646479845047 18.786078671408607 7.4457316 10.673949499999999 10.853457181396955 11.595004001556882 12.25728578774467 13.7485851229
0.7811791760292697 995.5629007548157 0.5294117647058824 0.8606822300141073 1183.8819239086663 0.5769230769230769 swap_t 100 2174.023998260498 18.786078671408607 7.4457316 10.673949499999999 10.853457181396955 12.529053961541313 12.25728578774467 13.7485851229
0.7811791760292697 995.5629007548157 0.5294117647058824 0.8515020396839741 1177.4548474049623 0.5882352941176471 t_multiswap_k 100 2200.1710102558136 18.786078671408607 7.4457316 10.673949499999999 10.853457181396955 12.529053961541313 12.25728578774467 14.641099271671
0.7811791760292697 995.5629007548157 0.5294117647058824 0.8457361936687875 1166.9393326532 0.5882352941176471 swap_t 100 2234.7916898727417 18.786078671408607 7.4457316 10.673949499999999 10.853457181396955 13.4037634219259 12.25728578774467 14.641099271671
0.7811791760292697 995.5629007548157 0.5294117647058824 0.8454038270373043 1166.333175949197 0.5882352941176471 t_swap_k 100 2284.4909999370575 18.786078671408607 7.4457316 11.567210005 10.853457181396955 13.4037634219259 12.25728578774467 14.641099271671
0.7811791760292697 995.5629007548157 0.5294117647058824 0.8354926443605608 1148.2575652980975 0.5882352941176471 t_move_k 100 2334.0743222236633 19.65821788469452 7.4457316 11.567210005 10.853457181396955 13.4037634219259 12.25728578774467 14.641099271671
0.7811791760292697 995.5629007548157 0.5294117647058824 0.8408332261675759 1157.997500535137 0.5882352941176471 t_move_k 100 2391.002181529999 20.541635705847575 7.4457316 11.567210005 10.853457181396955 13.4037634219259 12.25728578774467 14.641099271671
0.7811791760292697 995.5629007548157 0.5294117647058824 0.8328324686549513 1143.4060453648667 0.5882352941176471 t_move_k 100 2436.808308839798 21.3362193487891 7.4457316 11.567210005 10.853457181396955 13.4037634219259 12.25728578774467 14.641099271671
0.7811791760292697 995.5629007548157 0.5294117647058824 0.842810129482938 1161.6028961563075 0.5882352941176471 move_t 100 2474.247182369232 21.3362193487891 8.511274284 11.567210005 10.853457181396955 13.4037634219259 12.25728578774467 14.641099271671
0.7811791760292697 995.5629007548157 0.5294117647058824 0.8377849020129357 1166.310499049728 0.603448275862069 swap_t 100 2500.295140504837 21.3362193487891 8.511274284 11.567210005 10.853457181396955 14.309725787706641 12.25728578774467 14.641099271671
0.7811791760292697 995.5629007548157 0.5294117647058824 0.8314507754508629 1154.7585774188742 0.603448275862069 t_move_k 100 2540.1236741542816 22.122857155301208 8.511274284 11.567210005 10.853457181396955 14.309725787706641 12.25728578774467 14.641099271671
0.7811791760292697 995.5629007548157 0.5294117647058824 0.8281533994667907 1148.7449576116003 0.603448275862069 f_swap_t 100 2577.5376393795013 22.122857155301208 8.511274284 11.567210005 11.744922609582986 14.309725787706641 12.25728578774467 14.641099271671
0.7811791760292697 995.5629007548157 0.5294117647058824 0.8257160848381013 1153.5901920551096 0.6136363636363636 t_multiswap_k 100 2596.300053358078 22.122857155301208 8.511274284 11.567210005 11.744922609582986 14.309725787706641 12.25728578774467 15.55468827895429
0.7811791760292697 995.5629007548157 0.5294117647058824 0.8635920214985846 1229.0985329198015 0.6206896551724138 move_t 100 2635.8784494400024 22.122857155301208 9.506161541160001 11.567210005 11.744922609582986 14.309725787706641 12.25728578774467 15.55468827895429
0.7811791760292697 995.5629007548157 0.5294117647058824 0.8501544958520499 1204.5917218133059 0.6206896551724138 t_move_k 100 2686.952234506607 22.931628583748196 9.506161541160001 11.567210005 11.744922609582986 14.309725787706641 12.25728578774467 15.55468827895429
0.7811791760292697 995.5629007548157 0.5294117647058824 0.8460431543002198 1197.0936248082985 0.6206896551724138 t_swap_r_k 100 2753.660714149475 22.931628583748196 9.506161541160001 11.567210005 11.744922609582986 14.309725787706641 13.174712929867225 15.55468827895429
0.7811791760292697 995.5629007548157 0.5294117647058824 0.8341358442641799 1188.076147146298 0.6346153846153846 t_swap_k 100 2794.0275576114655 22.931628583748196 9.506161541160001 12.57153790495 11.744922609582986 14.309725787706641 13.174712929867225 15.55468827895429
0.7811791760292697 995.5629007548157 0.5294117647058824 0.8281931721547164 1177.2381441772009 0.6346153846153846 swap_t 100 2819.7025651931763 22.931628583748196 9.506161541160001 12.57153790495 11.744922609582986 15.166628529829575 13.174712929867225 15.55468827895429
0.7811791760292697 995.5629007548157 0.5294117647058824 0.8249608129974391 1171.3430994063522 0.6346153846153846 t_move_k 100 2859.7381002902985 23.702312297910716 9.506161541160001 12.57153790495 11.744922609582986 15.166628529829575 13.174712929867225 15.55468827895429
0.7811791760292697 995.5629007548157 0.5294117647058824 0.8237969964337739 1169.220578234033 0.6346153846153846 move_t 100 2902.7002336978912 23.702312297910716 10.4410999257484 12.57153790495 11.744922609582986 15.166628529829575 13.174712929867225 15.55468827895429
0.7811791760292697 995.5629007548157 0.5294117647058824 0.8324971311729944 1185.0875290599183 0.6346153846153846 t_swap_k 100 2966.1432547569275 23.702312297910716 10.4410999257484 13.5358225259005 11.744922609582986 15.166628529829575 13.174712929867225 15.55468827895429
0.7811791760292697 995.5629007548157 0.5294117647058824 0.8478784151784274 1184.7186366082544 0.603448275862069 move_t 100 3001.152132511139 23.702312297910716 11.456688926490916 13.5358225259005 11.744922609582986 15.166628529829575 13.174712929867225 15.55468827895429
0.7811791760292697 995.5629007548157 0.5294117647058824 0.8416605018059296 1173.3786598517704 0.603448275862069 swap_t 100 3030.294506549835 23.702312297910716 11.456688926490916 13.5358225259005 11.744922609582986 16.01496224453128 13.174712929867225 15.55468827895429
0.7811791760292697 995.5629007548157 0.5294117647058824 0.8377774464149977 1166.296901834351 0.603448275862069 swap_t 100 3061.5316829681396 23.702312297910716 11.456688926490916 13.5358225259005 11.744922609582986 16.884812622085967 13.174712929867225 15.55468827895429
0.7811791760292697 995.5629007548157 0.5294117647058824 0.9121388429249246 1166.1327377025536 0.45454545454545453 t_swap_r_k 100 3145.9902176856995 23.702312297910716 11.456688926490916 13.5358225259005 11.744922609582986 16.884812622085967 14.082965800568552 15.55468827895429
0.7811791760292697 995.5629007548157 0.5294117647058824 0.9121388429249246 1166.1327377025536 0.45454545454545453 t_swap_r_k 100 3216.019110441208 23.702312297910716 11.456688926490916 13.5358225259005 11.744922609582986 16.884812622085967 14.982136142562865 15.55468827895429
0.7811791760292697 995.5629007548157 0.5294117647058824 0.9066550023135048 1156.1315329021108 0.45454545454545453 t_multiswap_k 100 3243.2780294418335 23.702312297910716 11.456688926490916 13.5358225259005 11.744922609582986 16.884812622085967 14.982136142562865 16.429141396164745
0.7811791760292697 995.5629007548157 0.5294117647058824 0.9048939507266204 1152.9197988579267 0.45454545454545453 f_swap_t 100 3287.1448056697845 23.702312297910716 11.456688926490916 13.5358225259005 12.657473383487156 16.884812622085967 14.982136142562865 16.429141396164745
0.7811791760292697 995.5629007548157 0.5294117647058824 0.9031971841927224 1149.8253052709483 0.45454545454545453 t_swap_r_k 100 3356.5278329849243 23.702312297910716 11.456688926490916 13.5358225259005 12.657473383487156 16.884812622085967 15.872314781137236 16.429141396164745
0.7811791760292697 995.5629007548157 0.5294117647058824 0.9102955020492495 1162.7709278103653 0.45454545454545453 f_swap_t 100 3395.318165540695 23.702312297910716 11.456688926490916 13.5358225259005 13.570898649652285 16.884812622085967 15.872314781137236 16.429141396164745
0.7811791760292697 995.5629007548157 0.5294117647058824 0.9180578279243647 1197.6520775208355 0.4772727272727273 move_t 100 3428.165060043335 23.702312297910716 12.492122037226007 13.5358225259005 13.570898649652285 16.884812622085967 15.872314781137236 16.429141396164745
0.7811791760292697 995.5629007548157 0.5294117647058824 0.8997658778492869 1164.291965171953 0.4772727272727273 t_swap_r_k 100 3505.195276737213 23.702312297910716 12.492122037226007 13.5358225259005 13.570898649652285 16.884812622085967 16.753591633325865 16.429141396164745
0.7811791760292697 995.5629007548157 0.5294117647058824 0.8961669829923373 1157.7284475444242 0.4772727272727273 f_swap_t 100 3528.3817749023438 23.702312297910716 12.492122037226007 13.5358225259005 14.435189663155763 16.884812622085967 16.753591633325865 16.429141396164745
0.7811791760292697 995.5629007548157 0.5294117647058824 0.8725954135351399 1203.2957691556542 0.5681818181818182 move_t 100 3569.944706439972 23.702312297910716 13.547200816853747 13.5358225259005 14.435189663155763 16.884812622085967 16.753591633325865 16.429141396164745
0.7811791760292697 995.5629007548157 0.5294117647058824 0.8627271568484673 1196.0771038070984 0.5862068965517241 move_t 100 3602.5862369537354 23.702312297910716 14.52172880868521 13.5358225259005 14.435189663155763 16.884812622085967 16.753591633325865 16.429141396164745
0.7811791760292697 995.5629007548157 0.5294117647058824 0.8435431191897202 1161.0900385147572 0.5862068965517241 swap_t 100 3626.984362602234 23.702312297910716 14.52172880868521 13.5358225259005 14.435189663155763 17.71596449586511 16.753591633325865 16.429141396164745
0.7811791760292697 995.5629007548157 0.5294117647058824 0.8405291021427213 1159.8810323019397 0.5909090909090909 t_move_k 100 3664.280747652054 24.49528917493161 14.52172880868521 13.5358225259005 14.435189663155763 17.71596449586511 16.753591633325865 16.429141396164745
0.7811791760292697 995.5629007548157 0.5294117647058824 0.850117365329337 1177.3677155600558 0.5909090909090909 swap_t 100 3693.799441576004 24.49528917493161 14.52172880868521 13.5358225259005 14.435189663155763 18.548804850906457 16.753591633325865 16.429141396164745
0.7811791760292697 995.5629007548157 0.5294117647058824 0.8448450568593442 1167.7522944499487 0.5909090909090909 swap_t 100 3715.47896361351 24.49528917493161 14.52172880868521 13.5358225259005 14.435189663155763 19.363316802397392 16.753591633325865 16.429141396164745
0.7811791760292697 995.5629007548157 0.5294117647058824 0.9117854006817327 1159.7710306585923 0.4482758620689655 t_swap_r_k 100 3779.8053855895996 24.49528917493161 14.52172880868521 13.5358225259005 14.435189663155763 19.363316802397392 17.626055716992607 16.429141396164745
0.7811791760292697 995.5629007548157 0.5294117647058824 0.9477305065950662 1256.7703727310109 0.4827586206896552 move_t 100 3806.265072822571 24.49528917493161 15.506511520598359 13.5358225259005 14.435189663155763 19.363316802397392 17.626055716992607 16.429141396164745
0.7811791760292697 995.5629007548157 0.5294117647058824 0.905060586968365 1256.8463854086872 0.5681818181818182 t_multiswap_k 100 3835.356957912445 24.49528917493161 15.506511520598359 13.5358225259005 14.435189663155763 19.363316802397392 17.626055716992607 17.3548499822031
0.7811791760292697 995.5629007548157 0.5294117647058824 0.8767782357556249 1246.7152598796195 0.6136363636363636 t_move_k 100 3873.1016058921814 25.430336283182292 15.506511520598359 13.5358225259005 14.435189663155763 19.363316802397392 17.626055716992607 17.3548499822031
0.7811791760292697 995.5629007548157 0.5294117647058824 0.8582323980788504 1219.3238703662646 0.6206896551724138 t_multiswap_k 100 3902.5673501491547 25.430336283182292 15.506511520598359 13.5358225259005 14.435189663155763 19.363316802397392 17.626055716992607 18.211301482381067
0.7811791760292697 995.5629007548157 0.5294117647058824 0.8523577983191524 1208.6100149717402 0.6206896551724138 swap_t 100 3930.1442296504974 25.430336283182292 15.506511520598359 13.5358225259005 14.435189663155763 20.169683634373417 17.626055716992607 18.211301482381067
0.7811791760292697 995.5629007548157 0.5294117647058824 0.8513499789192942 1221.064778810751 0.6363636363636364 f_swap_t 100 3957.7843804359436 25.430336283182292 15.506511520598359 13.5358225259005 15.320837766524205 20.169683634373417 17.626055716992607 18.211301482381067
0.7811791760292697 995.5629007548157 0.5294117647058824 0.8437704506108545 1207.241544279536 0.6363636363636364 t_multiswap_k 100 3975.9643642902374 25.430336283182292 15.506511520598359 13.5358225259005 15.320837766524205 20.169683634373417 17.626055716992607 19.02918846755726
0.7811791760292697 995.5629007548157 0.5294117647058824 0.8428682947794457 1205.5962292765714 0.6363636363636364 t_swap_r_k 100 4039.1892495155334 25.430336283182292 15.506511520598359 13.5358225259005 15.320837766524205 20.169683634373417 18.48979515982268 19.02918846755726
0.7811791760292697 995.5629007548157 0.5294117647058824 0.8962493936142244 1205.4232694354957 0.5294117647058824 t_swap_r_k 100 4103.617815732956 25.430336283182292 15.506511520598359 13.5358225259005 15.320837766524205 20.169683634373417 19.374897208224453 19.02918846755726