22

Similarity 1
0.0

Similarity combination matrix:
0.6071428571428571 0.21428571428571427 0.03571428571428571 0.2857142857142857 0.7857142857142857 0.0
0.53125 0.5625 0.21875 0.03125 0.25 0.09375
0.26666666666666666 0.6333333333333333 0.4666666666666667 0.26666666666666666 0.1 0.36666666666666664
0.0 0.3125 0.40625 0.59375 0.25 0.3125
0.19444444444444445 0.25 0.3333333333333333 0.6111111111111112 0.5277777777777778 0.1388888888888889
0.0 0.0 0.0 0.0 0.0 0.0

Similarity combination pairings:
(np.int64(0), np.int64(4)) (np.int64(1), np.int64(0)) (np.int64(2), np.int64(1)) (np.int64(3), np.int64(2)) (np.int64(4), np.int64(3)) (np.int64(5), np.int64(5))
0.7857142857142857 0.53125 0.6333333333333333 0.40625 0.6111111111111112 0.0

Similarity 2
0.0

Similarity combination matrix:
0.0 0.0 0.0 0.0 0.017857142857142856 0.0
0.03571428571428571 0.017857142857142856 0.041666666666666664 0.0 0.0 0.0
0.0 0.020833333333333332 0.017857142857142856 0.03125 0.0 0.0
0.0 0.0 0.041666666666666664 0.041666666666666664 0.020833333333333332 0.020833333333333332
0.0 0.0 0.03571428571428571 0.0 0.020833333333333332 0.020833333333333332
0.0 0.0 0.0 0.0 0.0 0.0

Similarity combination pairings:
(np.int64(0), np.int64(4)) (np.int64(1), np.int64(0)) (np.int64(2), np.int64(1)) (np.int64(3), np.int64(3)) (np.int64(4), np.int64(2)) (np.int64(5), np.int64(5))
0.017857142857142856 0.03571428571428571 0.020833333333333332 0.041666666666666664 0.03571428571428571 0.0

Similarity 3
0.0

Similarity combination matrix:
0.0 0.0 0.0 0.0 0.019230769230769232 0.0
0.038461538461538464 0.019230769230769232 0.045454545454545456 0.0 0.0 0.0
0.0 0.022727272727272728 0.019230769230769232 0.03571428571428571 0.0 0.0
0.0 0.0 0.045454545454545456 0.045454545454545456 0.022727272727272728 0.022727272727272728
0.0 0.0 0.038461538461538464 0.0 0.022727272727272728 0.022727272727272728
0.0 0.0 0.0 0.0 0.0 0.0

Similarity combination pairings:
(np.int64(0), np.int64(4)) (np.int64(1), np.int64(0)) (np.int64(2), np.int64(1)) (np.int64(3), np.int64(3)) (np.int64(4), np.int64(2)) (np.int64(5), np.int64(5))
0.019230769230769232 0.038461538461538464 0.022727272727272728 0.045454545454545456 0.038461538461538464 0.0
