31

Similarity 1
0.0

Similarity combination matrix:
0.2903225806451613 0.45161290322580644 0.1935483870967742 0.3548387096774194 0.1935483870967742 0.25806451612903225 0.3548387096774194 0.1935483870967742 0.0
0.25 0.35 0.3 0.175 0.175 0.225 0.2 0.15 0.0
0.16666666666666666 0.4666666666666667 0.3333333333333333 0.43333333333333335 0.2 0.3 0.16666666666666666 0.2 0.0
0.1 0.4666666666666667 0.3333333333333333 0.3 0.36666666666666664 0.26666666666666666 0.26666666666666666 0.2 0.0
0.21052631578947367 0.10526315789473684 0.2631578947368421 0.23684210526315788 0.2894736842105263 0.39473684210526316 0.3157894736842105 0.21052631578947367 0.0
0.16 0.16 0.24 0.28 0.56 0.44 0.4 0.32 0.0
0.15625 0.34375 0.3125 0.21875 0.34375 0.46875 0.3125 0.1875 0.0
0.23529411764705882 0.17647058823529413 0.35294117647058826 0.4117647058823529 0.4117647058823529 0.35294117647058826 0.4117647058823529 0.29411764705882354 0.0
0.0 0.0 0.0 0.0 0.0 0.0 0.0 0.0 0.0

Similarity combination pairings:
(np.int64(0), np.int64(0)) (np.int64(1), np.int64(2)) (np.int64(2), np.int64(3)) (np.int64(3), np.int64(1)) (np.int64(4), np.int64(7)) (np.int64(5), np.int64(4)) (np.int64(6), np.int64(5)) (np.int64(7), np.int64(6)) (np.int64(8), np.int64(8))
0.2903225806451613 0.3 0.43333333333333335 0.4666666666666667 0.21052631578947367 0.56 0.46875 0.4117647058823529 0.0

Similarity 2
0.0

Similarity combination matrix:
0.047619047619047616 0.0 0.0 0.0 0.0 0.023809523809523808 0.0 0.0 0.0
0.0 0.0 0.0 0.0 0.020833333333333332 0.0 0.0 0.0 0.0
0.0 0.0 0.0 0.05185185185185185 0.0 0.0 0.03333333333333333 0.037037037037037035 0.0
0.0 0.042328042328042326 0.0 0.0 0.023809523809523808 0.0 0.0 0.0 0.0
0.0 0.0 0.0 0.0 0.0 0.042328042328042326 0.0 0.0 0.0
0.023809523809523808 0.0 0.0 0.0 0.0 0.0 0.0 0.0 0.0
0.023809523809523808 0.0 0.0 0.0 0.06084656084656084 0.03333333333333333 0.0 0.0 0.0
0.0 0.05158730158730159 0.0 0.0 0.0 0.0 0.0 0.0 0.0
0.0 0.0 0.0 0.0 0.0 0.0 0.0 0.0 0.0

Similarity combination pairings:
(np.int64(0), np.int64(0)) (np.int64(1), np.int64(6)) (np.int64(2), np.int64(3)) (np.int64(3), np.int64(7)) (np.int64(4), np.int64(5)) (np.int64(5), np.int64(2)) (np.int64(6), np.int64(4)) (np.int64(7), np.int64(1)) (np.int64(8), np.int64(8))
0.047619047619047616 0.0 0.05185185185185185 0.0 0.042328042328042326 0.0 0.06084656084656084 0.05158730158730159 0.0

Similarity 3
0.0

Similarity combination matrix:
0.05555555555555555 0.0 0.0 0.0 0.0 0.027777777777777776 0.0 0.0 0.0
0.0 0.0 0.0 0.0 0.047619047619047616 0.0 0.0 0.0 0.0
0.0 0.0 0.0 0.0625 0.0 0.0 0.041666666666666664 0.041666666666666664 0.0
0.0 0.048611111111111105 0.0 0.0 0.027777777777777776 0.0 0.0 0.0 0.0
0.0 0.0 0.0 0.0 0.0 0.048611111111111105 0.0 0.0 0.0
0.027777777777777776 0.0 0.0 0.0 0.0 0.0 0.0 0.0 0.0
0.027777777777777776 0.0 0.0 0.0 0.06944444444444443 0.041666666666666664 0.0 0.0 0.0
0.0 0.061111111111111116 0.0 0.0 0.0 0.0 0.0 0.0 0.0
0.0 0.0 0.0 0.0 0.0 0.0 0.0 0.0 0.0

Similarity combination pairings:
(np.int64(0), np.int64(0)) (np.int64(1), np.int64(6)) (np.int64(2), np.int64(3)) (np.int64(3), np.int64(7)) (np.int64(4), np.int64(5)) (np.int64(5), np.int64(2)) (np.int64(6), np.int64(4)) (np.int64(7), np.int64(1)) (np.int64(8), np.int64(8))
0.05555555555555555 0.0 0.0625 0.0 0.048611111111111105 0.0 0.06944444444444443 0.061111111111111116 0.0
