9
1 100 8 200

Solution history:
B_obj   B_dis   B_sim   C_obj   C_dis   C_sim   neighbor   iterations   time   scores
1.0 1279.3306822900365 1.0 1.0 1279.3306822900365 1.0 0 0 0 0.0 3.0 0.0 3.0 3.0 0.0 3.0
1.0 1279.3306822900365 1.0 1.0 1279.3306822900365 1.0 f_swap_t 100 23.95043420791626 0.0 3.0 0.0 3.9699999999999998 3.0 0.0 3.0
1.0 1279.3306822900365 1.0 1.0 1279.3306822900365 1.0 move_t 100 30.566977977752686 0.0 3.9699999999999998 0.0 3.9699999999999998 3.0 0.0 3.0
1.0 1279.3306822900365 1.0 1.0 1279.3306822900365 1.0 t_multiswap_k 100 31.232727527618408 0.0 3.9699999999999998 0.0 3.9699999999999998 3.0 0.0 3.9699999999999998
1.0 1279.3306822900365 1.0 1.0 1279.3306822900365 1.0 f_swap_t 100 43.7939727306366 0.0 3.9699999999999998 0.0 4.9303 3.0 0.0 3.9699999999999998
1.0 1279.3306822900365 1.0 1.0 1279.3306822900365 1.0 swap_t 100 64.22976350784302 0.0 3.9699999999999998 0.0 4.9303 3.9699999999999998 0.0 3.9699999999999998
1.0 1279.3306822900365 1.0 1.0 1279.3306822900365 1.0 t_multiswap_k 100 64.84825038909912 0.0 3.9699999999999998 0.0 4.9303 3.9699999999999998 0.0 4.9303
1.0 1279.3306822900365 1.0 1.0 1279.3306822900365 1.0 swap_t 100 89.00862288475037 0.0 3.9699999999999998 0.0 4.9303 4.9303 0.0 4.9303
1.0 1279.3306822900365 1.0 1.0469857503846902 1306.2514901714724 0.0 swap_t 100 106.94027614593506 0.0 3.9699999999999998 0.0 4.9303 5.890997 0.0 4.9303
1.0 1279.3306822900365 1.0 1.0831097758131798 1392.5189331784804 0.0 swap_t 100 123.80578303337097 0.0 3.9699999999999998 0.0 4.9303 6.9120870299999995 0.0 4.9303
1.0 1279.3306822900365 1.0 1.047595301700182 1307.707153895138 0.0 move_t 100 138.26849341392517 0.0 5.0203 0.0 4.9303 6.9120870299999995 0.0 4.9303
1.0 1279.3306822900365 1.0 1.1168131237879946 1473.0055792838077 0.0 swap_t 100 161.14088582992554 0.0 5.0203 0.0 4.9303 7.902966159699999 0.0 4.9303
1.0 1279.3306822900365 1.0 1.088609560645991 1405.6529172510625 0.0 f_swap_t 100 172.77286577224731 0.0 5.0203 0.0 5.920997 7.902966159699999 0.0 4.9303
1.0 1279.3306822900365 1.0 1.0828611470233391 1391.9251851201434 0.0 swap_t 100 186.47970128059387 0.0 5.0203 0.0 5.920997 8.853936498103 0.0 4.9303
1.0 1279.3306822900365 1.0 1.0749416881685125 1373.012800431523 0.0 swap_t 100 195.68273091316223 0.0 5.0203 0.0 5.920997 9.79539713312197 0.0 4.9303
1.0 1279.3306822900365 1.0 1.0854714919467563 1398.1589251100372 0.0 swap_t 100 208.76006627082825 0.0 5.0203 0.0 5.920997 10.82744316179075 0.0 4.9303
1.0 1279.3306822900365 1.0 1.0599872126153411 1337.3001589919156 0.0 swap_t 100 227.59922313690186 0.0 5.0203 0.0 5.920997 11.779168730172843 0.0 4.9303
1.0 1279.3306822900365 1.0 1.0771007274421103 1378.1687816732506 0.0 swap_t 100 245.01419734954834 0.0 5.0203 0.0 5.920997 12.781377042871116 0.0 4.9303
1.0 1279.3306822900365 1.0 1.0572154621853662 1330.6809680404292 0.0 t_multiswap_k 100 246.10984539985657 0.0 5.0203 0.0 5.920997 12.781377042871116 0.0 5.880997
1.0 1279.3306822900365 1.0 1.0463936677464907 1304.8375432306082 0.0 f_swap_t 100 265.9352219104767 0.0 5.0203 0.0 6.991787029999999 12.781377042871116 0.0 5.880997
1.0 1279.3306822900365 1.0 1.0297831186873283 1265.1700483354714 0.0 move_t 100 281.98738837242126 0.0 6.030097 0.0 6.991787029999999 12.781377042871116 0.0 5.880997
1.0 1279.3306822900365 1.0 1.014489885324255 1228.6484225783008 0.0 swap_t 100 299.22181582450867 0.0 6.030097 0.0 6.991787029999999 13.773563272442404 0.0 5.880997
1.0 1279.3306822900365 1.0 1.014489885324255 1228.6484225783008 0.0 t_multiswap_k 100 300.360888004303 0.0 6.030097 0.0 6.991787029999999 13.773563272442404 0.0 6.82218703
1.0 1279.3306822900365 1.0 1.0450517441215443 1301.6329081307915 0.0 move_t 100 312.3071186542511 0.0 7.23979603 0.0 6.991787029999999 13.773563272442404 0.0 6.82218703
1.0 1279.3306822900365 1.0 1.0753333056680525 1373.9480184732938 0.0 f_swap_t 100 331.8580093383789 0.0 7.23979603 0.0 8.0918691597 13.773563272442404 0.0 6.82218703
1.0 1279.3306822900365 1.0 1.0856148123326674 1407.280931759412 0.007352941176470588 swap_t 100 347.9273490905762 0.0 7.23979603 0.0 8.0918691597 14.70582763971798 0.0 6.82218703
1.0 1279.3306822900365 1.0 1.0743603584419295 1380.404277010173 0.007352941176470588 t_multiswap_k 100 348.79690647125244 0.0 7.23979603 0.0 8.0918691597 14.70582763971798 0.0 7.7539651597
1.0 1279.3306822900365 1.0 1.068809019596988 1367.1471772894733 0.007352941176470588 t_multiswap_k 100 349.21538829803467 0.0 7.23979603 0.0 8.0918691597 14.70582763971798 0.0 8.676425508103
1.0 1279.3306822900365 1.0 1.0905181875014383 1418.9906355616995 0.007352941176470588 swap_t 100 371.0962519645691 0.0 7.23979603 0.0 8.0918691597 15.6287693633208 0.0 8.676425508103
1.0 1279.3306822900365 1.0 1.0691892291748815 1388.316101242648 0.024321266968325792 swap_t 100 397.8040099143982 0.0 7.23979603 0.0 8.0918691597 16.59248166968759 0.0 8.676425508103
1.0 1279.3306822900365 1.0 1.0601560943680817 1366.7441575603796 0.024321266968325792 swap_t 100 421.9181327819824 0.0 7.23979603 0.0 8.0918691597 17.426556852990714 0.0 8.676425508103
1.0 1279.3306822900365 1.0 1.0597282825262753 1365.7225041526272 0.024321266968325792 t_multiswap_k 100 423.33720898628235 0.0 7.23979603 0.0 8.0918691597 17.426556852990714 0.0 9.58966125302197
1.0 1279.3306822900365 1.0 1.1460441620226445 1542.8119448544226 0.0 swap_t 100 444.6125109195709 0.0 7.23979603 0.0 8.0918691597 18.47229128446081 0.0 9.58966125302197
1.0 1279.3306822900365 1.0 1.119991858353041 1500.8576342548922 0.016968325791855206 swap_t 100 466.0089497566223 0.0 7.23979603 0.0 8.0918691597 19.3875683716162 0.0 9.58966125302197
1.0 1279.3306822900365 1.0 1.142078650722135 1544.8231493416563 0.009615384615384616 move_t 100 477.96927404403687 0.0 8.3473980697 0.0 8.0918691597 19.3875683716162 0.0 9.58966125302197
1.0 1279.3306822900365 1.0 1.118579804422772 1486.0043171691884 0.007352941176470588 t_multiswap_k 100 479.1822729110718 0.0 8.3473980697 0.0 8.0918691597 19.3875683716162 0.0 10.493764640491749
1.0 1279.3306822900365 1.0 1.1172535872934901 1482.8371906029167 0.007352941176470588 swap_t 100 493.4632377624512 0.0 8.3473980697 0.0 8.0918691597 20.19369268790004 0.0 10.493764640491749
1.0 1279.3306822900365 1.0 1.1172535872934901 1482.8371906029167 0.007352941176470588 t_multiswap_k 100 494.5637879371643 0.0 8.3473980697 0.0 8.0918691597 20.19369268790004 0.0 11.388826994086832
1.0 1279.3306822900365 1.0 1.1454614713606563 1552.901631270927 0.009615384615384616 swap_t 100 509.53171372413635 0.0 8.3473980697 0.0 8.0918691597 21.08175576102104 0.0 11.388826994086832
1.0 1279.3306822900365 1.0 1.130014754993911 1504.5322697383476 0.0 swap_t 100 531.1098434925079 0.0 8.3473980697 0.0 8.0918691597 22.16093820341083 0.0 11.388826994086832
1.0 1279.3306822900365 1.0 1.1500444192099148 1552.364921158222 0.0 f_swap_t 100 551.6579010486603 0.0 8.3473980697 0.0 9.080950468103 22.16093820341083 0.0 11.388826994086832
1.0 1279.3306822900365 1.0 1.1279405905906739 1499.5789773707065 0.0 move_t 100 567.8878347873688 0.0 9.363924089003 0.0 9.080950468103 22.16093820341083 0.0 11.388826994086832
1.0 1279.3306822900365 1.0 1.079124150732917 1401.65785693123 0.015625 swap_t 100 590.2764902114868 0.0 9.363924089003 0.0 9.080950468103 23.09932882137672 0.0 11.388826994086832
1.0 1279.3306822900365 1.0 1.0704451582838757 1380.9316372595588 0.015625 t_multiswap_k 100 590.7355034351349 0.0 9.363924089003 0.0 9.080950468103 23.09932882137672 0.0 12.274938724145963
1.0 1279.3306822900365 1.0 1.0675881875490725 1374.1089325052058 0.015625 t_multiswap_k 100 591.4908585548401 0.0 9.363924089003 0.0 9.080950468103 23.09932882137672 0.0 13.152189336904504
1.0 1279.3306822900365 1.0 1.0675881875490725 1374.1089325052058 0.015625 swap_t 100 610.3887221813202 0.0 9.363924089003 0.0 9.080950468103 23.868335533162952 0.0 13.152189336904504
1.0 1279.3306822900365 1.0 1.0867676095806833 1419.9111286168957 0.015625 move_t 100 627.1906838417053 0.0 10.47028484811297 0.0 9.080950468103 23.868335533162952 0.0 13.152189336904504
1.0 1279.3306822900365 1.0 1.06401837160281 1365.5838888524895 0.015625 swap_t 100 641.8197693824768 0.0 10.47028484811297 0.0 9.080950468103 24.689652177831324 0.0 13.152189336904504
1.0 1279.3306822900365 1.0 1.0596611888903853 1355.1785420823928 0.015625 f_swap_t 100 655.4776585102081 0.0 10.47028484811297 0.0 9.99014096342197 24.689652177831324 0.0 13.152189336904504
1.0 1279.3306822900365 1.0 1.0664363293849606 1364.1824381399056 0.009615384615384616 move_t 100 668.3649189472198 0.0 11.52558199963184 0.0 9.99014096342197 24.689652177831324 0.0 13.152189336904504
1.0 1279.3306822900365 1.0 1.0712387823037355 1375.6511304727796 0.009615384615384616 f_swap_t 100 686.4614038467407 0.0 11.52558199963184 0.0 11.02023955378775 24.689652177831324 0.0 13.152189336904504
1.0 1279.3306822900365 1.0 1.0913334754259496 1452.9571525025917 0.03416895604395605 swap_t 100 714.7612245082855 0.0 11.52558199963184 0.0 11.02023955378775 25.59275565605301 0.0 13.152189336904504
1.0 1279.3306822900365 1.0 1.070381877085277 1402.9228389309314 0.03416895604395605 t_multiswap_k 100 715.9174044132233 0.0 11.52558199963184 0.0 11.02023955378775 25.59275565605301 0.0 14.020667443535459
1.0 1279.3306822900365 1.0 1.0750106944894788 1402.4956694679709 0.024553571428571428 move_t 100 731.601457118988 0.0 12.58032617963552 0.0 11.02023955378775 25.59275565605301 0.0 14.020667443535459
1.0 1279.3306822900365 1.0 1.0695811086877136 1401.0105315045244 0.03416895604395605 move_t 100 750.2319142818451 0.0 13.554522917839165 0.0 11.02023955378775 25.59275565605301 0.0 14.020667443535459
1.0 1279.3306822900365 1.0 1.05276423183777 1385.7262501801265 0.055002289377289376 swap_t 100 768.1618158817291 0.0 13.554522917839165 0.0 11.02023955378775 26.336828099492482 0.0 14.020667443535459
1.0 1279.3306822900365 1.0 1.052352678600072 1372.3054522839454 0.044585622710622705 t_multiswap_k 100 769.1263957023621 0.0 13.554522917839165 0.0 11.02023955378775 26.336828099492482 0.0 14.880460769100104
1.0 1279.3306822900365 1.0 1.052352678600072 1372.3054522839454 0.044585622710622705 t_multiswap_k 100 770.5096628665924 0.0 13.554522917839165 0.0 11.02023955378775 26.336828099492482 0.0 15.731656161409102
1.0 1279.3306822900365 1.0 1.052352678600072 1372.3054522839454 0.044585622710622705 swap_t 100 781.9030084609985 0.0 13.554522917839165 0.0 11.02023955378775 27.073459818497557 0.0 15.731656161409102
1.0 1279.3306822900365 1.0 1.0560110941091083 1381.0420797134243 0.044585622710622705 move_t 100 797.1237769126892 0.0 14.488977688660773 0.0 11.02023955378775 27.073459818497557 0.0 15.731656161409102
1.0 1279.3306822900365 1.0 1.0754861091397983 1427.55017866675 0.044585622710622705 move_t 100 814.7686626911163 0.0 15.534087911774165 0.0 11.02023955378775 27.073459818497557 0.0 15.731656161409102
1.0 1279.3306822900365 1.0 1.0686502032013032 1420.0051610287687 0.051938563887093295 swap_t 100 831.3349695205688 0.0 15.534087911774165 0.0 11.02023955378775 27.832725220312582 0.0 15.731656161409102
1.0 1279.3306822900365 1.0 1.0686502032013032 1420.0051610287687 0.051938563887093295 swap_t 100 848.289359331131 0.0 15.534087911774165 0.0 11.02023955378775 28.554397968109456 0.0 15.731656161409102
1.0 1279.3306822900365 1.0 1.0633833913854307 1407.4275376115265 0.051938563887093295 swap_t 100 864.2031075954437 0.0 15.534087911774165 0.0 11.02023955378775 29.32885398842836 0.0 15.731656161409102
1.0 1279.3306822900365 1.0 1.052929574808505 1370.981672780903 0.04232317927170868 move_t 100 879.3832037448883 0.0 16.618747032656422 0.0 11.02023955378775 29.32885398842836 0.0 15.731656161409102
1.0 1279.3306822900365 1.0 1.068079747446903 1418.6428610442842 0.051938563887093295 f_swap_t 100 896.5561361312866 0.0 16.618747032656422 0.0 11.950037158249872 29.32885398842836 0.0 15.731656161409102
1.0 1279.3306822900365 1.0 1.0460859958098425 1378.5577625623316 0.06235523055375996 swap_t 100 911.3478157520294 0.0 16.618747032656422 0.0 11.950037158249872 30.155565448544078 0.0 15.731656161409102
1.0 1279.3306822900365 1.0 1.0460859958098425 1378.5577625623316 0.06235523055375996 swap_t 100 922.2028205394745 0.0 16.618747032656422 0.0 11.950037158249872 30.854009794058637 0.0 15.731656161409102
1.0 1279.3306822900365 1.0 1.0572563982222805 1405.2336947722656 0.06235523055375996 move_t 100 933.2333254814148 0.0 17.58255956232986 0.0 11.950037158249872 30.854009794058637 0.0 15.731656161409102
1.0 1279.3306822900365 1.0 1.0820234479735658 1440.4604757478774 0.04232317927170868 move_t 100 943.6160333156586 0.0 18.42673396670656 0.0 11.950037158249872 30.854009794058637 0.0 15.731656161409102
1.0 1279.3306822900365 1.0 1.0560601497562117 1389.9389736328021 0.051938563887093295 move_t 100 956.2086238861084 0.0 19.302466627039497 0.0 11.950037158249872 30.854009794058637 0.0 15.731656161409102
1.0 1279.3306822900365 1.0 1.0798506088344735 1446.7527436459834 0.051938563887093295 swap_t 100 967.2925882339478 0.0 19.302466627039497 0.0 11.950037158249872 31.68546969611805 0.0 15.731656161409102
1.0 1279.3306822900365 1.0 1.0510941696941976 1386.8595082709912 0.059291505063563885 move_t 100 981.1683495044708 0.0 20.289441960769103 0.0 11.950037158249872 31.68546969611805 0.0 15.731656161409102
1.0 1279.3306822900365 1.0 1.0638362715447587 1387.2913403308971 0.03416895604395605 swap_t 100 992.6486113071442 0.0 20.289441960769103 0.0 11.950037158249872 32.54861499915687 0.0 15.731656161409102
1.0 1279.3306822900365 1.0 1.0539621290774843 1372.4907388126771 0.04152189722042663 f_swap_t 100 1002.401184797287 0.0 20.289441960769103 0.0 12.860536786667373 32.54861499915687 0.0 15.731656161409102
1.0 1279.3306822900365 1.0 1.0539621290774843 1372.4907388126771 0.04152189722042663 t_multiswap_k 100 1002.9598088264465 0.0 20.289441960769103 0.0 12.860536786667373 32.54861499915687 0.0 16.57433959979501
1.0 1279.3306822900365 1.0 1.0511294791841337 1365.7261144294619 0.04152189722042663 f_swap_t 100 1013.7484679222107 0.0 20.289441960769103 0.0 13.7619314188007 32.54861499915687 0.0 16.57433959979501
1.0 1279.3306822900365 1.0 1.0395000145677615 1337.9539001179396 0.04152189722042663 move_t 100 1027.0616886615753 0.0 21.236547541161414 0.0 13.7619314188007 32.54861499915687 0.0 16.57433959979501
1.0 1279.3306822900365 1.0 1.0318000538380412 1332.003668330012 0.051938563887093295 f_swap_t 100 1044.28368806839 0.0 21.236547541161414 0.0 14.654312104612693 32.54861499915687 0.0 16.57433959979501
1.0 1279.3306822900365 1.0 1.031248278881419 1330.6859797817815 0.051938563887093295 swap_t 100 1057.8923439979553 0.0 21.236547541161414 0.0 14.654312104612693 33.2531288491653 0.0 16.57433959979501
1.0 1279.3306822900365 1.0 1.0311695707601793 1330.4980176628676 0.051938563887093295 swap_t 100 1071.2879197597504 0.0 21.236547541161414 0.0 14.654312104612693 33.95059756067365 0.0 16.57433959979501
1.0 1279.3306822900365 1.0 1.0303620721398294 1317.0884333872375 0.04232317927170868 swap_t 100 1092.7826719284058 0.0 21.236547541161414 0.0 14.654312104612693 34.611091585066916 0.0 16.57433959979501
1.0 1279.3306822900365 1.0 1.029076779408558 1314.0190379882729 0.04232317927170868 t_multiswap_k 100 1093.931384563446 0.0 21.236547541161414 0.0 14.654312104612693 34.611091585066916 0.0 17.40859620379706
1.0 1279.3306822900365 1.0 1.0289327828610446 1313.6751611969003 0.04232317927170868 swap_t 100 1108.0982880592346 0.0 21.236547541161414 0.0 14.654312104612693 35.294980669216244 0.0 17.40859620379706
1.0 1279.3306822900365 1.0 1.0336762918994045 1325.003090207193 0.04232317927170868 f_swap_t 100 1124.2109637260437 0.0 21.236547541161414 0.0 15.577768983566566 35.294980669216244 0.0 17.40859620379706
1.0 1279.3306822900365 1.0 1.0642227537502862 1366.8558776904842 0.016281512605042014 swap_t 100 1134.6342070102692 0.0 21.236547541161414 0.0 15.577768983566566 36.03203086252408 0.0 17.40859620379706
1.0 1279.3306822900365 1.0 1.05748943215583 1363.214067666759 0.02669817927170868 move_t 100 1143.1965441703796 0.0 22.0541820657498 0.0 15.577768983566566 36.03203086252408 0.0 17.40859620379706
1.0 1279.3306822900365 1.0 1.0529288264713905 1363.8041328916734 0.036313563887093295 swap_t 100 1159.237401008606 0.0 22.0541820657498 0.0 15.577768983566566 36.76171055389884 0.0 17.40859620379706
1.0 1279.3306822900365 1.0 1.065787773831275 1394.5124632989507 0.036313563887093295 swap_t 100 1175.6107332706451 0.0 22.0541820657498 0.0 15.577768983566566 37.65409344835985 0.0 17.40859620379706
1.0 1279.3306822900365 1.0 1.042373024672869 1338.5959225871522 0.036313563887093295 swap_t 100 1190.6122119426727 0.0 22.0541820657498 0.0 15.577768983566566 38.367552513876255 0.0 17.40859620379706
1.0 1279.3306822900365 1.0 1.0376258065989292 1303.3399600892708 0.016281512605042014 move_t 100 1205.546180009842 0.0 22.8336402450923 0.0 15.577768983566566 38.367552513876255 0.0 17.40859620379706
1.0 1279.3306822900365 1.0 1.0361698694202293 1299.8630503015197 0.016281512605042014 swap_t 100 1218.5766491889954 0.0 22.8336402450923 0.0 15.577768983566566 38.98387698873749 0.0 17.40859620379706
1.0 1279.3306822900365 1.0 1.0350858519025399 1308.755522801826 0.02589689722042663 swap_t 100 1233.8403315544128 0.0 22.8336402450923 0.0 15.577768983566566 39.62403821885012 0.0 17.40859620379706
1.0 1279.3306822900365 1.0 1.1081658511498258 1471.7959724196967 0.016281512605042014 f_swap_t 100 1248.1662652492523 0.0 22.8336402450923 0.0 16.5419912937309 39.62403821885012 0.0 17.40859620379706
1.0 1279.3306822900365 1.0 1.0738893485114853 1402.3785525974838 0.02669817927170868 swap_t 100 1262.709754705429 0.0 22.8336402450923 0.0 16.5419912937309 40.28779783666162 0.0 17.40859620379706
1.0 1279.3306822900365 1.0 1.067306617712279 1375.997277084275 0.017769607843137254 swap_t 100 1280.1199786663055 0.0 22.8336402450923 0.0 16.5419912937309 40.884919858295 0.0 17.40859620379706
1.0 1279.3306822900365 1.0 1.0573007042427807 1352.1022498904829 0.017769607843137254 swap_t 100 1296.3333275318146 0.0 22.8336402450923 0.0 16.5419912937309 41.56607065971205 0.0 17.40859620379706
1.0 1279.3306822900365 1.0 1.0573007042427807 1352.1022498904829 0.017769607843137254 t_multiswap_k 100 1297.565625667572 0.0 22.8336402450923 0.0 16.5419912937309 41.56607065971205 0.0 18.23451024175909
1.0 1279.3306822900365 1.0 1.0573483915225996 1362.8772498662913 0.02669817927170868 swap_t 100 1326.091240644455 0.0 22.8336402450923 0.0 16.5419912937309 42.37040995311493 0.0 18.23451024175909
1.0 1279.3306822900365 1.0 1.0461079198183176 1346.6951042786109 0.03562675070028011 f_swap_t 100 1349.5526931285858 0.0 22.8336402450923 0.0 17.43657138079359 42.37040995311493 0.0 18.23451024175909
1.0 1279.3306822900365 1.0 1.0461079198183176 1346.6951042786109 0.03562675070028011 f_swap_t 100 1366.0295689105988 0.0 22.8336402450923 0.0 18.262205666985654 42.37040995311493 0.0 18.23451024175909
1.0 1279.3306822900365 1.0 1.0846798496079653 1430.0286199140821 0.02827380952380952 swap_t 100 1383.416753768921 0.0 22.8336402450923 0.0 18.262205666985654 43.08670585358378 0.0 18.23451024175909
1.0 1279.3306822900365 1.0 1.0543250101754928 1366.3182599392198 0.03562675070028011 move_t 100 1397.4842658042908 0.0 23.725303842641377 0.0 18.262205666985654 43.08670585358378 0.0 18.23451024175909
1.0 1279.3306822900365 1.0 1.0543250101754928 1366.3182599392198 0.03562675070028011 t_multiswap_k 100 1398.7206163406372 0.0 23.725303842641377 0.0 18.262205666985654 43.08670585358378 0.0 19.052165139341497
1.0 1279.3306822900365 1.0 1.0518695829491578 1360.454477434553 0.03562675070028011 swap_t 100 1413.8371341228485 0.0 23.725303842641377 0.0 18.262205666985654 43.68583879504794 0.0 19.052165139341497
1.0 1279.3306822900365 1.0 1.0518695829491578 1360.454477434553 0.03562675070028011 f_swap_t 100 1430.1350464820862 0.0 23.725303842641377 0.0 19.079583610315797 43.68583879504794 0.0 19.052165139341497
1.0 1279.3306822900365 1.0 1.0518695829491578 1360.454477434553 0.03562675070028011 t_multiswap_k 100 1430.580724954605 0.0 23.725303842641377 0.0 19.079583610315797 43.68583879504794 0.0 19.861643487948083
1.0 1279.3306822900365 1.0 1.074445745646467 1414.3683977605829 0.03562675070028011 swap_t 100 1451.5402748584747 0.0 23.725303842641377 0.0 19.079583610315797 44.25898040709746 0.0 19.861643487948083
1.0 1279.3306822900365 1.0 1.0665796920337285 1374.365833524768 0.017857142857142856 move_t 100 1467.4546132087708 0.0 24.568050804214963 0.0 19.079583610315797 44.25898040709746 0.0 19.861643487948083
1.0 1279.3306822900365 1.0 1.0581115454211885 1352.2617589570104 0.016281512605042014 t_multiswap_k 100 1468.2692804336548 0.0 24.568050804214963 0.0 19.079583610315797 44.25898040709746 0.0 20.663027053068603
1.0 1279.3306822900365 1.0 1.052903212087855 1352.2617589570104 0.02669817927170868 t_multiswap_k 100 1468.8666861057281 0.0 24.568050804214963 0.0 19.079583610315797 44.25898040709746 0.0 21.45639678253792
1.0 1279.3306822900365 1.0 1.0989084603744368 1451.5698590240777 0.017857142857142856 swap_t 100 1489.1696045398712 0.0 24.568050804214963 0.0 19.079583610315797 45.126390603026486 0.0 21.45639678253792
1.0 1279.3306822900365 1.0 1.0834572156765705 1414.6708878947616 0.017857142857142856 f_swap_t 100 1506.2049074172974 0.0 24.568050804214963 0.0 19.94878777421264 45.126390603026486 0.0 21.45639678253792
1.0 1279.3306822900365 1.0 1.1196359693774864 1513.5069984777583 0.02827380952380952 swap_t 100 1536.1326732635498 0.0 24.568050804214963 0.0 19.94878777421264 45.85512669699622 0.0 21.45639678253792
1.0 1279.3306822900365 1.0 1.111192500801503 1493.3432311367671 0.02827380952380952 f_swap_t 100 1553.9816460609436 0.0 24.568050804214963 0.0 20.849299896470512 45.85512669699622 0.0 21.45639678253792
1.0 1279.3306822900365 1.0 1.0931865224880515 1450.3433248551141 0.02827380952380952 move_t 100 1569.3532645702362 0.0 25.35237029617281 0.0 20.849299896470512 45.85512669699622 0.0 21.45639678253792
1.0 1279.3306822900365 1.0 1.0883636123868954 1428.1646604842358 0.019345238095238096 move_t 100 1586.0543234348297 0.0 26.168846593211082 0.0 20.849299896470512 45.85512669699622 0.0 21.45639678253792
1.0 1279.3306822900365 1.0 1.0908500466863753 1434.1024906866219 0.019345238095238096 swap_t 100 1597.0184633731842 0.0 26.168846593211082 0.0 20.849299896470512 46.46657543002626 0.0 21.45639678253792
1.0 1279.3306822900365 1.0 1.0772890618273014 1401.7176311762964 0.019345238095238096 t_multiswap_k 100 1597.621855020523 0.0 26.168846593211082 0.0 20.849299896470512 46.46657543002626 0.0 22.241832814712538
1.0 1279.3306822900365 1.0 1.0710132885037276 1395.5102609311764 0.02669817927170868 swap_t 100 1615.4543526172638 0.0 26.168846593211082 0.0 20.849299896470512 47.061909675726 0.0 22.241832814712538
1.0 1279.3306822900365 1.0 1.1188395855179174 1509.7237878836281 0.02669817927170868 f_swap_t 100 1631.7415080070496 0.0 26.168846593211082 0.0 21.770806897505807 47.061909675726 0.0 22.241832814712538
1.0 1279.3306822900365 1.0 1.0818272013797197 1421.3348638553198 0.02669817927170868 swap_t 100 1644.8765842914581 0.0 26.168846593211082 0.0 21.770806897505807 47.59129057896874 0.0 22.241832814712538
1.0 1279.3306822900365 1.0 1.0988922573128188 1449.649790804699 0.016281512605042014 move_t 100 1660.729001045227 0.0 27.07715812727897 0.0 21.770806897505807 47.59129057896874 0.0 22.241832814712538
1.0 1279.3306822900365 1.0 1.0626838331345558 1375.6187674495905 0.02669817927170868 move_t 100 1677.1806540489197 0.0 27.95638654600618 0.0 21.770806897505807 47.59129057896874 0.0 22.241832814712538
1.0 1279.3306822900365 1.0 1.0830332123884983 1402.9972112236087 0.008928571428571428 move_t 100 1693.8775894641876 0.0 28.786822680546116 0.0 21.770806897505807 47.59129057896874 0.0 22.241832814712538
1.0 1279.3306822900365 1.0 1.0937722317361358 1468.5907995206785 0.0423844537815126 swap_t 100 1718.5263936519623 0.0 28.786822680546116 0.0 21.770806897505807 48.27537767317905 0.0 22.241832814712538
1.0 1279.3306822900365 1.0 1.1085648683042924 1503.9169548128957 0.0423844537815126 swap_t 100 1743.3403277397156 0.0 28.786822680546116 0.0 21.770806897505807 48.98262389644726 0.0 22.241832814712538
1.0 1279.3306822900365 1.0 1.1011053289234563 1463.7145507519087 0.023634453781512604 move_t 100 1759.7016365528107 0.0 29.658954453740655 0.0 21.770806897505807 48.98262389644726 0.0 22.241832814712538
1.0 1279.3306822900365 1.0 1.0816895406586866 1429.7858621842802 0.03405112044817927 move_t 100 1783.2814528942108 0.0 30.452364909203247 0.0 21.770806897505807 48.98262389644726 0.0 22.241832814712538
1.0 1279.3306822900365 1.0 1.0774289370634182 1420.7817877016123 0.03503151260504201 t_multiswap_k 100 1784.0043144226074 0.0 30.452364909203247 0.0 21.770806897505807 48.98262389644726 0.0 23.019414486565413
1.0 1279.3306822900365 1.0 1.0766599751070571 1418.945436936212 0.03503151260504201 t_multiswap_k 100 1784.3808572292328 0.0 30.452364909203247 0.0 21.770806897505807 48.98262389644726 0.0 23.78922034169976
1.0 1279.3306822900365 1.0 1.0766599751070571 1418.945436936212 0.03503151260504201 t_multiswap_k 100 1784.9079694747925 0.0 30.452364909203247 0.0 21.770806897505807 48.98262389644726 0.0 24.551328138282763
1.0 1279.3306822900365 1.0 1.0609043332732249 1388.322429410044 0.04089635854341737 swap_t 100 1795.7951369285583 0.0 30.452364909203247 0.0 21.770806897505807 49.74279765748278 0.0 24.551328138282763
1.0 1279.3306822900365 1.0 1.0584319178017132 1373.6383328448408 0.03354341736694678 t_multiswap_k 100 1796.6847877502441 0.0 30.452364909203247 0.0 21.770806897505807 49.74279765748278 0.0 25.305814856899936
1.0 1279.3306822900365 1.0 1.058061631557855 1362.092937338239 0.024614845938375346 t_multiswap_k 100 1797.1937131881714 0.0 30.452364909203247 0.0 21.770806897505807 49.74279765748278 0.0 26.052756708330936
1.0 1279.3306822900365 1.0 1.052667919616399 1368.6531279605442 0.04089635854341737 move_t 100 1808.9682357311249 0.0 31.237841260111214 0.0 21.770806897505807 49.74279765748278 0.0 26.052756708330936
1.0 1279.3306822900365 1.0 1.0457806675449115 1362.8668649500285 0.04982492997198879 move_t 100 1816.1044988632202 0.0 32.0554628475101 0.0 21.770806897505807 49.74279765748278 0.0 26.052756708330936
1.0 1279.3306822900365 1.0 1.0445162632580294 1351.067608454162 0.0424719887955182 t_multiswap_k 100 1816.5704259872437 0.0 32.0554628475101 0.0 21.770806897505807 49.74279765748278 0.0 26.792229141247628
1.0 1279.3306822900365 1.0 1.0445162632580294 1351.067608454162 0.0424719887955182 t_multiswap_k 100 1817.0895445346832 0.0 32.0554628475101 0.0 21.770806897505807 49.74279765748278 0.0 27.524306849835153
1.0 1279.3306822900365 1.0 1.0491140475967815 1370.8272782825522 0.04982492997198879 swap_t 100 1828.8758091926575 0.0 32.0554628475101 0.0 21.770806897505807 50.285369680907955 0.0 27.524306849835153
1.0 1279.3306822900365 1.0 1.0399459301739349 1348.9329838932783 0.04982492997198879 swap_t 100 1847.7810995578766 0.0 32.0554628475101 0.0 21.770806897505807 50.872515984098875 0.0 27.524306849835153
1.0 1279.3306822900365 1.0 1.0346944818797479 1338.2734237980535 0.051400560224089634 move_t 100 1862.1159121990204 0.0 33.074908219034995 0.0 21.770806897505807 50.872515984098875 0.0 27.524306849835153
1.0 1279.3306822900365 1.0 1.028704906396944 1342.6998971115265 0.06708683473389356 move_t 100 1875.5626261234283 0.0 33.97415913684465 0.0 21.770806897505807 50.872515984098875 0.0 27.524306849835153
1.0 1279.3306822900365 1.0 1.02232480865958 1327.4636461287357 0.06708683473389356 swap_t 100 1894.573898077011 0.0 33.97415913684465 0.0 21.770806897505807 51.58379082425789 0.0 27.524306849835153
1.0 1279.3306822900365 1.0 1.0216198005647517 1325.7800229743762 0.06708683473389356 swap_t 100 1906.3853132724762 0.0 33.97415913684465 0.0 21.770806897505807 52.10795291601531 0.0 27.524306849835153
1.0 1279.3306822900365 1.0 1.0464090067982368 1384.9788916101397 0.06708683473389356 move_t 100 1913.6052794456482 0.0 34.6444175454762 0.0 21.770806897505807 52.10795291601531 0.0 27.524306849835153
1.0 1279.3306822900365 1.0 1.0294026276487172 1353.694597255188 0.07489933473389356 swap_t 100 1930.5606045722961 0.0 34.6444175454762 0.0 21.770806897505807 52.76687338685515 0.0 27.524306849835153
1.0 1279.3306822900365 1.0 1.0254953355082956 1317.475662082895 0.052380952380952375 t_multiswap_k 100 1931.4510684013367 0.0 34.6444175454762 0.0 21.770806897505807 52.76687338685515 0.0 28.2490637813368
1.0 1279.3306822900365 1.0 1.0075755465702645 1314.0075231557648 0.08531600140056023 swap_t 100 1946.6489181518555 0.0 34.6444175454762 0.0 21.770806897505807 53.329204652986604 0.0 28.2490637813368
1.0 1279.3306822900365 1.0 1.0075755465702645 1314.0075231557648 0.08531600140056023 t_multiswap_k 100 1947.1398599147797 0.0 34.6444175454762 0.0 21.770806897505807 53.329204652986604 0.0 28.966573143523433
1.0 1279.3306822900365 1.0 1.005539949688838 1309.146333521699 0.08531600140056023 f_swap_t 100 1955.9365863800049 0.0 34.6444175454762 0.0 22.61309882853075 53.329204652986604 0.0 28.966573143523433
1.0 1279.3306822900365 1.0 1.0213375312743636 1346.8723884923913 0.08531600140056023 swap_t 100 1963.2817883491516 0.0 34.6444175454762 0.0 22.61309882853075 53.86591260645674 0.0 28.966573143523433
1.0 1279.3306822900365 1.0 1.0365475641657964 1355.24606836681 0.061908801982331396 swap_t 100 1974.454754114151 0.0 34.6444175454762 0.0 22.61309882853075 54.44725348039217 0.0 28.966573143523433
1.0 1279.3306822900365 1.0 1.0277445844801991 1333.2513107954228 0.0610943896789485 f_swap_t 100 1991.6414971351624 0.0 34.6444175454762 0.0 23.50696784024544 54.44725348039217 0.0 28.966573143523433
1.0 1279.3306822900365 1.0 1.0157711993722975 1315.3189016497404 0.07002296110751993 f_swap_t 100 2004.416595697403 0.0 34.6444175454762 0.0 24.301898161842985 54.44725348039217 0.0 28.966573143523433
1.0 1279.3306822900365 1.0 1.014820683915273 1332.9497390999122 0.0866896277741866 f_swap_t 100 2015.8726007938385 0.0 34.6444175454762 0.0 25.088879180224556 54.44725348039217 0.0 28.966573143523433
1.0 1279.3306822900365 1.0 1.0352753789299283 1360.4751656757126 0.06883248491704375 move_t 100 2028.2206366062164 0.0 35.47797337002144 0.0 25.088879180224556 54.44725348039217 0.0 28.966573143523433
1.0 1279.3306822900365 1.0 1.022087943305955 1328.982375555969 0.06883248491704375 swap_t 100 2043.6680974960327 0.0 35.47797337002144 0.0 25.088879180224556 55.052780945588246 0.0 28.966573143523433
1.0 1279.3306822900365 1.0 1.0861806721079996 1460.275164069858 0.050603318250377075 swap_t 100 2065.2026817798615 0.0 35.47797337002144 0.0 25.088879180224556 55.692253136132365 0.0 28.966573143523433
1.0 1279.3306822900365 1.0 1.0713330959564829 1428.476034992733 0.05366704374057315 swap_t 100 2088.2758498191833 0.0 35.47797337002144 0.0 25.088879180224556 56.35533060477104 0.0 28.966573143523433
1.0 1279.3306822900365 1.0 1.0506365075423818 1400.8171583487142 0.07189621040723981 move_t 100 2094.802339076996 0.0 36.24319363632122 0.0 25.088879180224556 56.35533060477104 0.0 28.966573143523433
1.0 1279.3306822900365 1.0 1.0506365075423818 1400.8171583487142 0.07189621040723981 t_multiswap_k 100 2094.9727776050568 0.0 36.24319363632122 0.0 25.088879180224556 56.35533060477104 0.0 29.676907412088198
1.0 1279.3306822900365 1.0 1.0506365075423818 1400.8171583487142 0.07189621040723981 t_multiswap_k 100 2095.1404798030853 0.0 36.24319363632122 0.0 25.088879180224556 56.35533060477104 0.0 30.380138337967317
1.0 1279.3306822900365 1.0 1.0449806006752114 1387.3103407244587 0.07189621040723981 move_t 100 2105.618330001831 0.0 36.94076169995801 0.0 25.088879180224556 56.35533060477104 0.0 30.380138337967317
1.0 1279.3306822900365 1.0 1.0379390126391668 1370.494391024146 0.07189621040723981 swap_t 100 2125.564398288727 0.0 36.94076169995801 0.0 25.088879180224556 56.85177729872333 0.0 30.380138337967317
1.0 1279.3306822900365 1.0 1.0766771641403685 1441.7868876478278 0.054126602564102566 move_t 100 2149.259643793106 0.0 37.65135408295843 0.0 25.088879180224556 56.85177729872333 0.0 30.380138337967317
1.0 1279.3306822900365 1.0 1.0890496756622252 1480.1133098303053 0.06147954374057315 swap_t 100 2174.8225774765015 0.0 37.65135408295843 0.0 25.088879180224556 57.49325952573609 0.0 30.380138337967317
1.0 1279.3306822900365 1.0 1.08930990300507 1483.2223505846093 0.06356287707390648 swap_t 100 2203.8516190052032 0.0 37.65135408295843 0.0 25.088879180224556 58.21832693047873 0.0 30.380138337967317
1.0 1279.3306822900365 1.0 1.1001090149798154 1486.6232589042024 0.044812877073906486 swap_t 100 2228.6195919513702 0.0 37.65135408295843 0.0 25.088879180224556 58.84614366117395 0.0 30.380138337967317
1.0 1279.3306822900365 1.0 1.0859199161851263 1452.7384064528953 0.044812877073906486 move_t 100 2251.6084139347076 0.0 38.304840542128844 0.0 25.088879180224556 58.84614366117395 0.0 30.380138337967317
1.0 1279.3306822900365 1.0 1.0800357257587794 1438.6864270229694 0.044812877073906486 f_swap_t 100 2276.790599346161 0.0 38.304840542128844 0.0 25.96799038842231 58.84614366117395 0.0 30.380138337967317
1.0 1279.3306822900365 1.0 1.113493667644299 1506.1490496636904 0.03439621040723982 swap_t 100 2296.810956954956 0.0 38.304840542128844 0.0 25.96799038842231 59.497682224562205 0.0 30.380138337967317
1.0 1279.3306822900365 1.0 1.1271929210728626 1520.755883812007 0.019230769230769232 swap_t 100 2327.4875133037567 0.0 38.304840542128844 0.0 25.96799038842231 60.182705402316586 0.0 30.380138337967317
1.0 1279.3306822900365 1.0 1.1383666745944754 1565.5480419973358 0.03439621040723982 swap_t 100 2342.864645719528 0.0 38.304840542128844 0.0 25.96799038842231 60.73087834829342 0.0 30.380138337967317
1.0 1279.3306822900365 1.0 1.1238747506685554 1530.940015718093 0.03439621040723982 move_t 100 2362.321928024292 0.0 39.14179213670756 0.0 25.96799038842231 60.73087834829342 0.0 30.380138337967317
1.0 1279.3306822900365 1.0 1.1446277450410496 1580.5000450342595 0.03439621040723982 swap_t 100 2380.780038356781 0.0 39.14179213670756 0.0 25.96799038842231 61.32356956481049 0.0 30.380138337967317
1.0 1279.3306822900365 1.0 1.115346614097309 1510.574053539477 0.03439621040723982 move_t 100 2397.4035000801086 0.0 40.21037421534048 0.0 25.96799038842231 61.32356956481049 0.0 30.380138337967317
1.0 1279.3306822900365 1.0 1.0975248136646636 1456.5327762427626 0.024780825791855206 swap_t 100 2415.002137899399 0.0 40.21037421534048 0.0 25.96799038842231 61.90033386916239 0.0 30.380138337967317
1.0 1279.3306822900365 1.0 1.0947485599807822 1441.1230865201503 0.017427884615384616 t_multiswap_k 100 2415.556492805481 0.0 40.21037421534048 0.0 25.96799038842231 61.90033386916239 0.0 31.076336954587642
1.0 1279.3306822900365 1.0 1.0858842019690633 1428.7339416969057 0.024780825791855206 move_t 100 2427.907464504242 0.0 40.95827047318708 0.0 25.96799038842231 61.90033386916239 0.0 31.076336954587642
1.0 1279.3306822900365 1.0 1.0628027945268745 1362.1322467127088 0.015165441176470588 swap_t 100 2444.814995288849 0.0 40.95827047318708 0.0 25.96799038842231 62.46133053047076 0.0 31.076336954587642
1.0 1279.3306822900365 1.0 1.080947188432177 1405.4627019583725 0.015165441176470588 swap_t 100 2466.985073328018 0.0 40.95827047318708 0.0 25.96799038842231 62.99671722516605 0.0 31.076336954587642
1.0 1279.3306822900365 1.0 1.0595418182879475 1345.5649956470402 0.0078125 f_swap_t 100 2481.4566996097565 0.0 40.95827047318708 0.0 26.73831048453809 62.99671722516605 0.0 31.076336954587642
1.0 1279.3306822900365 1.0 1.0577124892653815 1349.9761369263447 0.015165441176470588 f_swap_t 100 2502.7609765529633 0.0 40.95827047318708 0.0 27.66092737969271 62.99671722516605 0.0 31.076336954587642
1.0 1279.3306822900365 1.0 1.0514118653276605 1326.1499319786906 0.0078125 t_multiswap_k 100 2503.506329536438 0.0 40.95827047318708 0.0 27.66092737969271 62.99671722516605 0.0 31.765573585041764
1.0 1279.3306822900365 1.0 1.0463813493700576 1322.9163490558224 0.015165441176470588 t_multiswap_k 100 2504.18732881546 0.0 40.95827047318708 0.0 27.66092737969271 62.99671722516605 0.0 32.44791784919135
1.0 1279.3306822900365 1.0 1.049216780666056 1329.6876156803587 0.015165441176470588 move_t 100 2526.902511358261 0.0 41.678687768455205 0.0 27.66092737969271 62.99671722516605 0.0 32.44791784919135
1.0 1279.3306822900365 1.0 1.0592151026051402 1363.5148908178023 0.02349877450980392 f_swap_t 100 2555.2286620140076 0.0 41.678687768455205 0.0 28.494318105895783 62.99671722516605 0.0 32.44791784919135
1.0 1279.3306822900365 1.0 1.0865369282441795 1428.7618838703638 0.02349877450980392 move_t 100 2571.1139578819275 0.0 42.39190089077065 0.0 28.494318105895783 62.99671722516605 0.0 32.44791784919135
1.0 1279.3306822900365 1.0 1.0777574236055814 1399.0158873976097 0.01614583333333333 t_multiswap_k 100 2571.9082634449005 0.0 42.39190089077065 0.0 28.494318105895783 62.99671722516605 0.0 33.123438670699436
1.0 1279.3306822900365 1.0 1.0593846411949683 1355.140019725406 0.01614583333333333 f_swap_t 100 2580.6777000427246 0.0 42.39190089077065 0.0 29.239374924836824 62.99671722516605 0.0 33.123438670699436
1.0 1279.3306822900365 1.0 1.0572221396422767 1349.9757702477648 0.01614583333333333 swap_t 100 2589.6301045417786 0.0 42.39190089077065 0.0 29.239374924836824 63.36675005291439 0.0 33.123438670699436
1.0 1279.3306822900365 1.0 1.0572221396422767 1349.9757702477648 0.01614583333333333 t_multiswap_k 100 2590.1705939769745 0.0 42.39190089077065 0.0 29.239374924836824 63.36675005291439 0.0 33.79220428399244
1.0 1279.3306822900365 1.0 1.070289354833972 1381.1814630917531 0.01614583333333333 swap_t 100 2602.4922938346863 0.0 42.39190089077065 0.0 29.239374924836824 63.80308255238525 0.0 33.79220428399244
1.0 1279.3306822900365 1.0 1.0641775909246962 1366.586017582518 0.01614583333333333 swap_t 100 2623.30881023407 0.0 42.39190089077065 0.0 29.239374924836824 64.2250517268614 0.0 33.79220428399244
1.0 1279.3306822900365 1.0 1.0586007652058937 1353.268052899729 0.01614583333333333 move_t 100 2642.098444700241 0.0 43.05798188186294 0.0 29.239374924836824 64.2250517268614 0.0 33.79220428399244
1.0 1279.3306822900365 1.0 1.0419829577068138 1313.5832241929677 0.01614583333333333 move_t 100 2666.518625020981 0.0 43.74740206304431 0.0 29.239374924836824 64.2250517268614 0.0 33.79220428399244
1.0 1279.3306822900365 1.0 1.0402453479996507 1309.4336549076215 0.01614583333333333 swap_t 100 2688.015613794327 0.0 43.74740206304431 0.0 29.239374924836824 64.61280120959277 0.0 33.79220428399244
1.0 1279.3306822900365 1.0 1.038519498326492 1305.3121696481062 0.01614583333333333 t_multiswap_k 100 2689.2236416339874 0.0 43.74740206304431 0.0 29.239374924836824 64.61280120959277 0.0 34.45428224115251
1.0 1279.3306822900365 1.0 1.038519498326492 1305.3121696481062 0.01614583333333333 t_multiswap_k 100 2689.830760240555 0.0 43.74740206304431 0.0 29.239374924836824 64.61280120959277 0.0 35.109739418740986
1.0 1279.3306822900365 1.0 1.092989288995306 1457.1574110159327 0.034374999999999996 swap_t 100 2714.428561925888 0.0 43.74740206304431 0.0 29.239374924836824 65.13667319749685 0.0 35.109739418740986
1.0 1279.3306822900365 1.0 1.0715084607483094 1405.859248517142 0.034374999999999996 t_multiswap_k 100 2715.6110508441925 0.0 43.74740206304431 0.0 29.239374924836824 65.13667319749685 0.0 35.75864202455357
1.0 1279.3306822900365 1.0 1.0439866813290934 1340.1347477358368 0.034374999999999996 move_t 100 2736.8665885925293 0.0 44.519928042413866 0.0 29.239374924836824 65.13667319749685 0.0 35.75864202455357
1.0 1279.3306822900365 1.0 1.0360907722244987 1308.8406304757925 0.02395833333333333 move_t 100 2764.4040706157684 0.0 45.16472876198973 0.0 29.239374924836824 65.13667319749685 0.0 35.75864202455357
1.0 1279.3306822900365 1.0 1.0316071391583659 1298.1333088135757 0.02395833333333333 t_multiswap_k 100 2765.4560503959656 0.0 45.16472876198973 0.0 29.239374924836824 65.13667319749685 0.0 36.401055604308034
1.0 1279.3306822900365 1.0 1.0271262430635026 1299.8704947934475 0.034374999999999996 move_t 100 2786.026088476181 0.0 45.77308147436983 0.0 29.239374924836824 65.13667319749685 0.0 36.401055604308034
1.0 1279.3306822900365 1.0 1.0329878610087981 1326.306540602072 0.04479166666666666 f_swap_t 100 2807.8106043338776 0.0 45.77308147436983 0.0 30.106981175588455 65.13667319749685 0.0 36.401055604308034
1.0 1279.3306822900365 1.0 1.0024371511206311 1240.9107081469488 0.034374999999999996 f_swap_t 100 2831.9931972026825 0.0 45.77308147436983 0.0 30.86591136383257 65.13667319749685 0.0 36.401055604308034
0.9963185772458767 1226.298999823649 0.034374999999999996 1.0479120546017462 1361.94686597926 0.04479166666666666 swap_t 100 2851.98210811615 0.0 45.77308147436983 0.0 30.86591136383257 65.56530646552189 0.0 36.401055604308034
0.9963185772458767 1226.298999823649 0.034374999999999996 1.0310226543174577 1309.175477607387 0.034374999999999996 f_swap_t 100 2871.180497407913 0.0 45.77308147436983 0.0 31.557252250194246 65.56530646552189 0.0 36.401055604308034
0.9963185772458767 1226.298999823649 0.034374999999999996 1.027358825295425 1312.8638937257122 0.04479166666666666 move_t 100 2886.652545452118 0.0 46.40535065962613 0.0 31.557252250194246 65.56530646552189 0.0 36.401055604308034
0.9963185772458767 1226.298999823649 0.034374999999999996 1.1184161388817042 1517.8790304203053 0.034374999999999996 swap_t 100 2897.476419210434 0.0 46.40535065962613 0.0 31.557252250194246 66.06965340086667 0.0 36.401055604308034
0.9963185772458767 1226.298999823649 0.034374999999999996 1.1019116433334726 1489.946005378151 0.04399038461538461 f_swap_t 100 2915.2087166309357 0.0 46.40535065962613 0.0 32.361679727692305 66.06965340086667 0.0 36.401055604308034
0.9963185772458767 1226.298999823649 0.034374999999999996 1.0775304566459791 1440.5012689490713 0.0513433257918552 swap_t 100 2934.993037223816 0.0 46.40535065962613 0.0 32.361679727692305 66.588956866858 0.0 36.401055604308034
0.9963185772458767 1226.298999823649 0.034374999999999996 1.065630899364223 1409.931323063568 0.049540441176470586 move_t 100 2950.628070116043 0.0 47.36129715302987 0.0 32.361679727692305 66.588956866858 0.0 36.401055604308034
0.9963185772458767 1226.298999823649 0.034374999999999996 1.042400122109183 1363.2338685049808 0.056893382352941176 move_t 100 2970.1216521263123 0.0 47.98768418149957 0.0 32.361679727692305 66.588956866858 0.0 36.401055604308034
0.9963185772458767 1226.298999823649 0.034374999999999996 1.0312398762399106 1336.5821910395914 0.056893382352941176 f_swap_t 100 2988.9833295345306 0.0 47.98768418149957 0.0 33.12806293041538 66.588956866858 0.0 36.401055604308034
0.9963185772458767 1226.298999823649 0.034374999999999996 1.028426988728392 1317.4267895063458 0.04647671568627451 t_multiswap_k 100 2989.352438211441 0.0 47.98768418149957 0.0 33.12806293041538 66.588956866858 0.0 37.03704504826496
0.9963185772458767 1226.298999823649 0.034374999999999996 1.0241920929229955 1319.751446447705 0.056893382352941176 move_t 100 3002.797559261322 0.0 48.56780733968457 0.0 33.12806293041538 66.588956866858 0.0 37.03704504826496
0.9963185772458767 1226.298999823649 0.034374999999999996 1.0186711672581255 1317.2280945888037 0.0658219537815126 swap_t 100 3023.788646697998 0.0 48.56780733968457 0.0 33.12806293041538 66.95306729818942 0.0 37.03704504826496
0.9963185772458767 1226.298999823649 0.034374999999999996 1.0186711672581255 1317.2280945888037 0.0658219537815126 t_multiswap_k 100 3024.542713403702 0.0 48.56780733968457 0.0 33.12806293041538 66.95306729818942 0.0 37.66667459778231
0.9963185772458767 1226.298999823649 0.034374999999999996 1.0389128631331308 1348.0076076192167 0.05111607142857143 f_swap_t 100 3045.829327583313 0.0 48.56780733968457 0.0 33.886782301111225 66.95306729818942 0.0 37.66667459778231
0.9963185772458767 1226.298999823649 0.034374999999999996 1.0389128631331308 1348.0076076192167 0.05111607142857143 t_multiswap_k 100 3046.4320571422577 0.0 48.56780733968457 0.0 33.886782301111225 66.95306729818942 0.0 38.29000785180449
0.9963185772458767 1226.298999823649 0.034374999999999996 1.0285508508050036 1344.4799002136692 0.06888567927170867 f_swap_t 100 3069.5710015296936 0.0 48.56780733968457 0.0 34.667914478100116 66.95306729818942 0.0 38.29000785180449
0.9963185772458767 1226.298999823649 0.034374999999999996 1.0265747140665191 1339.7607067838358 0.06888567927170867 f_swap_t 100 3092.214176416397 0.0 48.56780733968457 0.0 35.35123533331912 66.95306729818942 0.0 38.29000785180449
0.9963185772458767 1226.298999823649 0.034374999999999996 1.0185168337878279 1309.8566407693247 0.05995710784313725 swap_t 100 3104.9268386363983 0.0 48.56780733968457 0.0 35.35123533331912 67.34353662520753 0.0 38.29000785180449
0.9963185772458767 1226.298999823649 0.034374999999999996 1.0013947998765091 1292.0667636842823 0.07930234593837535 move_t 100 3120.1236436367035 0.0 49.422129266287726 0.0 35.35123533331912 67.34353662520753 0.0 38.29000785180449
0.9963185772458767 1226.298999823649 0.034374999999999996 1.0112314654467114 1315.5576115726572 0.07930234593837535 f_swap_t 100 3131.9824690818787 0.0 49.422129266287726 0.0 36.06772297998592 67.34353662520753 0.0 38.29000785180449
0.9963185772458767 1226.298999823649 0.034374999999999996 1.0112314654467114 1315.5576115726572 0.07930234593837535 t_multiswap_k 100 3133.2194113731384 0.0 49.422129266287726 0.0 36.06772297998592 67.34353662520753 0.0 38.90710777328644
0.9963185772458767 1226.298999823649 0.034374999999999996 1.0112314654467114 1315.5576115726572 0.07930234593837535 t_multiswap_k 100 3134.424355506897 0.0 49.422129266287726 0.0 36.06772297998592 67.34353662520753 0.0 39.518036695553576
0.9963185772458767 1226.298999823649 0.034374999999999996 1.0042835315174918 1298.9653163578857 0.07930234593837535 move_t 100 3152.011615037918 0.0 50.08790797362485 0.0 36.06772297998592 67.34353662520753 0.0 39.518036695553576
0.9955755983900176 1289.6511881940628 0.08891773055375995 0.9955755983900176 1289.6511881940628 0.08891773055375995 move_t 24 3156.3072171211243 0.0 49.54257847472382 0.0 36.06772297998592 67.34353662520753 0.0 39.518036695553576
0.9955755983900176 1289.6511881940628 0.08891773055375995 1.0094586416221374 1301.3735705814868 0.07096901260504201 f_swap_t 100 3176.0441431999207 0.0 49.54257847472382 0.0 36.837045750186064 67.34353662520753 0.0 39.518036695553576
0.9955755983900176 1289.6511881940628 0.08891773055375995 1.0036526458787176 1287.5083271333026 0.07096901260504201 move_t 100 3200.9647715091705 0.0 50.16715268997658 0.0 36.837045750186064 67.34353662520753 0.0 39.518036695553576
0.9920615352316937 1269.7780827782797 0.07930234593837535 0.9920615352316937 1269.7780827782797 0.07930234593837535 move_t 74 3211.995398044586 0.0 50.62435332930122 0.0 36.837045750186064 67.34353662520753 0.0 39.518036695553576
0.9896753342030193 1255.2998741075073 0.07194940476190476 0.9896753342030193 1255.2998741075073 0.07194940476190476 t_multiswap_k 100 3213.041382789612 0.0 50.62435332930122 0.0 36.837045750186064 67.34353662520753 0.0 40.12285632859804
0.9896753342030193 1255.2998741075073 0.07194940476190476 0.9896753342030193 1255.2998741075073 0.07194940476190476 f_swap_t 100 3229.9835970401764 0.0 50.62435332930122 0.0 37.4686752926842 67.34353662520753 0.0 40.12285632859804
0.9896753342030193 1255.2998741075073 0.07194940476190476 0.9896753342030193 1255.2998741075073 0.07194940476190476 t_multiswap_k 100 3230.976495027542 0.0 50.62435332930122 0.0 37.4686752926842 67.34353662520753 0.0 40.72162776531206
0.9886293019420065 1261.5815989647306 0.07930234593837535 0.9886293019420065 1261.5815989647306 0.07930234593837535 f_swap_t 1 3231.930912256241 0.0 50.62435332930122 0.0 8.0 67.34353662520753 0.0 40.72162776531206
0.9865881990626189 1256.7072605090796 0.07930234593837535 0.9865881990626189 1256.7072605090796 0.07930234593837535 move_t 27 3236.0287635326385 0.0 50.0086365393271 0.0 8.0 67.34353662520753 0.0 40.72162776531206
0.9849159061264614 1261.4934181790986 0.08665528711484594 0.9849159061264614 1261.4934181790986 0.08665528711484594 move_t 8 3237.742956161499 0.0 45.632556971911214 0.0 8.0 67.34353662520753 0.0 40.72162776531206
0.9837713081262103 1267.5397591279307 0.09400822829131653 0.9837713081262103 1267.5397591279307 0.09400822829131653 swap_t 55 3250.2810492515564 0.0 45.632556971911214 0.0 8.0 67.24638141384013 0.0 40.72162776531206
0.9837713081262103 1267.5397591279307 0.09400822829131653 0.9837713081262103 1267.5397591279307 0.09400822829131653 t_multiswap_k 100 3251.340176820755 0.0 45.632556971911214 0.0 8.0 67.24638141384013 0.0 41.31441148765894
0.9827965463870787 1265.2119398503585 0.09400822829131653 0.9827965463870787 1265.2119398503585 0.09400822829131653 move_t 7 3254.2431864738464 0.0 41.11362026163818 0.0 8.0 67.24638141384013 0.0 41.31441148765894
0.9827965463870787 1265.2119398503585 0.09400822829131653 0.9827965463870787 1265.2119398503585 0.09400822829131653 t_multiswap_k 100 3255.7116959095 0.0 41.11362026163818 0.0 8.0 67.24638141384013 0.0 41.90126737278235
0.9827965463870787 1265.2119398503585 0.09400822829131653 1.000706921433856 1307.983536876294 0.09400822829131653 swap_t 100 3269.3243198394775 0.0 41.11362026163818 0.0 8.0 67.64391759970172 0.0 41.90126737278235
0.9827965463870787 1265.2119398503585 0.09400822829131653 1.000706921433856 1307.983536876294 0.09400822829131653 t_multiswap_k 100 3270.2094860076904 0.0 41.11362026163818 0.0 8.0 67.64391759970172 0.0 42.48225469905453
0.9827965463870787 1265.2119398503585 0.09400822829131653 1.000706921433856 1307.983536876294 0.09400822829131653 swap_t 100 3284.2167942523956 0.0 41.11362026163818 0.0 8.0 67.9674784237047 0.0 42.48225469905453
0.9827965463870787 1265.2119398503585 0.09400822829131653 1.000706921433856 1307.983536876294 0.09400822829131653 t_multiswap_k 100 3285.5212638378143 0.0 41.11362026163818 0.0 8.0 67.9674784237047 0.0 43.05743215206398
0.9827965463870787 1265.2119398503585 0.09400822829131653 0.9861549553710639 1285.670096045547 0.10442489495798318 swap_t 100 3300.9967093467712 0.0 41.11362026163818 0.0 8.0 68.31780363946766 0.0 43.05743215206398
0.9827965463870787 1265.2119398503585 0.09400822829131653 0.9888914228407395 1282.2546508881592 0.09609156162464985 swap_t 100 3321.141688346863 0.0 41.11362026163818 0.0 8.0 68.71462560307297 0.0 43.05743215206398
0.9827965463870787 1265.2119398503585 0.09400822829131653 0.9888914228407395 1282.2546508881592 0.09609156162464985 t_multiswap_k 100 3322.0308442115784 0.0 41.11362026163818 0.0 8.0 68.71462560307297 0.0 43.626857830543344
0.9827965463870787 1265.2119398503585 0.09400822829131653 1.0182528807249458 1352.3724703887183 0.09609156162464985 swap_t 100 3347.752156972885 0.0 41.11362026163818 0.0 8.0 69.07747934704224 0.0 43.626857830543344
0.9827965463870787 1265.2119398503585 0.09400822829131653 1.0122248111448817 1339.1475271268484 0.0970719537815126 t_multiswap_k 100 3348.510890483856 0.0 41.11362026163818 0.0 8.0 69.07747934704224 0.0 44.19058925223791
0.9827965463870787 1265.2119398503585 0.09400822829131653 1.0060546278044904 1335.6799096219422 0.10650822829131654 move_t 100 3366.4606096744537 0.0 41.8424840590218 0.0 8.0 69.07747934704224 0.0 44.19058925223791
0.9827965463870787 1265.2119398503585 0.09400822829131653 1.0060546278044904 1335.6799096219422 0.10650822829131654 t_multiswap_k 100 3366.787561893463 0.0 41.8424840590218 0.0 8.0 69.07747934704224 0.0 44.748683359715535
0.9827965463870787 1265.2119398503585 0.09400822829131653 1.036773601651073 1384.1636571218228 0.0856748949579832 move_t 100 3384.256160736084 0.0 42.71405921843158 0.0 8.0 69.07747934704224 0.0 44.748683359715535
0.9827965463870787 1265.2119398503585 0.09400822829131653 1.0120818907567577 1325.1976161821844 0.0856748949579832 move_t 100 3397.5842130184174 0.0 43.37691862624726 0.0 8.0 69.07747934704224 0.0 44.748683359715535
0.9827965463870787 1265.2119398503585 0.09400822829131653 1.033134104445022 1375.472208312534 0.0856748949579832 move_t 100 3417.1888511180878 0.0 43.983149439984786 0.0 8.0 69.07747934704224 0.0 44.748683359715535
0.9827965463870787 1265.2119398503585 0.09400822829131653 1.044693991149589 1390.6402927649033 0.07525822829131652 move_t 100 3427.7182681560516 0.0 44.58331794558494 0.0 8.0 69.07747934704224 0.0 44.748683359715535
0.9827965463870787 1265.2119398503585 0.09400822829131653 1.1220016024021513 1554.040150942137 0.05748862044817927 swap_t 100 3449.7129678726196 0.0 44.58331794558494 0.0 8.0 69.66670455357182 0.0 44.748683359715535
0.9827965463870787 1265.2119398503585 0.09400822829131653 1.0872919380049426 1458.0016173830952 0.04647671568627451 swap_t 100 3479.816729068756 0.0 44.58331794558494 0.0 8.0 70.2500375080361 0.0 44.748683359715535
0.9827965463870787 1265.2119398503585 0.09400822829131653 1.0778043453181507 1435.3443871416382 0.04647671568627451 move_t 100 3497.728419780731 0.0 45.347484766129085 0.0 8.0 70.2500375080361 0.0 44.748683359715535
0.9827965463870787 1265.2119398503585 0.09400822829131653 1.072287199063568 1422.168942422148 0.04647671568627451 t_multiswap_k 100 3498.87402176857 0.0 45.347484766129085 0.0 8.0 70.2500375080361 0.0 45.30119652611838
0.9827965463870787 1265.2119398503585 0.09400822829131653 1.0708604969485147 1418.7618486130157 0.04647671568627451 swap_t 100 3515.560485124588 0.0 45.347484766129085 0.0 8.0 70.57753713295574 0.0 45.30119652611838
0.9827965463870787 1265.2119398503585 0.09400822829131653 1.0666857955105644 1408.7922836462712 0.04647671568627451 t_multiswap_k 100 3516.670757293701 0.0 45.347484766129085 0.0 8.0 70.57753713295574 0.0 45.8481845608572
0.9827965463870787 1265.2119398503585 0.09400822829131653 1.0621400499742986 1406.7163763754968 0.0538296568627451 move_t 100 3538.8064951896667 0.0 45.924009918467796 0.0 8.0 70.57753713295574 0.0 45.8481845608572
0.9827965463870787 1265.2119398503585 0.09400822829131653 1.058989478557271 1389.2421494069827 0.04549632352941176 swap_t 100 3551.704471349716 0.0 45.924009918467796 0.0 8.0 70.93176176162618 0.0 45.8481845608572
0.9827965463870787 1265.2119398503585 0.09400822829131653 1.058989478557271 1389.2421494069827 0.04549632352941176 t_multiswap_k 100 3552.0768122673035 0.0 45.924009918467796 0.0 8.0 70.93176176162618 0.0 46.389702715248625
0.9827965463870787 1265.2119398503585 0.09400822829131653 1.058989478557271 1389.2421494069827 0.04549632352941176 t_multiswap_k 100 3553.0506093502045 0.0 45.924009918467796 0.0 8.0 70.93176176162618 0.0 46.92580568809614
0.9827965463870787 1265.2119398503585 0.09400822829131653 1.0588965104217116 1389.020133082924 0.04549632352941176 swap_t 100 3564.1929643154144 0.0 45.924009918467796 0.0 8.0 71.25244414400991 0.0 46.92580568809614
0.9827965463870787 1265.2119398503585 0.09400822829131653 1.0520295958238142 1372.6213193659755 0.04549632352941176 f_swap_t 100 3586.8669323921204 0.0 45.924009918467796 0.0 8.98 71.25244414400991 0.0 46.92580568809614
0.9827965463870787 1265.2119398503585 0.09400822829131653 1.0491403874104495 1365.721628116762 0.04549632352941176 swap_t 100 3603.418779850006 0.0 45.924009918467796 0.0 8.98 71.56991970256982 0.0 46.92580568809614
0.9827965463870787 1265.2119398503585 0.09400822829131653 1.0491403874104495 1365.721628116762 0.04549632352941176 t_multiswap_k 100 3604.1535272598267 0.0 45.924009918467796 0.0 8.98 71.56991970256982 0.0 47.45654763121518
0.9827965463870787 1265.2119398503585 0.09400822829131653 1.0436825527457279 1362.638202048835 0.0538296568627451 swap_t 100 3616.233854532242 0.0 45.924009918467796 0.0 8.98 71.91422050554412 0.0 47.45654763121518
0.9827965463870787 1265.2119398503585 0.09400822829131653 1.0429469959051079 1360.8816257239673 0.0538296568627451 swap_t 100 3628.660739660263 0.0 45.924009918467796 0.0 8.98 72.22507830048868 0.0 47.45654763121518
0.9827965463870787 1265.2119398503585 0.09400822829131653 1.0378969888232152 1340.0420070455357 0.04647671568627451 swap_t 100 3645.3412568569183 0.0 45.924009918467796 0.0 8.98 72.5328275174838 0.0 47.45654763121518
0.9827965463870787 1265.2119398503585 0.09400822829131653 1.036028241082536 1335.5792682643155 0.04647671568627451 t_multiswap_k 100 3645.9158039093018 0.0 45.924009918467796 0.0 8.98 72.5328275174838 0.0 47.98198215490303
0.9827965463870787 1265.2119398503585 0.09400822829131653 1.0698692189626886 1441.2705300569733 0.06731004901960784 swap_t 100 3660.039120197296 0.0 45.924009918467796 0.0 8.98 72.90749924230896 0.0 47.98198215490303
0.9827965463870787 1265.2119398503585 0.09400822829131653 1.0744103577480733 1422.1177198895562 0.042187499999999996 swap_t 100 3671.2845692634583 0.0 45.924009918467796 0.0 8.98 73.31842424988587 0.0 47.98198215490303
0.9827965463870787 1265.2119398503585 0.09400822829131653 1.0735863446415332 1428.929646586906 0.049540441176470586 swap_t 100 3688.542331457138 0.0 45.924009918467796 0.0 8.98 73.71524000738701 0.0 47.98198215490303
0.9827965463870787 1265.2119398503585 0.09400822829131653 1.0789067964064247 1452.2964854928973 0.05846901260504202 move_t 100 3702.0051324367523 0.0 46.65476981928312 0.0 8.98 73.71524000738701 0.0 47.98198215490303
0.9827965463870787 1265.2119398503585 0.09400822829131653 1.0743902745412277 1430.8495039666102 0.049540441176470586 swap_t 100 3714.3051421642303 0.0 46.65476981928312 0.0 8.98 73.97808760731314 0.0 47.98198215490303
0.9827965463870787 1265.2119398503585 0.09400822829131653 1.07367387342265 1439.7997916746378 0.05846901260504202 move_t 100 3727.66091632843 0.0 47.218222121090285 0.0 8.98 73.97808760731314 0.0 47.98198215490303
0.9827965463870787 1265.2119398503585 0.09400822829131653 1.0779496142616787 1431.3536906178056 0.04284401260504202 move_t 100 3745.37899184227 0.0 47.956039899879386 0.0 8.98 73.97808760731314 0.0 47.98198215490303
0.9827965463870787 1265.2119398503585 0.09400822829131653 1.0796200780272822 1435.34290931603 0.04284401260504202 move_t 100 3773.95277428627 0.0 48.72647950088059 0.0 8.98 73.97808760731314 0.0 47.98198215490303
0.9827965463870787 1265.2119398503585 0.09400822829131653 1.1042908859009615 1473.6475363100137 0.025582107843137254 f_swap_t 100 3798.076425552368 0.0 48.72647950088059 0.0 10.2002 73.97808760731314 0.0 47.98198215490303
0.9827965463870787 1265.2119398503585 0.09400822829131653 1.0843272190143154 1459.0219596343002 0.05326067927170868 swap_t 100 3817.187233686447 0.0 48.72647950088059 0.0 10.2002 74.34830673124002 0.0 47.98198215490303
0.9827965463870787 1265.2119398503585 0.09400822829131653 1.06723947994743 1418.2148918010303 0.05326067927170868 move_t 100 3839.223089694977 0.0 49.44921470587179 0.0 10.2002 74.34830673124002 0.0 47.98198215490303
0.9827965463870787 1265.2119398503585 0.09400822829131653 1.0706155733006293 1405.6814908392398 0.03601190476190476 swap_t 100 3859.866357564926 0.0 49.44921470587179 0.0 10.2002 74.83482366392761 0.0 47.98198215490303
0.9827965463870787 1265.2119398503585 0.09400822829131653 1.0509103987615211 1371.061721650546 0.04642857142857143 swap_t 100 3883.7455353736877 0.0 49.44921470587179 0.0 10.2002 75.08647542728833 0.0 47.98198215490303
0.9827965463870787 1265.2119398503585 0.09400822829131653 1.050858233554871 1370.9371464145843 0.04642857142857143 move_t 100 3897.809647321701 0.0 49.98472255881307 0.0 10.2002 75.08647542728833 0.0 47.98198215490303
0.9827965463870787 1265.2119398503585 0.09400822829131653 1.0539486210308138 1396.9742287382205 0.06205357142857142 move_t 100 3912.472629547119 0.0 50.61487533322494 0.0 10.2002 75.08647542728833 0.0 47.98198215490303
0.9827965463870787 1265.2119398503585 0.09400822829131653 1.0369652436535386 1356.4163860675328 0.06205357142857142 swap_t 100 3928.0490250587463 0.0 50.61487533322494 0.0 10.2002 75.54561067301545 0.0 47.98198215490303
0.9827965463870787 1265.2119398503585 0.09400822829131653 1.0349603217593848 1351.6284510800604 0.06205357142857142 swap_t 100 3947.747413635254 0.0 50.61487533322494 0.0 10.2002 75.88015456628528 0.0 47.98198215490303
0.9827965463870787 1265.2119398503585 0.09400822829131653 1.014053876005714 1301.7019659737934 0.06205357142857142 swap_t 100 3963.0609509944916 0.0 50.61487533322494 0.0 10.2002 76.33135302062243 0.0 47.98198215490303
0.9827965463870787 1265.2119398503585 0.09400822829131653 1.006795355251273 1284.3679613031761 0.06205357142857142 move_t 100 3983.1835215091705 0.0 51.28872657989269 0.0 10.2002 76.33135302062243 0.0 47.98198215490303
0.9827965463870787 1265.2119398503585 0.09400822829131653 1.006795355251273 1284.3679613031761 0.06205357142857142 t_multiswap_k 100 3984.5330698490143 0.0 51.28872657989269 0.0 10.2002 76.33135302062243 0.0 48.502162333354
0.9827965463870787 1265.2119398503585 0.09400822829131653 1.006795355251273 1284.3679613031761 0.06205357142857142 t_multiswap_k 100 3985.528151035309 0.0 51.28872657989269 0.0 10.2002 76.33135302062243 0.0 49.01714071002046
0.9827965463870787 1265.2119398503585 0.09400822829131653 1.006795355251273 1284.3679613031761 0.06205357142857142 swap_t 100 4003.8092169761658 0.0 51.28872657989269 0.0 10.2002 76.56803949041621 0.0 49.01714071002046
0.9827965463870787 1265.2119398503585 0.09400822829131653 1.006795355251273 1284.3679613031761 0.06205357142857142 t_multiswap_k 100 4004.911379814148 0.0 51.28872657989269 0.0 10.2002 76.56803949041621 0.0 49.52696930292026
0.9827965463870787 1265.2119398503585 0.09400822829131653 1.0112678653780949 1295.0487203793668 0.06205357142857142 move_t 100 4020.810291290283 0.0 51.87583931409376 0.0 10.2002 76.56803949041621 0.0 49.52696930292026
0.9827965463870787 1265.2119398503585 0.09400822829131653 1.0143182404862763 1302.3332922861148 0.06205357142857142 move_t 100 4032.873776912689 0.0 52.427080920952825 0.0 10.2002 76.56803949041621 0.0 49.52696930292026
0.9827965463870787 1265.2119398503585 0.09400822829131653 1.0143182404862763 1302.3332922861148 0.06205357142857142 t_multiswap_k 100 4033.63125371933 0.0 52.427080920952825 0.0 10.2002 76.56803949041621 0.0 50.03169960989106
0.9827965463870787 1265.2119398503585 0.09400822829131653 1.0125441533669386 1278.1958572271474 0.04538690476190475 swap_t 100 4055.869602203369 0.0 52.427080920952825 0.0 10.2002 76.87235909551205 0.0 50.03169960989106
0.9827965463870787 1265.2119398503585 0.09400822829131653 1.0125441533669386 1278.1958572271474 0.04538690476190475 t_multiswap_k 100 4056.6085863113403 0.0 52.427080920952825 0.0 10.2002 76.87235909551205 0.0 50.53138261379215
0.9827965463870787 1265.2119398503585 0.09400822829131653 1.0621362213436893 1424.8986710945246 0.06906478937728938 swap_t 100 4073.2903757095337 0.0 52.427080920952825 0.0 10.2002 77.31363550455693 0.0 50.53138261379215
0.9827965463870787 1265.2119398503585 0.09400822829131653 1.0522344913673687 1401.2524435141022 0.06906478937728938 move_t 100 4095.8511533737183 0.0 52.9728101117433 0.0 10.2002 77.31363550455693 0.0 50.53138261379215
0.9827965463870787 1265.2119398503585 0.09400822829131653 1.0889520660089171 1458.7991740471987 0.04382440476190476 swap_t 100 4124.1912677288055 0.0 52.9728101117433 0.0 10.2002 77.73049914951136 0.0 50.53138261379215
0.9827965463870787 1265.2119398503585 0.09400822829131653 1.0826924934173145 1420.7516580821225 0.024479166666666666 t_multiswap_k 100 4125.730690479279 0.0 52.9728101117433 0.0 10.2002 77.73049914951136 0.0 51.026068787654225
0.9827965463870787 1265.2119398503585 0.09400822829131653 1.0492681762832023 1364.0304528262916 0.04382440476190476 move_t 100 4152.133845329285 0.0 53.663082010625864 0.0 10.2002 77.73049914951136 0.0 51.026068787654225
0.9827965463870787 1265.2119398503585 0.09400822829131653 1.0492681762832023 1364.0304528262916 0.04382440476190476 t_multiswap_k 100 4152.320541143417 0.0 53.663082010625864 0.0 10.2002 77.73049914951136 0.0 51.51580809977768
0.9827965463870787 1265.2119398503585 0.09400822829131653 1.0451755172292625 1376.0232626369175 0.06205357142857142 swap_t 100 4175.2276067733765 0.0 53.663082010625864 0.0 10.2002 78.08319415801624 0.0 51.51580809977768
0.9827965463870787 1265.2119398503585 0.09400822829131653 1.0275155869729529 1333.8497504432178 0.06205357142857142 move_t 100 4185.071145296097 0.0 54.336451190519604 0.0 10.2002 78.08319415801624 0.0 51.51580809977768
0.9827965463870787 1265.2119398503585 0.09400822829131653 1.0208126121408037 1317.8424397282329 0.06205357142857142 f_swap_t 100 4213.4311418533325 0.0 54.336451190519604 0.0 11.218198000000001 78.08319415801624 0.0 51.51580809977768
0.9827965463870787 1265.2119398503585 0.09400822829131653 1.0292921400960686 1339.8691732037971 0.06354166666666666 swap_t 100 4232.075051546097 0.0 54.336451190519604 0.0 11.218198000000001 78.44236221643608 0.0 51.51580809977768
0.9827965463870787 1265.2119398503585 0.09400822829131653 1.0185184259503017 1324.8016869210994 0.07247023809523809 swap_t 100 4243.850709915161 0.0 54.336451190519604 0.0 11.218198000000001 78.74793859427172 0.0 51.51580809977768
0.9827965463870787 1265.2119398503585 0.09400822829131653 1.0185184259503017 1324.8016869210994 0.07247023809523809 t_multiswap_k 100 4244.500427246094 0.0 54.336451190519604 0.0 11.218198000000001 78.74793859427172 0.0 52.0006500187799
0.9827965463870787 1265.2119398503585 0.09400822829131653 1.075967363142321 1426.4578883010192 0.042708333333333334 swap_t 100 4270.595041513443 0.0 54.336451190519604 0.0 11.218198000000001 79.260459208329 0.0 52.0006500187799
0.9827965463870787 1265.2119398503585 0.09400822829131653 1.07398335456933 1409.281924710832 0.03229166666666666 t_multiswap_k 100 4271.5855457782745 0.0 54.336451190519604 0.0 11.218198000000001 79.260459208329 0.0 52.4806435185921
0.9827965463870787 1265.2119398503585 0.09400822829131653 1.0711316007919713 1407.4468671259124 0.03645833333333333 move_t 100 4288.714350700378 0.0 55.07308667861441 0.0 11.218198000000001 79.260459208329 0.0 52.4806435185921
0.9827965463870787 1265.2119398503585 0.09400822829131653 1.0711316007919713 1407.4468671259124 0.03645833333333333 t_multiswap_k 100 4289.5017075538635 0.0 55.07308667861441 0.0 11.218198000000001 79.260459208329 0.0 52.95583708340618
0.9827965463870787 1265.2119398503585 0.09400822829131653 1.0846734885534448 1449.7364982438567 0.04479166666666666 f_swap_t 100 4302.3337659835815 0.0 55.07308667861441 0.0 12.206016020000002 79.260459208329 0.0 52.95583708340618
0.9827965463870787 1265.2119398503585 0.09400822829131653 1.0694863723188424 1435.6106126986178 0.06333562271062271 move_t 100 4312.640517711639 0.0 55.762355811828265 0.0 12.206016020000002 79.260459208329 0.0 52.95583708340618
0.9827965463870787 1265.2119398503585 0.09400822829131653 1.066660141757075 1428.8613182603613 0.06333562271062271 move_t 100 4323.328648090363 0.0 56.33473225370998 0.0 12.206016020000002 79.260459208329 0.0 52.95583708340618
0.9827965463870787 1265.2119398503585 0.09400822829131653 1.0524845363678144 1395.008689282766 0.06333562271062271 move_t 100 4335.425251722336 0.0 56.89138493117288 0.0 12.206016020000002 79.260459208329 0.0 52.95583708340618
0.9827965463870787 1265.2119398503585 0.09400822829131653 1.0517725138293939 1382.647196567592 0.054407051282051276 t_multiswap_k 100 4336.556835651398 0.0 56.89138493117288 0.0 12.206016020000002 79.260459208329 0.0 53.42627871257212
0.9827965463870787 1265.2119398503585 0.09400822829131653 1.047591954350338 1383.3247605028669 0.06333562271062271 move_t 100 4351.733238220215 0.0 57.41247108186115 0.0 12.206016020000002 79.260459208329 0.0 53.42627871257212
0.9827965463870787 1265.2119398503585 0.09400822829131653 1.047295893554657 1382.6177405205954 0.06333562271062271 swap_t 100 4361.802210569382 0.0 57.41247108186115 0.0 12.206016020000002 79.4978546162457 0.0 53.42627871257212
0.9827965463870787 1265.2119398503585 0.09400822829131653 1.0430522030417344 1372.4834233972822 0.06333562271062271 move_t 100 4370.778705120087 0.0 57.92834637104254 0.0 12.206016020000002 79.4978546162457 0.0 53.42627871257212
0.9827965463870787 1265.2119398503585 0.09400822829131653 1.0430522030417344 1372.4834233972822 0.06333562271062271 t_multiswap_k 100 4371.6354122161865 0.0 57.92834637104254 0.0 12.206016020000002 79.4978546162457 0.0 53.8920159254464
0.9827965463870787 1265.2119398503585 0.09400822829131653 1.0404287348053978 1366.2183437480921 0.06333562271062271 move_t 100 4391.031329154968 0.0 58.46906290733211 0.0 12.206016020000002 79.4978546162457 0.0 53.8920159254464
0.9827965463870787 1265.2119398503585 0.09400822829131653 1.0395446174869623 1364.106991553121 0.06333562271062271 swap_t 100 4402.248163223267 0.0 58.46906290733211 0.0 12.206016020000002 79.76287607008325 0.0 53.8920159254464
0.9827965463870787 1265.2119398503585 0.09400822829131653 1.0386327978486583 1361.929483710431 0.06333562271062271 move_t 100 4423.660217046738 0.0 58.91437227825879 0.0 12.206016020000002 79.76287607008325 0.0 53.8920159254464
0.9827965463870787 1265.2119398503585 0.09400822829131653 1.0463259892519903 1401.5192373410828 0.08110523055375995 move_t 100 4435.7920343875885 0.0 59.5552285554762 0.0 12.206016020000002 79.76287607008325 0.0 53.8920159254464
0.9827965463870787 1265.2119398503585 0.09400822829131653 1.0413874935357865 1389.725662492086 0.08110523055375995 swap_t 100 4452.606865406036 0.0 59.5552285554762 0.0 12.206016020000002 80.05524730938242 0.0 53.8920159254464
0.9827965463870787 1265.2119398503585 0.09400822829131653 1.012474803505691 1330.6299184593329 0.08943856388709329 move_t 100 4469.557700634003 0.0 60.24967626992144 0.0 12.206016020000002 80.05524730938242 0.0 53.8920159254464
0.9827965463870787 1265.2119398503585 0.09400822829131653 1.008140230115701 1320.278564798017 0.08943856388709329 swap_t 100 4489.579860210419 0.0 60.24967626992144 0.0 12.206016020000002 80.3446948362886 0.0 53.8920159254464
0.9827965463870787 1265.2119398503585 0.09400822829131653 1.0167549150342712 1332.0714676720854 0.0820856227106227 swap_t 100 4509.243628740311 0.0 60.24967626992144 0.0 12.206016020000002 80.66124788792571 0.0 53.8920159254464
0.9827965463870787 1265.2119398503585 0.09400822829131653 1.0167549150342712 1332.0714676720854 0.0820856227106227 t_multiswap_k 100 4510.064249753952 0.0 60.24967626992144 0.0 12.206016020000002 80.66124788792571 0.0 54.353095766191935
0.9827965463870787 1265.2119398503585 0.09400822829131653 1.0167549150342712 1332.0714676720854 0.0820856227106227 t_multiswap_k 100 4511.311444759369 0.0 60.24967626992144 0.0 12.206016020000002 80.66124788792571 0.0 54.80956480853001
0.9827965463870787 1265.2119398503585 0.09400822829131653 1.019926562072399 1339.6456479262124 0.0820856227106227 swap_t 100 4525.229341745377 0.0 60.24967626992144 0.0 12.206016020000002 80.89463540904646 0.0 54.80956480853001
0.9827965463870787 1265.2119398503585 0.09400822829131653 1.019926562072399 1339.6456479262124 0.0820856227106227 t_multiswap_k 100 4526.49779009819 0.0 60.24967626992144 0.0 12.206016020000002 80.89463540904646 0.0 55.26146916044471
0.9827965463870787 1265.2119398503585 0.09400822829131653 1.0376721233466537 1382.0236547428833 0.0820856227106227 move_t 100 4535.727538585663 0.0 60.92717950722222 0.0 12.206016020000002 80.89463540904646 0.0 55.26146916044471
0.9827965463870787 1265.2119398503585 0.09400822829131653 1.0297134531953476 1349.4090258091612 0.0706885638870933 swap_t 100 4560.38308930397 0.0 60.92717950722222 0.0 12.206016020000002 81.175689054956 0.0 55.26146916044471
0.9827965463870787 1265.2119398503585 0.09400822829131653 1.0156354540479073 1338.1778380857177 0.08943856388709329 move_t 100 4577.988815784454 0.0 61.43790771215 0.0 12.206016020000002 81.175689054956 0.0 55.26146916044471
0.9827965463870787 1265.2119398503585 0.09400822829131653 1.0182889680804075 1322.7482196790609 0.07120939722042663 move_t 100 4593.810944318771 0.0 61.923528635028504 0.0 12.206016020000002 81.175689054956 0.0 55.26146916044471
0.9827965463870787 1265.2119398503585 0.09400822829131653 1.0209090251594413 1329.0051531758022 0.07120939722042663 swap_t 100 4605.5636122226715 0.0 61.923528635028504 0.0 12.206016020000002 81.46393216440643 0.0 55.26146916044471
0.9827965463870787 1265.2119398503585 0.09400822829131653 1.0172394855581322 1336.33815882764 0.08468978937728938 swap_t 100 4627.002185344696 0.0 61.923528635028504 0.0 12.206016020000002 81.80929284276236 0.0 55.26146916044471
0.9827965463870787 1265.2119398503585 0.09400822829131653 1.0479802273519425 1374.2127717216354 0.054927884615384615 move_t 100 4641.741223335266 0.0 62.38429334867822 0.0 12.206016020000002 81.80929284276236 0.0 55.26146916044471
0.9827965463870787 1265.2119398503585 0.09400822829131653 1.0250472518131222 1340.6644661280911 0.07269749245852186 t_multiswap_k 100 4643.154262781143 0.0 62.38429334867822 0.0 12.206016020000002 81.80929284276236 0.0 55.708854468840265
0.9827965463870787 1265.2119398503585 0.09400822829131653 1.0117218606910434 1321.2801972967738 0.08311415912518853 swap_t 100 4663.6925892829895 0.0 62.38429334867822 0.0 12.206016020000002 82.05119991433473 0.0 55.708854468840265
0.9827965463870787 1265.2119398503585 0.09400822829131653 1.0117218606910434 1321.2801972967738 0.08311415912518853 t_multiswap_k 100 4664.331925153732 0.0 62.38429334867822 0.0 12.206016020000002 82.05119991433473 0.0 56.15176592415186
0.9827965463870787 1265.2119398503585 0.09400822829131653 1.0117218606910434 1321.2801972967738 0.08311415912518853 swap_t 100 4675.70552444458 0.0 62.38429334867822 0.0 12.206016020000002 82.23068791519138 0.0 56.15176592415186
0.9827965463870787 1265.2119398503585 0.09400822829131653 1.029294519989755 1363.2452985431476 0.08311415912518853 swap_t 100 4694.5344116687775 0.0 62.38429334867822 0.0 12.206016020000002 82.44838103603946 0.0 56.15176592415186
0.9827965463870787 1265.2119398503585 0.09400822829131653 1.029294519989755 1363.2452985431476 0.08311415912518853 t_multiswap_k 100 4695.089403867722 0.0 62.38429334867822 0.0 12.206016020000002 82.44838103603946 0.0 56.59024826491034
0.9827965463870787 1265.2119398503585 0.09400822829131653 1.0181183389493453 1347.2166848809852 0.09204273055375996 swap_t 100 4710.872895717621 0.0 62.38429334867822 0.0 12.206016020000002 82.71389722567908 0.0 56.59024826491034
0.9827965463870787 1265.2119398503585 0.09400822829131653 1.0181183389493453 1347.2166848809852 0.09204273055375996 t_multiswap_k 100 4711.328737974167 0.0 62.38429334867822 0.0 12.206016020000002 82.71389722567908 0.0 57.02434578226124
0.9827965463870787 1265.2119398503585 0.09400822829131653 1.01662692383838 1334.8753059860708 0.08468978937728938 move_t 100 4730.042039871216 0.0 62.86045041519144 0.0 12.206016020000002 82.71389722567908 0.0 57.02434578226124
0.9827965463870787 1265.2119398503585 0.09400822829131653 1.0298274514562262 1341.523417958551 0.06385645604395604 move_t 100 4743.773717403412 0.0 63.361845911039524 0.0 12.206016020000002 82.71389722567908 0.0 57.02434578226124
0.9827965463870787 1265.2119398503585 0.09400822829131653 1.0221415009974018 1321.287298617559 0.0622808257918552 swap_t 100 4755.483592033386 0.0 63.361845911039524 0.0 12.206016020000002 82.97675825342229 0.0 57.02434578226124
0.9827965463870787 1265.2119398503585 0.09400822829131653 1.0221415009974018 1321.287298617559 0.0622808257918552 t_multiswap_k 100 4755.703895807266 0.0 63.361845911039524 0.0 12.206016020000002 82.97675825342229 0.0 57.45410232443863
0.9827965463870787 1265.2119398503585 0.09400822829131653 1.0192910593354103 1314.4801858801534 0.0622808257918552 move_t 100 4776.461401939392 0.0 63.78822745192913 0.0 12.206016020000002 82.97675825342229 0.0 57.45410232443863
0.9827965463870787 1265.2119398503585 0.09400822829131653 1.0266859992343857 1334.0213456592348 0.06385645604395604 swap_t 100 4791.614475250244 0.0 63.78822745192913 0.0 12.206016020000002 83.18699067088806 0.0 57.45410232443863
0.9827965463870787 1265.2119398503585 0.09400822829131653 1.0290580425030933 1339.6859997243932 0.06385645604395604 move_t 100 4817.429856061935 0.0 64.25034517740984 0.0 12.206016020000002 83.18699067088806 0.0 57.45410232443863
0.9827965463870787 1265.2119398503585 0.09400822829131653 1.1076683523340178 1526.081896334912 0.06274038461538461 f_swap_t 100 4835.514277935028 0.0 64.25034517740984 0.0 13.333955859800001 83.18699067088806 0.0 57.45410232443863
0.9827965463870787 1265.2119398503585 0.09400822829131653 1.0992963215359375 1474.9938001074656 0.03669871794871794 t_multiswap_k 100 4836.280547142029 0.0 64.25034517740984 0.0 13.333955859800001 83.18699067088806 0.0 57.879561301194244
0.9827965463870787 1265.2119398503585 0.09400822829131653 1.087630450044921 1499.4472877507453 0.08050999245852186 swap_t 100 4854.585822105408 0.0 64.25034517740984 0.0 13.333955859800001 83.60512076417919 0.0 57.879561301194244
0.9827965463870787 1265.2119398503585 0.09400822829131653 1.0617327375231849 1437.601205746308 0.08050999245852186 swap_t 100 4879.432768344879 0.0 64.25034517740984 0.0 13.333955859800001 83.85906955653739 0.0 57.879561301194244
0.9827965463870787 1265.2119398503585 0.09400822829131653 1.1214945098680136 1561.6607710385151 0.06488499245852186 swap_t 100 4905.466331481934 0.0 64.25034517740984 0.0 13.333955859800001 84.14047886097202 0.0 57.879561301194244
0.9827965463870787 1265.2119398503585 0.09400822829131653 1.0912515988578109 1508.094918936098 0.08050999245852186 move_t 100 4920.693437337875 0.0 64.72784172563574 0.0 13.333955859800001 84.14047886097202 0.0 57.879561301194244
0.9827965463870787 1265.2119398503585 0.09400822829131653 1.0886024735401145 1489.330596346982 0.0700933257918552 t_multiswap_k 100 4921.482590436935 0.0 64.72784172563574 0.0 13.333955859800001 84.14047886097202 0.0 58.3007656881823
0.9827965463870787 1265.2119398503585 0.09400822829131653 1.1321567983102017 1554.7845551702821 0.037801659125188534 swap_t 100 4943.700246334076 0.0 64.72784172563574 0.0 13.333955859800001 84.5790740723623 0.0 58.3007656881823
0.9827965463870787 1265.2119398503585 0.09400822829131653 1.116064803997172 1516.3554159533235 0.037801659125188534 swap_t 100 4961.2445936203 0.0 64.72784172563574 0.0 13.333955859800001 84.85328333163868 0.0 58.3007656881823
0.9827965463870787 1265.2119398503585 0.09400822829131653 1.1098618053757323 1511.492470897561 0.04613499245852187 t_multiswap_k 100 4962.692065238953 0.0 64.72784172563574 0.0 13.333955859800001 84.85328333163868 0.0 58.71775803130048
0.9827965463870787 1265.2119398503585 0.09400822829131653 1.1028888948504056 1484.8901521046346 0.037801659125188534 swap_t 100 4980.278327703476 0.0 64.72784172563574 0.0 13.333955859800001 85.0947504983223 0.0 58.71775803130048
0.9827965463870787 1265.2119398503585 0.09400822829131653 1.1145050921007778 1500.1927112381422 0.02738499245852187 move_t 100 4997.702154636383 0.0 65.39056330837938 0.0 13.333955859800001 85.0947504983223 0.0 58.71775803130048
0.9827965463870787 1265.2119398503585 0.09400822829131653 1.100850879894844 1463.9269894699064 0.024321266968325792 t_multiswap_k 100 4998.571706295013 0.0 65.39056330837938 0.0 13.333955859800001 85.0947504983223 0.0 59.13058045098747
0.9827965463870787 1265.2119398503585 0.09400822829131653 1.100850879894844 1463.9269894699064 0.024321266968325792 t_multiswap_k 100 4999.281821966171 0.0 65.39056330837938 0.0 13.333955859800001 85.0947504983223 0.0 59.5392746464776
0.9827965463870787 1265.2119398503585 0.09400822829131653 1.0934666968559834 1458.7308633948937 0.03473793363499246 swap_t 100 5022.456333875656 0.0 65.39056330837938 0.0 13.333955859800001 85.41380299333908 0.0 59.5392746464776
0.9827965463870787 1265.2119398503585 0.09400822829131653 1.0827326344996173 1443.7580691749351 0.043666505063563885 swap_t 100 5038.0887286663055 0.0 65.39056330837938 0.0 13.333955859800001 85.65966496340569 0.0 59.5392746464776
0.9827965463870787 1265.2119398503585 0.09400822829131653 1.0827326344996173 1443.7580691749351 0.043666505063563885 t_multiswap_k 100 5039.126719236374 0.0 65.39056330837938 0.0 13.333955859800001 85.65966496340569 0.0 59.943881900012826
0.9827965463870787 1265.2119398503585 0.09400822829131653 1.076895577817122 1429.8186493923126 0.043666505063563885 swap_t 100 5059.207134962082 0.0 65.39056330837938 0.0 13.333955859800001 85.89306831377164 0.0 59.943881900012826
0.9827965463870787 1265.2119398503585 0.09400822829131653 1.0762221462408388 1419.4306892297193 0.036313563887093295 swap_t 100 5081.6865384578705 0.0 65.39056330837938 0.0 13.333955859800001 86.06413763063392 0.0 59.943881900012826
0.9827965463870787 1265.2119398503585 0.09400822829131653 1.0795333069475745 1416.676922320057 0.02738499245852187 swap_t 100 5104.718490600586 0.0 65.39056330837938 0.0 13.333955859800001 86.38349625432758 0.0 59.943881900012826
0.9827965463870787 1265.2119398503585 0.09400822829131653 1.0568009178395363 1362.3899191821342 0.02738499245852187 move_t 100 5119.873445510864 0.0 65.79665767529559 0.0 13.333955859800001 86.38349625432758 0.0 59.943881900012826
0.9827965463870787 1265.2119398503585 0.09400822829131653 1.0603750468758806 1370.925262884427 0.02738499245852187 swap_t 100 5136.124742031097 0.0 65.79665767529559 0.0 13.333955859800001 86.61966129178431 0.0 59.943881900012826
0.9827965463870787 1265.2119398503585 0.09400822829131653 1.0667347821739426 1386.1128865187668 0.02738499245852187 swap_t 100 5156.224187850952 0.0 65.79665767529559 0.0 13.333955859800001 86.86346467886646 0.0 59.943881900012826
0.9827965463870787 1265.2119398503585 0.09400822829131653 1.039241560737707 1331.1177032206572 0.036313563887093295 swap_t 100 5167.718732833862 0.0 65.79665767529559 0.0 13.333955859800001 87.0548300320778 0.0 59.943881900012826
0.9827965463870787 1265.2119398503585 0.09400822829131653 1.0830005136994743 1424.9569259274936 0.02738499245852187 swap_t 100 5184.324174880981 0.0 65.79665767529559 0.0 13.333955859800001 87.27428173175703 0.0 59.943881900012826
0.9827965463870787 1265.2119398503585 0.09400822829131653 1.0575184972960125 1364.1035638861863 0.02738499245852187 swap_t 100 5206.951611042023 0.0 65.79665767529559 0.0 13.333955859800001 87.46153891443946 0.0 59.943881900012826
0.9827965463870787 1265.2119398503585 0.09400822829131653 1.0575184972960125 1364.1035638861863 0.02738499245852187 t_multiswap_k 100 5207.673814058304 0.0 65.79665767529559 0.0 13.333955859800001 87.46153891443946 0.0 60.3444430810127
0.9827965463870787 1265.2119398503585 0.09400822829131653 1.1102918608812327 1477.6931621579538 0.016968325791855206 swap_t 100 5228.528964757919 0.0 65.79665767529559 0.0 13.333955859800001 87.67692352529507 0.0 60.3444430810127
0.9827965463870787 1265.2119398503585 0.09400822829131653 1.0945025803428106 1439.9869308392326 0.016968325791855206 swap_t 100 5244.951350450516 0.0 65.79665767529559 0.0 13.333955859800001 88.04015429004211 0.0 60.3444430810127
0.9827965463870787 1265.2119398503585 0.09400822829131653 1.0701276413026137 1381.7773697643725 0.016968325791855206 t_multiswap_k 100 5245.7412545681 0.0 65.79665767529559 0.0 13.333955859800001 88.04015429004211 0.0 60.74099865020257
0.9827965463870787 1265.2119398503585 0.09400822829131653 1.0996168691637902 1443.4205709437456 0.009615384615384616 swap_t 100 5263.537841796875 0.0 65.79665767529559 0.0 13.333955859800001 88.22975274714169 0.0 60.74099865020257
0.9827965463870787 1265.2119398503585 0.09400822829131653 1.0833114214899402 1404.4816857773585 0.009615384615384616 swap_t 100 5279.581336259842 0.0 65.79665767529559 0.0 13.333955859800001 88.44745521967027 0.0 60.74099865020257
0.9827965463870787 1265.2119398503585 0.09400822829131653 1.092765774353949 1439.4975078197513 0.02003205128205128 f_swap_t 100 5296.560661315918 0.0 65.79665767529559 0.0 14.420616301202001 88.44745521967027 0.0 60.74099865020257
0.9827965463870787 1265.2119398503585 0.09400822829131653 1.070935535495861 1387.3649211497664 0.02003205128205128 t_multiswap_k 100 5296.825935125351 0.0 65.79665767529559 0.0 14.420616301202001 88.44745521967027 0.0 61.13358866370054
0.9827965463870787 1265.2119398503585 0.09400822829131653 1.066249023937842 1376.1731072824714 0.02003205128205128 t_multiswap_k 100 5297.39426445961 0.0 65.79665767529559 0.0 14.420616301202001 88.44745521967027 0.0 61.522252777063535
0.9827965463870787 1265.2119398503585 0.09400822829131653 1.066249023937842 1376.1731072824714 0.02003205128205128 t_multiswap_k 100 5297.847588062286 0.0 65.79665767529559 0.0 14.420616301202001 88.44745521967027 0.0 61.9070302492929
0.9827965463870787 1265.2119398503585 0.09400822829131653 1.0608028176987339 1363.167073742086 0.02003205128205128 swap_t 100 5315.248025417328 0.0 65.79665767529559 0.0 14.420616301202001 88.59298066747357 0.0 61.9070302492929
0.9827965463870787 1265.2119398503585 0.09400822829131653 1.0577216047053513 1365.1373368039344 0.02784455128205128 move_t 100 5327.101374387741 0.0 66.16869109854264 0.0 14.420616301202001 88.59298066747357 0.0 61.9070302492929
0.9827965463870787 1265.2119398503585 0.09400822829131653 1.09418293457424 1452.21029335056 0.02784455128205128 move_t 100 5338.997826099396 0.0 66.6270041875572 0.0 14.420616301202001 88.59298066747357 0.0 61.9070302492929
0.9827965463870787 1265.2119398503585 0.09400822829131653 1.0691616356646136 1380.0191948860563 0.017427884615384616 t_multiswap_k 100 5339.698500156403 0.0 66.6270041875572 0.0 14.420616301202001 88.59298066747357 0.0 62.28795994679997
0.9827965463870787 1265.2119398503585 0.09400822829131653 1.0583842770749565 1369.8293512905666 0.030448717948717948 swap_t 100 5362.170703887939 0.0 66.6270041875572 0.0 14.420616301202001 88.87705086079883 0.0 62.28795994679997
0.9827965463870787 1265.2119398503585 0.09400822829131653 1.0492111844309884 1360.3611471297718 0.040865384615384616 move_t 100 5377.7755517959595 0.0 67.11073414568163 0.0 14.420616301202001 88.87705086079883 0.0 62.28795994679997
0.9827965463870787 1265.2119398503585 0.09400822829131653 1.0390312314522392 1336.0504978322087 0.040865384615384616 f_swap_t 100 5403.93679857254 0.0 67.11073414568163 0.0 15.336410138189981 88.87705086079883 0.0 62.28795994679997