9
1 100 8 200

1279.3306822900365
100 15
Neighbourhoods:
t_move_k move_t t_swap_k f_swap_t swap_t t_swap_r_k t_multiswap_k
200.0 200.0 0.0 600.0 100.0 0.0 200.0
0.0 0.0 0.0 0.0 0.0 0.0 0.0
0.0 0.0 0.0 0.0 0.0 0.0 0.0
-3526484504.354969 -3526484494.917469 0.0 -10579453476.846157 -1763242253.5212345 0.0 -3526484490.292469
-17632422.521774843 -17632422.474587344 0.0 -17632422.46141026 -17632422.535212345 0.0 -17632422.451462343
0.0 0.0 0.0 0.0 0.0 0.0 0.0
0.0 0.0 0.0 0.0 0.0 0.0 0.0

Assigned customers matrix:
Vehicle 0:
0 6 83 8 31 1 50 3 68 12 26 0 0 0 0 0 0 0 0 0 0 0 0 0 0 0 0 0 0 0 0 0 0 0 0 0 0 0 0 0 0 0 0 0 0 0 0 0 0 0 0 0 0 0 0 0 0 0 0 0 0 0 0 0 0 0 0 0 0 0 0 0 0 0 0 0 0 0 0 0 0 0 0 0 0 0 0 0
0 21 72 22 75 23 25 54 24 76 27 0 0 0 0 0 0 0 0 0 0 0 0 0 0 0 0 0 0 0 0 0 0 0 0 0 0 0 0 0 0 0 0 0 0 0 0 0 0 0 0 0 0 0 0 0 0 0 0 0 0 0 0 0 0 0 0 0 0 0 0 0 0 0 0 0 0 0 0 0 0 0 0 0 0 0 0 0
0 55 13 94 59 99 5 48 49 7 0 0 0 0 0 0 0 0 0 0 0 0 0 0 0 0 0 0 0 0 0 0 0 0 0 0 0 0 0 0 0 0 0 0 0 0 0 0 0 0 0 0 0 0 0 0 0 0 0 0 0 0 0 0 0 0 0 0 0 0 0 0 0 0 0 0 0 0 0 0 0 0 0 0 0 0 0 0
0 80 77 33 51 30 32 63 11 19 47 82 17 96 89 0 0 0 0 0 0 0 0 0 0 0 0 0 0 0 0 0 0 0 0 0 0 0 0 0 0 0 0 0 0 0 0 0 0 0 0 0 0 0 0 0 0 0 0 0 0 0 0 0 0 0 0 0 0 0 0 0 0 0 0 0 0 0 0 0 0 0 0 0 0 0 0 0
0 64 36 46 61 38 43 15 67 39 4 73 40 53 0 0 0 0 0 0 0 0 0 0 0 0 0 0 0 0 0 0 0 0 0 0 0 0 0 0 0 0 0 0 0 0 0 0 0 0 0 0 0 0 0 0 0 0 0 0 0 0 0 0 0 0 0 0 0 0 0 0 0 0 0 0 0 0 0 0 0 0 0 0 0 0 0 0
0 18 88 62 10 90 70 20 66 65 71 35 9 78 29 69 0 0 0 0 0 0 0 0 0 0 0 0 0 0 0 0 0 0 0 0 0 0 0 0 0 0 0 0 0 0 0 0 0 0 0 0 0 0 0 0 0 0 0 0 0 0 0 0 0 0 0 0 0 0 0 0 0 0 0 0 0 0 0 0 0 0 0 0 0 0 0 0
0 28 81 34 79 56 74 41 2 57 42 87 97 92 98 37 100 91 84 60 0 0 0 0 0 0 0 0 0 0 0 0 0 0 0 0 0 0 0 0 0 0 0 0 0 0 0 0 0 0 0 0 0 0 0 0 0 0 0 0 0 0 0 0 0 0 0 0 0 0 0 0 0 0 0 0 0 0 0 0 0 0 0 0 0 0 0 0
0 58 95 93 85 14 44 16 86 45 52 0 0 0 0 0 0 0 0 0 0 0 0 0 0 0 0 0 0 0 0 0 0 0 0 0 0 0 0 0 0 0 0 0 0 0 0 0 0 0 0 0 0 0 0 0 0 0 0 0 0 0 0 0 0 0 0 0 0 0 0 0 0 0 0 0 0 0 0 0 0 0 0 0 0 0 0 0

Transported demand matrix:
200 200 200 200 153 122 183 200

Routes distance matrix:
110.83351242749721 118.10857042892869 166.03760616639292 161.05687308583742 239.41892697151442 182.56798291259014 188.13679858182417 113.17041171545166

Solution history:
1.0 1279.3306822900365 1.0 1.0 0 0 0 0.0 3.0 0.0 3.0 3.0 0.0 3.0
1.0 1279.3306822900365 1.0 1.0 t_move_k 100 -1763242254.8024845 1.0 3.0 0.0 3.0 3.0 0.0 3.0
1.0 1279.3306822900365 1.0 1.0 swap_t 100 -1763242253.5212345 1.0 3.0 0.0 3.0 3.9699999999999998 0.0 3.0
1.0 1279.3306822900365 1.0 1.0 f_swap_t 100 -1763242251.7556095 1.0 3.0 0.0 3.9699999999999998 3.9699999999999998 0.0 3.0
1.0 1279.3306822900365 1.0 1.0 f_swap_t 100 -1763242250.0368595 1.0 3.0 0.0 4.9303 3.9699999999999998 0.0 3.0
1.0 1279.3306822900365 1.0 1.0 t_multiswap_k 100 -1763242249.7868595 1.0 3.0 0.0 4.9303 3.9699999999999998 0.0 3.9699999999999998
1.0 1279.3306822900365 1.0 1.0 t_move_k 100 -1763242249.5524845 1.99 3.0 0.0 4.9303 3.9699999999999998 0.0 3.9699999999999998
1.0 1279.3306822900365 1.0 1.0 move_t 100 -1763242248.6462345 1.99 3.9699999999999998 0.0 4.9303 3.9699999999999998 0.0 3.9699999999999998
1.0 1279.3306822900365 1.0 1.0 f_swap_t 100 -1763242247.0993595 1.99 3.9699999999999998 0.0 5.880997 3.9699999999999998 0.0 3.9699999999999998
1.0 1279.3306822900365 1.0 1.0 move_t 100 -1763242246.2712345 1.99 4.9303 0.0 5.880997 3.9699999999999998 0.0 3.9699999999999998
1.0 1279.3306822900365 1.0 1.0 f_swap_t 100 -1763242244.2556095 1.99 4.9303 0.0 6.82218703 3.9699999999999998 0.0 3.9699999999999998
1.0 1279.3306822900365 1.0 1.0 f_swap_t 100 -1763242242.8024845 1.99 4.9303 0.0 7.7539651597 3.9699999999999998 0.0 3.9699999999999998
1.0 1279.3306822900365 1.0 1.0 f_swap_t 100 -1763242240.8962345 1.99 4.9303 0.0 8.676425508103 3.9699999999999998 0.0 3.9699999999999998
1.0 1279.3306822900365 1.0 1.0 t_multiswap_k 100 -1763242240.5056095 1.99 4.9303 0.0 8.676425508103 3.9699999999999998 0.0 4.9303