9
1 100 8 200

Solution history:
B_obj   B_dis   B_sim   C_obj   C_dis   C_sim   neighbor   iterations   time   scores
1.0 1279.3306822900365 1.0 1.0 1279.3306822900365 1.0 0 0 0 0.0 3.0 0.0 3.0 3.0 0.0 3.0
1.0 1279.3306822900365 1.0 1.0 1279.3306822900365 1.0 t_move_k 100 0.0020089149475097656 1.0 3.0 0.0 3.0 3.0 0.0 3.0
0.5357128076085206 1279.3306822900365 1.0 0.5479026880750705 1308.4412203858542 1.0 swap_t 100 6.338688850402832 1.0 3.0 0.0 3.0 4.04 0.0 3.0
0.5357128076085206 1279.3306822900365 1.0 0.5474511667342474 1307.3629465480446 1.0 f_swap_t 100 10.995116472244263 1.0 3.0 0.0 3.9699999999999998 4.04 0.0 3.0
0.5357128076085206 1279.3306822900365 1.0 0.5986744800606455 1429.6888559836564 1.0 f_swap_t 100 14.465375661849976 1.0 3.0 0.0 5.1303 4.04 0.0 3.0
0.5357128076085206 1279.3306822900365 1.0 0.5708150366888164 1363.15798311502 1.0 t_multiswap_k 100 14.937255382537842 1.0 3.0 0.0 5.1303 4.04 0.0 3.9699999999999998
0.5357128076085206 1279.3306822900365 1.0 0.5579064873831749 1332.3311987708441 1.0 t_move_k 100 15.442078590393066 1.99 3.0 0.0 5.1303 4.04 0.0 3.9699999999999998
0.5357128076085206 1279.3306822900365 1.0 0.5505781669526684 1314.830506154865 1.0 move_t 100 20.183993339538574 1.99 3.9699999999999998 0.0 5.1303 4.04 0.0 3.9699999999999998
0.5357128076085206 1279.3306822900365 1.0 0.5495231517017836 1312.3110342259292 1.0 f_swap_t 100 23.060800075531006 1.99 3.9699999999999998 0.0 6.1089970000000005 4.04 0.0 3.9699999999999998
0.5357128076085206 1279.3306822900365 1.0 0.5471740180350916 1306.7010903643747 1.0 move_t 100 26.70606565475464 1.99 4.9902999999999995 0.0 6.1089970000000005 4.04 0.0 3.9699999999999998
0.5357128076085206 1279.3306822900365 1.0 0.5389526777991047 1287.067785608425 1.0 f_swap_t 100 29.22012448310852 1.99 4.9902999999999995 0.0 7.04790703 4.04 0.0 3.9699999999999998
0.5357128076085206 1279.3306822900365 1.0 0.6111815739240681 1459.5569283883221 1.0 f_swap_t 100 39.76194977760315 1.99 4.9902999999999995 0.0 8.1374279597 4.04 0.0 3.9699999999999998
0.5357128076085206 1279.3306822900365 1.0 0.5935397907396397 1417.4267530451168 1.0 f_swap_t 100 47.20600914955139 1.99 4.9902999999999995 0.0 9.166053680103 4.04 0.0 3.9699999999999998
0.5357128076085206 1279.3306822900365 1.0 0.5694963177134046 1360.0087628189929 1.0 t_multiswap_k 100 47.95141315460205 1.99 4.9902999999999995 0.0 9.166053680103 4.04 0.0 4.9303
0.5357128076085206 1279.3306822900365 1.0 0.5686562543571182 1358.0026154738093 1.0 f_swap_t 100 58.182597160339355 1.99 4.9902999999999995 0.0 10.07439314330197 4.04 0.0 4.9303
0.5357128076085206 1279.3306822900365 1.0 0.5679361531365215 1356.2829485687441 1.0 f_swap_t 100 66.71963477134705 1.99 4.9902999999999995 0.0 10.97364921186895 4.04 0.0 4.9303
0.5357128076085206 1279.3306822900365 1.0 0.5679361531365215 1356.2829485687441 1.0 f_swap_t 100 80.06744313240051 1.99 4.9902999999999995 0.0 11.863912719750262 4.04 0.0 4.9303
0.5357128076085206 1279.3306822900365 1.0 0.5667057888737291 1353.3447273251452 1.0 move_t 100 90.35824012756348 1.99 5.970396999999999 0.0 11.863912719750262 4.04 0.0 4.9303
0.5357128076085206 1279.3306822900365 1.0 0.6166456931917436 1472.6057398625805 1.0 f_swap_t 100 102.14468121528625 1.99 5.970396999999999 0.0 12.89527359255276 4.04 0.0 4.9303
0.5357128076085206 1279.3306822900365 1.0 0.599097301293988 1430.6985913666008 1.0 f_swap_t 100 112.71181082725525 1.99 5.970396999999999 0.0 13.806320856627233 4.04 0.0 4.9303
0.5357128076085206 1279.3306822900365 1.0 0.5711808347334241 1364.0315419609947 1.0 f_swap_t 100 131.04038310050964 1.99 5.970396999999999 0.0 14.84825764806096 4.04 0.0 4.9303
0.5357128076085206 1279.3306822900365 1.0 0.5657563288873632 1351.077330923728 1.0 t_move_k 100 131.673255443573 2.9701 5.970396999999999 0.0 14.84825764806096 4.04 0.0 4.9303
0.5357128076085206 1279.3306822900365 1.0 0.5609596760082438 1339.6224896106255 1.0 f_swap_t 100 157.31952595710754 2.9701 5.970396999999999 0.0 15.72977507158035 4.04 0.0 4.9303
0.5357128076085206 1279.3306822900365 1.0 0.5608485125983836 1339.3570213243304 1.0 t_multiswap_k 100 157.520503282547 2.9701 5.970396999999999 0.0 15.72977507158035 4.04 0.0 5.880997
0.5357128076085206 1279.3306822900365 1.0 0.5584020992895349 1333.5147648706447 1.0 f_swap_t 100 177.9186339378357 2.9701 5.970396999999999 0.0 16.632477320864545 4.04 0.0 5.880997
0.5357128076085206 1279.3306822900365 1.0 0.5579760234422965 1332.497257175079 1.0 t_move_k 100 178.5802264213562 3.940399 5.970396999999999 0.0 16.632477320864545 4.04 0.0 5.880997
0.5357128076085206 1279.3306822900365 1.0 0.5905174610246842 1410.2091560763226 1.0 f_swap_t 100 203.96889638900757 3.940399 5.970396999999999 0.0 17.5761525476559 4.04 0.0 5.880997
0.5357128076085206 1279.3306822900365 1.0 0.5773984882977699 1378.8798615526562 1.0 f_swap_t 100 227.22216606140137 3.940399 5.970396999999999 0.0 18.400391022179342 4.04 0.0 5.880997
0.5357128076085206 1279.3306822900365 1.0 0.5725304508268828 1367.2545473720131 1.0 t_multiswap_k 100 227.8255112171173 3.940399 5.970396999999999 0.0 18.400391022179342 4.04 0.0 6.82218703
0.5357128076085206 1279.3306822900365 1.0 0.6352055584122603 1516.9283782213154 1.0 f_swap_t 100 247.09935784339905 3.940399 5.970396999999999 0.0 19.396387111957548 4.04 0.0 6.82218703
0.5357128076085206 1279.3306822900365 1.0 0.6252622302230365 1493.182810342622 1.0 swap_t 100 271.85268449783325 3.940399 5.970396999999999 0.0 19.396387111957548 5.1696 0.0 6.82218703
0.5357128076085206 1279.3306822900365 1.0 0.6082358770606188 1452.5223376064453 1.0 t_multiswap_k 100 272.96025586128235 3.940399 5.970396999999999 0.0 19.396387111957548 5.1696 0.0 7.7539651597
0.5357128076085206 1279.3306822900365 1.0 0.6027632208297343 1439.453139091198 1.0 t_multiswap_k 100 274.2305030822754 3.940399 5.970396999999999 0.0 19.396387111957548 5.1696 0.0 8.676425508103
0.5357128076085206 1279.3306822900365 1.0 0.5991539545650738 1430.8338845067362 1.0 t_multiswap_k 100 275.5760266780853 3.940399 5.970396999999999 0.0 19.396387111957548 5.1696 0.0 9.58966125302197
0.5357128076085206 1279.3306822900365 1.0 0.5839951021920518 1394.6331727192292 1.0 f_swap_t 100 293.90389585494995 3.940399 5.970396999999999 0.0 20.422423240837972 5.1696 0.0 9.58966125302197
0.5357128076085206 1279.3306822900365 1.0 0.5817507155774547 1389.273374300758 1.0 t_multiswap_k 100 294.75728058815 3.940399 5.970396999999999 0.0 20.422423240837972 5.1696 0.0 10.493764640491749
0.5357128076085206 1279.3306822900365 1.0 0.5889982503932151 1406.5811435552557 1.0 f_swap_t 100 308.1929280757904 3.940399 5.970396999999999 0.0 21.448199008429594 5.1696 0.0 10.493764640491749
0.5357128076085206 1279.3306822900365 1.0 0.5667020563809244 1353.3358137944274 1.0 move_t 100 318.098685503006 3.940399 6.940693029999999 0.0 21.448199008429594 5.1696 0.0 10.493764640491749
0.5357128076085206 1279.3306822900365 1.0 0.6184701191673083 1476.9626342562883 1.0 f_swap_t 100 332.0017478466034 3.940399 6.940693029999999 0.0 22.363717018345298 5.1696 0.0 10.493764640491749
0.5357128076085206 1279.3306822900365 1.0 0.5963785467387096 1424.2059593615709 1.0 f_swap_t 100 354.18695974349976 3.940399 6.940693029999999 0.0 23.200079848161845 5.1696 0.0 10.493764640491749
0.5357128076085206 1279.3306822900365 1.0 0.6066517046408538 1448.7391904539807 1.0 f_swap_t 100 366.780104637146 3.940399 6.940693029999999 0.0 24.188079049680226 5.1696 0.0 10.493764640491749
0.5357128076085206 1279.3306822900365 1.0 0.5859820690931885 1399.3782295579238 1.0 move_t 100 387.08700609207153 3.940399 8.121286099699999 0.0 24.188079049680226 5.1696 0.0 10.493764640491749
0.5357128076085206 1279.3306822900365 1.0 0.5851016006889865 1397.2755913004758 1.0 f_swap_t 100 407.8500940799713 3.940399 8.121286099699999 0.0 25.016198259183422 5.1696 0.0 10.493764640491749
0.5357128076085206 1279.3306822900365 1.0 0.5632573940098227 1345.1096482092642 1.0 f_swap_t 100 420.22266125679016 3.940399 8.121286099699999 0.0 25.826036276591587 5.1696 0.0 10.493764640491749
0.5357128076085206 1279.3306822900365 1.0 0.5625532575159932 1343.428106516995 1.0 t_multiswap_k 100 420.60250759124756 3.940399 8.121286099699999 0.0 25.826036276591587 5.1696 0.0 11.388826994086832
0.5357128076085206 1279.3306822900365 1.0 0.5861009600498345 1399.6621519255127 1.0 swap_t 100 445.0116055011749 3.940399 8.121286099699999 0.0 25.826036276591587 6.227904 0.0 11.388826994086832
0.5357128076085206 1279.3306822900365 1.0 0.5908315837559619 1410.9593095959337 1.0 f_swap_t 100 469.62666153907776 3.940399 8.121286099699999 0.0 26.60777591382567 6.227904 0.0 11.388826994086832
0.5357128076085206 1279.3306822900365 1.0 0.5805184299464833 1386.330564656007 1.0 t_move_k 100 470.8645360469818 4.90099501 8.121286099699999 0.0 26.60777591382567 6.227904 0.0 11.388826994086832
0.5357128076085206 1279.3306822900365 1.0 0.6477098585967273 1546.7897790677248 1.0 swap_t 100 493.69772267341614 4.90099501 8.121286099699999 0.0 26.60777591382567 7.345624959999999 0.0 11.388826994086832
0.5357128076085206 1279.3306822900365 1.0 0.6133169193218895 1464.656326509705 1.0 t_multiswap_k 100 494.7246494293213 4.90099501 8.121286099699999 0.0 26.60777591382567 7.345624959999999 0.0 12.274938724145963
0.5357128076085206 1279.3306822900365 1.0 0.6124403298091189 1462.5629513961487 1.0 f_swap_t 100 511.7171440124512 4.90099501 8.121286099699999 0.0 27.351698154687412 7.345624959999999 0.0 12.274938724145963
0.5357128076085206 1279.3306822900365 1.0 0.5767692271541726 1377.3771289751567 1.0 move_t 100 531.036839723587 4.90099501 9.280073238702998 0.0 27.351698154687412 7.345624959999999 0.0 12.274938724145963
0.5357128076085206 1279.3306822900365 1.0 0.5687146595977113 1358.1420924757326 1.0 t_move_k 100 531.7533946037292 5.8519850599 9.280073238702998 0.0 27.351698154687412 7.345624959999999 0.0 12.274938724145963
0.5357128076085206 1279.3306822900365 1.0 0.5819738985006223 1389.8063553258821 1.0 f_swap_t 100 548.917010307312 5.8519850599 9.280073238702998 0.0 28.248181173140537 7.345624959999999 0.0 12.274938724145963
0.5357128076085206 1279.3306822900365 1.0 0.6142060987103314 1466.7797673861173 1.0 f_swap_t 100 567.4157202243805 5.8519850599 9.280073238702998 0.0 29.265699361409133 7.345624959999999 0.0 12.274938724145963
0.5357128076085206 1279.3306822900365 1.0 0.6047549541090094 1444.2095784723836 1.0 t_multiswap_k 100 567.7445368766785 5.8519850599 9.280073238702998 0.0 29.265699361409133 7.345624959999999 0.0 13.152189336904504
0.5357128076085206 1279.3306822900365 1.0 0.6035098198807929 1441.2360852142367 1.0 t_multiswap_k 100 568.4296038150787 5.8519850599 9.280073238702998 0.0 29.265699361409133 7.345624959999999 0.0 14.020667443535459
0.5357128076085206 1279.3306822900365 1.0 0.6088308430085676 1453.9431701520148 1.0 f_swap_t 100 596.4657371044159 5.8519850599 9.280073238702998 0.0 30.26304236779504 7.345624959999999 0.0 14.020667443535459
0.5357128076085206 1279.3306822900365 1.0 0.5974639714644823 1426.7980518694878 1.0 f_swap_t 100 620.0538787841797 5.8519850599 9.280073238702998 0.0 31.13041194411709 7.345624959999999 0.0 14.020667443535459
0.5357128076085206 1279.3306822900365 1.0 0.5993912058283782 1431.400462001705 1.0 f_swap_t 100 636.3624107837677 5.8519850599 9.280073238702998 0.0 32.079107824675916 7.345624959999999 0.0 14.020667443535459
0.5357128076085206 1279.3306822900365 1.0 0.5873050951467575 1402.537735546507 1.0 t_move_k 100 637.2658498287201 6.793465209301 9.280073238702998 0.0 32.079107824675916 7.345624959999999 0.0 14.020667443535459
0.5357128076085206 1279.3306822900365 1.0 0.5873050951467575 1402.537735546507 1.0 t_multiswap_k 100 638.0311856269836 6.793465209301 9.280073238702998 0.0 32.079107824675916 7.345624959999999 0.0 14.880460769100104
0.5357128076085206 1279.3306822900365 1.0 0.5873050951467575 1402.537735546507 1.0 t_multiswap_k 100 639.6413249969482 6.793465209301 9.280073238702998 0.0 32.079107824675916 7.345624959999999 0.0 15.731656161409102
0.5357128076085206 1279.3306822900365 1.0 0.5873050951467575 1402.537735546507 1.0 t_move_k 100 641.532173871994 7.72553055720799 9.280073238702998 0.0 32.079107824675916 7.345624959999999 0.0 15.731656161409102
0.5357128076085206 1279.3306822900365 1.0 0.6224148236219037 1486.3829456053086 1.0 f_swap_t 100 662.7353999614716 7.72553055720799 9.280073238702998 0.0 32.87831674642916 7.345624959999999 0.0 15.731656161409102
0.5357128076085206 1279.3306822900365 1.0 0.5921540673808696 1414.1175202157683 1.0 t_move_k 100 663.3219215869904 8.64827525163591 9.280073238702998 0.0 32.87831674642916 7.345624959999999 0.0 15.731656161409102
0.5357128076085206 1279.3306822900365 1.0 0.563786554848861 1346.3733321974632 1.0 move_t 100 678.131885766983 8.64827525163591 10.307272506315968 0.0 32.87831674642916 7.345624959999999 0.0 15.731656161409102
0.5357128076085206 1279.3306822900365 1.0 0.5591611211722682 1335.3273778403536 1.0 t_move_k 100 678.912013053894 9.561792499119552 10.307272506315968 0.0 32.87831674642916 7.345624959999999 0.0 15.731656161409102
0.5357128076085206 1279.3306822900365 1.0 0.5940424413445824 1418.6271281943418 1.0 f_swap_t 100 698.3480145931244 9.561792499119552 10.307272506315968 0.0 33.62953357896487 7.345624959999999 0.0 15.731656161409102
0.5357128076085206 1279.3306822900365 1.0 0.5678132996288219 1355.9895632705118 1.0 t_multiswap_k 100 699.4243290424347 9.561792499119552 10.307272506315968 0.0 33.62953357896487 7.345624959999999 0.0 16.57433959979501
0.5357128076085206 1279.3306822900365 1.0 0.567210408996516 1354.5498058612811 1.0 move_t 100 717.1794157028198 9.561792499119552 11.20419978125281 0.0 33.62953357896487 7.345624959999999 0.0 16.57433959979501
0.5357128076085206 1279.3306822900365 1.0 0.5672104089965159 1354.549805861281 1.0 f_swap_t 100 732.2301888465881 9.561792499119552 11.20419978125281 0.0 34.29323824317522 7.345624959999999 0.0 16.57433959979501
0.5357128076085206 1279.3306822900365 1.0 0.5876769645004369 1403.4257932281764 1.0 swap_t 100 751.5329029560089 9.561792499119552 11.20419978125281 0.0 34.29323824317522 8.3221687104 0.0 16.57433959979501
0.5357128076085206 1279.3306822900365 1.0 0.5718250284720676 1365.569934927302 1.0 f_swap_t 100 770.8443248271942 9.561792499119552 11.20419978125281 0.0 34.99030586074347 8.3221687104 0.0 16.57433959979501
0.5357128076085206 1279.3306822900365 1.0 0.5600062310947976 1337.345576842588 1.0 move_t 100 784.7699618339539 9.561792499119552 12.092157783440282 0.0 34.99030586074347 8.3221687104 0.0 16.57433959979501
0.5357128076085206 1279.3306822900365 1.0 0.5600062310947976 1337.345576842588 1.0 f_swap_t 100 806.001532793045 9.561792499119552 12.092157783440282 0.0 35.64040280213604 8.3221687104 0.0 16.57433959979501
0.5357128076085206 1279.3306822900365 1.0 0.5654310021332224 1350.3004211832272 1.0 f_swap_t 100 816.2848536968231 9.561792499119552 12.092157783440282 0.0 36.473998774114676 8.3221687104 0.0 16.57433959979501
0.5357128076085206 1279.3306822900365 1.0 0.5672301524148335 1354.5969549315819 1.0 f_swap_t 100 833.7830328941345 9.561792499119552 12.092157783440282 0.0 37.29925878637353 8.3221687104 0.0 16.57433959979501
0.5357128076085206 1279.3306822900365 1.0 0.5519481364520451 1318.1021173417957 1.0 t_move_k 100 835.2191488742828 10.466174574128356 12.092157783440282 0.0 37.29925878637353 8.3221687104 0.0 16.57433959979501
0.5357128076085206 1279.3306822900365 1.0 0.5519481364520451 1318.1021173417957 1.0 f_swap_t 100 858.7996597290039 10.466174574128356 12.092157783440282 0.0 37.92626619850979 8.3221687104 0.0 16.57433959979501
0.5357128076085206 1279.3306822900365 1.0 0.5488404104396507 1310.6805862838478 1.0 f_swap_t 100 875.8240089416504 10.466174574128356 12.092157783440282 0.0 38.57700353652469 8.3221687104 0.0 16.57433959979501
0.5357128076085206 1279.3306822900365 1.0 0.5474246336868224 1307.2995832287747 1.0 t_move_k 100 877.1913623809814 11.361512828387072 12.092157783440282 0.0 38.57700353652469 8.3221687104 0.0 16.57433959979501
0.5357128076085206 1279.3306822900365 1.0 0.5373471912781993 1283.2337384528857 1.0 f_swap_t 100 898.1257011890411 11.361512828387072 12.092157783440282 0.0 39.221233501159446 8.3221687104 0.0 16.57433959979501
0.5349344342565528 1277.4718562599205 1.0 0.5349344342565528 1277.4718562599205 1.0 t_move_k 100 898.8245816230774 12.247897700103202 12.092157783440282 0.0 39.221233501159446 8.3221687104 0.0 16.57433959979501
0.5349344342565528 1277.4718562599205 1.0 0.5449040837798125 1301.280281867144 1.0 f_swap_t 100 912.6627724170685 12.247897700103202 12.092157783440282 0.0 39.86902116614785 8.3221687104 0.0 16.57433959979501
0.5349344342565528 1277.4718562599205 1.0 0.5872859215223426 1402.4919471956289 1.0 f_swap_t 100 925.9375405311584 12.247897700103202 12.092157783440282 0.0 40.51033095448638 8.3221687104 0.0 16.57433959979501
0.5349344342565528 1277.4718562599205 1.0 0.568478417609092 1357.5779252200812 1.0 f_swap_t 100 938.5281708240509 12.247897700103202 12.092157783440282 0.0 41.16522764494152 8.3221687104 0.0 16.57433959979501
0.5349344342565528 1277.4718562599205 1.0 0.5596975293025401 1336.608369016111 1.0 t_move_k 100 940.0308647155762 13.12541872310217 12.092157783440282 0.0 41.16522764494152 8.3221687104 0.0 16.57433959979501
0.5349344342565528 1277.4718562599205 1.0 0.5566480003185889 1329.3258177306232 1.0 move_t 100 958.8437144756317 13.12541872310217 12.971236205605878 0.0 41.16522764494152 8.3221687104 0.0 16.57433959979501
0.5349344342565528 1277.4718562599205 1.0 0.5566480003185889 1329.3258177306232 1.0 f_swap_t 100 970.1998493671417 13.12541872310217 12.971236205605878 0.0 41.7535753684921 8.3221687104 0.0 16.57433959979501
0.5349344342565528 1277.4718562599205 1.0 0.5720241659257423 1366.0454931944573 1.0 f_swap_t 100 983.7857666015625 13.12541872310217 12.971236205605878 0.0 42.34603961480718 8.3221687104 0.0 16.57433959979501
0.5349344342565528 1277.4718562599205 1.0 0.5998195999379928 1432.4235059176958 1.0 f_swap_t 100 997.4408099651337 13.12541872310217 12.971236205605878 0.0 43.16257921865911 8.3221687104 0.0 16.57433959979501
0.5349344342565528 1277.4718562599205 1.0 0.5703937234093251 1362.1518488623865 1.0 f_swap_t 100 1011.5985105037689 13.12541872310217 12.971236205605878 0.0 43.79095342647252 8.3221687104 0.0 16.57433959979501
0.5349344342565528 1277.4718562599205 1.0 0.5601350905693275 1337.653304933327 1.0 f_swap_t 100 1021.8905320167542 13.12541872310217 12.971236205605878 0.0 44.35304389220779 8.3221687104 0.0 16.57433959979501
0.5349344342565528 1277.4718562599205 1.0 0.5981291428411247 1428.3865413344283 1.0 f_swap_t 100 1038.2021520137787 13.12541872310217 12.971236205605878 0.0 44.969513453285714 8.3221687104 0.0 16.57433959979501
0.5349344342565528 1277.4718562599205 1.0 0.591060192271928 1411.5052474278364 1.0 move_t 100 1057.5291526317596 13.12541872310217 13.99152384354982 0.0 44.969513453285714 8.3221687104 0.0 16.57433959979501
0.5349344342565528 1277.4718562599205 1.0 0.573096243727548 1368.605712039653 1.0 t_move_k 100 1058.5769836902618 13.994164535871148 13.99152384354982 0.0 44.969513453285714 8.3221687104 0.0 16.57433959979501
0.5349344342565528 1277.4718562599205 1.0 0.579360463410399 1383.5652357379047 1.0 f_swap_t 100 1074.451668024063 13.994164535871148 13.99152384354982 0.0 45.64981831875286 8.3221687104 0.0 16.57433959979501
0.5349344342565528 1277.4718562599205 1.0 0.5809299561834327 1387.313326565036 1.0 swap_t 100 1090.5675876140594 13.994164535871148 13.99152384354982 0.0 45.64981831875286 9.488947023296 0.0 16.57433959979501
0.5349344342565528 1277.4718562599205 1.0 0.5638861017679715 1346.6110592522148 1.0 swap_t 100 1106.9206173419952 13.994164535871148 13.99152384354982 0.0 45.64981831875286 10.42405755306304 0.0 16.57433959979501
0.5349344342565528 1277.4718562599205 1.0 0.5801296805052928 1385.4021957972182 1.0 swap_t 100 1119.9072678089142 13.994164535871148 13.99152384354982 0.0 45.64981831875286 11.459816977532409 0.0 16.57433959979501
0.5349344342565528 1277.4718562599205 1.0 0.5649770090210977 1349.2162445317815 1.0 move_t 100 1131.564460515976 13.994164535871148 14.851608605114322 0.0 45.64981831875286 11.459816977532409 0.0 16.57433959979501
0.5349344342565528 1277.4718562599205 1.0 0.5611366182150872 1340.0450436190267 1.0 t_multiswap_k 100 1133.554897069931 13.994164535871148 14.851608605114322 0.0 45.64981831875286 11.459816977532409 0.0 17.40859620379706
0.5349344342565528 1277.4718562599205 1.0 0.5759444049013765 1375.407378764875 1.0 move_t 100 1146.6555178165436 13.994164535871148 15.773092519063178 0.0 45.64981831875286 11.459816977532409 0.0 17.40859620379706
0.5349344342565528 1277.4718562599205 1.0 0.5530867211464138 1320.8211606672562 1.0 move_t 100 1163.4629817008972 13.994164535871148 16.745361593872545 0.0 45.64981831875286 11.459816977532409 0.0 17.40859620379706
0.5349344342565528 1277.4718562599205 1.0 0.5514743897187473 1316.9707672547067 1.0 t_move_k 100 1164.553379535675 14.854222890512437 16.745361593872545 0.0 45.64981831875286 11.459816977532409 0.0 17.40859620379706
0.5349344342565528 1277.4718562599205 1.0 0.5514743897187473 1316.9707672547067 1.0 t_move_k 100 1164.748587846756 15.705680661607312 16.745361593872545 0.0 45.64981831875286 11.459816977532409 0.0 17.40859620379706
0.5349344342565528 1277.4718562599205 1.0 0.5484854467976084 1309.8329009720305 1.0 move_t 100 1187.367705821991 15.705680661607312 17.66790797793382 0.0 45.64981831875286 11.459816977532409 0.0 17.40859620379706
0.5349344342565528 1277.4718562599205 1.0 0.5436927849202641 1298.3875905324696 1.0 move_t 100 1203.075412273407 15.705680661607312 18.58122889815448 0.0 45.64981831875286 11.459816977532409 0.0 17.40859620379706
0.5349344342565528 1277.4718562599205 1.0 0.5599037131788641 1337.1007547784604 1.0 f_swap_t 100 1215.7627720832825 15.705680661607312 18.58122889815448 0.0 46.23332013556533 11.459816977532409 0.0 17.40859620379706
0.5349344342565528 1277.4718562599205 1.0 0.5582314343953885 1333.1072016532448 1.0 t_move_k 100 1216.4780395030975 16.548623854991238 18.58122889815448 0.0 46.23332013556533 11.459816977532409 0.0 17.40859620379706
0.5349344342565528 1277.4718562599205 1.0 0.5640189783550087 1346.928380571288 1.0 f_swap_t 100 1222.6042110919952 16.548623854991238 18.58122889815448 0.0 46.870986934209675 11.459816977532409 0.0 17.40859620379706
0.5349344342565528 1277.4718562599205 1.0 0.5624333909780891 1343.1418543730429 1.0 f_swap_t 100 1232.1483464241028 16.548623854991238 18.58122889815448 0.0 47.41227706486758 11.459816977532409 0.0 17.40859620379706
0.5349344342565528 1277.4718562599205 1.0 0.5582414376737298 1333.1310903875142 1.0 f_swap_t 100 1246.1580781936646 16.548623854991238 18.58122889815448 0.0 47.938154294218904 11.459816977532409 0.0 17.40859620379706
0.5349344342565528 1277.4718562599205 1.0 0.5582414376737298 1333.1310903875142 1.0 f_swap_t 100 1254.89022898674 16.548623854991238 18.58122889815448 0.0 48.45877275127671 11.459816977532409 0.0 17.40859620379706
0.5349344342565528 1277.4718562599205 1.0 0.5604822897319159 1338.4824479652953 1.0 f_swap_t 100 1273.6764154434204 16.548623854991238 18.58122889815448 0.0 49.01418502376394 11.459816977532409 0.0 17.40859620379706
0.5349344342565528 1277.4718562599205 1.0 0.5795194332302253 1383.9448700590806 1.0 move_t 100 1282.9055831432343 16.548623854991238 19.505416609172936 0.0 49.01418502376394 11.459816977532409 0.0 17.40859620379706
0.5349344342565528 1277.4718562599205 1.0 0.5687082839296769 1358.1268668032817 1.0 move_t 100 1290.472892522812 16.548623854991238 20.310362443081207 0.0 49.01418502376394 11.459816977532409 0.0 17.40859620379706
0.5349344342565528 1277.4718562599205 1.0 0.5638075675503162 1346.423512430804 1.0 t_move_k 100 1292.6067626476288 17.383137616441324 20.310362443081207 0.0 49.01418502376394 11.459816977532409 0.0 17.40859620379706
0.5349344342565528 1277.4718562599205 1.0 0.5638075675503162 1346.423512430804 1.0 t_move_k 100 1293.1386075019836 18.20930624027691 20.310362443081207 0.0 49.01418502376394 11.459816977532409 0.0 17.40859620379706
0.5349344342565528 1277.4718562599205 1.0 0.5638075675503162 1346.423512430804 1.0 f_swap_t 100 1300.1758999824524 18.20930624027691 20.310362443081207 0.0 49.5240431735263 11.459816977532409 0.0 17.40859620379706
0.5349344342565528 1277.4718562599205 1.0 0.5891751463781763 1407.0035871816178 1.0 f_swap_t 100 1313.5003221035004 18.20930624027691 20.310362443081207 0.0 50.28880274179104 11.459816977532409 0.0 17.40859620379706
0.5349344342565528 1277.4718562599205 1.0 0.5657884024682046 1351.153925538377 1.0 f_swap_t 100 1323.2703948020935 18.20930624027691 20.310362443081207 0.0 50.81591471437313 11.459816977532409 0.0 17.40859620379706
0.5349344342565528 1277.4718562599205 1.0 0.560863216716952 1339.3921360906259 1.0 f_swap_t 100 1332.2680304050446 18.20930624027691 20.310362443081207 0.0 51.3377555672294 11.459816977532409 0.0 17.40859620379706
0.5349344342565528 1277.4718562599205 1.0 0.5592400238219447 1335.515804510785 1.0 t_multiswap_k 100 1332.6300389766693 18.20930624027691 20.310362443081207 0.0 51.3377555672294 11.459816977532409 0.0 18.23451024175909
0.5349344342565528 1277.4718562599205 1.0 0.5580345379139598 1332.636995030687 1.0 f_swap_t 100 1345.7537043094635 18.20930624027691 20.310362443081207 0.0 51.85437801155711 11.459816977532409 0.0 18.23451024175909
0.5349344342565528 1277.4718562599205 1.0 0.5644058226621547 1347.852199797508 1.0 f_swap_t 100 1356.405146598816 18.20930624027691 20.310362443081207 0.0 52.40583423144154 11.459816977532409 0.0 18.23451024175909
0.5349344342565528 1277.4718562599205 1.0 0.6166626139997946 1472.646148284036 1.0 f_swap_t 100 1370.5545630455017 18.20930624027691 20.310362443081207 0.0 52.98177588912712 11.459816977532409 0.0 18.23451024175909
0.5349344342565528 1277.4718562599205 1.0 0.5768600630484209 1377.5940533139342 1.0 move_t 100 1385.5783100128174 18.20930624027691 21.287258818650393 0.0 52.98177588912712 11.459816977532409 0.0 18.23451024175909
0.5349344342565528 1277.4718562599205 1.0 0.56469857836019 1348.551326907393 1.0 t_move_k 100 1386.395266532898 19.027213177874142 21.287258818650393 0.0 52.98177588912712 11.459816977532409 0.0 18.23451024175909
0.5349344342565528 1277.4718562599205 1.0 0.56469857836019 1348.551326907393 1.0 t_move_k 100 1387.0762195587158 19.8369410460954 21.287258818650393 0.0 52.98177588912712 11.459816977532409 0.0 18.23451024175909
0.5349344342565528 1277.4718562599205 1.0 0.56469857836019 1348.551326907393 1.0 move_t 100 1407.3300206661224 19.8369410460954 22.07438623046389 0.0 52.98177588912712 11.459816977532409 0.0 18.23451024175909
0.5349344342565528 1277.4718562599205 1.0 0.56469857836019 1348.551326907393 1.0 t_multiswap_k 100 1407.9655847549438 19.8369410460954 22.07438623046389 0.0 52.98177588912712 11.459816977532409 0.0 19.052165139341497
0.5349344342565528 1277.4718562599205 1.0 0.5605943152613887 1338.7499750712723 1.0 f_swap_t 100 1411.3457896709442 19.8369410460954 22.07438623046389 0.0 53.48195813023585 11.459816977532409 0.0 19.052165139341497
0.5349344342565528 1277.4718562599205 1.0 0.5605943152613887 1338.7499750712723 1.0 f_swap_t 100 1418.337954044342 19.8369410460954 22.07438623046389 0.0 53.947138548933495 11.459816977532409 0.0 19.052165139341497
0.5349344342565528 1277.4718562599205 1.0 0.5605943152613887 1338.7499750712723 1.0 move_t 100 1428.6210541725159 19.8369410460954 22.853642368159253 0.0 53.947138548933495 11.459816977532409 0.0 19.052165139341497
0.5349344342565528 1277.4718562599205 1.0 0.559612839289355 1336.406121597695 1.0 f_swap_t 100 1436.680231332779 19.8369410460954 22.853642368159253 0.0 54.46766716344416 11.459816977532409 0.0 19.052165139341497
0.5349344342565528 1277.4718562599205 1.0 0.5580061227787949 1332.56913711551 1.0 f_swap_t 100 1451.430668592453 19.8369410460954 22.853642368159253 0.0 54.92299049180972 11.459816977532409 0.0 19.052165139341497
0.5349344342565528 1277.4718562599205 1.0 0.5580061227787949 1332.56913711551 1.0 t_multiswap_k 100 1452.8135669231415 19.8369410460954 22.853642368159253 0.0 54.92299049180972 11.459816977532409 0.0 19.861643487948083
0.5349344342565528 1277.4718562599205 1.0 0.5580061227787949 1332.56913711551 1.0 t_multiswap_k 100 1454.1844482421875 19.8369410460954 22.853642368159253 0.0 54.92299049180972 11.459816977532409 0.0 20.663027053068603
0.5349344342565528 1277.4718562599205 1.0 0.5580061227787949 1332.56913711551 1.0 t_multiswap_k 100 1455.708783864975 19.8369410460954 22.853642368159253 0.0 54.92299049180972 11.459816977532409 0.0 21.45639678253792
0.5349344342565528 1277.4718562599205 1.0 0.5580061227787949 1332.56913711551 1.0 f_swap_t 100 1462.877700805664 19.8369410460954 22.853642368159253 0.0 55.37376058689162 11.459816977532409 0.0 21.45639678253792
0.5349344342565528 1277.4718562599205 1.0 0.5580061227787949 1332.56913711551 1.0 t_move_k 100 1463.7376427650452 20.638571635634445 22.853642368159253 0.0 55.37376058689162 11.459816977532409 0.0 21.45639678253792
0.5349344342565528 1277.4718562599205 1.0 0.5529570249947637 1320.5114345158104 1.0 f_swap_t 100 1471.1752996444702 20.638571635634445 22.853642368159253 0.0 55.880022981022705 11.459816977532409 0.0 21.45639678253792
0.5349344342565528 1277.4718562599205 1.0 0.5522670423654256 1318.8636935332866 1.0 f_swap_t 100 1483.6433985233307 20.638571635634445 22.853642368159253 0.0 56.32122275121248 11.459816977532409 0.0 21.45639678253792
0.5349344342565528 1277.4718562599205 1.0 0.5522670423654256 1318.8636935332866 1.0 t_move_k 100 1483.9161088466644 21.4321859192781 22.853642368159253 0.0 56.32122275121248 11.459816977532409 0.0 21.45639678253792
0.5349344342565528 1277.4718562599205 1.0 0.5659290399293196 1351.4897805273347 1.0 move_t 100 1497.519989490509 21.4321859192781 23.68510594447766 0.0 56.32122275121248 11.459816977532409 0.0 21.45639678253792
0.5349344342565528 1277.4718562599205 1.0 0.5591068595311963 1335.197796129204 1.0 t_move_k 100 1497.7231950759888 22.21786406008532 23.68510594447766 0.0 56.32122275121248 11.459816977532409 0.0 21.45639678253792
0.5349344342565528 1277.4718562599205 1.0 0.5591068595311963 1335.197796129204 1.0 t_move_k 100 1498.2679183483124 22.995685419484467 23.68510594447766 0.0 56.32122275121248 11.459816977532409 0.0 21.45639678253792
0.5349344342565528 1277.4718562599205 1.0 0.5849168414137791 1396.834369425147 1.0 f_swap_t 100 1512.9301617145538 22.995685419484467 23.68510594447766 0.0 56.868010523700356 11.459816977532409 0.0 21.45639678253792
0.5349344342565528 1277.4718562599205 1.0 0.6120343678120296 1461.5934773956324 1.0 move_t 100 1528.5443983078003 22.995685419484467 24.548254885032883 0.0 56.868010523700356 11.459816977532409 0.0 21.45639678253792
0.5349344342565528 1277.4718562599205 1.0 0.6008660534120348 1434.9225315484384 1.0 f_swap_t 100 1548.9985270500183 22.995685419484467 24.548254885032883 0.0 57.35933041846335 11.459816977532409 0.0 21.45639678253792
0.5349344342565528 1277.4718562599205 1.0 0.6007803823284488 1434.7179412450894 1.0 t_move_k 100 1549.7780072689056 23.76572856528962 24.548254885032883 0.0 57.35933041846335 11.459816977532409 0.0 21.45639678253792
0.5349344342565528 1277.4718562599205 1.0 0.6221110380655972 1485.6574781953461 1.0 f_swap_t 100 1565.773567199707 23.76572856528962 24.548254885032883 0.0 57.91573711427872 11.459816977532409 0.0 21.45639678253792
0.5349344342565528 1277.4718562599205 1.0 0.6192394437020772 1478.79985089175 1.0 t_move_k 100 1567.3135223388672 24.528071279636723 24.548254885032883 0.0 57.91573711427872 11.459816977532409 0.0 21.45639678253792
0.5349344342565528 1277.4718562599205 1.0 0.6040338810009807 1442.4875906121465 1.0 f_swap_t 100 1584.8297142982483 24.528071279636723 24.548254885032883 0.0 58.45657974313593 11.459816977532409 0.0 21.45639678253792
0.5349344342565528 1277.4718562599205 1.0 0.6004022582930526 1433.8149468172483 1.0 t_move_k 100 1585.8045313358307 25.282790566840355 24.548254885032883 0.0 58.45657974313593 11.459816977532409 0.0 21.45639678253792
0.5349344342565528 1277.4718562599205 1.0 0.6005340908770967 1434.129774962661 1.0 f_swap_t 100 1602.04660987854 25.282790566840355 24.548254885032883 0.0 58.972013945704575 11.459816977532409 0.0 21.45639678253792
0.5349344342565528 1277.4718562599205 1.0 0.5967784148804943 1425.1608806839474 1.0 t_multiswap_k 100 1602.8874835968018 25.282790566840355 24.548254885032883 0.0 58.972013945704575 11.459816977532409 0.0 22.241832814712538
0.5349344342565528 1277.4718562599205 1.0 0.5938055430682746 1418.061393664277 1.0 f_swap_t 100 1621.8840613365173 25.282790566840355 24.548254885032883 0.0 59.44229380624753 11.459816977532409 0.0 22.241832814712538
0.5349344342565528 1277.4718562599205 1.0 0.5846594617676277 1396.2197235297313 1.0 f_swap_t 100 1649.1176159381866 25.282790566840355 24.548254885032883 0.0 59.87787086818505 11.459816977532409 0.0 22.241832814712538
0.5349344342565528 1277.4718562599205 1.0 0.5824381554062532 1390.915042845395 1.0 t_move_k 100 1650.087221622467 26.02996266117195 24.548254885032883 0.0 59.87787086818505 11.459816977532409 0.0 22.241832814712538
0.5349344342565528 1277.4718562599205 1.0 0.5824381554062532 1390.915042845395 1.0 f_swap_t 100 1676.1430869102478 26.02996266117195 24.548254885032883 0.0 60.2790921595032 11.459816977532409 0.0 22.241832814712538
0.5349344342565528 1277.4718562599205 1.0 0.5824381554062532 1390.915042845395 1.0 t_multiswap_k 100 1677.4102511405945 26.02996266117195 24.548254885032883 0.0 60.2790921595032 11.459816977532409 0.0 23.019414486565413
0.5349344342565528 1277.4718562599205 1.0 0.5824381554062532 1390.915042845395 1.0 t_move_k 100 1678.461624622345 26.76966303456023 24.548254885032883 0.0 60.2790921595032 11.459816977532409 0.0 23.019414486565413
0.5349344342565528 1277.4718562599205 1.0 0.5816089584045709 1388.9348453387297 1.0 move_t 100 1702.3009996414185 26.76966303456023 25.332772336182554 0.0 60.2790921595032 11.459816977532409 0.0 23.019414486565413
0.5349344342565528 1277.4718562599205 1.0 0.5806403673853339 1386.6217622988968 1.0 f_swap_t 100 1727.7266638278961 26.76966303456023 25.332772336182554 0.0 60.70630123790817 11.459816977532409 0.0 23.019414486565413
0.5349344342565528 1277.4718562599205 1.0 0.5675997117736908 1355.479496136494 1.0 f_swap_t 100 1742.8021523952484 26.76966303456023 25.332772336182554 0.0 61.24923822552909 11.459816977532409 0.0 23.019414486565413
0.5349344342565528 1277.4718562599205 1.0 0.5640348935876398 1346.9663875876063 1.0 t_multiswap_k 100 1743.4462921619415 26.76966303456023 25.332772336182554 0.0 61.24923822552909 11.459816977532409 0.0 23.78922034169976
0.5349344342565528 1277.4718562599205 1.0 0.5640348935876398 1346.9663875876063 1.0 t_move_k 100 1744.1217892169952 27.501966404214627 25.332772336182554 0.0 61.24923822552909 11.459816977532409 0.0 23.78922034169976
0.5349344342565528 1277.4718562599205 1.0 0.5640348935876398 1346.9663875876063 1.0 swap_t 100 1762.8350191116333 27.501966404214627 25.332772336182554 0.0 61.24923822552909 12.345218807757085 0.0 23.78922034169976
0.5349344342565528 1277.4718562599205 1.0 0.5640348935876398 1346.9663875876063 1.0 t_move_k 100 1764.0745899677277 28.22694674017248 25.332772336182554 0.0 61.24923822552909 12.345218807757085 0.0 23.78922034169976
0.5349344342565528 1277.4718562599205 1.0 0.5640348935876398 1346.9663875876063 1.0 f_swap_t 100 1782.7506649494171 28.22694674017248 25.332772336182554 0.0 61.6367458432738 12.345218807757085 0.0 23.78922034169976
0.5349344342565528 1277.4718562599205 1.0 0.5689834363593713 1358.7839557147568 1.0 f_swap_t 100 1798.4075243473053 28.22694674017248 25.332772336182554 0.0 62.09037838484106 12.345218807757085 0.0 23.78922034169976
0.5349344342565528 1277.4718562599205 1.0 0.5689834363593713 1358.7839557147568 1.0 t_move_k 100 1799.6026990413666 28.944677272770754 25.332772336182554 0.0 62.09037838484106 12.345218807757085 0.0 23.78922034169976
0.5349344342565528 1277.4718562599205 1.0 0.5689834363593713 1358.7839557147568 1.0 t_move_k 100 1801.0372653007507 29.655230500043047 25.332772336182554 0.0 62.09037838484106 12.345218807757085 0.0 23.78922034169976
0.5349344342565528 1277.4718562599205 1.0 0.5689834363593713 1358.7839557147568 1.0 swap_t 100 1822.2080519199371 29.655230500043047 25.332772336182554 0.0 62.09037838484106 13.221766619679514 0.0 23.78922034169976
0.5349344342565528 1277.4718562599205 1.0 0.5689834363593713 1358.7839557147568 1.0 f_swap_t 100 1843.0446872711182 29.655230500043047 25.332772336182554 0.0 62.46947460099265 13.221766619679514 0.0 23.78922034169976
0.5349344342565528 1277.4718562599205 1.0 0.5689834363593713 1358.7839557147568 1.0 move_t 100 1857.7826759815216 29.655230500043047 26.07944461282073 0.0 62.46947460099265 13.221766619679514 0.0 23.78922034169976
0.5349344342565528 1277.4718562599205 1.0 0.5689834363593713 1358.7839557147568 1.0 t_move_k 100 1858.8159410953522 30.358678195042614 26.07944461282073 0.0 62.46947460099265 13.221766619679514 0.0 23.78922034169976
0.5349344342565528 1277.4718562599205 1.0 0.5629331679282327 1344.3353669744577 1.0 move_t 100 1880.6111614704132 30.358678195042614 26.968650166692523 0.0 62.46947460099265 13.221766619679514 0.0 23.78922034169976
0.5349344342565528 1277.4718562599205 1.0 0.557475757154193 1331.3025759903167 1.0 move_t 100 1885.7730734348297 30.358678195042614 27.788963665025598 0.0 62.46947460099265 13.221766619679514 0.0 23.78922034169976
0.5349344342565528 1277.4718562599205 1.0 0.6230982329036968 1488.014988838814 1.0 f_swap_t 100 1905.7386775016785 30.358678195042614 27.788963665025598 0.0 63.00477985498272 13.221766619679514 0.0 23.78922034169976
0.5349344342565528 1277.4718562599205 1.0 0.5964306669148082 1424.3304270604988 1.0 t_move_k 100 1907.083004951477 31.05509141309219 27.788963665025598 0.0 63.00477985498272 13.221766619679514 0.0 23.78922034169976
0.5349344342565528 1277.4718562599205 1.0 0.5892535109670362 1407.1907289141088 1.0 swap_t 100 1927.0602405071259 31.05509141309219 27.788963665025598 0.0 63.00477985498272 14.08954895348272 0.0 23.78922034169976
0.5349344342565528 1277.4718562599205 1.0 0.6342986021321625 1514.7624845182984 1.0 f_swap_t 100 1950.1708846092224 31.05509141309219 27.788963665025598 0.0 63.5547320564329 14.08954895348272 0.0 23.78922034169976
0.5349344342565528 1277.4718562599205 1.0 0.5995324974319363 1431.7378791420354 1.0 swap_t 100 1968.2011585235596 31.05509141309219 27.788963665025598 0.0 63.5547320564329 15.108653463947892 0.0 23.78922034169976
0.5349344342565528 1277.4718562599205 1.0 0.5773074142073703 1378.6623683799057 1.0 move_t 100 1981.6860671043396 31.05509141309219 28.601074028375344 0.0 63.5547320564329 15.108653463947892 0.0 23.78922034169976
0.5349344342565528 1277.4718562599205 1.0 0.5739631319688743 1370.6759196387509 1.0 t_multiswap_k 100 1982.3499727249146 31.05509141309219 28.601074028375344 0.0 63.5547320564329 15.108653463947892 0.0 24.551328138282763
0.5349344342565528 1277.4718562599205 1.0 0.578039228281781 1380.4100066402352 1.0 f_swap_t 100 1992.6196689605713 31.05509141309219 28.601074028375344 0.0 63.95918473586857 15.108653463947892 0.0 24.551328138282763
0.5349344342565528 1277.4718562599205 1.0 0.5871038995617747 1402.0572622754667 1.0 move_t 100 2011.0502228736877 31.05509141309219 29.50506328809159 0.0 63.95918473586857 15.108653463947892 0.0 24.551328138282763
0.5349344342565528 1277.4718562599205 1.0 0.5554075615036208 1326.3635375443862 1.0 swap_t 100 2030.4851531982422 31.05509141309219 29.50506328809159 0.0 63.95918473586857 16.107566929308412 0.0 24.551328138282763
0.5349344342565528 1277.4718562599205 1.0 0.5522691344487285 1318.8686896176087 1.0 t_multiswap_k 100 2031.1512706279755 31.05509141309219 29.50506328809159 0.0 63.95918473586857 16.107566929308412 0.0 25.305814856899936
0.5349344342565528 1277.4718562599205 1.0 0.5762511036734829 1376.1398031978988 1.0 f_swap_t 100 2041.6902379989624 31.05509141309219 29.50506328809159 0.0 64.47959288850988 16.107566929308412 0.0 25.305814856899936
0.5349344342565528 1277.4718562599205 1.0 0.5645669342638635 1348.2369488877139 1.0 swap_t 100 2054.7783999443054 31.05509141309219 29.50506328809159 0.0 64.47959288850988 16.94649126001533 0.0 25.305814856899936
0.5349344342565528 1277.4718562599205 1.0 0.5550269427148414 1325.4545854196176 1.0 swap_t 100 2072.411952018738 31.05509141309219 29.50506328809159 0.0 64.47959288850988 17.907026347415176 0.0 25.305814856899936
0.5349344342565528 1277.4718562599205 1.0 0.5664714454193714 1352.7850939411833 1.0 move_t 100 2087.8282923698425 31.05509141309219 30.310012655210674 0.0 64.47959288850988 17.907026347415176 0.0 25.305814856899936
0.5349344342565528 1277.4718562599205 1.0 0.5644931177124297 1348.060668280327 1.0 move_t 100 2107.9397468566895 31.05509141309219 31.046912528658567 0.0 64.47959288850988 17.907026347415176 0.0 25.305814856899936
0.5349344342565528 1277.4718562599205 1.0 0.5605378249457769 1338.615071083561 1.0 t_move_k 100 2108.942878484726 31.744540498961268 31.046912528658567 0.0 64.47959288850988 17.907026347415176 0.0 25.305814856899936
0.5349344342565528 1277.4718562599205 1.0 0.5866682622882727 1401.016921028394 1.0 move_t 100 2128.794934988022 31.744540498961268 32.01644340337198 0.0 64.47959288850988 17.907026347415176 0.0 25.305814856899936
0.5349344342565528 1277.4718562599205 1.0 0.5681152938251772 1356.7107527507403 1.0 swap_t 100 2152.5248062610626 31.744540498961268 32.01644340337198 0.0 64.47959288850988 18.757956083941025 0.0 25.305814856899936
0.5349344342565528 1277.4718562599205 1.0 0.5643781710757263 1347.7861653058374 1.0 t_move_k 100 2153.712622642517 32.42709509397166 32.01644340337198 0.0 64.47959288850988 18.757956083941025 0.0 25.305814856899936
0.5349344342565528 1277.4718562599205 1.0 0.5643781710757263 1347.7861653058374 1.0 t_move_k 100 2154.1310379505157 33.10282414303194 32.01644340337198 0.0 64.47959288850988 18.757956083941025 0.0 25.305814856899936
0.5349344342565528 1277.4718562599205 1.0 0.5724134893679685 1366.9752328196835 1.0 swap_t 100 2172.328663110733 33.10282414303194 32.01644340337198 0.0 64.47959288850988 19.820376523101615 0.0 25.305814856899936
0.5349344342565528 1277.4718562599205 1.0 0.5684771551280766 1357.5749103011249 1.0 swap_t 100 2191.0460801124573 33.10282414303194 32.01644340337198 0.0 64.47959288850988 20.692172757870598 0.0 25.305814856899936
0.5349344342565528 1277.4718562599205 1.0 0.5735041490787754 1369.5798269457819 1.0 f_swap_t 100 2210.718106508255 33.10282414303194 32.01644340337198 0.0 64.90479695962479 20.692172757870598 0.0 25.305814856899936
0.5349344342565528 1277.4718562599205 1.0 0.5643587713890896 1347.7398370979085 1.0 move_t 100 2226.8974726200104 33.10282414303194 32.69627896933826 0.0 64.90479695962479 20.692172757870598 0.0 25.305814856899936
0.5349344342565528 1277.4718562599205 1.0 0.6080538829002046 1452.0877190755668 1.0 f_swap_t 100 2253.7354984283447 33.10282414303194 32.69627896933826 0.0 65.33574899002855 20.692172757870598 0.0 25.305814856899936
0.5349344342565528 1277.4718562599205 1.0 0.5882723761195442 1404.847690076819 1.0 t_multiswap_k 100 2254.837877511978 33.10282414303194 32.69627896933826 0.0 65.33574899002855 20.692172757870598 0.0 26.052756708330936
0.5349344342565528 1277.4718562599205 1.0 0.582764118877834 1391.693473124784 1.0 t_move_k 100 2255.641741037369 33.77179590160162 32.69627896933826 0.0 65.33574899002855 20.692172757870598 0.0 26.052756708330936
0.5349344342565528 1277.4718562599205 1.0 0.5720769127231355 1366.1714573217646 1.0 f_swap_t 100 2274.29678273201 33.77179590160162 32.69627896933826 0.0 65.74239150012826 20.692172757870598 0.0 26.052756708330936
0.5349344342565528 1277.4718562599205 1.0 0.5572974248411463 1330.8767022824566 1.0 swap_t 100 2285.640567779541 33.77179590160162 32.69627896933826 0.0 65.74239150012826 21.57525103029189 0.0 26.052756708330936
0.5349344342565528 1277.4718562599205 1.0 0.5492014231642562 1311.5427173524456 1.0 move_t 100 2296.4329619407654 33.77179590160162 33.43931617964488 0.0 65.74239150012826 21.57525103029189 0.0 26.052756708330936
0.534259330262992 1275.8596468065857 1.0 0.534259330262992 1275.8596468065857 1.0 f_swap_t 81 2311.508804798126 33.77179590160162 33.43931617964488 0.0 66.05421382728717 21.57525103029189 0.0 26.052756708330936
0.5316659374973578 1269.666390104145 1.0 0.5743534467232474 1371.6080266071267 1.0 f_swap_t 100 2327.187720298767 33.77179590160162 33.43931617964488 0.0 66.4736716890143 21.57525103029189 0.0 26.052756708330936
0.5316659374973578 1269.666390104145 1.0 0.5592692089284379 1335.5855011871988 1.0 t_move_k 100 2328.1246242523193 34.4340779425856 33.43931617964488 0.0 66.4736716890143 21.57525103029189 0.0 26.052756708330936
0.5316659374973578 1269.666390104145 1.0 0.5943688179650094 1419.406545110578 1.0 f_swap_t 100 2341.3392045497894 34.4340779425856 33.43931617964488 0.0 66.93893497212416 21.57525103029189 0.0 26.052756708330936
0.5316659374973578 1269.666390104145 1.0 0.5868404479820511 1401.4281160529922 1.0 f_swap_t 100 2372.588139772415 34.4340779425856 33.43931617964488 0.0 67.49954562240292 21.57525103029189 0.0 26.052756708330936
0.5316659374973578 1269.666390104145 1.0 0.5738512753500404 1370.408795906671 1.0 f_swap_t 100 2389.557997941971 34.4340779425856 33.43931617964488 0.0 67.8545501661789 21.57525103029189 0.0 26.052756708330936
0.5316659374973578 1269.666390104145 1.0 0.565559604050604 1350.6075342041797 1.0 f_swap_t 100 2403.2610518932343 34.4340779425856 33.43931617964488 0.0 68.28600466451711 21.57525103029189 0.0 26.052756708330936
0.5316659374973578 1269.666390104145 1.0 0.5954412264085116 1421.9675535580777 1.0 f_swap_t 100 2415.4561820030212 34.4340779425856 33.43931617964488 0.0 68.77314461787194 21.57525103029189 0.0 26.052756708330936
0.5316659374973578 1269.666390104145 1.0 0.6191073878535778 1478.484489570606 1.0 swap_t 100 2441.208256483078 34.4340779425856 33.43931617964488 0.0 68.77314461787194 22.549498519988973 0.0 26.052756708330936
0.5316659374973578 1269.666390104145 1.0 0.6059446041246466 1447.0505704079426 1.0 t_multiswap_k 100 2441.8372418880463 34.4340779425856 33.43931617964488 0.0 68.77314461787194 22.549498519988973 0.0 26.792229141247628
0.5316659374973578 1269.666390104145 1.0 0.6022259144883874 1438.170002906079 1.0 f_swap_t 100 2457.397140264511 34.4340779425856 33.43931617964488 0.0 69.11541317169322 22.549498519988973 0.0 26.792229141247628
0.5316659374973578 1269.666390104145 1.0 0.601949443867253 1437.5097660341103 1.0 t_move_k 100 2457.5783483982086 35.08973716315975 33.43931617964488 0.0 69.11541317169322 22.549498519988973 0.0 26.792229141247628
0.5316659374973578 1269.666390104145 1.0 0.5953193996600333 1421.6766202538179 1.0 f_swap_t 100 2477.2368879318237 35.08973716315975 33.43931617964488 0.0 69.4842590399763 22.549498519988973 0.0 26.792229141247628
0.5316659374973578 1269.666390104145 1.0 0.5797708880222924 1384.5453668665705 1.0 f_swap_t 100 2493.752326965332 35.08973716315975 33.43931617964488 0.0 69.90941644957653 22.549498519988973 0.0 26.792229141247628
0.5316659374973578 1269.666390104145 1.0 0.563191155544768 1344.9514647581898 1.0 swap_t 100 2514.2787294387817 35.08973716315975 33.43931617964488 0.0 69.90941644957653 23.444003534789083 0.0 26.792229141247628
0.5316659374973578 1269.666390104145 1.0 0.5583494985951293 1333.3891496504987 1.0 t_multiswap_k 100 2514.4875071048737 35.08973716315975 33.43931617964488 0.0 69.90941644957653 23.444003534789083 0.0 27.524306849835153
0.5316659374973578 1269.666390104145 1.0 0.5618370924898877 1341.7178396007162 1.0 swap_t 100 2541.4608986377716 35.08973716315975 33.43931617964488 0.0 69.90941644957653 24.24956349944119 0.0 27.524306849835153
0.5316659374973578 1269.666390104145 1.0 0.5705340856592883 1362.4870466221987 1.0 f_swap_t 100 2555.064577817917 35.08973716315975 33.43931617964488 0.0 70.32032228508076 24.24956349944119 0.0 27.524306849835153
0.5316659374973578 1269.666390104145 1.0 0.5605684489769981 1338.68820404249 1.0 t_move_k 100 2556.135931968689 35.73883979152815 33.43931617964488 0.0 70.32032228508076 24.24956349944119 0.0 27.524306849835153
0.5316659374973578 1269.666390104145 1.0 0.5609609607792002 1339.6255577599788 1.0 swap_t 100 2576.5319883823395 35.73883979152815 33.43931617964488 0.0 70.32032228508076 25.14706786444678 0.0 27.524306849835153
0.5316659374973578 1269.666390104145 1.0 0.5538698761300958 1322.6914056667838 1.0 swap_t 100 2595.794274330139 35.73883979152815 33.43931617964488 0.0 70.32032228508076 26.145597185802313 0.0 27.524306849835153
0.5316659374973578 1269.666390104145 1.0 0.5488508745573268 1310.7055755441681 1.0 t_move_k 100 2596.3444600105286 36.38145139361287 33.43931617964488 0.0 70.32032228508076 26.145597185802313 0.0 27.524306849835153
0.5316659374973578 1269.666390104145 1.0 0.5756216783673251 1374.6366785853438 1.0 move_t 100 2610.647676229477 36.38145139361287 34.31492301784843 0.0 70.32032228508076 26.145597185802313 0.0 27.524306849835153
0.5316659374973578 1269.666390104145 1.0 0.5620464872808898 1342.217893317999 1.0 t_move_k 100 2612.10756111145 37.01763687967674 34.31492301784843 0.0 70.32032228508076 26.145597185802313 0.0 27.524306849835153
0.5316659374973578 1269.666390104145 1.0 0.5611701815211606 1340.1251958323935 1.0 move_t 100 2622.101999282837 37.01763687967674 35.18177378766995 0.0 70.32032228508076 26.145597185802313 0.0 27.524306849835153
0.5316659374973578 1269.666390104145 1.0 0.5618644202959574 1341.7831008755786 1.0 swap_t 100 2638.005738735199 37.01763687967674 35.18177378766995 0.0 70.32032228508076 27.04414121394429 0.0 27.524306849835153
0.5316659374973578 1269.666390104145 1.0 0.535529199162166 1278.8922086981922 1.0 move_t 100 2662.7358062267303 37.01763687967674 36.009956049793246 0.0 70.32032228508076 27.04414121394429 0.0 27.524306849835153
0.5292796961710401 1263.9678297920727 1.0 0.5292796961710401 1263.9678297920727 1.0 move_t 5 2664.1172709465027 37.01763687967674 31.207964839834595 0.0 70.32032228508076 27.04414121394429 0.0 27.524306849835153
0.5281926375594734 1261.371835416965 1.0 0.5499671762985828 1313.3714051603347 1.0 f_swap_t 100 2685.87921333313 37.01763687967674 31.207964839834595 0.0 70.69711906222996 27.04414121394429 0.0 27.524306849835153
0.5281926375594734 1261.371835416965 1.0 0.5578766273387797 1332.2598902816185 1.0 swap_t 100 2699.573590040207 37.01763687967674 31.207964839834595 0.0 70.69711906222996 28.003699801804846 0.0 27.524306849835153
0.5281926375594734 1261.371835416965 1.0 0.5462667775528479 1304.534517960905 1.0 t_move_k 100 2699.9994525909424 37.647460510879974 31.207964839834595 0.0 70.69711906222996 28.003699801804846 0.0 27.524306849835153
0.5281926375594734 1261.371835416965 1.0 0.5457549638545068 1303.3122605151161 1.0 t_multiswap_k 100 2700.770688533783 37.647460510879974 31.207964839834595 0.0 70.69711906222996 28.003699801804846 0.0 28.2490637813368
0.5281926375594734 1261.371835416965 1.0 0.5559624803155208 1327.688733903631 1.0 f_swap_t 100 2713.834729909897 37.647460510879974 31.207964839834595 0.0 71.13014787160766 28.003699801804846 0.0 28.2490637813368
0.5281926375594734 1261.371835416965 1.0 0.5490944850452067 1311.2873394431192 1.0 swap_t 100 2728.285667181015 37.647460510879974 31.207964839834595 0.0 71.13014787160766 29.0436628037868 0.0 28.2490637813368
0.5281926375594734 1261.371835416965 1.0 0.5894724077732064 1407.7134743038243 1.0 f_swap_t 100 2750.8564171791077 37.647460510879974 31.207964839834595 0.0 71.60884639289158 29.0436628037868 0.0 28.2490637813368
0.5281926375594734 1261.371835416965 1.0 0.5762699798634465 1376.1848812483809 1.0 t_move_k 100 2751.5599386692047 38.27098590577118 31.207964839834595 0.0 71.60884639289158 29.0436628037868 0.0 28.2490637813368
0.5281926375594734 1261.371835416965 1.0 0.5669353782025227 1353.893007426872 1.0 f_swap_t 100 2772.3970878124237 38.27098590577118 31.207964839834595 0.0 72.15275792896266 29.0436628037868 0.0 28.2490637813368
0.5281926375594734 1261.371835416965 1.0 0.5477971436276783 1308.1891706906135 1.0 t_move_k 100 2773.1923444271088 38.888276046713464 31.207964839834595 0.0 72.15275792896266 29.0436628037868 0.0 28.2490637813368
0.5281926375594734 1261.371835416965 1.0 0.5445757796940149 1300.4962619891107 1.0 t_move_k 100 2774.0648653507233 39.49939328624633 31.207964839834595 0.0 72.15275792896266 29.0436628037868 0.0 28.2490637813368
0.5281926375594734 1261.371835416965 1.0 0.5414464147441901 1293.0230551896207 1.0 swap_t 100 2794.0321447849274 39.49939328624633 31.207964839834595 0.0 72.15275792896266 29.78322617574893 0.0 28.2490637813368
0.5281926375594734 1261.371835416965 1.0 0.537117199019066 1282.6844961170304 1.0 t_move_k 100 2795.5581438541412 40.10439935338387 31.207964839834595 0.0 72.15275792896266 29.78322617574893 0.0 28.2490637813368
0.5281926375594734 1261.371835416965 1.0 0.5364633000681102 1281.122926225115 1.0 f_swap_t 100 2813.663034439087 40.10439935338387 31.207964839834595 0.0 72.46123034967303 29.78322617574893 0.0 28.2490637813368
0.5281926375594734 1261.371835416965 1.0 0.534315098807704 1275.9928271400468 1.0 t_move_k 100 2814.2579305171967 40.70335535985003 31.207964839834595 0.0 72.46123034967303 29.78322617574893 0.0 28.2490637813368
0.5281926375594734 1261.371835416965 1.0 0.5343150988077039 1275.9928271400465 1.0 t_move_k 100 2815.1360511779785 41.29632180625153 31.207964839834595 0.0 72.46123034967303 29.78322617574893 0.0 28.2490637813368
0.5281926375594734 1261.371835416965 1.0 0.5592079912720682 1335.4393078817948 1.0 swap_t 100 2836.897976398468 41.29632180625153 31.207964839834595 0.0 72.46123034967303 30.52539391399144 0.0 28.2490637813368
0.5281926375594734 1261.371835416965 1.0 0.5463127571069725 1304.6443212986526 1.0 t_move_k 100 2837.5073280334473 41.88335858818901 31.207964839834595 0.0 72.46123034967303 30.52539391399144 0.0 28.2490637813368
0.5281926375594734 1261.371835416965 1.0 0.5368074063285062 1281.9446831266496 1.0 move_t 100 2856.014275074005 41.88335858818901 31.89588519143625 0.0 72.46123034967303 30.52539391399144 0.0 28.2490637813368
0.5281926375594734 1261.371835416965 1.0 0.5368074063285062 1281.9446831266496 1.0 f_swap_t 100 2877.00528049469 41.88335858818901 31.89588519143625 0.0 72.7366180461763 30.52539391399144 0.0 28.2490637813368
0.5281926375594734 1261.371835416965 1.0 0.5368074063285062 1281.9446831266496 1.0 move_t 100 2895.1151123046875 41.88335858818901 32.57692633952189 0.0 72.7366180461763 30.52539391399144 0.0 28.2490637813368
0.5281926375594734 1261.371835416965 1.0 0.5368074063285062 1281.9446831266496 1.0 f_swap_t 100 2916.0638077259064 41.88335858818901 32.57692633952189 0.0 73.00925186571455 30.52539391399144 0.0 28.2490637813368
0.5281926375594734 1261.371835416965 1.0 0.5368074063285062 1281.9446831266496 1.0 move_t 100 2929.672139406204 41.88335858818901 33.251157076126674 0.0 73.00925186571455 30.52539391399144 0.0 28.2490637813368
0.5281926375594734 1261.371835416965 1.0 0.5368074063285062 1281.9446831266496 1.0 t_multiswap_k 100 2930.1133131980896 41.88335858818901 33.251157076126674 0.0 73.00925186571455 30.52539391399144 0.0 28.966573143523433
0.5281926375594734 1261.371835416965 1.0 0.6143097338823815 1467.0272575589959 1.0 f_swap_t 100 2943.664134502411 41.88335858818901 33.251157076126674 0.0 73.4391593470574 30.52539391399144 0.0 28.966573143523433
0.5281926375594734 1261.371835416965 1.0 0.5865812949296807 1400.8092351029798 1.0 t_multiswap_k 100 2944.388983488083 41.88335858818901 33.251157076126674 0.0 73.4391593470574 30.52539391399144 0.0 29.676907412088198
0.5281926375594734 1261.371835416965 1.0 0.6332448497530051 1512.2460284413748 1.0 swap_t 100 2968.0131890773773 41.88335858818901 33.251157076126674 0.0 73.4391593470574 31.410139974851525 0.0 29.676907412088198
0.5281926375594734 1261.371835416965 1.0 0.6005619183443113 1434.1962294735713 1.0 f_swap_t 100 2983.291757106781 41.88335858818901 33.251157076126674 0.0 73.79476775358683 31.410139974851525 0.0 29.676907412088198
0.5281926375594734 1261.371835416965 1.0 0.5885058774656144 1405.4053124299548 1.0 swap_t 100 3003.866494655609 41.88335858818901 33.251157076126674 0.0 73.79476775358683 32.15603857510301 0.0 29.676907412088198
0.5281926375594734 1261.371835416965 1.0 0.5730875002523499 1368.584831829339 1.0 f_swap_t 100 3024.8125727176666 41.88335858818901 33.251157076126674 0.0 74.14682007605096 32.15603857510301 0.0 29.676907412088198
0.5281926375594734 1261.371835416965 1.0 0.5622849285494499 1342.7873126532486 1.0 t_move_k 100 3025.147897720337 42.46452500230712 33.251157076126674 0.0 74.14682007605096 32.15603857510301 0.0 29.676907412088198
0.5281926375594734 1261.371835416965 1.0 0.5552611950710498 1326.0140012529516 1.0 swap_t 100 3044.8602709770203 42.46452500230712 33.251157076126674 0.0 74.14682007605096 32.86447818935198 0.0 29.676907412088198
0.5281926375594734 1261.371835416965 1.0 0.5516145855809046 1317.3055676653757 1.0 t_move_k 100 3045.6379702091217 43.03987975228405 33.251157076126674 0.0 74.14682007605096 32.86447818935198 0.0 29.676907412088198
0.5281926375594734 1261.371835416965 1.0 0.5507545259787372 1315.2516674747815 1.0 t_move_k 100 3046.4775581359863 43.60948095476121 33.251157076126674 0.0 74.14682007605096 32.86447818935198 0.0 29.676907412088198
0.5281926375594734 1261.371835416965 1.0 0.5507545259787372 1315.2516674747815 1.0 t_multiswap_k 100 3048.213607311249 43.60948095476121 33.251157076126674 0.0 74.14682007605096 32.86447818935198 0.0 30.380138337967317
0.5281926375594734 1261.371835416965 1.0 0.5349623603154118 1277.5385462166028 1.0 f_swap_t 100 3071.2297081947327 43.60948095476121 33.251157076126674 0.0 74.53535187529044 32.86447818935198 0.0 30.380138337967317
0.5281926375594734 1261.371835416965 1.0 0.5486740882672355 1310.283393879086 1.0 f_swap_t 100 3085.5386328697205 43.60948095476121 33.251157076126674 0.0 74.82999835653754 32.86447818935198 0.0 30.380138337967317
0.5281926375594734 1261.371835416965 1.0 0.5480622452467785 1308.8222573564965 1.0 t_multiswap_k 100 3086.228539466858 43.60948095476121 33.251157076126674 0.0 74.82999835653754 32.86447818935198 0.0 31.076336954587642
0.5281926375594734 1261.371835416965 1.0 0.5663335184229177 1352.4557117872134 1.0 swap_t 100 3106.7006454467773 43.60948095476121 33.251157076126674 0.0 74.82999835653754 33.77583340745846 0.0 31.076336954587642
0.5281926375594734 1261.371835416965 1.0 0.547477076292617 1307.4248209190062 1.0 t_move_k 100 3108.024720430374 44.1733861452136 33.251157076126674 0.0 74.82999835653754 33.77583340745846 0.0 31.076336954587642
0.5281926375594734 1261.371835416965 1.0 0.5467181488498919 1305.6124334805866 1.0 t_multiswap_k 100 3108.6612420082092 44.1733861452136 33.251157076126674 0.0 74.82999835653754 33.77583340745846 0.0 31.765573585041764
0.5281926375594734 1261.371835416965 1.0 0.5467181488498919 1305.6124334805866 1.0 t_multiswap_k 100 3109.488704919815 44.1733861452136 33.251157076126674 0.0 74.82999835653754 33.77583340745846 0.0 32.44791784919135
0.5281926375594734 1261.371835416965 1.0 0.5326063700363288 1271.9122281439343 1.0 move_t 100 3135.0499782562256 44.1733861452136 34.00864550536541 0.0 74.82999835653754 33.77583340745846 0.0 32.44791784919135
0.5265595895050117 1257.4719688241662 1.0 0.5265595895050117 1257.4719688241662 1.0 move_t 84 3149.4412779808044 44.1733861452136 34.68711401125392 0.0 74.82999835653754 33.77583340745846 0.0 32.44791784919135
0.5223548940780409 1247.4307754963052 1.0 0.5223548940780409 1247.4307754963052 1.0 t_multiswap_k 100 3150.2965593338013 44.1733861452136 34.68711401125392 0.0 74.82999835653754 33.77583340745846 0.0 33.123438670699436
0.5223548940780409 1247.4307754963052 1.0 0.5267514548287432 1257.930160586676 1.0 swap_t 100 3167.654865026474 44.1733861452136 34.68711401125392 0.0 74.82999835653754 34.44807507338387 0.0 33.123438670699436
0.5223548940780409 1247.4307754963052 1.0 0.5847808816379265 1396.5096851720639 1.0 f_swap_t 100 3182.634382009506 44.1733861452136 34.68711401125392 0.0 75.27169837297217 34.44807507338387 0.0 33.123438670699436
0.5223548940780409 1247.4307754963052 1.0 0.5686719102736025 1358.0400032196935 1.0 swap_t 100 3204.830360889435 44.1733861452136 34.68711401125392 0.0 75.27169837297217 35.13359432265003 0.0 33.123438670699436
0.5223548940780409 1247.4307754963052 1.0 0.5680086859612555 1356.4561635205569 1.0 swap_t 100 3220.716789960861 44.1733861452136 34.68711401125392 0.0 75.27169837297217 35.78225837942353 0.0 33.123438670699436
0.5223548940780409 1247.4307754963052 1.0 0.5680086859612555 1356.4561635205569 1.0 t_multiswap_k 100 3221.576020002365 44.1733861452136 34.68711401125392 0.0 75.27169837297217 35.78225837942353 0.0 33.79220428399244
0.5223548940780409 1247.4307754963052 1.0 0.5565564604125701 1329.1072121480042 1.0 f_swap_t 100 3238.928523540497 44.1733861452136 34.68711401125392 0.0 75.57898138924244 35.78225837942353 0.0 33.79220428399244
0.5223548940780409 1247.4307754963052 1.0 0.555893236100223 1327.5233724488676 1.0 t_move_k 100 3239.9603521823883 44.73165228376146 34.68711401125392 0.0 75.57898138924244 35.78225837942353 0.0 33.79220428399244
0.5223548940780409 1247.4307754963052 1.0 0.5955125770425097 1422.1379453313903 1.0 f_swap_t 100 3255.8599882125854 44.73165228376146 34.68711401125392 0.0 76.04319157535002 35.78225837942353 0.0 33.79220428399244
0.5223548940780409 1247.4307754963052 1.0 0.5633522925769439 1345.336274578653 1.0 f_swap_t 100 3283.452609539032 44.73165228376146 34.68711401125392 0.0 76.52275965959652 35.78225837942353 0.0 33.79220428399244
0.5223548940780409 1247.4307754963052 1.0 0.574994697755274 1373.1393921236315 1.0 move_t 100 3307.060294151306 44.73165228376146 35.84024287114138 0.0 76.52275965959652 35.78225837942353 0.0 33.79220428399244
0.5223548940780409 1247.4307754963052 1.0 0.5866913972568413 1401.072169427729 1.0 move_t 100 3330.4721007347107 44.73165228376146 36.791840442429965 0.0 76.52275965959652 35.78225837942353 0.0 33.79220428399244
0.5223548940780409 1247.4307754963052 1.0 0.5808295013497293 1387.0734313280439 1.0 t_multiswap_k 100 3331.7052857875824 44.73165228376146 36.791840442429965 0.0 76.52275965959652 35.78225837942353 0.0 34.45428224115251
0.5223548940780409 1247.4307754963052 1.0 0.5772041219066197 1378.4156970147305 1.0 move_t 100 3349.55344247818 44.73165228376146 37.51392203800567 0.0 76.52275965959652 35.78225837942353 0.0 34.45428224115251
0.5223548940780409 1247.4307754963052 1.0 0.5869906305951876 1401.7867657290933 1.0 f_swap_t 100 3368.107740879059 44.73165228376146 37.51392203800567 0.0 77.05753206300055 35.78225837942353 0.0 34.45428224115251
0.5223548940780409 1247.4307754963052 1.0 0.5634679664307167 1345.6125142133392 1.0 move_t 100 3385.4721953868866 44.73165228376146 38.28878281762561 0.0 77.05753206300055 35.78225837942353 0.0 34.45428224115251
0.5223548940780409 1247.4307754963052 1.0 0.5589965626332836 1334.9343971518842 1.0 t_multiswap_k 100 3386.5055360794067 44.73165228376146 38.28878281762561 0.0 77.05753206300055 35.78225837942353 0.0 35.109739418740986
0.5223548940780409 1247.4307754963052 1.0 0.5638726999832578 1346.579054577064 1.0 move_t 100 3404.999091863632 44.73165228376146 39.175894989449354 0.0 77.05753206300055 35.78225837942353 0.0 35.109739418740986
0.5223548940780409 1247.4307754963052 1.0 0.5361924561266999 1280.4761263737068 1.0 swap_t 100 3424.501181125641 44.73165228376146 39.175894989449354 0.0 77.05753206300055 36.5444357956293 0.0 35.109739418740986
0.5223548940780409 1247.4307754963052 1.0 0.532382694339701 1271.3780703311763 1.0 t_move_k 100 3425.6685738563538 45.284335760923845 39.175894989449354 0.0 77.05753206300055 36.5444357956293 0.0 35.109739418740986
0.5216881016284199 1245.8384147623374 1.0 0.5216881016284199 1245.8384147623374 1.0 f_swap_t 55 3440.9044206142426 45.284335760923845 39.175894989449354 0.0 77.00194057094599 36.5444357956293 0.0 35.109739418740986
0.5199883092048185 1241.77915657371 1.0 0.5199883092048185 1241.77915657371 1.0 t_multiswap_k 100 3442.400854587555 45.284335760923845 39.175894989449354 0.0 77.00194057094599 36.5444357956293 0.0 35.75864202455357
0.5199883092048185 1241.77915657371 1.0 0.5199883092048185 1241.77915657371 1.0 t_move_k 100 3444.0357809066772 45.831492403314606 39.175894989449354 0.0 77.00194057094599 36.5444357956293 0.0 35.75864202455357
0.5199883092048185 1241.77915657371 1.0 0.5204749488656188 1242.9412961388632 1.0 move_t 100 3461.8582525253296 45.831492403314606 39.974136039554864 0.0 77.00194057094599 36.5444357956293 0.0 35.75864202455357
0.5179628934478373 1236.94228038651 1.0 0.5179628934478373 1236.94228038651 1.0 t_multiswap_k 100 3462.674622774124 45.831492403314606 39.974136039554864 0.0 77.00194057094599 36.5444357956293 0.0 36.401055604308034
0.517253466345487 1235.248104242138 1.0 0.517253466345487 1235.248104242138 1.0 f_swap_t 93 3484.134435892105 45.831492403314606 39.974136039554864 0.0 77.24923153254872 36.5444357956293 0.0 36.401055604308034
0.5157139766796036 1231.5716635510423 1.0 0.5556785053111764 1327.0105758851898 1.0 f_swap_t 100 3501.525492668152 45.831492403314606 39.974136039554864 0.0 77.63673921722324 36.5444357956293 0.0 36.401055604308034
0.5157139766796036 1231.5716635510423 1.0 0.5802771360992042 1385.7543331045345 1.0 f_swap_t 100 3530.371335506439 45.831492403314606 39.974136039554864 0.0 77.940371825051 36.5444357956293 0.0 36.401055604308034
0.5157139766796036 1231.5716635510423 1.0 0.5520995149279248 1318.463622846388 1.0 f_swap_t 100 3546.8366210460663 45.831492403314606 39.974136039554864 0.0 78.3509681068005 36.5444357956293 0.0 36.401055604308034
0.5157139766796036 1231.5716635510423 1.0 0.5450502137454261 1301.6292534540767 1.0 move_t 100 3561.468082666397 45.831492403314606 40.64439467915931 0.0 78.3509681068005 36.5444357956293 0.0 36.401055604308034
0.5157139766796036 1231.5716635510423 1.0 0.5411078065738516 1292.2144282248819 1.0 t_move_k 100 3562.3264451026917 46.37317747928146 40.64439467915931 0.0 78.3509681068005 36.5444357956293 0.0 36.401055604308034
0.5157139766796036 1231.5716635510423 1.0 0.527661518205292 1260.1034743173009 1.0 f_swap_t 100 3585.463634967804 46.37317747928146 40.64439467915931 0.0 78.59745842573248 36.5444357956293 0.0 36.401055604308034
0.5157139766796036 1231.5716635510423 1.0 0.5865427786610755 1400.7172547666987 1.0 swap_t 100 3604.154386997223 46.37317747928146 40.64439467915931 0.0 78.59745842573248 37.34899143767301 0.0 36.401055604308034
0.5157139766796036 1231.5716635510423 1.0 0.5609078692124218 1339.4987702921678 1.0 t_move_k 100 3605.4250564575195 46.90944570448865 40.64439467915931 0.0 78.59745842573248 37.34899143767301 0.0 36.401055604308034
0.5157139766796036 1231.5716635510423 1.0 0.550870948863591 1315.5296958634979 1.0 t_move_k 100 3606.6102504730225 47.44035124744376 40.64439467915931 0.0 78.59745842573248 37.34899143767301 0.0 36.401055604308034
0.5157139766796036 1231.5716635510423 1.0 0.5480366403025901 1308.7611104317764 1.0 f_swap_t 100 3629.3259813785553 47.44035124744376 40.64439467915931 0.0 78.81148384147515 37.34899143767301 0.0 36.401055604308034
0.5157139766796036 1231.5716635510423 1.0 0.6068639173638493 1449.245973647969 1.0 move_t 100 3641.295336961746 47.44035124744376 41.35795073236772 0.0 78.81148384147515 37.34899143767301 0.0 36.401055604308034
0.5157139766796036 1231.5716635510423 1.0 0.5905921604209472 1410.387544997085 1.0 t_multiswap_k 100 3643.0650379657745 47.44035124744376 41.35795073236772 0.0 78.81148384147515 37.34899143767301 0.0 37.03704504826496
0.5157139766796036 1231.5716635510423 1.0 0.5959400230591325 1423.1587251154865 1.0 swap_t 100 3660.581208705902 47.44035124744376 41.35795073236772 0.0 78.81148384147515 38.045501523296274 0.0 37.03704504826496
0.5157139766796036 1231.5716635510423 1.0 0.583885434030752 1394.3712752218603 1.0 t_move_k 100 3661.9802165031433 47.96594773496932 41.35795073236772 0.0 78.81148384147515 38.045501523296274 0.0 37.03704504826496
0.5157139766796036 1231.5716635510423 1.0 0.561989957115839 1342.0828941662198 1.0 f_swap_t 100 3681.3302278518677 47.96594773496932 41.35795073236772 0.0 79.2033690030604 38.045501523296274 0.0 37.03704504826496
0.5157139766796036 1231.5716635510423 1.0 0.5400353325785273 1289.6532632336966 1.0 move_t 100 3699.2744748592377 47.96594773496932 42.09437122504404 0.0 79.2033690030604 38.045501523296274 0.0 37.03704504826496
0.5157139766796036 1231.5716635510423 1.0 0.5327344466292484 1272.2180866425142 1.0 t_multiswap_k 100 3700.0710785388947 47.96594773496932 42.09437122504404 0.0 79.2033690030604 38.045501523296274 0.0 37.66667459778231
0.5157139766796036 1231.5716635510423 1.0 0.5327344466292484 1272.2180866425142 1.0 t_multiswap_k 100 3701.1236476898193 47.96594773496932 42.09437122504404 0.0 79.2033690030604 38.045501523296274 0.0 38.29000785180449
0.5157139766796036 1231.5716635510423 1.0 0.5280439313937052 1261.0167116308412 1.0 f_swap_t 100 3713.691470146179 47.96594773496932 42.09437122504404 0.0 79.4713353130298 38.045501523296274 0.0 38.29000785180449
0.5157139766796036 1231.5716635510423 1.0 0.5210508687248775 1244.3166449004111 1.0 t_multiswap_k 100 3714.5795209407806 47.96594773496932 42.09437122504404 0.0 79.4713353130298 38.045501523296274 0.0 38.90710777328644
0.5157139766796036 1231.5716635510423 1.0 0.5209012952519859 1243.9594499063599 1.0 move_t 100 3726.870244026184 47.96594773496932 42.733427512793604 0.0 79.4713353130298 38.045501523296274 0.0 38.90710777328644
0.5157139766796036 1231.5716635510423 1.0 0.5209012952519859 1243.9594499063599 1.0 t_move_k 100 3727.960114002228 48.48628825761963 42.733427512793604 0.0 79.4713353130298 38.045501523296274 0.0 38.90710777328644
0.5157139766796036 1231.5716635510423 1.0 0.5414778000908521 1293.098006238744 1.0 f_swap_t 100 3740.9111330509186 48.48628825761963 42.733427512793604 0.0 79.7166219598995 38.045501523296274 0.0 38.90710777328644
0.5157139766796036 1231.5716635510423 1.0 0.5775434129086273 1379.2259546433113 1.0 f_swap_t 100 3758.0407452583313 48.48628825761963 42.733427512793604 0.0 79.9894557403005 38.045501523296274 0.0 38.90710777328644
0.5157139766796036 1231.5716635510423 1.0 0.5544152459812381 1323.9937982432784 1.0 swap_t 100 3773.080634355545 48.48628825761963 42.733427512793604 0.0 79.9894557403005 38.81504650806331 0.0 38.90710777328644
0.5157139766796036 1231.5716635510423 1.0 0.599138258257356 1430.79640030293 1.0 f_swap_t 100 3786.541504383087 48.48628825761963 42.733427512793604 0.0 80.2795611828975 38.81504650806331 0.0 38.90710777328644
0.5157139766796036 1231.5716635510423 1.0 0.5598117847600946 1336.881221392221 1.0 f_swap_t 100 3800.272686958313 48.48628825761963 42.733427512793604 0.0 80.50676557106853 38.81504650806331 0.0 38.90710777328644
0.5157139766796036 1231.5716635510423 1.0 0.5987467600803486 1429.861467214169 1.0 swap_t 100 3812.50333237648 48.48628825761963 42.733427512793604 0.0 80.50676557106853 39.58689604298268 0.0 38.90710777328644
0.5157139766796036 1231.5716635510423 1.0 0.5808342864655007 1387.0848586176992 1.0 t_multiswap_k 100 3813.911677122116 48.48628825761963 42.733427512793604 0.0 80.50676557106853 39.58689604298268 0.0 39.518036695553576
0.5157139766796036 1231.5716635510423 1.0 0.5827376197391015 1391.6301907825418 1.0 f_swap_t 100 3830.217121362686 48.48628825761963 42.733427512793604 0.0 80.93169791535784 39.58689604298268 0.0 39.518036695553576
0.5157139766796036 1231.5716635510423 1.0 0.5595462293218062 1336.2470509650327 1.0 move_t 100 3840.3835854530334 48.48628825761963 43.30609323766567 0.0 80.93169791535784 39.58689604298268 0.0 39.518036695553576
0.5157139766796036 1231.5716635510423 1.0 0.5537223231826577 1322.3390358704323 1.0 f_swap_t 100 3855.827943086624 48.48628825761963 43.30609323766567 0.0 81.18238093620427 39.58689604298268 0.0 39.518036695553576
0.5157139766796036 1231.5716635510423 1.0 0.5503594564965124 1314.3082057858535 1.0 f_swap_t 100 3867.348226547241 48.48628825761963 43.30609323766567 0.0 81.40055712684223 39.58689604298268 0.0 39.518036695553576
0.5157139766796036 1231.5716635510423 1.0 0.541385989608541 1292.8787544954437 1.0 f_swap_t 100 3876.0272047519684 48.48628825761963 43.30609323766567 0.0 81.64655155557381 39.58689604298268 0.0 39.518036695553576
0.5157139766796036 1231.5716635510423 1.0 0.5392048630778916 1287.6700268843322 1.0 swap_t 100 3894.315010070801 48.48628825761963 43.30609323766567 0.0 81.64655155557381 40.231027082552856 0.0 39.518036695553576
0.5157139766796036 1231.5716635510423 1.0 0.5322082030204989 1270.9613692643395 1.0 t_multiswap_k 100 3895.092801809311 48.48628825761963 43.30609323766567 0.0 81.64655155557381 40.231027082552856 0.0 40.12285632859804
0.5157139766796036 1231.5716635510423 1.0 0.5322082030204989 1270.9613692643395 1.0 t_multiswap_k 100 3896.7156155109406 48.48628825761963 43.30609323766567 0.0 81.64655155557381 40.231027082552856 0.0 40.72162776531206
0.5157139766796036 1231.5716635510423 1.0 0.5322082030204989 1270.9613692643395 1.0 t_multiswap_k 100 3898.012908220291 48.48628825761963 43.30609323766567 0.0 81.64655155557381 40.231027082552856 0.0 41.31441148765894
0.5157139766796036 1231.5716635510423 1.0 0.5322082030204989 1270.9613692643395 1.0 t_multiswap_k 100 3898.965638399124 48.48628825761963 43.30609323766567 0.0 81.64655155557381 40.231027082552856 0.0 41.90126737278235
0.5157139766796036 1231.5716635510423 1.0 0.557965409920775 1332.471911124851 1.0 swap_t 100 3918.5798375606537 48.48628825761963 43.30609323766567 0.0 81.64655155557381 40.898716811727326 0.0 41.90126737278235
0.5157139766796036 1231.5716635510423 1.0 0.6300670988534444 1504.657271613568 1.0 swap_t 100 3933.004150390625 48.48628825761963 43.30609323766567 0.0 81.64655155557381 41.67972964361005 0.0 41.90126737278235
0.5157139766796036 1231.5716635510423 1.0 0.5943723185299941 1419.414904776665 1.0 f_swap_t 100 3952.629477739334 48.48628825761963 43.30609323766567 0.0 81.83008604001807 41.67972964361005 0.0 41.90126737278235
0.5157139766796036 1231.5716635510423 1.0 0.5729716588404883 1368.3081920507682 1.0 swap_t 100 3967.609214782715 48.48628825761963 43.30609323766567 0.0 81.83008604001807 42.352932347173954 0.0 41.90126737278235
0.5157139766796036 1231.5716635510423 1.0 0.5595102533140511 1336.1611370016296 1.0 swap_t 100 3980.617196559906 48.48628825761963 43.30609323766567 0.0 81.83008604001807 42.959403023702215 0.0 41.90126737278235
0.5157139766796036 1231.5716635510423 1.0 0.5571455678169545 1330.514053961172 1.0 swap_t 100 3993.8613386154175 48.48628825761963 43.30609323766567 0.0 81.83008604001807 43.529808993465195 0.0 41.90126737278235
0.5157139766796036 1231.5716635510423 1.0 0.5899857508268672 1408.9393839885684 1.0 swap_t 100 4005.5623047351837 48.48628825761963 43.30609323766567 0.0 81.83008604001807 44.13451090353055 0.0 41.90126737278235
0.5157139766796036 1231.5716635510423 1.0 0.5749345697026184 1372.9958008905378 1.0 f_swap_t 100 4020.6752688884735 48.48628825761963 43.30609323766567 0.0 82.01178517961789 44.13451090353055 0.0 41.90126737278235
0.5157139766796036 1231.5716635510423 1.0 0.5718162282464566 1365.5489191918646 1.0 f_swap_t 100 4036.730189561844 48.48628825761963 43.30609323766567 0.0 82.2216673278217 44.13451090353055 0.0 41.90126737278235
0.5157139766796036 1231.5716635510423 1.0 0.5680937373287407 1356.6592738857548 1.0 f_swap_t 100 4047.1602416038513 48.48628825761963 43.30609323766567 0.0 82.42945065454349 44.13451090353055 0.0 41.90126737278235
0.5157139766796036 1231.5716635510423 1.0 0.5617731423328124 1341.5651208362556 1.0 swap_t 100 4064.4311561584473 48.48628825761963 43.30609323766567 0.0 82.42945065454349 44.69316579449524 0.0 41.90126737278235
0.5157139766796036 1231.5716635510423 1.0 0.5617731423328124 1341.5651208362556 1.0 t_move_k 100 4065.586113214493 49.00142537504343 43.30609323766567 0.0 82.42945065454349 44.69316579449524 0.0 41.90126737278235
0.5157139766796036 1231.5716635510423 1.0 0.558241435100377 1333.1310842421149 1.0 move_t 100 4082.4643082618713 49.00142537504343 43.90303230528902 0.0 82.42945065454349 44.69316579449524 0.0 41.90126737278235
0.5157139766796036 1231.5716635510423 1.0 0.5569068425351171 1329.943956376505 1.0 f_swap_t 100 4101.884307146072 49.00142537504343 43.90303230528902 0.0 82.60515614799806 44.69316579449524 0.0 41.90126737278235
0.5157139766796036 1231.5716635510423 1.0 0.5569068425351171 1329.943956376505 1.0 f_swap_t 100 4114.574587106705 49.00142537504343 43.90303230528902 0.0 82.77910458651807 44.69316579449524 0.0 41.90126737278235
0.5157139766796036 1231.5716635510423 1.0 0.5569068425351171 1329.943956376505 1.0 t_multiswap_k 100 4115.335077285767 49.00142537504343 43.90303230528902 0.0 82.77910458651807 44.69316579449524 0.0 42.48225469905453
0.5157139766796036 1231.5716635510423 1.0 0.5569068425351171 1329.943956376505 1.0 t_multiswap_k 100 4115.906310796738 49.00142537504343 43.90303230528902 0.0 82.77910458651807 44.69316579449524 0.0 43.05743215206398
0.5157139766796036 1231.5716635510423 1.0 0.5569068425351171 1329.943956376505 1.0 swap_t 100 4125.734429836273 49.00142537504343 43.90303230528902 0.0 82.77910458651807 45.24623413655029 0.0 43.05743215206398
0.5157139766796036 1231.5716635510423 1.0 0.5569068425351171 1329.943956376505 1.0 move_t 100 4139.705130815506 49.00142537504343 44.46400198223613 0.0 82.77910458651807 45.24623413655029 0.0 43.05743215206398
0.5157139766796036 1231.5716635510423 1.0 0.5569068425351171 1329.943956376505 1.0 t_move_k 100 4141.488076210022 49.511411121293 44.46400198223613 0.0 82.77910458651807 45.24623413655029 0.0 43.05743215206398
0.5157139766796036 1231.5716635510423 1.0 0.5569068425351171 1329.943956376505 1.0 t_multiswap_k 100 4142.662945985794 49.511411121293 44.46400198223613 0.0 82.77910458651807 45.24623413655029 0.0 43.626857830543344
0.5157139766796036 1231.5716635510423 1.0 0.5956559825627129 1422.480410696041 1.0 f_swap_t 100 4162.2471532821655 49.511411121293 44.46400198223613 0.0 83.06131354065289 45.24623413655029 0.0 43.626857830543344
0.5157139766796036 1231.5716635510423 1.0 0.5733580298320853 1369.2308809566084 1.0 t_move_k 100 4163.3972108364105 50.01629701008007 44.46400198223613 0.0 83.06131354065289 45.24623413655029 0.0 43.626857830543344
0.5157139766796036 1231.5716635510423 1.0 0.5677405796768887 1355.815901442007 1.0 f_swap_t 100 4172.29160618782 50.01629701008007 44.46400198223613 0.0 83.23070040524637 45.24623413655029 0.0 43.626857830543344
0.5157139766796036 1231.5716635510423 1.0 0.5902695756170924 1409.6171832820937 1.0 swap_t 100 4185.909683227539 50.01629701008007 44.46400198223613 0.0 83.23070040524637 45.87377179518479 0.0 43.626857830543344
0.5157139766796036 1231.5716635510423 1.0 0.5792238090238204 1383.238892691525 1.0 t_move_k 100 4187.007645606995 50.51613403997927 44.46400198223613 0.0 83.23070040524637 45.87377179518479 0.0 43.626857830543344
0.5157139766796036 1231.5716635510423 1.0 0.577692124800646 1379.5810921042398 1.0 move_t 100 4208.678065538406 50.51613403997927 45.04936196241376 0.0 83.23070040524637 45.87377179518479 0.0 43.626857830543344
0.5157139766796036 1231.5716635510423 1.0 0.576910305086365 1377.7140358489228 1.0 t_move_k 100 4209.9753267765045 51.010972699579476 45.04936196241376 0.0 83.23070040524637 45.87377179518479 0.0 43.626857830543344
0.5157139766796036 1231.5716635510423 1.0 0.5767019241101229 1377.2164032130668 1.0 move_t 100 4223.74601650238 51.010972699579476 45.62886834278962 0.0 83.23070040524637 45.87377179518479 0.0 43.626857830543344
0.5157139766796036 1231.5716635510423 1.0 0.5718275120165405 1365.5758658563368 1.0 move_t 100 4244.764080524445 51.010972699579476 46.342579659361725 0.0 83.23070040524637 45.87377179518479 0.0 43.626857830543344
0.5157139766796036 1231.5716635510423 1.0 0.5985942027515481 1429.4971465020808 1.0 f_swap_t 100 4268.11598944664 51.010972699579476 46.342579659361725 0.0 83.5483934011939 45.87377179518479 0.0 43.626857830543344
0.5157139766796036 1231.5716635510423 1.0 0.5935996923577515 1417.569803532021 1.0 t_multiswap_k 100 4269.595923662186 51.010972699579476 46.342579659361725 0.0 83.5483934011939 45.87377179518479 0.0 44.19058925223791
0.5157139766796036 1231.5716635510423 1.0 0.5988352022009976 1430.0726750048848 1.0 move_t 100 4276.948592662811 51.010972699579476 47.06915386276811 0.0 83.5483934011939 45.87377179518479 0.0 44.19058925223791
0.5157139766796036 1231.5716635510423 1.0 0.5898591315555445 1408.637005705892 1.0 t_multiswap_k 100 4277.2159650325775 51.010972699579476 47.06915386276811 0.0 83.5483934011939 45.87377179518479 0.0 44.748683359715535
0.5157139766796036 1231.5716635510423 1.0 0.5848862807779089 1396.7613878600555 1.0 f_swap_t 100 4295.080557584763 51.010972699579476 47.06915386276811 0.0 83.77290946718196 45.87377179518479 0.0 44.748683359715535
0.5157139766796036 1231.5716635510423 1.0 0.5469457313302358 1306.155921046537 1.0 swap_t 100 4309.628352165222 51.010972699579476 47.06915386276811 0.0 83.77290946718196 46.59503407723294 0.0 44.748683359715535
0.5157139766796036 1231.5716635510423 1.0 0.5413128605113317 1292.7041155909797 1.0 t_move_k 100 4310.812216520309 51.50086297258368 47.06915386276811 0.0 83.77290946718196 46.59503407723294 0.0 44.748683359715535
0.5157139766796036 1231.5716635510423 1.0 0.53769953170981 1284.0751593007149 1.0 swap_t 100 4322.810264825821 51.50086297258368 47.06915386276811 0.0 83.77290946718196 47.15908373646061 0.0 44.748683359715535
0.5157139766796036 1231.5716635510423 1.0 0.5949087469470142 1420.6959443990138 1.0 swap_t 100 4350.114840745926 51.50086297258368 47.06915386276811 0.0 83.77290946718196 47.797492899096 0.0 44.748683359715535
0.5157139766796036 1231.5716635510423 1.0 0.6041425871108201 1442.7471906435344 1.0 f_swap_t 100 4366.172468185425 51.50086297258368 47.06915386276811 0.0 84.11518037251014 47.797492899096 0.0 44.748683359715535
0.5157139766796036 1231.5716635510423 1.0 0.6107699482853353 1458.5739290988352 1.0 swap_t 100 4388.6814658641815 51.50086297258368 47.06915386276811 0.0 84.11518037251014 48.42951797010504 0.0 44.748683359715535
0.5157139766796036 1231.5716635510423 1.0 0.6107005713350989 1458.408250661022 1.0 move_t 100 4404.980180740356 51.50086297258368 47.77846232414043 0.0 84.11518037251014 48.42951797010504 0.0 44.748683359715535
0.5157139766796036 1231.5716635510423 1.0 0.5932746436569482 1416.7935578080621 1.0 swap_t 100 4422.930928945541 51.50086297258368 47.77846232414043 0.0 84.11518037251014 49.035222790403985 0.0 44.748683359715535
0.5157139766796036 1231.5716635510423 1.0 0.5910584811850188 1411.5011611973937 1.0 t_move_k 100 4424.351676464081 51.98585434285785 47.77846232414043 0.0 84.11518037251014 49.035222790403985 0.0 44.748683359715535
0.5157139766796036 1231.5716635510423 1.0 0.5956565495022998 1422.4817645990993 1.0 f_swap_t 100 4443.96720957756 51.98585434285785 47.77846232414043 0.0 84.41402856878504 49.035222790403985 0.0 44.748683359715535
0.5157139766796036 1231.5716635510423 1.0 0.5810077949177579 1387.499212509293 1.0 swap_t 100 4470.170969247818 51.98585434285785 47.77846232414043 0.0 84.41402856878504 49.69487056249994 0.0 44.748683359715535
0.5157139766796036 1231.5716635510423 1.0 0.5694212569277843 1359.8295108677291 1.0 t_multiswap_k 100 4471.7103497982025 51.98585434285785 47.77846232414043 0.0 84.41402856878504 49.69487056249994 0.0 45.30119652611838
0.5157139766796036 1231.5716635510423 1.0 0.5817778695545985 1389.3382204564086 1.0 f_swap_t 100 4496.361636161804 51.98585434285785 47.77846232414043 0.0 84.63988828309719 49.69487056249994 0.0 45.30119652611838
0.5157139766796036 1231.5716635510423 1.0 0.5802537816333337 1385.6985605257717 1.0 t_move_k 100 4497.046082019806 52.46599579942927 47.77846232414043 0.0 84.63988828309719 49.69487056249994 0.0 45.30119652611838
0.5157139766796036 1231.5716635510423 1.0 0.5891134720597201 1406.8563033258097 1.0 f_swap_t 100 4516.066760778427 52.46599579942927 47.77846232414043 0.0 84.98348940026622 49.69487056249994 0.0 45.30119652611838
0.5157139766796036 1231.5716635510423 1.0 0.6205805619345445 1482.0025626414154 1.0 f_swap_t 100 4539.613527297974 52.46599579942927 47.77846232414043 0.0 85.39365450626356 49.69487056249994 0.0 45.30119652611838
0.5157139766796036 1231.5716635510423 1.0 0.6005374084850452 1434.1376977107827 1.0 move_t 100 4549.814472198486 52.46599579942927 48.52067770089902 0.0 85.39365450626356 49.69487056249994 0.0 45.30119652611838
0.5157139766796036 1231.5716635510423 1.0 0.5789530798295086 1382.5923668665762 1.0 swap_t 100 4566.643140077591 52.46599579942927 48.52067770089902 0.0 85.39365450626356 50.257921856874944 0.0 45.30119652611838
0.5157139766796036 1231.5716635510423 1.0 0.5852031498167592 1397.5180998107714 1.0 swap_t 100 4586.854945421219 52.46599579942927 48.52067770089902 0.0 85.39365450626356 51.015342638306194 0.0 45.30119652611838
0.5157139766796036 1231.5716635510423 1.0 0.5731687614218289 1368.7788908585742 1.0 t_multiswap_k 100 4587.7256445884705 52.46599579942927 48.52067770089902 0.0 85.39365450626356 51.015342638306194 0.0 45.8481845608572
0.5157139766796036 1231.5716635510423 1.0 0.5654179021734739 1350.269137293417 1.0 f_swap_t 100 4602.234370470047 52.46599579942927 48.52067770089902 0.0 85.59971796120092 51.015342638306194 0.0 45.8481845608572
0.5157139766796036 1231.5716635510423 1.0 0.5685053751489962 1357.6423022658205 1.0 move_t 100 4623.522134065628 52.46599579942927 49.20547092389003 0.0 85.59971796120092 51.015342638306194 0.0 45.8481845608572
0.5157139766796036 1231.5716635510423 1.0 0.55765468429523 1331.7298702012672 1.0 t_multiswap_k 100 4624.745323419571 52.46599579942927 49.20547092389003 0.0 85.59971796120092 51.015342638306194 0.0 46.389702715248625
0.5157139766796036 1231.5716635510423 1.0 0.5596022344478288 1336.380796276081 1.0 f_swap_t 100 4635.932800531387 52.46599579942927 49.20547092389003 0.0 85.94372078158891 51.015342638306194 0.0 46.389702715248625
0.5157139766796036 1231.5716635510423 1.0 0.5582286680239451 1333.1005953078004 1.0 t_multiswap_k 100 4637.263054847717 52.46599579942927 49.20547092389003 0.0 85.94372078158891 51.015342638306194 0.0 46.92580568809614
0.5157139766796036 1231.5716635510423 1.0 0.5582286680239451 1333.1005953078004 1.0 t_multiswap_k 100 4638.269551753998 52.46599579942927 49.20547092389003 0.0 85.94372078158891 51.015342638306194 0.0 47.45654763121518
0.5157139766796036 1231.5716635510423 1.0 0.5582286680239451 1333.1005953078004 1.0 t_multiswap_k 100 4639.220322132111 52.46599579942927 49.20547092389003 0.0 85.94372078158891 51.015342638306194 0.0 47.98198215490303
0.5157139766796036 1231.5716635510423 1.0 0.5525561006197277 1319.5539908128096 1.0 f_swap_t 100 4666.0692138671875 52.46599579942927 49.20547092389003 0.0 86.17428357377302 51.015342638306194 0.0 47.98198215490303
0.5157139766796036 1231.5716635510423 1.0 0.5429745921180416 1296.67248110325 1.0 move_t 100 4683.962775707245 52.46599579942927 49.89341621465113 0.0 86.17428357377302 51.015342638306194 0.0 47.98198215490303
0.5157139766796036 1231.5716635510423 1.0 0.5422084772204383 1294.842929371906 1.0 t_move_k 100 4684.8801028728485 52.94133584143498 49.89341621465113 0.0 86.17428357377302 51.015342638306194 0.0 47.98198215490303
0.5157139766796036 1231.5716635510423 1.0 0.5518057665633187 1317.7621251588664 1.0 move_t 100 4705.5007836818695 52.94133584143498 50.57448205250462 0.0 86.17428357377302 51.015342638306194 0.0 47.98198215490303
0.5157139766796036 1231.5716635510423 1.0 0.5709145654391244 1363.3956667810266 1.0 move_t 100 4722.843827724457 52.94133584143498 51.22873723197957 0.0 86.17428357377302 51.015342638306194 0.0 47.98198215490303
0.5157139766796036 1231.5716635510423 1.0 0.5581024621620488 1332.7992042842602 1.0 swap_t 100 4747.947099685669 52.94133584143498 51.22873723197957 0.0 86.17428357377302 51.62518921192313 0.0 47.98198215490303
0.5157139766796036 1231.5716635510423 1.0 0.5594434116819815 1336.0015131331193 1.0 f_swap_t 100 4772.224163770676 52.94133584143498 51.22873723197957 0.0 86.44254073803529 51.62518921192313 0.0 47.98198215490303
0.5157139766796036 1231.5716635510423 1.0 0.560353549719371 1338.1750051605911 1.0 swap_t 100 4790.655092716217 52.94133584143498 51.22873723197957 0.0 86.44254073803529 52.308937319803896 0.0 47.98198215490303
0.5157139766796036 1231.5716635510423 1.0 0.5551896593914005 1325.8431675738723 1.0 swap_t 100 4817.020228862762 52.94133584143498 51.22873723197957 0.0 86.44254073803529 52.91584794660586 0.0 47.98198215490303
0.5157139766796036 1231.5716635510423 1.0 0.6016671623868158 1436.8356523040734 1.0 f_swap_t 100 4830.668199539185 52.94133584143498 51.22873723197957 0.0 86.69811533065494 52.91584794660586 0.0 47.98198215490303
0.5157139766796036 1231.5716635510423 1.0 0.577146680891725 1378.2785226710657 1.0 t_move_k 100 4831.361946582794 53.411922483020625 51.22873723197957 0.0 86.69811533065494 52.91584794660586 0.0 47.98198215490303
0.5157139766796036 1231.5716635510423 1.0 0.5629499016644889 1344.3753286515314 1.0 f_swap_t 100 4855.125724315643 53.411922483020625 51.22873723197957 0.0 86.92113417734839 52.91584794660586 0.0 47.98198215490303
0.5157139766796036 1231.5716635510423 1.0 0.5602330727065238 1337.8872951472088 1.0 swap_t 100 4873.179280281067 53.411922483020625 51.22873723197957 0.0 86.92113417734839 53.4466894671398 0.0 47.98198215490303
0.5157139766796036 1231.5716635510423 1.0 0.5565422622960041 1329.0733057602988 1.0 t_multiswap_k 100 4874.299375772476 53.411922483020625 51.22873723197957 0.0 86.92113417734839 53.4466894671398 0.0 48.502162333354
0.5157139766796036 1231.5716635510423 1.0 0.5776944711954626 1379.5866955074794 1.0 f_swap_t 100 4896.327918291092 53.411922483020625 51.22873723197957 0.0 87.24192283557491 53.4466894671398 0.0 48.502162333354
0.5157139766796036 1231.5716635510423 1.0 0.5602325922694756 1337.8861478200442 1.0 t_move_k 100 4897.700208902359 53.87780325819042 51.22873723197957 0.0 87.24192283557491 53.4466894671398 0.0 48.502162333354
0.5157139766796036 1231.5716635510423 1.0 0.5716658229839374 1365.1897378088813 1.0 move_t 100 4918.033082962036 53.87780325819042 51.94644985965978 0.0 87.24192283557491 53.4466894671398 0.0 48.502162333354
0.5157139766796036 1231.5716635510423 1.0 0.5799204511233707 1384.9025370917925 1.0 f_swap_t 100 4934.96178150177 53.87780325819042 51.94644985965978 0.0 87.40950360721916 53.4466894671398 0.0 48.502162333354
0.5157139766796036 1231.5716635510423 1.0 0.5682130957975073 1356.9443127146114 1.0 move_t 100 4946.885077953339 53.87780325819042 52.556985361063184 0.0 87.40950360721916 53.4466894671398 0.0 48.502162333354
0.5157139766796036 1231.5716635510423 1.0 0.5534255825254033 1321.6303923171763 1.0 swap_t 100 4965.342702150345 53.87780325819042 52.556985361063184 0.0 87.40950360721916 54.0022225724684 0.0 48.502162333354
0.5157139766796036 1231.5716635510423 1.0 0.5517153682546473 1317.546245814061 1.0 t_multiswap_k 100 4966.288764476776 53.87780325819042 52.556985361063184 0.0 87.40950360721916 54.0022225724684 0.0 49.01714071002046
0.5157139766796036 1231.5716635510423 1.0 0.5517153682546473 1317.546245814061 1.0 t_multiswap_k 100 4967.5054750442505 53.87780325819042 52.556985361063184 0.0 87.40950360721916 54.0022225724684 0.0 49.52696930292026
0.5157139766796036 1231.5716635510423 1.0 0.5517153682546473 1317.546245814061 1.0 t_multiswap_k 100 4969.404974222183 53.87780325819042 52.556985361063184 0.0 87.40950360721916 54.0022225724684 0.0 50.03169960989106
0.5157139766796036 1231.5716635510423 1.0 0.5517153682546473 1317.546245814061 1.0 t_move_k 100 4970.116358280182 54.339025225608516 52.556985361063184 0.0 87.40950360721916 54.0022225724684 0.0 50.03169960989106
0.5157139766796036 1231.5716635510423 1.0 0.560792081215497 1339.2222580733019 1.0 f_swap_t 100 4989.131129980087 54.339025225608516 52.556985361063184 0.0 87.61540857114697 54.0022225724684 0.0 50.03169960989106
0.5157139766796036 1231.5716635510423 1.0 0.5576061842731186 1331.6140477577906 1.0 t_multiswap_k 100 4990.8494465351105 54.339025225608516 52.556985361063184 0.0 87.61540857114697 54.0022225724684 0.0 50.53138261379215
0.5157139766796036 1231.5716635510423 1.0 0.5902485591913258 1409.5669941547603 1.0 swap_t 100 5005.9908611774445 54.339025225608516 52.556985361063184 0.0 87.61540857114697 54.562200346743715 0.0 50.53138261379215
0.5157139766796036 1231.5716635510423 1.0 0.6022502398983611 1438.2280941872593 1.0 f_swap_t 100 5020.375767707825 54.339025225608516 52.556985361063184 0.0 87.95925448543551 54.562200346743715 0.0 50.53138261379215
0.5157139766796036 1231.5716635510423 1.0 0.5716653848062799 1365.1886914009672 1.0 swap_t 100 5032.509352684021 54.339025225608516 52.556985361063184 0.0 87.95925448543551 55.07657834327628 0.0 50.53138261379215
0.5157139766796036 1231.5716635510423 1.0 0.5656279831999006 1350.7708298030184 1.0 swap_t 100 5044.0865483284 54.339025225608516 52.556985361063184 0.0 87.95925448543551 55.58581255984352 0.0 50.53138261379215
0.5157139766796036 1231.5716635510423 1.0 0.5637254166406592 1346.2273286214765 1.0 t_multiswap_k 100 5044.764718294144 54.339025225608516 52.556985361063184 0.0 87.95925448543551 55.58581255984352 0.0 51.026068787654225
0.5157139766796036 1231.5716635510423 1.0 0.5725129832093659 1367.212833120051 1.0 f_swap_t 100 5060.199188947678 54.339025225608516 52.556985361063184 0.0 88.14966194058115 55.58581255984352 0.0 51.026068787654225
0.5157139766796036 1231.5716635510423 1.0 0.558474786441813 1333.6883483706042 1.0 t_multiswap_k 100 5061.545029163361 54.339025225608516 52.556985361063184 0.0 88.14966194058115 55.58581255984352 0.0 51.51580809977768
0.5157139766796036 1231.5716635510423 1.0 0.558474786441813 1333.6883483706042 1.0 t_move_k 100 5062.516937017441 54.79563497335243 52.556985361063184 0.0 88.14966194058115 55.58581255984352 0.0 51.51580809977768
0.5157139766796036 1231.5716635510423 1.0 0.5609073696641411 1339.49757732565 1.0 move_t 100 5073.184207439423 54.79563497335243 53.10141550745255 0.0 88.14966194058115 55.58581255984352 0.0 51.51580809977768
0.5157139766796036 1231.5716635510423 1.0 0.5706810910417757 1362.8381087838773 1.0 f_swap_t 100 5087.896550893784 54.79563497335243 53.10141550745255 0.0 88.44816532117534 55.58581255984352 0.0 51.51580809977768
0.5157139766796036 1231.5716635510423 1.0 0.5607099156492612 1339.0260392627374 1.0 swap_t 100 5103.992228269577 54.79563497335243 53.10141550745255 0.0 88.44816532117534 56.059954434245086 0.0 51.51580809977768
0.5157139766796036 1231.5716635510423 1.0 0.5662786584736658 1352.3247012619654 1.0 f_swap_t 100 5138.0980343818665 54.79563497335243 53.10141550745255 0.0 88.72368366796358 56.059954434245086 0.0 51.51580809977768
0.5157139766796036 1231.5716635510423 1.0 0.5827894668864949 1391.7540064642046 1.0 swap_t 100 5158.131847143173 54.79563497335243 53.10141550745255 0.0 88.72368366796358 56.569354889902634 0.0 51.51580809977768
0.5157139766796036 1231.5716635510423 1.0 0.6545077315079906 1563.0237149866932 1.0 f_swap_t 100 5178.741966724396 54.79563497335243 53.10141550745255 0.0 89.02644683128395 56.569354889902634 0.0 51.51580809977768
0.5157139766796036 1231.5716635510423 1.0 0.6268085844153258 1496.875644144216 1.0 swap_t 100 5199.357427120209 54.79563497335243 53.10141550745255 0.0 89.02644683128395 57.09366134100361 0.0 51.51580809977768
0.5157139766796036 1231.5716635510423 1.0 0.6389737187783706 1525.9270863046154 1.0 swap_t 100 5216.539858818054 54.79563497335243 53.10141550745255 0.0 89.02644683128395 57.642724727593574 0.0 51.51580809977768
0.5157139766796036 1231.5716635510423 1.0 0.6283653050828785 1500.5932340272088 1.0 t_move_k 100 5217.753079175949 55.2476786236189 53.10141550745255 0.0 89.02644683128395 57.642724727593574 0.0 51.51580809977768
0.5157139766796036 1231.5716635510423 1.0 0.6061434828201987 1447.525510737276 1.0 f_swap_t 100 5229.939514160156 55.2476786236189 53.10141550745255 0.0 89.3461823629711 57.642724727593574 0.0 51.51580809977768
0.5157139766796036 1231.5716635510423 1.0 0.5904755357757557 1410.109034786417 1.0 f_swap_t 100 5247.645493268967 55.2476786236189 53.10141550745255 0.0 89.57272053934139 57.642724727593574 0.0 51.51580809977768
0.5157139766796036 1231.5716635510423 1.0 0.5985518110877104 1429.3959113711476 1.0 f_swap_t 100 5262.485464811325 55.2476786236189 53.10141550745255 0.0 89.81699333394798 57.642724727593574 0.0 51.51580809977768
0.5157139766796036 1231.5716635510423 1.0 0.6445268859388734 1539.1885522083917 1.0 f_swap_t 100 5281.255984783173 55.2476786236189 53.10141550745255 0.0 90.1388234006085 57.642724727593574 0.0 51.51580809977768
0.5157139766796036 1231.5716635510423 1.0 0.6196441484717348 1479.7663225193435 1.0 swap_t 100 5294.209584951401 55.2476786236189 53.10141550745255 0.0 90.1388234006085 58.09629748031764 0.0 51.51580809977768
0.5157139766796036 1231.5716635510423 1.0 0.6162155583509923 1471.5785389230482 1.0 t_move_k 100 5294.588165521622 55.69520183738271 53.10141550745255 0.0 90.1388234006085 58.09629748031764 0.0 51.51580809977768
0.5157139766796036 1231.5716635510423 1.0 0.6459301090407598 1542.5395760085416 1.0 swap_t 100 5319.759807109833 55.69520183738271 53.10141550745255 0.0 90.1388234006085 58.61533450551446 0.0 51.51580809977768
0.5157139766796036 1231.5716635510423 1.0 0.6180531775328201 1475.966939887684 1.0 t_move_k 100 5320.964559078217 56.138249819008884 53.10141550745255 0.0 90.1388234006085 58.61533450551446 0.0 51.51580809977768
0.5157139766796036 1231.5716635510423 1.0 0.6110849987143877 1459.3262980447162 1.0 t_move_k 100 5321.969797372818 56.57686732081879 53.10141550745255 0.0 90.1388234006085 58.61533450551446 0.0 51.51580809977768
0.5157139766796036 1231.5716635510423 1.0 0.610416509214958 1457.7298846021727 1.0 f_swap_t 100 5340.560227870941 56.57686732081879 53.10141550745255 0.0 90.26743516660241 58.61533450551446 0.0 51.51580809977768
0.5157139766796036 1231.5716635510423 1.0 0.6036574570723033 1441.5886561930595 1.0 swap_t 100 5355.685648202896 56.57686732081879 53.10141550745255 0.0 90.26743516660241 59.029181160459316 0.0 51.51580809977768
0.5157139766796036 1231.5716635510423 1.0 0.603323846907382 1440.7919649177231 1.0 swap_t 100 5372.368798971176 56.57686732081879 53.10141550745255 0.0 90.26743516660241 59.43888934885472 0.0 51.51580809977768
0.5157139766796036 1231.5716635510423 1.0 0.6266219199617064 1496.429872530365 1.0 swap_t 100 5392.065147638321 56.57686732081879 53.10141550745255 0.0 90.26743516660241 60.02450045536617 0.0 51.51580809977768
0.5157139766796036 1231.5716635510423 1.0 0.5995102872264122 1431.684839160569 1.0 f_swap_t 100 5407.20899438858 56.57686732081879 53.10141550745255 0.0 90.39476081493639 60.02450045536617 0.0 51.51580809977768