4

Similarity 1
0.6153846153846154

Similarity combination matrix:
0.06666666666666667 0.2 0.0 0.6666666666666666 0.06666666666666667
0.15789473684210525 0.631578947368421 0.0 0.21052631578947367 0.0
0.0 0.15384615384615385 0.6153846153846154 0.0 0.23076923076923078
0.0 0.0 0.25 0.08333333333333333 0.6666666666666666
0.75 0.0625 0.0625 0.0625 0.0625

Similarity combination pairings:
(np.int64(0), np.int64(3)) (np.int64(1), np.int64(1)) (np.int64(2), np.int64(2)) (np.int64(3), np.int64(4)) (np.int64(4), np.int64(0))
0.6666666666666666 0.631578947368421 0.6153846153846154 0.6666666666666666 0.75

Similarity 2
0.0

Similarity combination matrix:
0.0 0.0 0.0 0.1611111111111111 0.05
0.09090909090909091 0.041666666666666664 0.0 0.0 0.0
0.0 0.0 0.0 0.0 0.0
0.0 0.0 0.0 0.0 0.0
0.05 0.0 0.0 0.0 0.0

Similarity combination pairings:
(np.int64(0), np.int64(3)) (np.int64(1), np.int64(1)) (np.int64(2), np.int64(4)) (np.int64(3), np.int64(2)) (np.int64(4), np.int64(0))
0.1611111111111111 0.041666666666666664 0.0 0.0 0.05

Similarity 3
0.0

Similarity combination matrix:
0.0 0.0 0.0 0.18055555555555555 0.05555555555555555
0.1 0.09090909090909091 0.0 0.0 0.0
0.0 0.0 0.0 0.0 0.0
0.0 0.0 0.0 0.0 0.0
0.1111111111111111 0.0 0.0 0.0 0.0

Similarity combination pairings:
(np.int64(0), np.int64(3)) (np.int64(1), np.int64(1)) (np.int64(2), np.int64(4)) (np.int64(3), np.int64(2)) (np.int64(4), np.int64(0))
0.18055555555555555 0.09090909090909091 0.0 0.0 0.1111111111111111
