4

Similarity 1
0.3076923076923077

Similarity combination matrix:
0.4 0.26666666666666666 0.06666666666666667 0.0 0.26666666666666666
0.10526315789473684 0.42105263157894735 0.0 0.0 0.47368421052631576
0.07692307692307693 0.3076923076923077 0.3076923076923077 0.3076923076923077 0.0
0.16666666666666666 0.0 0.6666666666666666 0.16666666666666666 0.0
0.1875 0.0625 0.0 0.5625 0.1875

Similarity combination pairings:
(np.int64(0), np.int64(0)) (np.int64(1), np.int64(4)) (np.int64(2), np.int64(1)) (np.int64(3), np.int64(2)) (np.int64(4), np.int64(3))
0.4 0.47368421052631576 0.3076923076923077 0.6666666666666666 0.5625

Similarity 2
0.0

Similarity combination matrix:
0.16666666666666666 0.0 0.0 0.0 0.05
0.0 0.08333333333333333 0.0 0.0 0.0
0.0 0.05555555555555555 0.0 0.0 0.0
0.0 0.0 0.0 0.0 0.0
0.0 0.0 0.0 0.05 0.0

Similarity combination pairings:
(np.int64(0), np.int64(0)) (np.int64(1), np.int64(1)) (np.int64(2), np.int64(2)) (np.int64(3), np.int64(4)) (np.int64(4), np.int64(3))
0.16666666666666666 0.08333333333333333 0.0 0.0 0.05

Similarity 3
0.0

Similarity combination matrix:
0.1875 0.0 0.0 0.0 0.05555555555555555
0.0 0.18181818181818182 0.0 0.0 0.0
0.0 0.0625 0.0 0.0 0.0
0.0 0.0 0.0 0.0 0.0
0.0 0.0 0.0 0.1111111111111111 0.0

Similarity combination pairings:
(np.int64(0), np.int64(0)) (np.int64(1), np.int64(1)) (np.int64(2), np.int64(2)) (np.int64(3), np.int64(4)) (np.int64(4), np.int64(3))
0.1875 0.18181818181818182 0.0 0.0 0.1111111111111111
