2
3 50 5 160

1806.0337130867758

1628.8983584984348
47.640625
4 750 7200 720
30 2 7 1 0

Assigned customers matrix:
Vehicle 0:
0 12 17 41 0 0 0 0 0 0 0 0 0 0 0 0 0 0 0 0 0 0
0 12 4 41 40 42 45 33 39 9 38 0 0 0 0 0 0 0 0 0 0 0
0 12 5 37 44 41 14 6 0 0 0 0 0 0 0 0 0 0 0 0 0 0
0 12 38 9 10 39 33 42 19 41 0 0 0 0 0 0 0 0 0 0 0 0
0 12 5 15 44 41 14 6 0 0 0 0 0 0 0 0 0 0 0 0 0 0

Vehicle 1:
0 18 25 23 0 0 0 0 0 0 0 0 0 0 0 0 0 0 0 0 0 0
0 27 31 48 25 13 18 47 0 0 0 0 0 0 0 0 0 0 0 0 0 0
0 32 8 7 23 43 25 18 0 0 0 0 0 0 0 0 0 0 0 0 0 0
0 47 18 13 25 48 31 27 0 0 0 0 0 0 0 0 0 0 0 0 0 0
0 32 1 8 26 7 43 24 25 18 0 0 0 0 0 0 0 0 0 0 0 0

Vehicle 2:
0 2 20 34 0 0 0 0 0 0 0 0 0 0 0 0 0 0 0 0 0 0
0 2 20 35 29 34 50 16 11 0 0 0 0 0 0 0 0 0 0 0 0 0
0 46 49 30 34 2 20 3 28 0 0 0 0 0 0 0 0 0 0 0 0 0
0 11 16 34 21 35 36 20 2 0 0 0 0 0 0 0 0 0 0 0 0 0
0 22 28 3 20 2 34 30 49 0 0 0 0 0 0 0 0 0 0 0 0 0

Transported demand matrix:
59 158 138 146 139
85 160 150 160 158
84 151 156 149 159

Routes distance matrix:
66.41837323567094 143.95440874071363 102.75262863604578 134.6536766104057 104.80179255663975
68.99167453490622 118.40525976222133 112.64305795343763 118.40525976222133 110.52785200941156
90.16386558690667 105.05926473504232 117.71596073281513 115.81669153258284 118.588592109414