4
5 75 2 140

1191.564504632046

988.0491560843532
153.28125
4 750 7200 720
4 7 15 9 2

Assigned customers matrix:
Vehicle 0:
0 68 63 42 64 22 61 28 62 73 0 0 0 0 0 0 0 0 0 0
0 75 17 32 25 55 31 58 0 0 0 0 0 0 0 0 0 0 0 0

Vehicle 1:
0 6 33 1 43 41 56 23 0 0 0 0 0 0 0 0 0 0 0 0
0 4 29 48 47 36 60 70 20 0 0 0 0 0 0 0 0 0 0 0

Vehicle 2:
0 51 3 44 9 39 72 10 38 0 0 0 0 0 0 0 0 0 0 0
0 2 30 5 57 46 67 0 0 0 0 0 0 0 0 0 0 0 0 0

Vehicle 3:
0 26 7 53 14 19 52 34 0 0 0 0 0 0 0 0 0 0 0 0
0 45 27 13 54 59 66 65 0 0 0 0 0 0 0 0 0 0 0 0

Vehicle 4:
0 12 40 50 18 24 49 16 0 0 0 0 0 0 0 0 0 0 0 0
0 8 35 11 15 37 71 69 21 74 0 0 0 0 0 0 0 0 0 0

Transported demand matrix:
140 135
129 140
136 140
139 136
135 134

Routes distance matrix:
119.16800620552658 108.6126451895784
84.28012890792874 96.50721822444996
86.98758632797868 79.08663259511117
67.81233002900223 112.7886283718604
88.19760645466273 144.60837377825447