5
6 75 5 140

2803.066737056107

2388.285146680641
210.984375
4 750 7200 720
30 4 15 3 0

Assigned customers matrix:
Vehicle 0:
0 21 69 36 60 70 20 37 67 0 0 0 0 0 0 0 0 0 0 0
0 67 45 29 21 30 2 0 0 0 0 0 0 0 0 0 0 0 0 0
0 67 5 20 47 21 48 0 0 0 0 0 0 0 0 0 0 0 0 0
0 67 45 30 21 22 2 0 0 0 0 0 0 0 0 0 0 0 0 0
0 48 21 61 71 47 5 67 0 0 0 0 0 0 0 0 0 0 0 0

Vehicle 1:
0 0 0 0 0 0 0 0 0 0 0 0 0 0 0 0 0 0 0 0
0 0 0 0 0 0 0 0 0 0 0 0 0 0 0 0 0 0 0 0
0 34 46 52 27 13 54 0 0 0 0 0 0 0 0 0 0 0 0 0
0 0 0 0 0 0 0 0 0 0 0 0 0 0 0 0 0 0 0 0
0 34 46 52 27 15 57 54 0 0 0 0 0 0 0 0 0 0 0 0

Vehicle 2:
0 1 42 64 28 74 4 0 0 0 0 0 0 0 0 0 0 0 0 0
0 4 62 28 64 56 49 0 0 0 0 0 0 0 0 0 0 0 0 0
0 73 1 43 64 28 4 0 0 0 0 0 0 0 0 0 0 0 0 0
0 4 62 28 64 56 23 0 0 0 0 0 0 0 0 0 0 0 0 0
0 63 43 41 64 28 4 0 0 0 0 0 0 0 0 0 0 0 0 0

Vehicle 3:
0 0 0 0 0 0 0 0 0 0 0 0 0 0 0 0 0 0 0 0
0 26 12 58 10 38 53 0 0 0 0 0 0 0 0 0 0 0 0 0
0 75 17 44 50 39 31 0 0 0 0 0 0 0 0 0 0 0 0 0
0 26 12 58 10 38 53 0 0 0 0 0 0 0 0 0 0 0 0 0
0 75 17 44 50 18 55 31 39 0 0 0 0 0 0 0 0 0 0 0

Vehicle 4:
0 8 19 14 11 66 0 0 0 0 0 0 0 0 0 0 0 0 0 0
0 72 65 11 66 59 14 0 0 0 0 0 0 0 0 0 0 0 0 0
0 8 14 11 66 0 0 0 0 0 0 0 0 0 0 0 0 0 0 0
0 35 14 11 66 59 0 0 0 0 0 0 0 0 0 0 0 0 0 0
0 7 14 11 66 0 0 0 0 0 0 0 0 0 0 0 0 0 0 0

Vehicle 5:
0 68 33 3 32 9 40 0 0 0 0 0 0 0 0 0 0 0 0 0
0 40 9 32 24 16 0 0 0 0 0 0 0 0 0 0 0 0 0 0
0 6 33 40 32 9 0 0 0 0 0 0 0 0 0 0 0 0 0 0
0 16 24 32 9 40 0 0 0 0 0 0 0 0 0 0 0 0 0 0
0 6 51 40 32 9 25 0 0 0 0 0 0 0 0 0 0 0 0 0

Transported demand matrix:
138 140 140 139 136
0 0 110 0 120
126 136 129 137 131
0 127 120 127 140
136 139 121 139 120
138 136 136 136 135

Routes distance matrix:
109.81130201031621 72.72026287357417 93.99679574077093 88.44726661125611 113.28762333052762
0.0 0.0 63.25900326310217 0.0 78.96901770191398
97.19699470661723 121.83369086389546 98.11196850181639 116.66019365317844 102.2742353040461
0.0 71.90180502349344 104.21195044598556 71.90180502349344 115.81650340962423
86.57275897270785 106.69182309067833 83.84942985629374 99.52058996301761 82.1801771791828
75.95662886894783 84.29881603522111 78.55538178942487 84.29881603522111 85.96030642633482