6
1 75 10 140

1202.7378153136133

983.8040520181894
27.34375
1 750 7200 720
21 15

Assigned customers matrix:
Vehicle 0:
0 17 40 32 44 16 6 0 0 0 0 0 0 0 0 0 0 0 0 0
0 34 52 8 53 11 38 0 0 0 0 0 0 0 0 0 0 0 0 0
0 45 13 54 19 59 66 65 0 0 0 0 0 0 0 0 0 0 0 0
0 26 7 35 14 27 29 21 69 0 0 0 0 0 0 0 0 0 0 0
0 75 51 3 50 9 39 72 12 0 0 0 0 0 0 0 0 0 0 0
0 67 46 57 5 30 2 0 0 0 0 0 0 0 0 0 0 0 0 0
0 33 23 56 41 43 1 4 0 0 0 0 0 0 0 0 0 0 0 0
0 74 48 47 36 71 60 70 20 37 15 0 0 0 0 0 0 0 0 0
0 68 73 62 28 61 22 64 42 63 0 0 0 0 0 0 0 0 0 0
0 58 10 31 25 55 18 24 49 0 0 0 0 0 0 0 0 0 0 0

Transported demand matrix:
136 137 134 140 127 140 140 132 140 138

Routes distance matrix:
61.79855445759756 76.53128555083612 115.61047840011662 126.86082430777066 78.31820982384423 79.08663259511117 93.3398394145933 105.937408591588 116.87754066509339 129.44327821163836