7
4 100 2 200

1215.712237778415

987.3394418674889
185.859375
4 750 7200 720
22 5 51 4 3

Assigned customers matrix:
Vehicle 0:
0 89 82 48 47 36 49 64 11 62 31 0 0 0 0 0 0 0 0 0 0 0 0 0 0 0 0 0 0 0 0 0 0 0 0 0 0
0 28 50 33 9 71 10 88 18 60 5 61 93 59 0 0 0 0 0 0 0 0 0 0 0 0 0 0 0 0 0 0 0 0 0 0 0

Vehicle 1:
0 26 12 68 79 78 34 35 65 66 20 51 1 0 0 0 0 0 0 0 0 0 0 0 0 0 0 0 0 0 0 0 0 0 0 0 0
0 53 40 21 73 72 74 56 39 4 54 80 3 81 0 0 0 0 0 0 0 0 0 0 0 0 0 0 0 0 0 0 0 0 0 0 0

Vehicle 2:
0 94 97 42 41 22 75 23 67 25 55 24 29 77 76 0 0 0 0 0 0 0 0 0 0 0 0 0 0 0 0 0 0 0 0 0 0
0 58 13 95 92 98 100 91 16 86 17 45 8 46 0 0 0 0 0 0 0 0 0 0 0 0 0 0 0 0 0 0 0 0 0 0 0

Vehicle 3:
0 6 96 99 85 37 87 2 57 15 43 14 44 38 84 83 0 0 0 0 0 0 0 0 0 0 0 0 0 0 0 0 0 0 0 0 0
0 27 69 70 30 32 90 63 19 7 52 0 0 0 0 0 0 0 0 0 0 0 0 0 0 0 0 0 0 0 0 0 0 0 0 0 0

Transported demand matrix:
196 200
194 195
186 173
199 115

Routes distance matrix:
113.69645756511646 137.5031043788232
125.29552420145335 113.17357802594907
143.50814421012376 116.16237967044378
145.08669855221714 92.91355526336206