9
1 100 8 200

1212.1105703506355

1008.1071286362121
9.125
1 750 7200 720
64 1

Assigned customers matrix:
Vehicle 0:
0 6 59 97 87 2 57 43 14 44 16 61 5 84 60 0 0 0 0 0 0 0 0 0 0 0 0 0 0 0 0 0 0 0 0 0 0
0 31 10 90 32 63 19 48 0 0 0 0 0 0 0 0 0 0 0 0 0 0 0 0 0 0 0 0 0 0 0 0 0 0 0 0 0
0 92 85 91 42 15 41 22 56 39 4 55 54 24 29 3 77 0 0 0 0 0 0 0 0 0 0 0 0 0 0 0 0 0 0 0 0
0 27 88 7 82 8 45 17 86 38 100 37 98 95 0 0 0 0 0 0 0 0 0 0 0 0 0 0 0 0 0 0 0 0 0 0 0
0 28 76 68 80 79 9 71 35 65 66 20 70 0 0 0 0 0 0 0 0 0 0 0 0 0 0 0 0 0 0 0 0 0 0 0 0
0 58 40 21 73 72 74 75 23 67 25 12 26 0 0 0 0 0 0 0 0 0 0 0 0 0 0 0 0 0 0 0 0 0 0 0 0
0 18 83 46 47 36 49 64 11 62 30 51 50 0 0 0 0 0 0 0 0 0 0 0 0 0 0 0 0 0 0 0 0 0 0 0 0
0 53 13 94 96 99 93 89 52 69 1 33 81 78 34 0 0 0 0 0 0 0 0 0 0 0 0 0 0 0 0 0 0 0 0 0 0

Transported demand matrix:
196 132 195 179 192 194 170 200

Routes distance matrix:
115.67319330907603 96.11879951188759 155.37003945057563 122.3057025053313 131.26356550582386 108.42458129121064 152.23892968989057 126.71231737241642