13
9 417 7 2000

6334.130293291694

5428.51904006507
7231.375
4 750 7200 720
119 52 3 0 0

Assigned customers matrix:
Vehicle 0:
0 128 20 134 53 201 272 180 0 0 0 0 0 0 0 0 0 0
0 182 226 290 238 374 406 371 372 50 32 0 0 0 0 0 0 0
0 10 24 17 68 70 338 340 362 0 0 0 0 0 0 0 0 0
0 96 353 359 357 397 393 392 0 0 0 0 0 0 0 0 0 0
0 175 292 48 55 32 20 119 0 0 0 0 0 0 0 0 0 0
0 67 132 129 10 316 223 231 0 0 0 0 0 0 0 0 0 0
0 24 17 104 72 102 114 89 83 0 0 0 0 0 0 0 0 0

Vehicle 1:
0 144 56 79 93 57 5 33 31 0 0 0 0 0 0 0 0 0
0 142 116 21 74 44 388 408 320 0 0 0 0 0 0 0 0 0
0 281 194 196 204 200 198 312 273 239 0 0 0 0 0 0 0 0
0 30 13 33 103 31 379 376 411 252 0 0 0 0 0 0 0 0
0 124 21 91 5 350 333 355 0 0 0 0 0 0 0 0 0 0
0 173 190 207 220 192 248 276 0 0 0 0 0 0 0 0 0 0
0 71 30 13 47 46 82 0 0 0 0 0 0 0 0 0 0 0

Vehicle 2:
0 11 123 160 169 162 149 165 0 0 0 0 0 0 0 0 0 0
0 106 112 35 172 36 171 148 167 158 0 0 0 0 0 0 0 0
0 415 105 22 308 234 255 236 206 0 0 0 0 0 0 0 0 0
0 16 63 126 66 156 278 282 11 0 0 0 0 0 0 0 0 0
0 133 75 95 69 344 76 35 36 159 0 0 0 0 0 0 0 0
0 284 314 387 109 64 22 360 0 0 0 0 0 0 0 0 0 0
0 179 191 317 297 203 122 16 0 0 0 0 0 0 0 0 0 0

Vehicle 3:
0 4 341 351 322 330 319 337 7 0 0 0 0 0 0 0 0 0
0 42 120 59 78 58 9 0 0 0 0 0 0 0 0 0 0 0
0 222 286 253 412 370 365 18 0 0 0 0 0 0 0 0 0 0
0 4 7 111 336 339 354 356 0 0 0 0 0 0 0 0 0 0
0 135 65 152 170 146 139 0 0 0 0 0 0 0 0 0 0 0
0 54 9 352 326 324 327 328 323 325 0 0 0 0 0 0 0 0
0 267 235 233 254 211 18 0 0 0 0 0 0 0 0 0 0 0

Vehicle 4:
0 117 157 153 155 168 154 150 0 0 0 0 0 0 0 0 0 0
0 304 174 176 221 99 6 97 404 110 0 0 0 0 0 0 0 0
0 208 209 259 299 265 302 1 0 0 0 0 0 0 0 0 0 0
0 291 227 288 402 368 143 28 0 0 0 0 0 0 0 0 0 0
0 218 224 285 315 107 118 85 6 0 0 0 0 0 0 0 0 0
0 300 283 381 369 45 43 1 0 0 0 0 0 0 0 0 0 0
0 247 237 193 187 313 385 366 28 0 0 0 0 0 0 0 0 0

Vehicle 5:
0 268 417 409 394 413 347 0 0 0 0 0 0 0 0 0 0 0
0 51 27 80 38 377 363 382 215 0 0 0 0 0 0 0 0 0
0 275 188 181 216 311 287 39 0 0 0 0 0 0 0 0 0 0
0 41 73 164 335 334 94 138 25 0 0 0 0 0 0 0 0 0
0 289 274 380 389 378 49 27 0 0 0 0 0 0 0 0 0 0
0 229 210 39 38 386 295 256 262 0 0 0 0 0 0 0 0 0
0 121 88 25 101 391 0 0 0 0 0 0 0 0 0 0 0 0

Vehicle 6:
0 40 361 342 329 321 358 0 0 0 0 0 0 0 0 0 0 0
0 195 214 293 213 219 212 197 232 185 383 298 0 0 0 0 0 0
0 0 0 0 0 0 0 0 0 0 0 0 0 0 0 0 0 0
0 303 136 90 15 29 331 0 0 0 0 0 0 0 0 0 0 0
0 349 40 343 403 395 145 332 348 345 0 0 0 0 0 0 0 0
0 230 177 0 0 0 0 0 0 0 0 0 0 0 0 0 0 0
0 84 108 15 86 29 52 141 0 0 0 0 0 0 0 0 0 0

Vehicle 7:
0 140 19 147 166 151 163 161 0 0 0 0 0 0 0 0 0 0
0 294 77 12 100 416 23 113 0 0 0 0 0 0 0 0 0 0
0 310 228 225 217 307 0 0 0 0 0 0 0 0 0 0 0 0
0 8 2 390 346 384 405 398 396 0 0 0 0 0 0 0 0 0
0 189 258 296 184 19 130 12 127 0 0 0 0 0 0 0 0 0
0 280 260 249 401 414 375 410 137 23 0 0 0 0 0 0 0 0
0 8 2 400 407 364 373 399 309 301 243 0 0 0 0 0 0 0

Vehicle 8:
0 266 277 263 244 305 279 0 0 0 0 0 0 0 0 0 0 0
0 3 37 264 271 250 306 0 0 0 0 0 0 0 0 0 0 0
0 240 242 318 241 251 367 81 14 0 0 0 0 0 0 0 0 0
0 26 92 62 87 125 34 0 0 0 0 0 0 0 0 0 0 0
0 3 37 270 202 199 186 261 0 0 0 0 0 0 0 0 0 0
0 98 14 183 205 257 245 246 269 0 0 0 0 0 0 0 0 0
0 26 131 61 115 60 34 178 0 0 0 0 0 0 0 0 0 0

Transported demand matrix:
1731 1939 1855 1970 1696 1981 1956
1962 1990 1803 1999 1942 1641 1415
2000 1987 1982 2000 1999 1997 1880
1844 1642 1907 1917 1812 1809 1875
2000 1971 1829 1980 1996 1995 1997
1960 1985 1953 1951 1998 1965 1745
1800 1842 0 1588 1943 310 1974
1961 1978 1215 1960 1825 1975 1985
1949 1983 1955 1915 1960 2000 2000

Routes distance matrix:
95.98474910333664 89.69159325616869 100.73724448701034 112.58518622441991 71.41457337380064 51.91633457898318 87.18611825332864
72.56877622863936 167.2625394818462 56.25387330691791 80.41571896874028 96.46489616628746 30.790800837860296 47.70348021941376
83.59183603612975 104.634618110335 69.46698128966972 84.71426672257105 105.2875678857919 118.26086037022414 116.60884088285624
126.22923314424575 52.95895002645102 108.19952391358454 101.75904527363014 52.03293576428942 179.74510984433243 63.23146954381512
83.12527459674712 136.7320307118295 83.05684126236619 74.42905142639063 69.42557816460095 71.60213971525619 93.30125913812799
129.18561718092096 83.1752546655714 71.1891758908999 119.15511315174018 71.39301123695091 90.82220281541821 72.3085327066836
157.81569104138939 56.695994490800004 0.0 74.02317084381235 159.86497396422868 33.63885371954909 56.66764287035218
85.30118292667647 69.38323341505239 25.202351742008297 125.17804051453217 95.4526461402678 70.86428334992705 135.4552105919521
70.62333517362687 85.27545925546985 114.51904109425034 38.40939270145097 61.33941694900287 73.94918579834604 62.26172752419272