16
2 56 4 40

3201.146525110604

3179.0510337214164
7.9375
4 750 7200 720
2 0 0 0 0

Assigned customers matrix:
Vehicle 0:
0 2 10 35 14 18 4 6 52 8 53 27 31 23 46 0 0 0 0 0 0 0 0 0 0 0 0 0 0 0 0 0 0 0 0
0 2 11 37 15 19 4 6 8 30 26 22 43 0 0 0 0 0 0 0 0 0 0 0 0 0 0 0 0 0 0 0 0 0 0
0 10 36 14 18 44 6 8 31 54 27 23 4 2 0 0 0 0 0 0 0 0 0 0 0 0 0 0 0 0 0 0 0 0 0
0 2 4 22 26 51 30 8 6 45 19 15 38 11 0 0 0 0 0 0 0 0 0 0 0 0 0 0 0 0 0 0 0 0 0

Vehicle 1:
0 1 9 13 17 41 5 7 32 55 28 24 3 33 0 0 0 0 0 0 0 0 0 0 0 0 0 0 0 0 0 0 0 0 0
0 12 39 16 20 48 5 7 29 50 25 21 3 1 0 0 0 0 0 0 0 0 0 0 0 0 0 0 0 0 0 0 0 0 0
0 1 9 34 13 17 3 5 49 7 56 28 32 24 47 0 0 0 0 0 0 0 0 0 0 0 0 0 0 0 0 0 0 0 0
0 1 12 40 16 20 3 5 7 29 25 21 42 0 0 0 0 0 0 0 0 0 0 0 0 0 0 0 0 0 0 0 0 0 0

Transported demand matrix:
36 34 35 35
35 35 36 34

Routes distance matrix:
425.83419495185683 375.1766648165634 394.39408640897636 394.39466745783216
393.84589285993525 394.39466745783216 425.83419495185683 375.1766648165634