27
6 102 6 20

33794.612677890844

29173.194027599046
623.21875
4 750 7200 720
85 17 29 2 0

Assigned customers matrix:
Vehicle 0:
0 6 47 11 12 87 27 0 0 0 0 0 0
0 6 18 30 100 12 11 0 0 0 0 0 0
0 6 49 50 12 11 0 0 0 0 0 0 0
0 6 97 11 12 88 27 0 0 0 0 0 0
0 6 18 30 99 12 11 0 0 0 0 0 0
0 6 52 12 85 83 11 0 0 0 0 0 0

Vehicle 1:
0 44 16 29 80 79 10 4 0 0 0 0 0
0 4 10 78 24 75 23 0 0 0 0 0 0
0 20 59 4 42 15 10 0 0 0 0 0 0
0 4 43 16 29 96 10 0 0 0 0 0 0
0 4 95 10 77 76 24 23 0 0 0 0 0
0 20 60 4 41 15 10 0 0 0 0 0 0

Vehicle 2:
0 5 17 98 81 25 84 26 0 0 0 0 0
0 5 0 0 0 0 0 0 0 0 0 0 0
0 61 62 5 0 0 0 0 0 0 0 0 0
0 5 48 17 86 26 82 25 0 0 0 0 0
0 5 0 0 0 0 0 0 0 0 0 0 0
0 5 45 46 0 0 0 0 0 0 0 0 0

Vehicle 3:
0 63 64 51 54 1 101 102 7 0 0 0 0
0 1 32 13 7 89 90 0 0 0 0 0 0
0 21 65 1 7 0 0 0 0 0 0 0 0
0 1 53 7 0 0 0 0 0 0 0 0 0
0 1 31 13 7 0 0 0 0 0 0 0 0
0 21 66 1 7 0 0 0 0 0 0 0 0

Vehicle 4:
0 2 3 0 0 0 0 0 0 0 0 0 0
0 2 3 0 0 0 0 0 0 0 0 0 0
0 2 3 14 92 69 22 68 0 0 0 0 0
0 58 3 2 33 34 0 0 0 0 0 0 0
0 2 3 0 0 0 0 0 0 0 0 0 0
0 2 3 14 70 67 22 0 0 0 0 0 0

Vehicle 5:
0 57 9 8 0 0 0 0 0 0 0 0 0
0 19 35 8 9 0 0 0 0 0 0 0 0
0 56 55 36 28 93 9 8 0 0 0 0 0
0 40 39 9 8 0 0 0 0 0 0 0 0
0 19 38 37 94 9 91 8 0 0 0 0 0
0 28 8 72 71 74 73 9 0 0 0 0 0

Transported demand matrix:
19 20 16 19 20 18
20 18 18 18 20 18
19 4 8 19 4 8
20 17 13 10 13 13
8 8 20 14 8 18
10 13 19 12 19 19

Routes distance matrix:
1408.2828082456958 948.5968810248003 888.7279071698155 1430.15107357952 948.5968810248003 977.236545916318
863.1243160583332 1593.902265147031 626.8750991874238 661.0658028783987 1692.0277449077912 626.8750991874238
1586.7008340378093 115.46954038186868 124.27529286188725 1579.9537931986747 115.46954038186868 178.99750831407266
688.6116041442436 893.3495626956213 590.7703829725149 588.5079945435916 613.4547162149088 590.7703829725149
173.2035403818687 173.2035403818687 1226.0629078186403 231.87730454575433 173.2035403818687 1227.796263027723
867.8858112481458 872.5879385147706 936.8771624676332 874.2826455533104 885.9345754663251 1198.4852207642098