29
6 102 6 20

34142.2540834451

29568.401911469908
697.90625
4 750 7200 720
66 55 25 0 0

Assigned customers matrix:
Vehicle 0:
0 6 51 18 30 99 12 0 0 0 0 0 0
0 6 12 88 27 0 0 0 0 0 0 0 0
0 6 12 85 26 0 0 0 0 0 0 0 0
0 6 52 18 30 100 12 0 0 0 0 0 0
0 6 49 50 12 87 27 0 0 0 0 0 0
0 6 12 86 26 84 0 0 0 0 0 0 0

Vehicle 1:
0 20 60 4 42 10 0 0 0 0 0 0 0
0 4 41 40 15 10 0 0 0 0 0 0 0
0 4 44 16 29 10 0 0 0 0 0 0 0
0 20 59 4 10 0 0 0 0 0 0 0 0
0 4 15 10 78 77 76 0 0 0 0 0 0
0 4 43 16 29 95 10 0 0 0 0 0 0

Vehicle 2:
0 5 11 82 81 25 0 0 0 0 0 0 0
0 61 62 5 11 0 0 0 0 0 0 0 0
0 5 48 17 11 0 0 0 0 0 0 0 0
0 5 96 80 79 25 11 0 0 0 0 0 0
0 5 45 46 97 98 11 83 0 0 0 0 0
0 5 47 17 11 0 0 0 0 0 0 0 0

Vehicle 3:
0 1 53 7 0 0 0 0 0 0 0 0 0
0 21 65 1 7 89 90 0 0 0 0 0 0
0 1 31 34 13 7 0 0 0 0 0 0 0
0 1 54 101 102 7 0 0 0 0 0 0 0
0 21 66 1 7 68 67 0 0 0 0 0 0
0 63 64 1 32 13 7 0 0 0 0 0 0

Vehicle 4:
0 2 33 8 0 0 0 0 0 0 0 0 0
0 2 8 70 22 0 0 0 0 0 0 0 0
0 2 36 14 28 91 8 0 0 0 0 0 0
0 2 8 0 0 0 0 0 0 0 0 0 0
0 2 8 71 69 22 0 0 0 0 0 0 0
0 2 35 14 28 92 8 0 0 0 0 0 0

Vehicle 5:
0 3 9 75 24 0 0 0 0 0 0 0 0
0 3 9 37 55 56 19 0 0 0 0 0 0
0 3 94 93 9 74 23 0 0 0 0 0 0
0 3 9 24 0 0 0 0 0 0 0 0 0
0 58 57 3 9 38 19 0 0 0 0 0 0
0 3 39 9 73 23 72 0 0 0 0 0 0

Transported demand matrix:
20 15 15 20 19 17
17 17 18 15 19 20
17 14 15 19 20 15
12 19 17 16 19 19
12 15 20 10 17 20
15 19 19 13 19 19

Routes distance matrix:
661.0664360502927 1083.0677852009317 1083.0664795533298 661.0664360502927 1105.7723827073564 1131.6362544191031
601.9283775161065 632.3223061052755 658.0407075755932 590.7703829725149 986.5426117311864 661.0658028783987
1140.8029813164135 586.155454374373 613.4542003852403 1175.1771035602715 862.6914341398234 613.4538606924732
588.5079945435916 870.6652294532273 632.3223061052755 638.4223827805812 870.6652294532273 649.0359167265926
588.5086343361664 1083.0681774318955 661.0647737014546 577.3497018943544 1304.2000019009668 661.0652417850192
1083.0677852009317 607.5225291589851 1128.239224092477 1077.3511091167602 594.2043908449206 1105.0602857145036