31
9 153 6 20

127635.67882667744

102544.03606691697
2375.03125
4 750 7200 720
124 32 56 0 0

Assigned customers matrix:
Vehicle 0:
0 23 11 96 44 149 17 32 0 0 0 0 0
0 60 35 112 11 17 132 133 0 0 0 0 0
0 63 11 97 148 17 147 146 0 0 0 0 0
0 23 11 98 99 32 17 44 0 0 0 0 0
0 35 11 17 135 134 136 150 0 0 0 0 0
0 76 61 11 17 0 0 0 0 0 0 0 0

Vehicle 1:
0 71 8 84 85 28 14 0 0 0 0 0 0
0 49 19 36 8 14 120 37 0 0 0 0 0
0 25 70 8 14 0 0 0 0 0 0 0 0
0 8 87 86 143 142 14 28 0 0 0 0 0
0 48 19 36 8 14 121 37 0 0 0 0 0
0 25 51 107 106 8 14 123 0 0 0 0 0

Vehicle 2:
0 20 34 109 9 15 0 0 0 0 0 0 0
0 9 15 126 39 124 38 122 0 0 0 0 0
0 9 88 29 43 144 15 90 0 0 0 0 0
0 72 53 20 34 108 9 15 0 0 0 0 0
0 73 9 15 127 39 125 38 0 0 0 0 0
0 9 89 29 43 145 15 0 0 0 0 0 0

Vehicle 3:
0 4 10 16 131 130 0 0 0 0 0 0 0
0 4 10 16 111 75 0 0 0 0 0 0 0
0 4 10 94 16 0 0 0 0 0 0 0 0
0 4 10 16 128 129 0 0 0 0 0 0 0
0 4 10 93 92 16 0 0 0 0 0 0 0
0 74 4 110 10 16 0 0 0 0 0 0 0

Vehicle 4:
0 5 67 24 116 117 33 45 0 0 0 0 0
0 5 22 95 31 40 41 42 140 0 0 0 0
0 26 77 5 0 0 0 0 0 0 0 0 0
0 5 66 24 102 103 33 45 0 0 0 0 0
0 5 22 113 31 40 41 137 42 0 0 0 0
0 26 5 0 0 0 0 0 0 0 0 0 0

Vehicle 5:
0 6 64 62 12 18 0 0 0 0 0 0 0
0 6 12 18 115 79 0 0 0 0 0 0 0
0 6 12 100 101 18 0 0 0 0 0 0 0
0 6 12 18 138 139 0 0 0 0 0 0 0
0 6 114 12 151 18 0 0 0 0 0 0 0
0 78 6 65 12 18 0 0 0 0 0 0 0

Vehicle 6:
0 27 2 3 0 0 0 0 0 0 0 0 0
0 2 3 55 21 91 30 0 0 0 0 0 0
0 2 3 56 57 58 59 0 0 0 0 0 0
0 27 69 68 2 50 52 3 0 0 0 0 0
0 2 3 54 21 30 0 0 0 0 0 0 0
0 2 3 0 0 0 0 0 0 0 0 0 0

Vehicle 7:
0 1 7 104 152 13 0 0 0 0 0 0 0
0 1 7 105 153 13 0 0 0 0 0 0 0
0 1 7 83 82 13 0 0 0 0 0 0 0
0 1 7 13 118 119 0 0 0 0 0 0 0
0 80 81 1 7 13 0 0 0 0 0 0 0
0 1 7 13 141 0 0 0 0 0 0 0 0

Vehicle 8:
0 0 0 0 0 0 0 0 0 0 0 0 0
0 46 47 0 0 0 0 0 0 0 0 0 0
0 0 0 0 0 0 0 0 0 0 0 0 0
0 0 0 0 0 0 0 0 0 0 0 0 0
0 0 0 0 0 0 0 0 0 0 0 0 0
0 0 0 0 0 0 0 0 0 0 0 0 0

Transported demand matrix:
20 20 20 20 20 14
18 20 14 20 20 20
16 20 20 20 20 18
19 19 17 19 19 19
17 19 9 17 19 7
19 19 19 19 19 19
12 18 18 20 16 10
19 19 19 19 19 17
0 4 0 0 0 0

Routes distance matrix:
2166.7309950279496 2753.0036586689557 2350.5603988146527 2218.5496043976977 3136.0022254466066 1736.8828631008764
2007.6128753873313 3587.0870190018677 1739.7546400776387 2095.940431251556 3594.63411813948 2445.8966794843095
1799.1535027278885 4927.411652236149 2044.519794245444 1802.8825665405545 4895.694696858913 2016.4250020955767
2684.9363511117904 1742.809437618597 1794.6419873136651 2684.9358055350285 1907.8408151533495 1749.3678725923126
1308.4356783190988 6173.173972601121 128.89034625412097 1343.6998841875045 6071.827285713065 128.28535482277158
1784.5533212843652 1742.8094603277993 1852.3762250411796 2684.93902427188 1874.7678347756605 1745.90274985915
225.7064887693398 1086.3455227692039 299.7442650561744 327.2938964692865 1074.3480512845977 173.2035403818687
1812.5798089081086 1925.170300689606 1907.8408151533495 2684.9358055350285 1740.85425868442 2398.527173197246
0.0 164.55000973284197 0.0 0.0 0.0 0.0