22
6 114 4 30

Solution history:
B_obj   B_dis   B_sim   C_obj   C_dis   C_sim   neighbor   iterations   time   scores
1.0148682419532338 4579.206011616268 0.0 1.0148682419532338 4579.206011616268 0.0 0 0 0 3.0 3.0 3.0 3.0 3.0 3.0 3.0
1.0148682419532338 4579.206011616268 0.0 1.0148682419532338 4579.206011616268 0.0 f_swap_t 100 49.241560220718384 3.0 3.0 3.0 3.9699999999999998 3.0 3.0 3.0
1.0143103977854855 4575.866242455538 0.0 1.0143103977854855 4575.866242455538 0.0 t_swap_k 100 86.40454983711243 3.0 3.0 3.9699999999999998 3.9699999999999998 3.0 3.0 3.0
1.0143103977854855 4575.866242455538 0.0 1.0761224438612969 4945.930101111552 0.0 f_swap_t 100 126.7492790222168 3.0 3.0 3.9699999999999998 4.9803 3.0 3.0 3.0
1.0143103977854855 4575.866242455538 0.0 1.0494702792882646 4786.365687868629 0.0 t_swap_k 100 175.85200810432434 3.0 3.0 4.9303 4.9803 3.0 3.0 3.0
1.0143103977854855 4575.866242455538 0.0 1.04077951793226 4734.334783113962 0.0 t_swap_r_k 100 227.96723556518555 3.0 3.0 4.9303 4.9803 3.0 4.01 3.0
1.0143103977854855 4575.866242455538 0.0 1.04077951793226 4734.334783113962 0.0 f_swap_t 100 272.54883098602295 3.0 3.0 4.9303 5.930497 3.0 4.01 3.0
1.0143103977854855 4575.866242455538 0.0 1.04077951793226 4734.334783113962 0.0 f_swap_t 100 304.3079137802124 3.0 3.0 4.9303 6.87119203 3.0 4.01 3.0
1.0143103977854855 4575.866242455538 0.0 1.04077951793226 4734.334783113962 0.0 t_swap_r_k 100 357.78219389915466 3.0 3.0 4.9303 6.87119203 3.0 5.0099 3.0
1.0143103977854855 4575.866242455538 0.0 1.0923343746526593 5042.989655774371 0.0 f_swap_t 100 398.1753628253937 3.0 3.0 4.9303 7.812480109699999 3.0 5.0099 3.0
1.0143103977854855 4575.866242455538 0.0 1.0835494597739403 4990.3950612839035 0.0 t_swap_r_k 100 474.2821683883667 3.0 3.0 4.9303 7.812480109699999 3.0 5.999801 3.0
1.0143103977854855 4575.866242455538 0.0 1.0805174077702255 4972.242404392977 0.0 f_swap_t 100 514.5067908763885 3.0 3.0 4.9303 8.734355308603 3.0 5.999801 3.0
1.0143103977854855 4575.866242455538 0.0 1.062842389429795 4866.423459638206 0.0 f_swap_t 100 552.483161687851 3.0 3.0 4.9303 9.70701175551697 3.0 5.999801 3.0
1.0143103977854855 4575.866242455538 0.0 1.0479696348987 4777.381447926276 0.0 t_multiswap_k 100 566.2257006168365 3.0 3.0 4.9303 9.70701175551697 3.0 5.999801 3.9699999999999998
1.0143103977854855 4575.866242455538 0.0 1.042629626149035 4745.411235506287 0.0 t_swap_k 100 595.7972500324249 3.0 3.0 5.880997 9.70701175551697 3.0 5.999801 3.9699999999999998
1.0143103977854855 4575.866242455538 0.0 1.042629626149035 4745.411235506287 0.0 t_swap_r_k 100 642.6160202026367 3.0 3.0 5.880997 9.70701175551697 3.0 6.97980299 3.9699999999999998
1.0143103977854855 4575.866242455538 0.0 1.066919733759184 4858.552285209387 0.0 move_t 100 679.1409368515015 3.0 3.98 5.880997 9.70701175551697 3.0 6.97980299 3.9699999999999998
1.0143103977854855 4575.866242455538 0.0 1.0605540365502129 4852.723270915346 0.0 t_multiswap_k 100 692.0079665184021 3.0 3.98 5.880997 9.70701175551697 3.0 6.97980299 4.9303
1.0143103977854855 4575.866242455538 0.0 1.0582460798042628 4838.905715386284 0.0 t_swap_r_k 100 761.7423758506775 3.0 3.98 5.880997 9.70701175551697 3.0 7.950004960099999 4.9303
1.0143103977854855 4575.866242455538 0.0 1.0582460798042628 4838.905715386284 0.0 f_swap_t 100 801.652263879776 3.0 3.98 5.880997 10.6099416379618 3.0 7.950004960099999 4.9303
1.0143103977854855 4575.866242455538 0.0 1.0582460798042628 4838.905715386284 0.0 t_swap_r_k 100 864.5092098712921 3.0 3.98 5.880997 10.6099416379618 3.0 8.910504910499 4.9303
1.0143103977854855 4575.866242455538 0.0 1.0582460798042628 4838.905715386284 0.0 swap_t 100 890.0467417240143 3.0 3.98 5.880997 10.6099416379618 3.9699999999999998 8.910504910499 4.9303
1.0143103977854855 4575.866242455538 0.0 1.0582460798042628 4838.905715386284 0.0 t_swap_r_k 100 945.1725704669952 3.0 3.98 5.880997 10.6099416379618 3.9699999999999998 9.86139986139401 4.9303
1.0143103977854855 4575.866242455538 0.0 1.0582460798042628 4838.905715386284 0.0 swap_t 100 975.0579614639282 3.0 3.98 5.880997 10.6099416379618 4.9303 9.86139986139401 4.9303
1.0143103977854855 4575.866242455538 0.0 1.0582460798042628 4838.905715386284 0.0 t_multiswap_k 100 996.7622981071472 3.0 3.98 5.880997 10.6099416379618 4.9303 9.86139986139401 5.880997
1.0143103977854855 4575.866242455538 0.0 1.0582460798042628 4838.905715386284 0.0 f_swap_t 100 1026.240051984787 3.0 3.98 5.880997 11.503842221582183 4.9303 9.86139986139401 5.880997
1.0143103977854855 4575.866242455538 0.0 1.0582460798042628 4838.905715386284 0.0 t_multiswap_k 100 1040.3427922725677 3.0 3.98 5.880997 11.503842221582183 4.9303 9.86139986139401 6.82218703
1.0143103977854855 4575.866242455538 0.0 1.1167513559712703 5189.172202658756 0.0 t_move_k 100 1069.5106763839722 4.0600000000000005 3.98 5.880997 11.503842221582183 4.9303 9.86139986139401 6.82218703
1.0143103977854855 4575.866242455538 0.0 1.0934518509682996 5049.679898592339 0.0 f_swap_t 100 1119.0510578155518 4.0600000000000005 3.98 5.880997 12.388803799366361 4.9303 9.86139986139401 6.82218703
1.0143103977854855 4575.866242455538 0.0 1.083903728721927 4992.516041614068 0.0 f_swap_t 100 1166.159358739853 4.0600000000000005 3.98 5.880997 13.264915761372697 4.9303 9.86139986139401 6.82218703
1.0143103977854855 4575.866242455538 0.0 1.0948994773465144 5058.346723870333 0.0 f_swap_t 100 1222.114075422287 4.0600000000000005 3.98 5.880997 14.17226660375897 4.9303 9.86139986139401 6.82218703
1.0143103977854855 4575.866242455538 0.0 1.085172326363242 5000.111035923933 0.0 t_swap_r_k 100 1258.4479002952576 4.0600000000000005 3.98 5.880997 14.17226660375897 4.9303 10.802785862780071 6.82218703
1.0143103977854855 4575.866242455538 0.0 1.0816185703696302 4978.834978274831 0.0 t_swap_k 100 1293.832673549652 4.0600000000000005 3.98 6.82218703 14.17226660375897 4.9303 10.802785862780071 6.82218703
1.0143103977854855 4575.866242455538 0.0 1.1168504939593276 5189.765733996562 0.0 t_move_k 100 1326.9629876613617 5.0494 3.98 6.82218703 14.17226660375897 4.9303 10.802785862780071 6.82218703
1.0143103977854855 4575.866242455538 0.0 1.1299726217214456 5268.326880920428 0.0 f_swap_t 100 1381.7324912548065 5.0494 3.98 6.82218703 15.040543937721381 4.9303 10.802785862780071 6.82218703
1.0143103977854855 4575.866242455538 0.0 1.1174539509049457 5193.378583271188 0.0 t_swap_r_k 100 1419.7340624332428 5.0494 3.98 6.82218703 15.040543937721381 4.9303 11.73475800415227 6.82218703
1.0143103977854855 4575.866242455538 0.0 1.1120225456999902 5160.861187461237 0.0 t_swap_r_k 100 1466.4308278560638 5.0494 3.98 6.82218703 15.040543937721381 4.9303 12.657410424110749 6.82218703
1.0143103977854855 4575.866242455538 0.0 1.1388434362831714 5321.435750057489 0.0 t_swap_k 100 1506.7408916950226 5.0494 3.98 7.763965159700001 15.040543937721381 4.9303 12.657410424110749 6.82218703
1.0143103977854855 4575.866242455538 0.0 1.1727762805254391 5524.589019892076 0.0 f_swap_t 100 1551.375557899475 5.0494 3.98 7.763965159700001 15.900138498344168 4.9303 12.657410424110749 6.82218703
1.0143103977854855 4575.866242455538 0.0 1.144291773840098 5354.054518527051 0.0 t_swap_r_k 100 1605.698720216751 5.0494 3.98 7.763965159700001 15.900138498344168 4.9303 13.570836319869642 6.82218703
1.0143103977854855 4575.866242455538 0.0 1.1268077981460025 5249.379331071365 0.0 t_multiswap_k 100 1623.305955171585 5.0494 3.98 7.763965159700001 15.900138498344168 4.9303 13.570836319869642 7.7839651597
1.0143103977854855 4575.866242455538 0.0 1.1554577383258282 5420.904269757375 0.0 f_swap_t 100 1652.1744611263275 5.0494 3.98 7.763965159700001 16.751137113360727 4.9303 13.570836319869642 7.7839651597
1.0143103977854855 4575.866242455538 0.0 1.1380508664527975 5316.690696814586 0.0 t_swap_r_k 100 1697.3116106987 5.0494 3.98 7.763965159700001 16.751137113360727 4.9303 14.475127956670946 7.7839651597
1.0143103977854855 4575.866242455538 0.0 1.1354819850672415 5301.311005988586 0.0 t_multiswap_k 100 1716.6927387714386 5.0494 3.98 7.763965159700001 16.751137113360727 4.9303 14.475127956670946 8.706125508103
1.0143103977854855 4575.866242455538 0.0 1.2180313898899917 5795.527800575797 0.0 t_move_k 100 1749.1249566078186 6.038906000000001 3.98 7.763965159700001 16.751137113360727 4.9303 14.475127956670946 8.706125508103
1.0143103977854855 4575.866242455538 0.0 1.1832639764659212 5587.378030684336 0.0 f_swap_t 100 1795.5777757167816 6.038906000000001 3.98 7.763965159700001 17.58362574222712 4.9303 14.475127956670946 8.706125508103
1.0143103977854855 4575.866242455538 0.0 1.177705613365337 5554.10054793784 0.0 f_swap_t 100 1847.881133556366 6.038906000000001 3.98 7.763965159700001 18.407789484804848 4.9303 14.475127956670946 8.706125508103
1.0143103977854855 4575.866242455538 0.0 1.1764828747371505 5546.780107933 0.0 t_swap_r_k 100 1904.1920642852783 6.038906000000001 3.98 7.763965159700001 18.407789484804848 4.9303 15.370376677104236 8.706125508103
1.0143103977854855 4575.866242455538 0.0 1.1764828747371505 5546.780107933 0.0 t_swap_r_k 100 1954.6433403491974 6.038906000000001 3.98 7.763965159700001 18.407789484804848 4.9303 16.256672910333194 8.706125508103
1.0143103977854855 4575.866242455538 0.0 1.1764828747371505 5546.780107933 0.0 t_swap_r_k 100 1991.6899888515472 6.038906000000001 3.98 7.763965159700001 18.407789484804848 4.9303 17.13410618122986 8.706125508103
1.0143103977854855 4575.866242455538 0.0 1.1873355790873061 5611.754395367939 0.0 f_swap_t 100 2024.67826962471 6.038906000000001 3.98 7.763965159700001 19.2337115899568 4.9303 17.13410618122986 8.706125508103
1.0143103977854855 4575.866242455538 0.0 1.1791298063725066 5562.627079466302 0.0 t_swap_r_k 100 2081.141524553299 6.038906000000001 3.98 7.763965159700001 19.2337115899568 4.9303 18.00276511941756 8.706125508103
1.0143103977854855 4575.866242455538 0.0 1.1761137319103736 5544.5700788602735 0.0 swap_t 100 2111.409367084503 6.038906000000001 3.98 7.763965159700001 19.2337115899568 5.880997 18.00276511941756 8.706125508103
1.0143103977854855 4575.866242455538 0.0 1.1761137319103736 5544.5700788602735 0.0 t_swap_r_k 100 2164.3043010234833 6.038906000000001 3.98 7.763965159700001 19.2337115899568 5.880997 18.862737468223386 8.706125508103
1.0143103977854855 4575.866242455538 0.0 1.1671970129334002 5491.186383599271 0.0 t_move_k 100 2195.2079272270203 7.008516940000001 3.98 7.763965159700001 19.2337115899568 5.880997 18.862737468223386 8.706125508103
1.0143103977854855 4575.866242455538 0.0 1.165071548941309 5478.461397835445 0.0 t_swap_r_k 100 2229.5044198036194 7.008516940000001 3.98 7.763965159700001 19.2337115899568 5.880997 19.71411009354115 8.706125508103
1.0143103977854855 4575.866242455538 0.0 1.2840683343458166 6190.885793566402 0.0 f_swap_t 100 2263.026883125305 7.008516940000001 3.98 7.763965159700001 20.091374474057233 5.880997 19.71411009354115 8.706125508103
1.0143103977854855 4575.866242455538 0.0 1.2489633393499786 5980.7149493538245 0.0 f_swap_t 100 2304.301964044571 7.008516940000001 3.98 7.763965159700001 20.89046072931666 5.880997 19.71411009354115 8.706125508103
1.0143103977854855 4575.866242455538 0.0 1.2774302735719196 6151.144245762459 0.0 t_multiswap_k 100 2321.7986636161804 7.008516940000001 3.98 7.763965159700001 20.89046072931666 5.880997 19.71411009354115 9.75906425302197
1.0143103977854855 4575.866242455538 0.0 1.260286334683295 6048.50483191898 0.0 t_swap_r_k 100 2366.665777683258 7.008516940000001 3.98 7.763965159700001 20.89046072931666 5.880997 20.55696899260574 9.75906425302197
1.0143103977854855 4575.866242455538 0.0 1.258118362167128 6035.525350964588 0.0 f_swap_t 100 2400.876271724701 7.008516940000001 3.98 7.763965159700001 21.681556122023494 5.880997 20.55696899260574 9.75906425302197
1.0143103977854855 4575.866242455538 0.0 1.2968281436516036 6064.357329244607 0.0 swap_t 100 2424.1735541820526 7.008516940000001 3.98 7.763965159700001 21.681556122023494 6.83218703 20.55696899260574 9.75906425302197
1.0143103977854855 4575.866242455538 0.0 1.3223451931484154 6802.6364514849365 0.0 swap_t 100 2450.2550508975983 7.008516940000001 3.98 7.763965159700001 21.681556122023494 7.8038651597 20.55696899260574 9.75906425302197
1.0143103977854855 4575.866242455538 0.0 1.462053940642347 7256.47162081019 0.0 f_swap_t 100 2501.5399510860443 7.008516940000001 3.98 7.763965159700001 22.534740560803257 7.8038651597 20.55696899260574 9.75906425302197
1.0143103977854855 4575.866242455538 0.0 1.4183035292042905 6994.541348275639 0.0 move_t 100 2523.9581604003906 7.008516940000001 4.9402 7.763965159700001 22.534740560803257 7.8038651597 20.55696899260574 9.75906425302197
1.0143103977854855 4575.866242455538 0.0 1.3446959910107428 6553.858805965591 0.0 f_swap_t 100 2567.6581003665924 7.008516940000001 4.9402 7.763965159700001 23.339393155195225 7.8038651597 20.55696899260574 9.75906425302197
1.0143103977854855 4575.866242455538 0.0 1.3331824357793165 6484.928056277011 0.0 f_swap_t 100 2623.3797583580017 7.008516940000001 4.9402 7.763965159700001 24.105999223643273 7.8038651597 20.55696899260574 9.75906425302197
1.0143103977854855 4575.866242455538 0.0 1.3203315470009926 6378.726232646048 0.0 move_t 100 2651.1456546783447 7.008516940000001 5.920798 7.763965159700001 24.105999223643273 7.8038651597 20.55696899260574 9.75906425302197
1.0143103977854855 4575.866242455538 0.0 1.411534113413823 6954.013388317884 0.0 f_swap_t 100 2709.031900882721 7.008516940000001 5.920798 7.763965159700001 24.95493923140684 7.8038651597 20.55696899260574 9.75906425302197
1.0143103977854855 4575.866242455538 0.0 1.377981123600759 6753.134277077343 0.0 t_swap_k 100 2743.852058172226 7.008516940000001 5.920798 8.786325508103001 24.95493923140684 7.8038651597 20.55696899260574 9.75906425302197
1.0143103977854855 4575.866242455538 0.0 1.329235804079089 6461.299882670057 0.0 t_swap_k 100 2784.7379591464996 7.008516940000001 5.920798 9.758462253021971 24.95493923140684 7.8038651597 20.55696899260574 9.75906425302197
1.0143103977854855 4575.866242455538 0.0 1.352809648971053 6602.434638076455 0.0 t_multiswap_k 100 2809.556531190872 7.008516940000001 5.920798 9.758462253021971 24.95493923140684 7.8038651597 20.55696899260574 10.67147361049175
1.0143103977854855 4575.866242455538 0.0 1.3421546860465758 6538.644213005702 0.0 t_swap_r_k 100 2843.1344151496887 7.008516940000001 5.920798 9.758462253021971 24.95493923140684 7.8038651597 21.39139930267968 10.67147361049175
1.0143103977854855 4575.866242455538 0.0 1.341707088704818 6535.9644829218305 0.0 f_swap_t 100 2898.294270992279 7.008516940000001 5.920798 9.758462253021971 25.70538983909277 7.8038651597 21.39139930267968 10.67147361049175
1.0143103977854855 4575.866242455538 0.0 1.341707088704818 6535.9644829218305 0.0 move_t 100 2936.9305896759033 7.008516940000001 6.8615900199999995 9.758462253021971 25.70538983909277 7.8038651597 21.39139930267968 10.67147361049175
1.0143103977854855 4575.866242455538 0.0 1.341707088704818 6535.9644829218305 0.0 t_swap_r_k 100 2989.3872616291046 7.008516940000001 6.8615900199999995 9.758462253021971 25.70538983909277 7.8038651597 22.217485309652883 10.67147361049175
1.0143103977854855 4575.866242455538 0.0 1.3292933665495974 6461.6445046539975 0.0 t_multiswap_k 100 3010.89252781868 7.008516940000001 6.8615900199999995 9.758462253021971 25.70538983909277 7.8038651597 22.217485309652883 11.624758874386833
1.0143103977854855 4575.866242455538 0.0 1.3218527584232325 6417.098168967053 0.0 t_swap_r_k 100 3055.5038406848907 7.008516940000001 6.8615900199999995 9.758462253021971 25.70538983909277 7.8038651597 23.035310456556353 11.624758874386833
1.0143103977854855 4575.866242455538 0.0 1.3197425724976068 6404.4646517856145 0.0 t_swap_k 100 3099.160346508026 7.008516940000001 6.8615900199999995 10.66087763049175 25.70538983909277 7.8038651597 23.035310456556353 11.624758874386833
1.0143103977854855 4575.866242455538 0.0 1.3187419845473662 6398.474210418626 0.0 f_swap_t 100 3150.386852502823 7.008516940000001 6.8615900199999995 10.66087763049175 26.448335940701842 7.8038651597 23.035310456556353 11.624758874386833
1.0143103977854855 4575.866242455538 0.0 1.318627778029727 6397.790464979276 0.0 swap_t 100 3180.6164486408234 7.008516940000001 6.8615900199999995 10.66087763049175 26.448335940701842 8.725826508103 23.035310456556353 11.624758874386833
1.0143103977854855 4575.866242455538 0.0 1.318627778029727 6397.790464979276 0.0 t_swap_r_k 100 3226.573901414871 7.008516940000001 6.8615900199999995 10.66087763049175 26.448335940701842 8.725826508103 23.84495735199079 11.624758874386833
1.0143103977854855 4575.866242455538 0.0 1.3164925426522456 6385.006978699586 0.0 t_multiswap_k 100 3252.2590367794037 7.008516940000001 6.8615900199999995 10.66087763049175 26.448335940701842 8.725826508103 23.84495735199079 12.538511285642965
1.0143103977854855 4575.866242455538 0.0 1.315145743311059 6376.9437969627525 0.0 t_multiswap_k 100 3282.9593517780304 7.008516940000001 6.8615900199999995 10.66087763049175 26.448335940701842 8.725826508103 23.84495735199079 13.413126172786535
1.0143103977854855 4575.866242455538 0.0 1.3146099677573613 6373.736150858759 0.0 t_swap_r_k 100 3332.65186214447 7.008516940000001 6.8615900199999995 10.66087763049175 26.448335940701842 8.725826508103 24.64650777847088 13.413126172786535
1.0143103977854855 4575.866242455538 0.0 1.3146099677573613 6373.736150858759 0.0 t_swap_r_k 100 3374.074900150299 7.008516940000001 6.8615900199999995 10.66087763049175 26.448335940701842 8.725826508103 25.44004270068617 13.413126172786535
1.0143103977854855 4575.866242455538 0.0 1.3146099677573613 6373.736150858759 0.0 t_swap_r_k 100 3411.388555765152 7.008516940000001 6.8615900199999995 10.66087763049175 26.448335940701842 8.725826508103 26.22564227367931 13.413126172786535
1.0143103977854855 4575.866242455538 0.0 1.3111769964153743 6353.183221419842 0.0 t_move_k 100 3448.7259237766266 8.028431770600001 6.8615900199999995 10.66087763049175 26.448335940701842 8.725826508103 26.22564227367931 13.413126172786535
1.0143103977854855 4575.866242455538 0.0 1.3058529227585982 6321.308411147764 0.0 t_swap_r_k 100 3508.959593772888 8.028431770600001 6.8615900199999995 10.66087763049175 26.448335940701842 8.725826508103 27.003385850942514 13.413126172786535
1.0143103977854855 4575.866242455538 0.0 1.3038266598325827 6309.177334364879 0.0 t_multiswap_k 100 3524.3379607200623 8.028431770600001 6.8615900199999995 10.66087763049175 26.448335940701842 8.725826508103 27.003385850942514 14.27899491105867
1.0143103977854855 4575.866242455538 0.0 1.3038266598325827 6309.177334364879 0.0 t_swap_r_k 100 3553.358038187027 8.028431770600001 6.8615900199999995 10.66087763049175 26.448335940701842 8.725826508103 27.77335199243309 14.27899491105867
1.0143103977854855 4575.866242455538 0.0 1.3038266598325827 6309.177334364879 0.0 f_swap_t 100 3607.204572200775 8.028431770600001 6.8615900199999995 10.66087763049175 27.183852581294822 8.725826508103 27.77335199243309 14.27899491105867