22
6 114 4 30

Solution history:
B_obj   B_dis   B_sim   C_obj   C_dis   C_sim   neighbor   iterations   time   scores
1.0148682419532338 4579.206011616268 0.0 1.0148682419532338 4579.206011616268 0.0 0 0 0 3.0 3.0 3.0 3.0 3.0 3.0 3.0
1.0148682419532338 4579.206011616268 0.0 1.0148682419532338 4579.206011616268 0.0 swap_t 100 8.28796672821045 3.0 3.0 3.0 3.0 3.9699999999999998 3.0 3.0
1.0143103977854855 4575.866242455538 0.0 1.022860103051541 4627.052655493017 0.0 move_t 100 18.877002000808716 3.0 3.98 3.0 3.0 3.9699999999999998 3.0 3.0
1.0143103977854855 4575.866242455538 0.0 1.0174493977763337 4594.659188534523 0.0 move_t 100 39.892141580581665 3.0 4.9402 3.0 3.0 3.9699999999999998 3.0 3.0
1.0143103977854855 4575.866242455538 0.0 1.015047856901153 4580.281352183667 0.0 swap_t 100 49.70453214645386 3.0 4.9402 3.0 3.0 4.9303 3.0 3.0
1.0143103977854855 4575.866242455538 0.0 1.0143103977854855 4575.866242455538 0.0 move_t 100 65.28851246833801 3.0 5.890798 3.0 3.0 4.9303 3.0 3.0
1.0143103977854855 4575.866242455538 0.0 1.0143103977854855 4575.866242455538 0.0 t_swap_k 100 92.55704879760742 3.0 5.890798 3.9699999999999998 3.0 4.9303 3.0 3.0
1.0143103977854855 4575.866242455538 0.0 1.0252535619700816 4641.382105805071 0.0 t_swap_k 100 110.38250637054443 3.0 5.890798 4.9403 3.0 4.9303 3.0 3.0
1.0143103977854855 4575.866242455538 0.0 1.0419221862318047 4741.175848358344 0.0 t_swap_k 100 123.41009974479675 3.0 5.890798 5.930897 3.0 4.9303 3.0 3.0
1.0143103977854855 4575.866242455538 0.0 1.0399487894034698 4729.361276744625 0.0 t_move_k 100 144.80256009101868 4.0 5.890798 5.930897 3.0 4.9303 3.0 3.0
1.0143103977854855 4575.866242455538 0.0 1.0565774616380232 4784.563955352432 0.0 swap_t 100 158.5615508556366 4.0 5.890798 5.930897 3.0 5.890997 3.0 3.0
1.0143103977854855 4575.866242455538 0.0 1.0667090634443328 4889.572932869199 0.0 t_swap_k 100 173.8987169265747 4.0 5.890798 6.91158803 3.0 5.890997 3.0 3.0
1.0143103977854855 4575.866242455538 0.0 1.0967678677833317 5069.532630476248 0.0 t_move_k 100 194.88296937942505 4.98 5.890798 6.91158803 3.0 5.890997 3.0 3.0
1.0143103977854855 4575.866242455538 0.0 1.089186946795323 5024.146252721531 0.0 t_swap_r_k 100 239.7816596031189 4.98 5.890798 6.91158803 3.0 5.890997 4.01 3.0
1.0143103977854855 4575.866242455538 0.0 1.1073409904207394 5132.833084184634 0.0 t_swap_k 100 253.4796085357666 4.98 5.890798 7.8524721497 3.0 5.890997 4.01 3.0
1.0143103977854855 4575.866242455538 0.0 1.1059017255694108 5124.216318710515 0.0 swap_t 100 266.77292132377625 4.98 5.890798 7.8524721497 3.0 6.832087029999999 4.01 3.0
1.0143103977854855 4575.866242455538 0.0 1.105831501537469 5136.838245092167 0.0 swap_t 100 287.52531337738037 4.98 5.890798 7.8524721497 3.0 7.7937661597 4.01 3.0
1.0143103977854855 4575.866242455538 0.0 1.1031610224425743 5107.807944632365 0.0 swap_t 100 305.0184597969055 4.98 5.890798 7.8524721497 3.0 8.715828498102999 4.01 3.0
1.0143103977854855 4575.866242455538 0.0 1.1110261965225554 5154.896123293679 0.0 t_swap_k 100 339.13803339004517 4.98 5.890798 8.843947428203 3.0 8.715828498102999 4.01 3.0
1.0143103977854855 4575.866242455538 0.0 1.1279471712286313 5256.200668111225 0.0 t_swap_k 100 369.077969789505 4.98 5.890798 9.79550795392097 3.0 8.715828498102999 4.01 3.0
1.0143103977854855 4575.866242455538 0.0 1.120114855423069 5209.309209354724 0.0 swap_t 100 372.7816643714905 4.98 5.890798 9.79550795392097 3.0 9.62867021312197 4.01 3.0
1.0143103977854855 4575.866242455538 0.0 1.1498729082375068 5387.46833123679 0.0 f_swap_t 100 397.60012221336365 4.98 5.890798 9.79550795392097 3.98 9.62867021312197 4.01 3.0
1.0143103977854855 4575.866242455538 0.0 1.1431189974403166 5347.033198454398 0.0 swap_t 100 407.6439106464386 4.98 5.890798 9.79550795392097 3.98 10.53238351099075 4.01 3.0
1.0143103977854855 4575.866242455538 0.0 1.1240243603542166 5232.715107915026 0.0 move_t 100 424.0943958759308 4.98 6.861890020000001 9.79550795392097 3.98 10.53238351099075 4.01 3.0
1.0143103977854855 4575.866242455538 0.0 1.1240243603542166 5232.715107915026 0.0 t_swap_r_k 100 472.2481589317322 4.98 6.861890020000001 9.79550795392097 3.98 10.53238351099075 5.0099 3.0
1.0143103977854855 4575.866242455538 0.0 1.1240243603542166 5232.715107915026 0.0 swap_t 100 480.11391735076904 4.98 6.861890020000001 9.79550795392097 3.98 11.427059675880843 5.0099 3.0
1.0143103977854855 4575.866242455538 0.0 1.1153405251967143 5180.725669766082 0.0 t_swap_k 100 498.3178379535675 4.98 6.861890020000001 10.78755287438176 3.98 11.427059675880843 5.0099 3.0
1.0143103977854855 4575.866242455538 0.0 1.285556509104476 6199.795378809197 0.0 f_swap_t 100 521.928920507431 4.98 6.861890020000001 10.78755287438176 5.0402000000000005 11.427059675880843 5.0099 3.0
1.0143103977854855 4575.866242455538 0.0 1.2297101966035606 5865.447897891786 0.0 move_t 100 526.63960313797 4.98 7.8232711198 10.78755287438176 5.0402000000000005 11.427059675880843 5.0099 3.0
1.0143103977854855 4575.866242455538 0.0 1.2203508339981224 5809.414130038813 0.0 move_t 100 533.9001259803772 4.98 8.745038408602 10.78755287438176 5.0402000000000005 11.427059675880843 5.0099 3.0
1.0143103977854855 4575.866242455538 0.0 1.2254581611273592 5839.991295896513 0.0 t_swap_k 100 552.490350484848 4.98 8.745038408602 11.719677345637942 5.0402000000000005 11.427059675880843 5.0099 3.0
1.0143103977854855 4575.866242455538 0.0 1.2627507024531146 6063.258807947024 0.0 t_multiswap_k 100 560.3677549362183 4.98 8.745038408602 11.719677345637942 5.0402000000000005 11.427059675880843 5.0099 4.01
1.0143103977854855 4575.866242455538 0.0 1.2272537447403051 5850.741313773794 0.0 t_move_k 100 585.4000504016876 6.0602 8.745038408602 11.719677345637942 5.0402000000000005 11.427059675880843 5.0099 4.01
1.0143103977854855 4575.866242455538 0.0 1.2064044533349267 5725.91824581945 0.0 t_swap_k 100 606.2735950946808 6.0602 8.745038408602 12.662480572181563 5.0402000000000005 11.427059675880843 5.0099 4.01
1.0143103977854855 4575.866242455538 0.0 1.1913892164428843 5636.0232034180335 0.0 f_swap_t 100 621.7947092056274 6.0602 8.745038408602 12.662480572181563 5.989798 11.427059675880843 5.0099 4.01
1.0143103977854855 4575.866242455538 0.0 1.1896021955264884 5625.324449731585 0.0 t_multiswap_k 100 635.8158161640167 6.0602 8.745038408602 12.662480572181563 5.989798 11.427059675880843 5.0099 4.9699
1.0143103977854855 4575.866242455538 0.0 1.1829092601793767 5585.254372173408 0.0 t_swap_k 100 660.2033922672272 6.0602 8.745038408602 13.565855766459748 5.989798 11.427059675880843 5.0099 4.9699
1.0143103977854855 4575.866242455538 0.0 1.1802455136455414 5569.306731165316 0.0 t_swap_k 100 684.3489894866943 6.0602 8.745038408602 14.43019720879515 5.989798 11.427059675880843 5.0099 4.9699
1.0143103977854855 4575.866242455538 0.0 1.1802455136455414 5569.306731165316 0.0 t_multiswap_k 100 699.5640115737915 6.0602 8.745038408602 14.43019720879515 5.989798 11.427059675880843 5.0099 5.9202010000000005
1.0143103977854855 4575.866242455538 0.0 1.1903910815054832 5630.047448045998 0.0 swap_t 100 714.6914002895355 6.0602 8.745038408602 14.43019720879515 5.989798 12.322789079122034 5.0099 5.9202010000000005
1.0143103977854855 4575.866242455538 0.0 1.1874316460498844 5612.329540717723 0.0 swap_t 100 733.2450935840607 6.0602 8.745038408602 14.43019720879515 5.989798 13.199561188330813 5.0099 5.9202010000000005
1.0143103977854855 4575.866242455538 0.0 1.1872753414503263 5611.393757372722 0.0 move_t 100 755.2328276634216 6.0602 9.657588024515979 14.43019720879515 5.989798 13.199561188330813 5.0099 5.9202010000000005
1.0143103977854855 4575.866242455538 0.0 1.1872753414503263 5611.393757372722 0.0 swap_t 100 766.1340491771698 6.0602 9.657588024515979 14.43019720879515 5.989798 14.067565576447505 5.0099 5.9202010000000005
1.0143103977854855 4575.866242455538 0.0 1.215173050986719 5791.693000640657 0.0 move_t 100 782.3457534313202 6.0602 10.60101214427082 14.43019720879515 5.989798 14.067565576447505 5.0099 5.9202010000000005
1.0143103977854855 4575.866242455538 0.0 1.1939764370871429 5651.512689943597 0.0 swap_t 100 798.1519820690155 6.0602 10.60101214427082 14.43019720879515 5.989798 14.92688992068303 5.0099 5.9202010000000005
1.0143103977854855 4575.866242455538 0.0 1.1923420803058598 5641.72792442782 0.0 swap_t 100 812.5203776359558 6.0602 10.60101214427082 14.43019720879515 5.989798 15.777621021476198 5.0099 5.9202010000000005
1.0143103977854855 4575.866242455538 0.0 1.1923420803058598 5641.72792442782 0.0 move_t 100 830.2820267677307 6.0602 11.495002022828112 14.43019720879515 5.989798 15.777621021476198 5.0099 5.9202010000000005
1.0143103977854855 4575.866242455538 0.0 1.1923420803058598 5641.72792442782 0.0 t_swap_r_k 100 864.3288795948029 6.0602 11.495002022828112 14.43019720879515 5.989798 15.777621021476198 5.999801 5.9202010000000005
1.0143103977854855 4575.866242455538 0.0 1.1923420803058598 5641.72792442782 0.0 swap_t 100 879.0332732200623 6.0602 11.495002022828112 14.43019720879515 5.989798 16.619844811261437 5.999801 5.9202010000000005
1.0143103977854855 4575.866242455538 0.0 1.2663837018045965 5881.128463984136 0.0 move_t 100 899.0508868694305 6.0602 12.400052002599832 14.43019720879515 5.989798 16.619844811261437 5.999801 5.9202010000000005
1.0143103977854855 4575.866242455538 0.0 1.2140121546229155 5771.464955124016 0.0 swap_t 100 913.9277911186218 6.0602 12.400052002599832 14.43019720879515 5.989798 17.453646363148824 5.999801 5.9202010000000005
1.0143103977854855 4575.866242455538 0.0 1.2148744652246295 5698.433010420648 0.0 move_t 100 938.0494918823242 6.0602 13.286051482573834 14.43019720879515 5.989798 17.453646363148824 5.999801 5.9202010000000005
1.0143103977854855 4575.866242455538 0.0 1.2103211122893174 5749.366974954281 0.0 swap_t 100 953.285386800766 6.0602 13.286051482573834 14.43019720879515 5.989798 18.289109899517335 5.999801 5.9202010000000005
1.0143103977854855 4575.866242455538 0.0 1.2050097966149542 5717.5685457195605 0.0 swap_t 100 968.0970914363861 6.0602 13.286051482573834 14.43019720879515 5.989798 19.10621880052216 5.999801 5.9202010000000005
1.0143103977854855 4575.866242455538 0.0 1.204170514167404 5712.54382771133 0.0 move_t 100 989.951434135437 6.0602 14.153190967748095 14.43019720879515 5.989798 19.10621880052216 5.999801 5.9202010000000005
1.0143103977854855 4575.866242455538 0.0 1.200324216772516 5689.516347699667 0.0 t_move_k 100 1019.4124202728271 7.029598 14.153190967748095 14.43019720879515 5.989798 19.10621880052216 5.999801 5.9202010000000005
1.0143103977854855 4575.866242455538 0.0 1.1976604702386808 5673.568706691574 0.0 t_swap_k 100 1045.1057920455933 7.029598 14.153190967748095 15.285895236707198 5.989798 19.10621880052216 5.999801 5.9202010000000005
1.0143103977854855 4575.866242455538 0.0 1.4184837514928021 6995.620324943401 0.0 f_swap_t 100 1078.9395995140076 7.029598 14.153190967748095 15.285895236707198 6.99990002 19.10621880052216 5.999801 5.9202010000000005
1.0143103977854855 4575.866242455538 0.0 1.3751868164616026 6736.404979993113 0.0 t_swap_k 100 1103.909070968628 7.029598 14.153190967748095 16.163036284340127 6.99990002 19.10621880052216 5.999801 5.9202010000000005
1.0143103977854855 4575.866242455538 0.0 1.3651399412757836 6676.255128390731 0.0 swap_t 100 1127.3466062545776 7.029598 14.153190967748095 16.163036284340127 6.99990002 19.915156612516938 5.999801 5.9202010000000005
1.0143103977854855 4575.866242455538 0.0 1.3483670039086602 6575.836871479117 0.0 t_swap_k 100 1148.850792169571 7.029598 14.153190967748095 17.091405921496726 6.99990002 19.915156612516938 5.999801 5.9202010000000005
1.0143103977854855 4575.866242455538 0.0 1.337350081196512 6509.879421625859 0.0 t_swap_r_k 100 1198.6918153762817 7.029598 14.153190967748095 17.091405921496726 6.99990002 19.915156612516938 6.97980299 5.9202010000000005
1.0143103977854855 4575.866242455538 0.0 1.332912419760701 6483.311491608932 0.0 t_move_k 100 1224.4146120548248 7.98930202 14.153190967748095 17.091405921496726 6.99990002 19.915156612516938 6.97980299 5.9202010000000005
1.0143103977854855 4575.866242455538 0.0 1.2965707537189384 6265.736795102229 0.0 f_swap_t 100 1262.0107667446136 7.98930202 14.153190967748095 17.091405921496726 7.9599010198 19.915156612516938 6.97980299 5.9202010000000005
1.0143103977854855 4575.866242455538 0.0 1.3098745168691655 6345.385378810015 0.0 t_swap_k 100 1287.9460504055023 7.98930202 14.153190967748095 18.03049186228176 7.9599010198 19.915156612516938 6.97980299 5.9202010000000005
1.0143103977854855 4575.866242455538 0.0 1.2821488345261682 6179.393899104967 0.0 swap_t 100 1308.2267441749573 7.98930202 14.153190967748095 18.03049186228176 7.9599010198 20.716005046391768 6.97980299 5.9202010000000005
1.0143103977854855 4575.866242455538 0.0 1.2689734571709608 6100.513951055081 0.0 t_swap_k 100 1331.0474746227264 7.98930202 14.153190967748095 18.88018694365894 7.9599010198 20.716005046391768 6.97980299 5.9202010000000005
1.0143103977854855 4575.866242455538 0.0 1.264857487162029 6075.871962311502 0.0 swap_t 100 1354.9374496936798 7.98930202 14.153190967748095 18.88018694365894 7.9599010198 21.50884499592785 6.97980299 5.9202010000000005
1.0143103977854855 4575.866242455538 0.0 1.2480925098210833 5975.501361450599 0.0 t_swap_k 100 1393.957941532135 7.98930202 14.153190967748095 19.81138507422235 7.9599010198 21.50884499592785 6.97980299 5.9202010000000005
1.0143103977854855 4575.866242455538 0.0 1.234662798908637 5895.09873839555 0.0 move_t 100 1416.6033647060394 7.98930202 15.041659058070614 19.81138507422235 7.9599010198 21.50884499592785 6.97980299 5.9202010000000005
1.0143103977854855 4575.866242455538 0.0 1.2298228171215286 5866.122148075835 0.0 swap_t 100 1434.8144674301147 7.98930202 15.041659058070614 19.81138507422235 7.9599010198 22.29375654596857 6.97980299 5.9202010000000005
1.0143103977854855 4575.866242455538 0.0 1.2277799383564483 5853.891593571218 0.0 move_t 100 1457.298455953598 7.98930202 15.891242467489908 19.81138507422235 7.9599010198 22.29375654596857 6.97980299 5.9202010000000005
1.0143103977854855 4575.866242455538 0.0 1.2348551826689196 5896.250524838368 0.0 t_swap_k 100 1491.7081062793732 7.98930202 15.891242467489908 20.623271223480128 7.9599010198 22.29375654596857 6.97980299 5.9202010000000005
1.0143103977854855 4575.866242455538 0.0 1.2731959083355808 5988.936468636286 0.0 move_t 100 1512.250733613968 7.98930202 16.74233004281501 20.623271223480128 7.9599010198 22.29375654596857 6.97980299 5.9202010000000005
1.0143103977854855 4575.866242455538 0.0 1.2618167179774518 6057.667116344312 0.0 move_t 100 1539.5839803218842 7.98930202 17.574906742386858 20.623271223480128 7.9599010198 22.29375654596857 6.97980299 5.9202010000000005
1.0143103977854855 4575.866242455538 0.0 1.2488416500544695 5979.986405111851 0.0 t_swap_k 100 1580.7925515174866 7.98930202 17.574906742386858 21.447038511245328 7.9599010198 22.29375654596857 6.97980299 5.9202010000000005
1.0143103977854855 4575.866242455538 0.0 1.305445123419187 6123.519900070931 0.0 move_t 100 1613.5374670028687 7.98930202 18.43915767496299 21.447038511245328 7.9599010198 22.29375654596857 6.97980299 5.9202010000000005
1.0143103977854855 4575.866242455538 0.0 1.2687686662570559 6099.287883959286 0.0 t_move_k 100 1651.1830668449402 8.9094089998 18.43915767496299 21.447038511245328 7.9599010198 22.29375654596857 6.97980299 5.9202010000000005
1.0143103977854855 4575.866242455538 0.0 1.3103434029319998 6348.192562792724 0.0 t_swap_k 100 1675.715609550476 8.9094089998 18.43915767496299 22.282568126132876 7.9599010198 22.29375654596857 6.97980299 5.9202010000000005
1.0143103977854855 4575.866242455538 0.0 1.290626396545493 6230.148396197964 0.0 swap_t 100 1685.7861518859863 8.9094089998 18.43915767496299 22.282568126132876 7.9599010198 23.070818980508886 6.97980299 5.9202010000000005
1.0143103977854855 4575.866242455538 0.0 1.288341369337192 6216.468118007516 0.0 move_t 100 1698.167114019394 8.9094089998 19.25476609821336 22.282568126132876 7.9599010198 23.070818980508886 6.97980299 5.9202010000000005
1.0143103977854855 4575.866242455538 0.0 1.2883412697579162 6216.467521834224 0.0 move_t 100 1715.9511375427246 8.9094089998 20.062218437231227 22.282568126132876 7.9599010198 23.070818980508886 6.97980299 5.9202010000000005
1.0143103977854855 4575.866242455538 0.0 1.2883412697579162 6216.467521834224 0.0 move_t 100 1731.209046125412 8.9094089998 20.861596252858913 22.282568126132876 7.9599010198 23.070818980508886 6.97980299 5.9202010000000005
1.0143103977854855 4575.866242455538 0.0 1.348338466994789 6575.666023220054 0.0 t_swap_k 100 1761.2774431705475 8.9094089998 20.861596252858913 23.149742444871546 7.9599010198 23.070818980508886 6.97980299 5.9202010000000005
1.0143103977854855 4575.866242455538 0.0 1.343237700286089 6545.128134084162 0.0 move_t 100 1779.8953413963318 8.9094089998 21.662980290330324 23.149742444871546 7.9599010198 23.070818980508886 6.97980299 5.9202010000000005
1.0143103977854855 4575.866242455538 0.0 1.3272015174316665 6449.120768498132 0.0 swap_t 100 1799.9049768447876 8.9094089998 21.662980290330324 23.149742444871546 7.9599010198 23.840110790703797 6.97980299 5.9202010000000005
1.0143103977854855 4575.866242455538 0.0 1.3255250798133806 6439.08406832066 0.0 f_swap_t 100 1829.2025623321533 8.9094089998 21.662980290330324 23.149742444871546 8.880302009602 23.840110790703797 6.97980299 5.9202010000000005
1.0143103977854855 4575.866242455538 0.0 1.3255250798133806 6439.08406832066 0.0 swap_t 100 1846.3795742988586 8.9094089998 21.662980290330324 23.149742444871546 8.880302009602 24.60170968279676 6.97980299 5.9202010000000005
1.0143103977854855 4575.866242455538 0.0 1.3547923672864806 6614.305016700308 0.0 t_move_k 100 1884.4019768238068 9.940314909802 21.662980290330324 23.149742444871546 8.880302009602 24.60170968279676 6.97980299 5.9202010000000005
1.0143103977854855 4575.866242455538 0.0 1.3591538830661078 6640.417068662128 0.0 t_multiswap_k 100 1926.714527606964 9.940314909802 21.662980290330324 23.149742444871546 8.880302009602 24.60170968279676 6.97980299 6.91099899
1.0143103977854855 4575.866242455538 0.0 1.3444450921239313 6552.3566940621595 0.0 t_swap_k 100 1970.3316442966461 9.940314909802 21.662980290330324 23.97824502042283 8.880302009602 24.60170968279676 6.97980299 6.91099899
1.0143103977854855 4575.866242455538 0.0 1.361900923732397 6586.642967349728 0.0 move_t 100 1993.7654356956482 9.940314909802 22.46635048742702 23.97824502042283 8.880302009602 24.60170968279676 6.97980299 6.91099899
1.0143103977854855 4575.866242455538 0.0 1.3793947162264084 6761.597344955307 0.0 f_swap_t 100 2028.3651506900787 9.940314909802 22.46635048742702 23.97824502042283 9.841498989505979 24.60170968279676 6.97980299 6.91099899
1.0143103977854855 4575.866242455538 0.0 1.3775894613342605 6750.789425890041 0.0 t_swap_k 100 2050.5899307727814 9.940314909802 22.46635048742702 24.7584625702186 9.841498989505979 24.60170968279676 6.97980299 6.91099899
1.0143103977854855 4575.866242455538 0.0 1.4152560713073497 6976.296457513562 0.0 move_t 100 2086.6618571281433 9.940314909802 23.36168698255275 24.7584625702186 9.841498989505979 24.60170968279676 6.97980299 6.91099899
1.0143103977854855 4575.866242455538 0.0 1.3641038065584223 6670.051871324563 0.0 swap_t 100 2104.434912443161 9.940314909802 23.36168698255275 24.7584625702186 9.841498989505979 25.38569258596879 6.97980299 6.91099899
1.0143103977854855 4575.866242455538 0.0 1.3624520705326266 6660.163057638677 0.0 t_swap_k 100 2144.689728498459 9.940314909802 23.36168698255275 25.560877944516417 9.841498989505979 25.38569258596879 6.97980299 6.91099899
1.0143103977854855 4575.866242455538 0.0 1.3401168065130276 6526.443588507104 0.0 t_swap_k 100 2175.493839740753 9.940314909802 23.36168698255275 26.305269165071252 9.841498989505979 25.38569258596879 6.97980299 6.91099899
1.0143103977854855 4575.866242455538 0.0 1.3391685186552227 6520.766263680396 0.0 f_swap_t 100 2213.3503472805023 9.940314909802 23.36168698255275 26.305269165071252 10.743083999610919 25.38569258596879 6.97980299 6.91099899
1.0143103977854855 4575.866242455538 0.0 1.3391685186552227 6520.766263680396 0.0 t_swap_r_k 100 2279.7346074581146 9.940314909802 23.36168698255275 26.305269165071252 10.743083999610919 25.38569258596879 7.950004960099999 6.91099899
1.0143103977854855 4575.866242455538 0.0 1.3391685186552227 6520.766263680396 0.0 move_t 100 2314.8625934123993 9.940314909802 24.128070112727222 26.305269165071252 10.743083999610919 25.38569258596879 7.950004960099999 6.91099899
1.0143103977854855 4575.866242455538 0.0 1.4118431179756528 6941.816520398447 0.0 move_t 100 2352.5994458198547 9.940314909802 24.90678941159995 26.305269165071252 10.743083999610919 25.38569258596879 7.950004960099999 6.91099899
1.0143103977854855 4575.866242455538 0.0 1.3797206033311316 6763.548405421937 0.0 swap_t 100 2370.609938621521 9.940314909802 24.90678941159995 26.305269165071252 10.743083999610919 26.131835660109104 7.950004960099999 6.91099899
1.0143103977854855 4575.866242455538 0.0 1.3713278533995776 6713.301671628388 0.0 swap_t 100 2393.0763959884644 9.940314909802 24.90678941159995 26.305269165071252 10.743083999610919 26.870517303508013 7.950004960099999 6.91099899
1.0143103977854855 4575.866242455538 0.0 1.413991835526606 6968.727577319898 0.0 t_swap_k 100 2445.155775785446 9.940314909802 24.90678941159995 27.11221647342054 10.743083999610919 26.870517303508013 7.950004960099999 6.91099899
1.0143103977854855 4575.866242455538 0.0 1.396542130760254 6864.25756721338 0.0 f_swap_t 100 2474.940672636032 9.940314909802 24.90678941159995 27.11221647342054 11.63565315961481 26.870517303508013 7.950004960099999 6.91099899
1.0143103977854855 4575.866242455538 0.0 1.4200661245886295 7005.093868222604 0.0 move_t 100 2494.77898645401 9.940314909802 25.737721517483948 27.11221647342054 11.63565315961481 26.870517303508013 7.950004960099999 6.91099899
1.0143103977854855 4575.866242455538 0.0 1.4298302076099316 7063.550665376173 0.0 f_swap_t 100 2547.2885274887085 9.940314909802 25.737721517483948 27.11221647342054 12.719296628018661 26.870517303508013 7.950004960099999 6.91099899
1.0143103977854855 4575.866242455538 0.0 1.379928541581704 6764.793315374839 0.0 move_t 100 2559.875399827957 9.940314909802 26.510344302309107 27.11221647342054 12.719296628018661 26.870517303508013 7.950004960099999 6.91099899
1.0143103977854855 4575.866242455538 0.0 1.37348219025889 6726.1995169775655 0.0 t_swap_r_k 100 2624.638506412506 9.940314909802 26.510344302309107 27.11221647342054 12.719296628018661 26.870517303508013 8.910504910499 6.91099899
1.0143103977854855 4575.866242455538 0.0 1.3728236548855535 6722.256917487824 0.0 t_swap_r_k 100 2682.1873981952667 9.940314909802 26.510344302309107 27.11221647342054 12.719296628018661 26.870517303508013 9.86139986139401 6.91099899
1.0143103977854855 4575.866242455538 0.0 1.3728236548855535 6722.256917487824 0.0 t_swap_k 100 2709.526465177536 9.940314909802 26.510344302309107 27.841094308686333 12.719296628018661 26.870517303508013 9.86139986139401 6.91099899
1.0143103977854855 4575.866242455538 0.0 1.3728236548855535 6722.256917487824 0.0 f_swap_t 100 2746.9817304611206 9.940314909802 26.510344302309107 27.841094308686333 13.592103661738474 26.870517303508013 9.86139986139401 6.91099899
1.0143103977854855 4575.866242455538 0.0 1.3728236548855535 6722.256917487824 0.0 f_swap_t 100 2774.4732477664948 9.940314909802 26.510344302309107 27.841094308686333 14.45618262512109 26.870517303508013 9.86139986139401 6.91099899
1.0143103977854855 4575.866242455538 0.0 1.4448202122918383 7153.294644519892 0.0 move_t 100 2803.707111120224 9.940314909802 27.345240859286015 27.841094308686333 14.45618262512109 26.870517303508013 9.86139986139401 6.91099899
1.0143103977854855 4575.866242455538 0.0 1.4129266715911655 6962.350524608087 0.0 t_move_k 100 2831.811049222946 11.03091176070398 27.345240859286015 27.841094308686333 14.45618262512109 26.870517303508013 9.86139986139401 6.91099899
1.0143103977854855 4575.866242455538 0.0 1.3945735132369947 6852.471608923283 0.0 move_t 100 2851.58869600296 11.03091176070398 28.131788450693154 27.841094308686333 14.45618262512109 26.870517303508013 9.86139986139401 6.91099899
1.0143103977854855 4575.866242455538 0.0 1.3933463538178925 6845.124701990901 0.0 t_move_k 100 2880.5471816062927 11.93060264309694 28.131788450693154 27.841094308686333 14.45618262512109 26.870517303508013 9.86139986139401 6.91099899
1.0143103977854855 4575.866242455538 0.0 1.3898723681048724 6824.326222738178 0.0 swap_t 100 2903.974043607712 11.93060264309694 28.131788450693154 27.841094308686333 14.45618262512109 27.601812130472933 9.86139986139401 6.91099899
1.0143103977854855 4575.866242455538 0.0 1.406589695171725 6924.411545155535 0.0 t_move_k 100 2936.568747520447 12.92129661666597 28.131788450693154 27.841094308686333 14.45618262512109 27.601812130472933 9.86139986139401 6.91099899
1.0143103977854855 4575.866242455538 0.0 1.3874880159846277 6791.452666753865 0.0 swap_t 100 2953.843107700348 12.92129661666597 28.131788450693154 27.841094308686333 14.45618262512109 28.365794009168205 9.86139986139401 6.91099899
1.0143103977854855 4575.866242455538 0.0 1.4565326812930466 7223.416275304611 0.0 t_swap_k 100 2975.843596458435 12.92129661666597 28.131788450693154 28.72268336559947 14.45618262512109 28.365794009168205 9.86139986139401 6.91099899
1.0143103977854855 4575.866242455538 0.0 1.4276888448999245 7050.7304952385375 0.0 t_swap_k 100 3011.3583092689514 12.92129661666597 28.131788450693154 29.535456531943474 14.45618262512109 28.365794009168205 9.86139986139401 6.91099899
1.0143103977854855 4575.866242455538 0.0 1.4036295381235728 6906.689317709393 0.0 t_swap_r_k 100 3085.4421100616455 12.92129661666597 28.131788450693154 29.535456531943474 14.45618262512109 28.365794009168205 10.802785862780071 6.91099899
1.0143103977854855 4575.866242455538 0.0 1.3982280795630142 6874.351210104295 0.0 t_move_k 100 3117.3719520568848 13.88208365049931 28.131788450693154 29.535456531943474 14.45618262512109 28.365794009168205 10.802785862780071 6.91099899
1.0143103977854855 4575.866242455538 0.0 1.3855880302292585 6798.676228818042 0.0 t_swap_r_k 100 3187.4263796806335 13.88208365049931 28.131788450693154 29.535456531943474 14.45618262512109 28.365794009168205 11.73475800415227 6.91099899
1.0143103977854855 4575.866242455538 0.0 1.4216581637826289 7014.625281671376 0.0 t_swap_k 100 3232.407856941223 13.88208365049931 28.131788450693154 30.36010196662404 14.45618262512109 28.365794009168205 11.73475800415227 6.91099899
1.0143103977854855 4575.866242455538 0.0 1.4414325100240384 7133.012737467952 0.0 t_move_k 100 3271.920248031616 14.813262813994315 28.131788450693154 30.36010196662404 14.45618262512109 28.365794009168205 11.73475800415227 6.91099899
1.0143103977854855 4575.866242455538 0.0 1.4205446698035196 7007.9588807890295 0.0 t_swap_r_k 100 3329.0812051296234 14.813262813994315 28.131788450693154 30.36010196662404 14.45618262512109 28.365794009168205 12.657410424110749 6.91099899
1.0143103977854855 4575.866242455538 0.0 1.4160306025632179 6980.93351522954 0.0 t_move_k 100 3357.4714844226837 15.695130185854373 28.131788450693154 30.36010196662404 14.45618262512109 28.365794009168205 12.657410424110749 6.91099899
1.0143103977854855 4575.866242455538 0.0 1.4132877673899233 6964.512376756921 0.0 t_move_k 100 3400.1653423309326 16.62817888399583 28.131788450693154 30.36010196662404 14.45618262512109 28.365794009168205 12.657410424110749 6.91099899
1.0143103977854855 4575.866242455538 0.0 1.4072679284598584 6928.472074512028 0.0 swap_t 100 3417.3302295207977 16.62817888399583 28.131788450693154 30.36010196662404 14.45618262512109 29.082136069076522 12.657410424110749 6.91099899
1.0143103977854855 4575.866242455538 0.0 1.4066771952906778 6924.935401486272 0.0 move_t 100 3438.019774198532 16.62817888399583 28.880470566186222 30.36010196662404 14.45618262512109 29.082136069076522 12.657410424110749 6.91099899
1.0143103977854855 4575.866242455538 0.0 1.4048336442575557 6913.898206436787 0.0 f_swap_t 100 3496.849136352539 16.62817888399583 28.880470566186222 30.36010196662404 15.311620798869878 29.082136069076522 12.657410424110749 6.91099899
1.0143103977854855 4575.866242455538 0.0 1.404064116360249 6909.291103435028 0.0 swap_t 100 3520.8773992061615 16.62817888399583 28.880470566186222 30.36010196662404 15.311620798869878 29.821314708385756 12.657410424110749 6.91099899
1.0143103977854855 4575.866242455538 0.0 1.4018860386907046 6896.251123722085 0.0 move_t 100 3548.831109046936 16.62817888399583 29.59166586052436 30.36010196662404 15.311620798869878 29.821314708385756 12.657410424110749 6.91099899
1.0143103977854855 4575.866242455538 0.0 1.4018860386907046 6896.251123722085 0.0 t_swap_r_k 100 3602.0734448432922 16.62817888399583 29.59166586052436 30.36010196662404 15.311620798869878 29.821314708385756 13.570836319869642 6.91099899