22
6 114 4 30

Solution history:
B_obj   B_dis   B_sim   C_obj   C_dis   C_sim   neighbor   iterations   time   scores
1.0148682419532338 4579.206011616268 0.0 1.0148682419532338 4579.206011616268 0.0 0 0 0 3.0 3.0 3.0 3.0 3.0 3.0 3.0
1.0148682419532338 4579.206011616268 0.0 1.0555612744765854 4822.831997035626 0.0 t_move_k 100 39.666743755340576 4.02 3.0 3.0 3.0 3.0 3.0 3.0
1.0148682419532338 4579.206011616268 0.0 1.0945278919265127 5056.122071184068 0.0 f_swap_t 100 81.80174398422241 4.02 3.0 3.0 4.01 3.0 3.0 3.0
1.0148682419532338 4579.206011616268 0.0 1.0657152523092106 4883.623063761362 0.0 t_multiswap_k 100 95.91078758239746 4.02 3.0 3.0 4.01 3.0 3.0 3.9699999999999998
1.0148682419532338 4579.206011616268 0.0 1.0602856574090076 4851.116506103592 0.0 f_swap_t 100 150.4124710559845 4.02 3.0 3.0 4.9999 3.0 3.0 3.9699999999999998
1.0148682419532338 4579.206011616268 0.0 1.0511030056993156 4796.140692486047 0.0 t_swap_k 100 188.41335344314575 4.02 3.0 3.9699999999999998 4.9999 3.0 3.0 3.9699999999999998
1.0148682419532338 4579.206011616268 0.0 1.0495137353890258 4786.625856126287 0.0 t_multiswap_k 100 212.2028727531433 4.02 3.0 3.9699999999999998 4.9999 3.0 3.0 4.9303
1.0148682419532338 4579.206011616268 0.0 1.0495137353890258 4786.625856126287 0.0 t_multiswap_k 100 228.99178385734558 4.02 3.0 3.9699999999999998 4.9999 3.0 3.0 5.880997
1.0148682419532338 4579.206011616268 0.0 1.0495137353890258 4786.625856126287 0.0 swap_t 100 248.2027440071106 4.02 3.0 3.9699999999999998 4.9999 3.9699999999999998 3.0 5.880997
1.0148682419532338 4579.206011616268 0.0 1.0853480399035447 5001.163019070759 0.0 t_multiswap_k 100 265.4869101047516 4.02 3.0 3.9699999999999998 4.9999 3.9699999999999998 3.0 6.84218703
1.0148682419532338 4579.206011616268 0.0 1.0739352919290122 4932.8357945012285 0.0 move_t 100 303.6666042804718 4.02 3.9699999999999998 3.9699999999999998 4.9999 3.9699999999999998 3.0 6.84218703
1.0148682419532338 4579.206011616268 0.0 1.0686433178677914 4901.153161983271 0.0 f_swap_t 100 344.696551322937 4.02 3.9699999999999998 3.9699999999999998 5.9499010000000006 3.9699999999999998 3.0 6.84218703
1.0148682419532338 4579.206011616268 0.0 1.0686433178677914 4901.153161983271 0.0 t_multiswap_k 100 363.67172026634216 4.02 3.9699999999999998 3.9699999999999998 5.9499010000000006 3.9699999999999998 3.0 7.7737651597
1.0148682419532338 4579.206011616268 0.0 1.0686433178677914 4901.153161983271 0.0 f_swap_t 100 407.37739777565 4.02 3.9699999999999998 3.9699999999999998 6.890401990000001 3.9699999999999998 3.0 7.7737651597
1.0148682419532338 4579.206011616268 0.0 1.1866124305088452 5607.424961700614 0.0 t_swap_k 100 469.4614155292511 4.02 3.9699999999999998 4.9603 6.890401990000001 3.9699999999999998 3.0 7.7737651597
1.0148682419532338 4579.206011616268 0.0 1.160670106055856 5452.110305431109 0.0 t_multiswap_k 100 486.4791910648346 4.02 3.9699999999999998 4.9603 6.890401990000001 3.9699999999999998 3.0 8.766027508103
1.0148682419532338 4579.206011616268 0.0 1.245434380429866 5959.5873498336005 0.0 f_swap_t 100 526.6275744438171 4.02 3.9699999999999998 4.9603 7.881497970100001 3.9699999999999998 3.0 8.766027508103
1.0148682419532338 4579.206011616268 0.0 1.209733152875752 5745.846908185253 0.0 move_t 100 574.0487792491913 4.02 4.9303 4.9603 7.881497970100001 3.9699999999999998 3.0 8.766027508103
1.0148682419532338 4579.206011616268 0.0 1.205783804935574 5722.202472663333 0.0 t_multiswap_k 100 600.484949350357 4.02 4.9303 4.9603 7.881497970100001 3.9699999999999998 3.0 9.678367233021971
1.0148682419532338 4579.206011616268 0.0 1.229210699409823 5862.457447475768 0.0 t_multiswap_k 100 622.5647480487823 4.02 4.9303 4.9603 7.881497970100001 3.9699999999999998 3.0 10.59158356069175
1.0148682419532338 4579.206011616268 0.0 1.2588773241136062 6040.0691964496955 0.0 t_multiswap_k 100 641.8548467159271 4.02 4.9303 4.9603 7.881497970100001 3.9699999999999998 3.0 11.555667725084833
1.0148682419532338 4579.206011616268 0.0 1.2593680204350715 6043.006956735562 0.0 t_multiswap_k 100 665.4004719257355 4.02 4.9303 4.9603 7.881497970100001 3.9699999999999998 3.0 12.460111047833985
1.0148682419532338 4579.206011616268 0.0 1.273559130816513 6089.063058953191 0.0 move_t 100 704.5794622898102 4.02 5.890997 4.9603 7.881497970100001 3.9699999999999998 3.0 12.460111047833985
1.0148682419532338 4579.206011616268 0.0 1.2439908730499836 5950.945184674683 0.0 t_swap_r_k 100 776.2879858016968 4.02 5.890997 4.9603 7.881497970100001 3.9699999999999998 4.01 12.460111047833985
1.0148682419532338 4579.206011616268 0.0 1.2431067344516467 5945.651916419399 0.0 f_swap_t 100 800.32399559021 4.02 5.890997 4.9603 8.802682990399001 3.9699999999999998 4.01 12.460111047833985
1.0148682419532338 4579.206011616268 0.0 1.2431067344516467 5945.651916419399 0.0 t_swap_r_k 100 841.1014225482941 4.02 5.890997 4.9603 8.802682990399001 3.9699999999999998 5.0099 12.460111047833985
1.0148682419532338 4579.206011616268 0.0 1.2431067344516467 5945.651916419399 0.0 move_t 100 861.1837291717529 4.02 6.832087029999999 4.9603 8.802682990399001 3.9699999999999998 5.0099 12.460111047833985
1.0148682419532338 4579.206011616268 0.0 1.242518779910511 5942.131878821225 0.0 t_move_k 100 907.0186975002289 5.049799999999999 6.832087029999999 4.9603 8.802682990399001 3.9699999999999998 5.0099 12.460111047833985
1.0148682419532338 4579.206011616268 0.0 1.235274252477294 5898.759462823418 0.0 t_move_k 100 950.6654651165009 6.049301999999999 6.832087029999999 4.9603 8.802682990399001 3.9699999999999998 5.0099 12.460111047833985
1.0148682419532338 4579.206011616268 0.0 1.2211088561705674 5813.9523491706905 0.0 f_swap_t 100 1000.6864492893219 6.049301999999999 6.832087029999999 4.9603 9.71465616049501 3.9699999999999998 5.0099 12.460111047833985
1.0148682419532338 4579.206011616268 0.0 1.20281375272825 5704.421003677432 0.0 t_multiswap_k 100 1015.7510998249054 6.049301999999999 6.832087029999999 4.9603 9.71465616049501 3.9699999999999998 5.0099 13.395509937355644
1.0148682419532338 4579.206011616268 0.0 1.194582048992841 5655.138440794747 0.0 f_swap_t 100 1061.005568265915 6.049301999999999 6.832087029999999 4.9603 10.617509598890061 3.9699999999999998 5.0099 13.395509937355644
1.0148682419532338 4579.206011616268 0.0 1.2474571395823868 5971.697449800126 0.0 t_multiswap_k 100 1083.0882856845856 6.049301999999999 6.832087029999999 4.9603 10.617509598890061 3.9699999999999998 5.0099 14.311554837982088
1.0148682419532338 4579.206011616268 0.0 1.2292759447499662 5862.848066195993 0.0 move_t 100 1115.789823293686 6.049301999999999 7.763766159699999 4.9603 10.617509598890061 3.9699999999999998 5.0099 14.311554837982088
1.0148682419532338 4579.206011616268 0.0 1.2850987321900584 6197.05470442438 0.0 t_swap_k 100 1147.3295788764954 6.049301999999999 7.763766159699999 5.990697 10.617509598890061 3.9699999999999998 5.0099 14.311554837982088
1.0148682419532338 4579.206011616268 0.0 1.2711159255173974 6113.340740551068 0.0 t_multiswap_k 100 1172.306735277176 6.049301999999999 7.763766159699999 5.990697 10.617509598890061 3.9699999999999998 5.0099 15.168439289602267
1.0148682419532338 4579.206011616268 0.0 1.2711159255173974 6113.340740551068 0.0 t_multiswap_k 100 1193.964712381363 6.049301999999999 7.763766159699999 5.990697 10.617509598890061 3.9699999999999998 5.0099 16.016754896706246
1.0148682419532338 4579.206011616268 0.0 1.2793451569045597 6162.6085016792385 0.0 move_t 100 1228.8172895908356 6.049301999999999 8.696128498102999 5.990697 10.617509598890061 3.9699999999999998 5.0099 16.016754896706246
1.0148682419532338 4579.206011616268 0.0 1.2746096636617135 6134.257476056532 0.0 t_multiswap_k 100 1249.9417221546173 6.049301999999999 8.696128498102999 5.990697 10.617509598890061 3.9699999999999998 5.0099 16.856587347739183
1.0148682419532338 4579.206011616268 0.0 1.274080167117584 6131.087421889013 0.0 t_swap_r_k 100 1350.6252405643463 6.049301999999999 8.696128498102999 5.990697 10.617509598890061 3.9699999999999998 5.999801 16.856587347739183
1.0148682419532338 4579.206011616268 0.0 1.3109996519398903 6158.925374550228 0.0 move_t 100 1386.0187957286835 6.049301999999999 9.619167213121969 5.990697 10.617509598890061 3.9699999999999998 5.999801 16.856587347739183
1.0148682419532338 4579.206011616268 0.0 1.3396331155412873 6523.547768699107 0.0 t_move_k 100 1435.7436051368713 7.068808979999999 9.619167213121969 5.990697 10.617509598890061 3.9699999999999998 5.999801 16.856587347739183
1.0148682419532338 4579.206011616268 0.0 1.2958560380697488 6261.457848719246 0.0 t_multiswap_k 100 1460.5469269752502 7.068808979999999 9.619167213121969 5.990697 10.617509598890061 3.9699999999999998 5.999801 17.80802147426179
1.0148682419532338 4579.206011616268 0.0 1.285061778699197 6196.833466780795 0.0 t_swap_r_k 100 1559.6895146369934 7.068808979999999 9.619167213121969 5.990697 10.617509598890061 3.9699999999999998 6.97980299 17.80802147426179
1.0148682419532338 4579.206011616268 0.0 1.282524204515993 6181.641209713126 0.0 f_swap_t 100 1639.5637822151184 7.068808979999999 9.619167213121969 5.990697 11.51133450290116 3.9699999999999998 6.97980299 17.80802147426179
1.0148682419532338 4579.206011616268 0.0 1.3540764734816468 6610.019016792139 0.0 t_multiswap_k 100 1668.9566113948822 7.068808979999999 9.619167213121969 5.990697 11.51133450290116 3.9699999999999998 6.97980299 18.69994125951917
1.0148682419532338 4579.206011616268 0.0 1.3304309515669555 6515.380010515744 0.0 move_t 100 1711.482851266861 7.068808979999999 10.552975540990749 5.990697 11.51133450290116 3.9699999999999998 6.97980299 18.69994125951917
1.0148682419532338 4579.206011616268 0.0 1.3200128599750558 6406.08284165638 0.0 swap_t 100 1736.386688709259 7.068808979999999 10.552975540990749 5.990697 11.51133450290116 4.9303 6.97980299 18.69994125951917
1.0148682419532338 4579.206011616268 0.0 1.3861566857894692 6802.080724935185 0.0 f_swap_t 100 1804.0743145942688 7.068808979999999 10.552975540990749 5.990697 12.50622115787215 4.9303 6.97980299 18.69994125951917
1.0148682419532338 4579.206011616268 0.0 1.3820275215431477 6777.359743330012 0.0 t_multiswap_k 100 1845.4014089107513 7.068808979999999 10.552975540990749 5.990697 12.50622115787215 4.9303 6.97980299 19.58294184692398
1.0148682419532338 4579.206011616268 0.0 1.3726853734680433 6721.429037516314 0.0 t_swap_r_k 100 1935.984224319458 7.068808979999999 10.552975540990749 5.990697 12.50622115787215 4.9303 7.950004960099999 19.58294184692398
1.0148682419532338 4579.206011616268 0.0 1.3921229489069917 6837.800273003849 0.0 t_swap_k 100 1998.880696296692 7.068808979999999 10.552975540990749 7.05079003 12.50622115787215 4.9303 7.950004960099999 19.58294184692398
1.0148682419532338 4579.206011616268 0.0 1.3651420718474876 6676.267883955966 0.0 t_multiswap_k 100 2033.0622353553772 7.068808979999999 10.552975540990749 7.05079003 12.50622115787215 4.9303 7.950004960099999 20.44711242845474
1.0148682419532338 4579.206011616268 0.0 1.3809472140348509 6770.892027238475 0.0 t_move_k 100 2093.1097226142883 8.128120890199998 10.552975540990749 7.05079003 12.50622115787215 4.9303 7.950004960099999 20.44711242845474
1.0148682419532338 4579.206011616268 0.0 1.4094135396809457 6941.317680151378 0.0 t_swap_k 100 2150.4214749336243 8.128120890199998 10.552975540990749 8.0802821297 12.50622115787215 4.9303 7.950004960099999 20.44711242845474
1.0148682419532338 4579.206011616268 0.0 1.379263186815419 6760.809888715826 0.0 t_multiswap_k 100 2193.399384021759 8.128120890199998 10.552975540990749 8.0802821297 12.50622115787215 4.9303 7.950004960099999 21.312641304170192
1.0148682419532338 4579.206011616268 0.0 1.3594580179768765 6642.237900454253 0.0 t_multiswap_k 100 2229.659933567047 8.128120890199998 10.552975540990749 8.0802821297 12.50622115787215 4.9303 7.950004960099999 22.139514891128492
1.0148682419532338 4579.206011616268 0.0 1.3795788187255669 6762.699552139053 0.0 f_swap_t 100 2276.421498775482 8.128120890199998 10.552975540990749 8.0802821297 13.391158946293428 4.9303 7.950004960099999 22.139514891128492
1.0148682419532338 4579.206011616268 0.0 1.403034631253027 6903.127657061805 0.0 f_swap_t 100 2325.6445593833923 8.128120890199998 10.552975540990749 8.0802821297 14.357247356830495 4.9303 7.950004960099999 22.139514891128492
1.0148682419532338 4579.206011616268 0.0 1.3819880352928613 6777.123342254938 0.0 f_swap_t 100 2360.691672563553 8.128120890199998 10.552975540990749 8.0802821297 15.21367488326219 4.9303 7.950004960099999 22.139514891128492
1.0148682419532338 4579.206011616268 0.0 1.3589717522794575 6639.326665966104 0.0 t_multiswap_k 100 2383.5421817302704 8.128120890199998 10.552975540990749 8.0802821297 15.21367488326219 4.9303 7.950004960099999 23.008119742217207
1.0148682419532338 4579.206011616268 0.0 1.332283069886134 6479.543623405035 0.0 f_swap_t 100 2428.182890176773 8.128120890199998 10.552975540990749 8.0802821297 16.121538134429567 4.9303 7.950004960099999 23.008119742217207
1.0148682419532338 4579.206011616268 0.0 1.318248791927177 6395.521504988619 0.0 move_t 100 2460.090294599533 8.128120890199998 11.447445785580841 8.0802821297 16.121538134429567 4.9303 7.950004960099999 23.008119742217207
1.0148682419532338 4579.206011616268 0.0 1.4140413024817187 6969.023732089836 0.0 t_swap_k 100 2497.722349882126 8.128120890199998 11.447445785580841 9.189479308403001 16.121538134429567 4.9303 7.950004960099999 23.008119742217207
1.0148682419532338 4579.206011616268 0.0 1.4370914011480591 7107.022860033376 0.0 t_move_k 100 2541.387460231781 9.146839681297998 11.447445785580841 9.189479308403001 16.121538134429567 4.9303 7.950004960099999 23.008119742217207
1.0148682419532338 4579.206011616268 0.0 1.430532309931971 7067.754096761482 0.0 t_move_k 100 2582.939150571823 10.065371284485018 11.447445785580841 9.189479308403001 16.121538134429567 4.9303 7.950004960099999 23.008119742217207
1.0148682419532338 4579.206011616268 0.0 1.4102132198594937 6946.105302489606 0.0 t_multiswap_k 100 2614.233179330826 10.065371284485018 11.447445785580841 9.189479308403001 16.121538134429567 4.9303 7.950004960099999 23.868038544795034
1.0148682419532338 4579.206011616268 0.0 1.4206735231003185 7008.730315343314 0.0 t_swap_k 100 2644.298220396042 10.065371284485018 11.447445785580841 10.20758451531897 16.121538134429567 4.9303 7.950004960099999 23.868038544795034
1.0148682419532338 4579.206011616268 0.0 1.4022057812146467 6898.1653970668185 0.0 t_multiswap_k 100 2668.0962870121 10.065371284485018 11.447445785580841 10.20758451531897 16.121538134429567 4.9303 7.950004960099999 24.689358159347083
1.0148682419532338 4579.206011616268 0.0 1.4078763615498124 6932.114715571445 0.0 t_swap_k 100 2702.2942049503326 10.065371284485018 11.447445785580841 11.11550867016578 16.121538134429567 4.9303 7.950004960099999 24.689358159347083
1.0148682419532338 4579.206011616268 0.0 1.4735992324413212 7325.592374832762 0.0 move_t 100 2727.7553341388702 10.065371284485018 12.402971327725034 11.11550867016578 16.121538134429567 4.9303 7.950004960099999 24.689358159347083
1.0148682419532338 4579.206011616268 0.0 1.4364867720574013 7103.402993218579 0.0 t_swap_k 100 2764.1363196372986 10.065371284485018 12.402971327725034 12.034353583464123 16.121538134429567 4.9303 7.950004960099999 24.689358159347083
1.0148682419532338 4579.206011616268 0.0 1.434717555330525 7092.810831814576 0.0 t_move_k 100 2801.131335735321 11.044717571640167 12.402971327725034 12.034353583464123 16.121538134429567 4.9303 7.950004960099999 24.689358159347083
1.0148682419532338 4579.206011616268 0.0 1.416613404532968 6984.422704788053 0.0 swap_t 100 2817.2328627109528 11.044717571640167 12.402971327725034 12.034353583464123 16.121538134429567 5.880997 7.950004960099999 24.689358159347083
1.0148682419532338 4579.206011616268 0.0 1.4156279387407915 6978.522798592115 0.0 t_multiswap_k 100 2844.3923008441925 11.044717571640167 12.402971327725034 12.034353583464123 16.121538134429567 5.880997 7.950004960099999 25.44246457775361
1.0148682419532338 4579.206011616268 0.0 1.469168869451108 7163.779825445389 0.0 move_t 100 2873.149348974228 11.044717571640167 13.288941614447783 12.034353583464123 16.121538134429567 5.880997 7.950004960099999 25.44246457775361
1.0148682419532338 4579.206011616268 0.0 1.4601016582547508 7244.783459692631 0.0 t_move_k 100 2912.458061695099 12.124270395923766 13.288941614447783 12.034353583464123 16.121538134429567 5.880997 7.950004960099999 25.44246457775361
1.0148682419532338 4579.206011616268 0.0 1.4234983421367782 7025.642284757093 0.0 t_move_k 100 2955.3421547412872 13.153027691964528 13.288941614447783 12.034353583464123 16.121538134429567 5.880997 7.950004960099999 25.44246457775361
1.0148682419532338 4579.206011616268 0.0 1.4304633509162195 7067.34124455745 0.0 t_move_k 100 2988.2287921905518 14.131497415044883 13.288941614447783 12.034353583464123 16.121538134429567 5.880997 7.950004960099999 25.44246457775361
1.0148682419532338 4579.206011616268 0.0 1.4337269589853976 7086.880209401612 0.0 t_move_k 100 3027.2512595653534 15.030182440894434 13.288941614447783 12.034353583464123 16.121538134429567 5.880997 7.950004960099999 25.44246457775361
1.0148682419532338 4579.206011616268 0.0 1.4167096499928746 6984.9989187873025 0.0 swap_t 100 3049.381212234497 15.030182440894434 13.288941614447783 12.034353583464123 16.121538134429567 6.85218703 7.950004960099999 25.44246457775361
1.0148682419532338 4579.206011616268 0.0 1.393691108752422 6847.188722670725 0.0 t_multiswap_k 100 3083.0735414028168 15.030182440894434 13.288941614447783 12.034353583464123 16.121538134429567 6.85218703 7.950004960099999 26.308039931976076
1.0148682419532338 4579.206011616268 0.0 1.3902721891165621 6826.719919691297 0.0 f_swap_t 100 3124.1222655773163 15.030182440894434 13.288941614447783 12.034353583464123 16.960322753085272 6.85218703 7.950004960099999 26.308039931976076
1.0148682419532338 4579.206011616268 0.0 1.3888885803446545 6818.436362787607 0.0 t_move_k 100 3158.781467437744 15.939880616485489 13.288941614447783 12.034353583464123 16.960322753085272 6.85218703 7.950004960099999 26.308039931976076
1.0148682419532338 4579.206011616268 0.0 1.387723303008253 6811.459939017647 0.0 swap_t 100 3178.7143185138702 15.939880616485489 13.288941614447783 12.034353583464123 16.960322753085272 7.7836651597 7.950004960099999 26.308039931976076
1.0148682419532338 4579.206011616268 0.0 1.399043577222899 6826.971684991091 0.0 move_t 100 3206.665251016617 15.939880616485489 14.206052198303304 12.034353583464123 16.960322753085272 7.7836651597 7.950004960099999 26.308039931976076
1.0148682419532338 4579.206011616268 0.0 1.3766345813699474 6745.072634640101 0.0 move_t 100 3240.5561685562134 15.939880616485489 15.103991676320272 12.034353583464123 16.960322753085272 7.7836651597 7.950004960099999 26.308039931976076
1.0148682419532338 4579.206011616268 0.0 1.3503026868243015 6587.425652863545 0.0 t_swap_k 100 3279.0314245224 15.939880616485489 15.103991676320272 12.944010047629481 16.960322753085272 7.7836651597 7.950004960099999 26.308039931976076
1.0148682419532338 4579.206011616268 0.0 1.3893391458555147 6821.133863066465 0.0 f_swap_t 100 3325.785008907318 15.939880616485489 15.103991676320272 12.944010047629481 17.80071952555442 7.7836651597 7.950004960099999 26.308039931976076
1.0148682419532338 4579.206011616268 0.0 1.360630119880164 6649.255182369441 0.0 move_t 100 3356.3071711063385 15.939880616485489 15.952951759557068 12.944010047629481 17.80071952555442 7.7836651597 7.950004960099999 26.308039931976076
1.0148682419532338 4579.206011616268 0.0 1.3492895555735407 6581.360115742808 0.0 f_swap_t 100 3402.284105539322 15.939880616485489 15.952951759557068 12.944010047629481 18.652712330298876 7.7836651597 7.950004960099999 26.308039931976076
1.0148682419532338 4579.206011616268 0.0 1.3432568646452958 6545.242869595556 0.0 t_swap_r_k 100 3468.0336298942566 15.939880616485489 15.952951759557068 12.944010047629481 18.652712330298876 7.7836651597 8.910504910499 26.308039931976076
1.0148682419532338 4579.206011616268 0.0 1.3891860968848881 6820.217570915838 0.0 t_move_k 100 3496.674211502075 16.800481810320633 15.952951759557068 12.944010047629481 18.652712330298876 7.7836651597 8.910504910499 26.308039931976076
1.0148682419532338 4579.206011616268 0.0 1.3878289601556568 6812.092500049763 0.0 t_move_k 100 3535.640468120575 17.762476992217426 15.952951759557068 12.944010047629481 18.652712330298876 7.7836651597 8.910504910499 26.308039931976076
1.0148682419532338 4579.206011616268 0.0 1.354978335838671 6615.418395796802 0.0 f_swap_t 100 3579.5234780311584 17.762476992217426 15.952951759557068 12.944010047629481 19.46618520699589 7.7836651597 8.910504910499 26.308039931976076
1.0148682419532338 4579.206011616268 0.0 1.3671004279720218 6687.992408058904 0.0 move_t 100 3606.986425638199 17.762476992217426 16.863422241961498 12.944010047629481 19.46618520699589 7.7836651597 8.910504910499 26.308039931976076