8
5 100 5 200

Solution history:
B_obj   B_dis   B_sim   C_obj   C_dis   C_sim   neighbor   iterations   time   scores
1.0 2351.6997556245824 1.0 1.0 2351.6997556245824 1.0 0 0 0 3.0 3.0 3.0 3.0 3.0 3.0 3.0
1.0 2351.6997556245824 1.0 1.0 2351.6997556245824 1.0 f_swap_t 100 14.388810873031616 3.0 3.0 3.0 3.9699999999999998 3.0 3.0 3.0
0.9989210868879165 2350.422977415153 0.03636363636363636 0.9989210868879165 2350.422977415153 0.03636363636363636 move_t 100 36.58158874511719 3.0 3.9699999999999998 3.0 3.9699999999999998 3.0 3.0 3.0
0.9989210868879164 2350.4229774151527 0.03636363636363636 0.9989210868879164 2350.4229774151527 0.03636363636363636 t_swap_k 100 47.33440446853638 3.0 3.9699999999999998 3.9699999999999998 3.9699999999999998 3.0 3.0 3.0
0.9989210868879164 2350.4229774151527 0.03636363636363636 0.9989210868879164 2350.4229774151527 0.03636363636363636 move_t 100 56.488592863082886 3.0 4.9303 3.9699999999999998 3.9699999999999998 3.0 3.0 3.0
0.9989210868879164 2350.4229774151527 0.03636363636363636 1.093146092073006 2740.037880859189 0.01818181818181818 move_t 100 75.8614547252655 3.0 5.980997 3.9699999999999998 3.9699999999999998 3.0 3.0 3.0
0.9989210868879164 2350.4229774151527 0.03636363636363636 1.1203614513738303 2819.7710655194014 0.0 t_swap_k 100 92.84909558296204 3.0 5.980997 5.0203 3.9699999999999998 3.0 3.0 3.0
0.9989210868879164 2350.4229774151527 0.03636363636363636 1.1134394958860643 2788.3082308155504 0.0 t_multiswap_k 100 105.22574305534363 3.0 5.980997 5.0203 3.9699999999999998 3.0 3.0 4.04
0.9989210868879164 2350.4229774151527 0.03636363636363636 1.0948587673698364 2745.1735096408906 0.01818181818181818 t_swap_k 100 116.73494911193848 3.0 5.980997 6.030097 3.9699999999999998 3.0 3.0 4.04
0.9989210868879164 2350.4229774151527 0.03636363636363636 1.0948587673698364 2745.1735096408906 0.01818181818181818 t_swap_r_k 100 132.81538438796997 3.0 5.980997 6.030097 3.9699999999999998 3.0 4.01 4.04
0.9989210868879164 2350.4229774151527 0.03636363636363636 1.0918878637927463 2731.669659705382 0.01818181818181818 t_move_k 100 146.68321108818054 4.03 5.980997 6.030097 3.9699999999999998 3.0 4.01 4.04
0.9989210868879164 2350.4229774151527 0.03636363636363636 1.0914242412988129 2720.707711963621 0.014285714285714285 t_multiswap_k 100 157.10649800300598 4.03 5.980997 6.030097 3.9699999999999998 3.0 4.01 4.9996
0.9989210868879164 2350.4229774151527 0.03636363636363636 1.0900101329869232 2764.45620918178 0.03636363636363636 t_swap_k 100 173.27465081214905 4.03 5.980997 7.0097960299999995 3.9699999999999998 3.0 4.01 4.9996
0.9989210868879164 2350.4229774151527 0.03636363636363636 1.162189408401047 3009.894521278842 0.0 t_swap_k 100 203.68774485588074 4.03 5.980997 8.1296980697 3.9699999999999998 3.0 4.01 4.9996
0.9989210868879164 2350.4229774151527 0.03636363636363636 1.15573555774192 3021.880922186822 0.01818181818181818 t_swap_k 100 220.73232078552246 4.03 5.980997 9.128401089002999 3.9699999999999998 3.0 4.01 4.9996
0.9989210868879164 2350.4229774151527 0.03636363636363636 1.15573555774192 3021.880922186822 0.01818181818181818 f_swap_t 100 242.25229811668396 4.03 5.980997 9.128401089002999 4.9303 3.0 4.01 4.9996
0.9989210868879164 2350.4229774151527 0.03636363636363636 1.144667976383127 2971.5746924691402 0.01818181818181818 t_move_k 100 259.40449047088623 5.0497000000000005 5.980997 9.128401089002999 4.9303 3.0 4.01 4.9996
0.9989210868879164 2350.4229774151527 0.03636363636363636 1.144667976383127 2971.5746924691402 0.01818181818181818 t_multiswap_k 100 277.98285818099976 5.0497000000000005 5.980997 9.128401089002999 4.9303 3.0 4.01 5.949604
0.9989210868879164 2350.4229774151527 0.03636363636363636 1.1621828936185146 3051.1864361162347 0.01818181818181818 t_swap_k 100 297.2124080657959 5.0497000000000005 5.980997 10.08711707811297 4.9303 3.0 4.01 5.949604
0.9989210868879164 2350.4229774151527 0.03636363636363636 1.214254590235328 3287.871457610446 0.01818181818181818 f_swap_t 100 319.2734627723694 5.0497000000000005 5.980997 10.08711707811297 5.950997 3.0 4.01 5.949604
0.9989210868879164 2350.4229774151527 0.03636363636363636 1.2053106958872832 3240.8610088034384 0.015384615384615385 t_swap_k 100 332.32758808135986 5.0497000000000005 5.980997 11.11624590733184 5.950997 3.0 4.01 5.949604
0.9989210868879164 2350.4229774151527 0.03636363636363636 1.1866354755112727 3121.0108915022092 0.0 t_swap_k 100 343.51860189437866 5.0497000000000005 5.980997 12.065083448258521 5.950997 3.0 4.01 5.949604
0.9989210868879164 2350.4229774151527 0.03636363636363636 1.1821900380762431 3133.2716566204317 0.014285714285714285 t_swap_k 100 355.8130855560303 5.0497000000000005 5.980997 12.994432613775937 5.950997 3.0 4.01 5.949604
0.9989210868879164 2350.4229774151527 0.03636363636363636 1.1645381160327557 3053.037175708051 0.014285714285714285 swap_t 100 369.5955879688263 5.0497000000000005 5.980997 12.994432613775937 5.950997 4.01 4.01 5.949604
0.9989210868879164 2350.4229774151527 0.03636363636363636 1.1625900640847036 3053.037175708051 0.01818181818181818 t_swap_r_k 100 386.16406059265137 5.0497000000000005 5.980997 12.994432613775937 5.950997 4.01 5.039899999999999 5.949604
0.9989210868879164 2350.4229774151527 0.03636363636363636 1.1625900640847036 3053.037175708051 0.01818181818181818 swap_t 100 395.62609124183655 5.0497000000000005 5.980997 12.994432613775937 5.950997 4.9699 5.039899999999999 5.949604
0.9989210868879164 2350.4229774151527 0.03636363636363636 1.1922202183434834 3187.7171295652033 0.01818181818181818 t_swap_k 100 410.1886260509491 5.0497000000000005 5.980997 14.104488287638176 5.950997 4.9699 5.039899999999999 5.949604
0.9989210868879164 2350.4229774151527 0.03636363636363636 1.171807679911598 3053.6131044462836 0.0 t_multiswap_k 100 419.2808437347412 5.0497000000000005 5.980997 14.104488287638176 5.950997 4.9699 5.039899999999999 7.04010796
0.9989210868879164 2350.4229774151527 0.03636363636363636 1.153009137815852 2968.1668134845477 0.0 f_swap_t 100 444.477739572525 5.0497000000000005 5.980997 14.104488287638176 6.89148703 4.9699 5.039899999999999 7.04010796
0.9989210868879164 2350.4229774151527 0.03636363636363636 1.1651173153816217 3023.202935862103 0.0 t_multiswap_k 100 462.5261433124542 5.0497000000000005 5.980997 14.104488287638176 6.89148703 4.9699 5.039899999999999 8.0097068804
0.9989210868879164 2350.4229774151527 0.03636363636363636 1.1516156680092196 2996.7973494037133 0.015384615384615385 t_move_k 100 480.65752363204956 6.119203000000001 5.980997 14.104488287638176 6.89148703 4.9699 5.039899999999999 8.0097068804
0.9989210868879164 2350.4229774151527 0.03636363636363636 1.144652964223514 2965.1492986919293 0.015384615384615385 move_t 100 504.72972536087036 6.119203000000001 6.95118703 14.104488287638176 6.89148703 4.9699 5.039899999999999 8.0097068804
0.9989210868879164 2350.4229774151527 0.03636363636363636 1.1759431819965724 3107.374852060659 0.015384615384615385 t_multiswap_k 100 520.7154064178467 6.119203000000001 6.95118703 14.104488287638176 6.89148703 4.9699 5.039899999999999 9.009609811596
0.9989210868879164 2350.4229774151527 0.03636363636363636 1.175618034172777 3105.8969355596837 0.015384615384615385 t_move_k 100 529.4890854358673 7.088010970000001 6.95118703 14.104488287638176 6.89148703 4.9699 5.039899999999999 9.009609811596
0.9989210868879164 2350.4229774151527 0.03636363636363636 1.175618034172777 3105.8969355596837 0.015384615384615385 move_t 100 549.1303191184998 7.088010970000001 7.8816751597 14.104488287638176 6.89148703 4.9699 5.039899999999999 9.009609811596
0.9989210868879164 2350.4229774151527 0.03636363636363636 1.175618034172777 3105.8969355596837 0.015384615384615385 t_swap_r_k 100 562.5470247268677 7.088010970000001 7.8816751597 14.104488287638176 6.89148703 4.9699 6.029501 9.009609811596
0.9989210868879164 2350.4229774151527 0.03636363636363636 1.222212191583246 3317.6845258384415 0.015384615384615385 t_swap_k 100 587.7478225231171 7.088010970000001 7.8816751597 15.123443404761794 6.89148703 4.9699 6.029501 9.009609811596
0.9989210868879164 2350.4229774151527 0.03636363636363636 1.2007799163691752 3185.3025798086605 0.0 t_swap_k 100 605.080691576004 7.088010970000001 7.8816751597 16.062208970714178 6.89148703 4.9699 6.029501 9.009609811596
0.9989210868879164 2350.4229774151527 0.03636363636363636 1.1958306287120342 3162.8062462604807 0.0 t_swap_r_k 100 621.0489323139191 7.088010970000001 7.8816751597 16.062208970714178 6.89148703 4.9699 7.00920599 9.009609811596
0.9989210868879164 2350.4229774151527 0.03636363636363636 1.1958306287120342 3162.8062462604807 0.0 f_swap_t 100 647.2508943080902 7.088010970000001 7.8816751597 16.062208970714178 7.8225721597 4.9699 7.00920599 9.009609811596
0.9989210868879164 2350.4229774151527 0.03636363636363636 1.1958306287120342 3162.8062462604807 0.0 t_swap_r_k 100 661.3142709732056 7.088010970000001 7.8816751597 16.062208970714178 7.8225721597 4.9699 7.9791139301 9.009609811596
0.9989210868879164 2350.4229774151527 0.03636363636363636 1.1958306287120342 3162.8062462604807 0.0 t_swap_r_k 100 683.3271493911743 7.088010970000001 7.8816751597 16.062208970714178 7.8225721597 4.9699 8.939322790799 9.009609811596
0.9989210868879164 2350.4229774151527 0.03636363636363636 1.192843716073718 3149.229629250984 0.0 t_multiswap_k 100 704.9062488079071 7.088010970000001 7.8816751597 16.062208970714178 7.8225721597 4.9699 8.939322790799 9.94951371348004
0.9989210868879164 2350.4229774151527 0.03636363636363636 1.2162432869314248 3255.589288936499 0.0 t_swap_k 100 727.5213284492493 7.088010970000001 7.8816751597 16.961586881007037 7.8225721597 4.9699 8.939322790799 9.94951371348004
0.9989210868879164 2350.4229774151527 0.03636363636363636 1.2159425006112792 3254.2221044337016 0.0 f_swap_t 100 756.8436644077301 7.088010970000001 7.8816751597 16.961586881007037 8.784346438103 4.9699 8.939322790799 9.94951371348004
0.9989210868879164 2350.4229774151527 0.03636363636363636 1.2217703015766892 3280.7116042268913 0.0 t_move_k 100 800.0964152812958 8.2371308603 7.8816751597 16.961586881007037 8.784346438103 4.9699 8.939322790799 9.94951371348004
0.9989210868879164 2350.4229774151527 0.03636363636363636 1.2028635689426919 3194.7735474588676 0.0 f_swap_t 100 841.4990003108978 8.2371308603 7.8816751597 16.961586881007037 9.69650297372197 4.9699 8.939322790799 9.94951371348004
0.9989210868879164 2350.4229774151527 0.03636363636363636 1.1986039345206008 3175.411941629713 0.0 move_t 100 866.6328868865967 8.2371308603 8.832858408103 16.961586881007037 9.69650297372197 4.9699 8.939322790799 9.94951371348004
0.9989210868879164 2350.4229774151527 0.03636363636363636 1.186521134882217 3165.9448508835317 0.02 t_swap_r_k 100 883.0941891670227 8.2371308603 8.832858408103 16.961586881007037 9.69650297372197 4.9699 9.91992956289101 9.94951371348004
0.9989210868879164 2350.4229774151527 0.03636363636363636 1.2180197846367338 3309.1178043028976 0.02 swap_t 100 901.1363201141357 8.2371308603 8.832858408103 16.961586881007037 9.69650297372197 5.990201 9.91992956289101 9.94951371348004
0.9989210868879164 2350.4229774151527 0.03636363636363636 1.2048453768186513 3249.2352730970774 0.02 f_swap_t 100 922.9332683086395 8.2371308603 8.832858408103 16.961586881007037 10.629537943984749 5.990201 9.91992956289101 9.94951371348004
0.9989210868879164 2350.4229774151527 0.03636363636363636 1.196121926863301 3209.583983157753 0.02 t_multiswap_k 100 939.5062146186829 8.2371308603 8.832858408103 16.961586881007037 10.629537943984749 5.990201 9.91992956289101 10.85001857634524
0.9989210868879164 2350.4229774151527 0.03636363636363636 1.223760207209482 3335.2101371495683 0.02 t_swap_k 100 968.8353276252747 8.2371308603 8.832858408103 17.921971012196966 10.629537943984749 5.990201 9.91992956289101 10.85001857634524
0.9989210868879164 2350.4229774151527 0.03636363636363636 1.2253322068420347 3336.3859471055953 0.02 swap_t 100 996.276712179184 8.2371308603 8.832858408103 17.921971012196966 10.629537943984749 6.94029899 9.91992956289101 10.85001857634524
0.9989210868879164 2350.4229774151527 0.03636363636363636 1.2254731439092612 3271.33876310839 0.0 move_t 100 1015.3732562065125 8.2371308603 9.814529824021971 17.921971012196966 10.629537943984749 6.94029899 9.91992956289101 10.85001857634524
0.9989210868879164 2350.4229774151527 0.03636363636363636 1.220767139194482 3276.1518620747934 0.0 t_swap_r_k 100 1053.8879163265228 8.2371308603 9.814529824021971 17.921971012196966 10.629537943984749 6.94029899 10.8607302672621 10.85001857634524
0.9989210868879164 2350.4229774151527 0.03636363636363636 1.255304203507428 3471.013594025711 0.016666666666666666 f_swap_t 100 1086.2126343250275 8.2371308603 9.814529824021971 17.921971012196966 11.703242564544901 6.94029899 10.8607302672621 10.85001857634524
0.9989210868879164 2350.4229774151527 0.03636363636363636 1.2086530492795202 3262.4103928158347 0.01818181818181818 t_multiswap_k 100 1104.9689507484436 8.2371308603 9.814529824021971 17.921971012196966 11.703242564544901 6.94029899 10.8607302672621 11.861518390581788
0.9989210868879164 2350.4229774151527 0.03636363636363636 1.1912566712603705 3183.3374535243884 0.01818181818181818 t_swap_k 100 1134.0119941234589 8.2371308603 9.814529824021971 18.832751302074996 11.703242564544901 6.94029899 10.8607302672621 11.861518390581788
0.9989210868879164 2350.4229774151527 0.03636363636363636 1.1926514730446498 3189.6773408670592 0.01818181818181818 t_multiswap_k 100 1147.1575825214386 8.2371308603 9.814529824021971 18.832751302074996 11.703242564544901 6.94029899 10.8607302672621 12.75290320667597
0.9989210868879164 2350.4229774151527 0.03636363636363636 1.1915587043002371 3195.9072585798212 0.01818181818181818 swap_t 100 1163.7270007133484 8.2371308603 9.814529824021971 18.832751302074996 11.703242564544901 7.9008960000999995 10.8607302672621 12.75290320667597
0.9989210868879164 2350.4229774151527 0.03636363636363636 1.190379189129987 3179.348974362303 0.01818181818181818 f_swap_t 100 1187.6858427524567 8.2371308603 9.814529824021971 18.832751302074996 12.586210138899451 7.9008960000999995 10.8607302672621 12.75290320667597
0.9989210868879164 2350.4229774151527 0.03636363636363636 1.190379189129987 3179.348974362303 0.01818181818181818 t_swap_r_k 100 1216.384381532669 8.2371308603 9.814529824021971 18.832751302074996 12.586210138899451 7.9008960000999995 11.79212296458948 12.75290320667597
0.9989210868879164 2350.4229774151527 0.03636363636363636 1.203915392764352 3240.8760006799976 0.01818181818181818 t_multiswap_k 100 1237.1121196746826 8.2371308603 9.814529824021971 18.832751302074996 12.586210138899451 7.9008960000999995 11.79212296458948 13.66537417460921
0.9989210868879164 2350.4229774151527 0.03636363636363636 1.222257361734387 3324.2469987841223 0.01818181818181818 t_swap_k 100 1257.5208888053894 8.2371308603 9.814529824021971 19.724423789054246 12.586210138899451 7.9008960000999995 11.79212296458948 13.66537417460921
0.9989210868879164 2350.4229774151527 0.03636363636363636 1.2105039767223524 3264.466381125357 0.015384615384615385 t_multiswap_k 100 1275.3388772010803 8.2371308603 9.814529824021971 19.724423789054246 12.586210138899451 7.9008960000999995 11.79212296458948 14.628720432863119
0.9989210868879164 2350.4229774151527 0.03636363636363636 1.2016063662800835 3224.023467688663 0.015384615384615385 t_swap_r_k 100 1296.9763143062592 8.2371308603 9.814529824021971 19.724423789054246 12.586210138899451 7.9008960000999995 12.714201734943584 14.628720432863119
0.9989210868879164 2350.4229774151527 0.03636363636363636 1.195912004102143 3198.140496284838 0.015384615384615385 t_swap_k 100 1314.9367349147797 8.2371308603 9.814529824021971 20.677179551163704 12.586210138899451 7.9008960000999995 12.714201734943584 14.628720432863119
0.9989210868879164 2350.4229774151527 0.03636363636363636 1.2131857456018564 3276.656007469948 0.015384615384615385 t_move_k 100 1330.5408172607422 9.244759551697001 9.814529824021971 20.677179551163704 12.586210138899451 7.9008960000999995 12.714201734943584 14.628720432863119
0.9989210868879164 2350.4229774151527 0.03636363636363636 1.1949578885004768 3193.803689797617 0.015384615384615385 t_swap_k 100 1346.9783430099487 9.244759551697001 9.814529824021971 21.620407755652067 12.586210138899451 7.9008960000999995 12.714201734943584 14.628720432863119
0.9989210868879164 2350.4229774151527 0.03636363636363636 1.1820226737988986 3135.0083793201266 0.015384615384615385 t_swap_r_k 100 1365.7102127075195 9.244759551697001 9.814529824021971 21.620407755652067 12.586210138899451 7.9008960000999995 13.627059717594149 14.628720432863119
0.9989210868879164 2350.4229774151527 0.03636363636363636 1.1820226737988986 3135.0083793201266 0.015384615384615385 t_swap_r_k 100 1379.7221710681915 9.244759551697001 9.814529824021971 21.620407755652067 12.586210138899451 7.9008960000999995 14.530789120418207 14.628720432863119
0.9989210868879164 2350.4229774151527 0.03636363636363636 1.2342555682600866 3372.426104331594 0.015384615384615385 t_swap_k 100 1402.4882645606995 9.244759551697001 9.814529824021971 22.584203678095548 12.586210138899451 7.9008960000999995 14.530789120418207 14.628720432863119
0.9989210868879164 2350.4229774151527 0.03636363636363636 1.2165620935853036 3292.0027514202134 0.015384615384615385 t_swap_r_k 100 1418.4113762378693 9.244759551697001 9.814529824021971 22.584203678095548 12.586210138899451 7.9008960000999995 15.425481229214025 14.628720432863119
0.9989210868879164 2350.4229774151527 0.03636363636363636 1.212132596643849 3271.8690579377117 0.015384615384615385 t_move_k 100 1437.5353934764862 10.21231195618003 9.814529824021971 22.584203678095548 12.586210138899451 7.9008960000999995 15.425481229214025 14.628720432863119
0.9989210868879164 2350.4229774151527 0.03636363636363636 1.2551465073863328 3467.3831097181496 0.015384615384615385 t_multiswap_k 100 1453.9693245887756 10.21231195618003 9.814529824021971 22.584203678095548 12.586210138899451 7.9008960000999995 15.425481229214025 15.672433228534487
0.9989210868879164 2350.4229774151527 0.03636363636363636 1.2372723515060997 3389.052191655411 0.016666666666666666 t_multiswap_k 100 1473.2885839939117 10.21231195618003 9.814529824021971 22.584203678095548 12.586210138899451 7.9008960000999995 15.425481229214025 16.665708896249143
0.9989210868879164 2350.4229774151527 0.03636363636363636 1.2342274155726454 3372.2981400080735 0.015384615384615385 t_multiswap_k 100 1494.977303981781 10.21231195618003 9.814529824021971 22.584203678095548 12.586210138899451 7.9008960000999995 15.425481229214025 17.69905180728665
0.9989210868879164 2350.4229774151527 0.03636363636363636 1.2167219846364308 3299.0866730691864 0.01818181818181818 t_move_k 100 1510.8480842113495 11.35018883661823 9.814529824021971 22.584203678095548 12.586210138899451 7.9008960000999995 15.425481229214025 17.69905180728665
0.9989210868879164 2350.4229774151527 0.03636363636363636 1.213535825655843 3243.2828811979252 0.0 t_swap_k 100 1535.1446206569672 11.35018883661823 9.814529824021971 23.35836164131459 12.586210138899451 7.9008960000999995 15.425481229214025 17.69905180728665
0.9989210868879164 2350.4229774151527 0.03636363636363636 1.2002690668245295 3211.389130413686 0.0125 t_multiswap_k 100 1549.8377356529236 11.35018883661823 9.814529824021971 23.35836164131459 12.586210138899451 7.9008960000999995 15.425481229214025 18.612061289213784
0.9989210868879164 2350.4229774151527 0.03636363636363636 1.1981916881616823 3201.9466799960283 0.0125 t_multiswap_k 100 1564.94673037529 11.35018883661823 9.814529824021971 23.35836164131459 12.586210138899451 7.9008960000999995 15.425481229214025 19.485940676321647
0.9989210868879164 2350.4229774151527 0.03636363636363636 1.1956212947598912 3190.2632961795093 0.0125 t_swap_k 100 1585.947232723236 11.35018883661823 9.814529824021971 24.194778024901446 12.586210138899451 7.9008960000999995 15.425481229214025 19.485940676321647
0.9989210868879164 2350.4229774151527 0.03636363636363636 1.1892687806677462 3161.3887821511707 0.0125 t_swap_k 100 1604.315361738205 11.35018883661823 9.814529824021971 25.042830244652432 12.586210138899451 7.9008960000999995 15.425481229214025 19.485940676321647
0.9989210868879164 2350.4229774151527 0.03636363636363636 1.1767549511454392 3104.5088223669186 0.0125 move_t 100 1620.8296463489532 11.35018883661823 10.836384525781751 25.042830244652432 12.586210138899451 7.9008960000999995 15.425481229214025 19.485940676321647
0.9989210868879164 2350.4229774151527 0.03636363636363636 1.1718071090203945 3082.019059294016 0.0125 t_swap_k 100 1647.784328699112 11.35018883661823 10.836384525781751 25.792401942205906 12.586210138899451 7.9008960000999995 15.425481229214025 19.485940676321647
0.9989210868879164 2350.4229774151527 0.03636363636363636 1.1693273946882004 3042.339295456889 0.0 t_multiswap_k 100 1674.3977479934692 11.35018883661823 10.836384525781751 25.792401942205906 12.586210138899451 7.9008960000999995 15.425481229214025 20.50108126955843
0.9989210868879164 2350.4229774151527 0.03636363636363636 1.161006816498185 3055.023294391477 0.02222222222222222 t_move_k 100 1692.151133775711 12.276686948252047 10.836384525781751 25.792401942205906 12.586210138899451 7.9008960000999995 15.425481229214025 20.50108126955843
0.9989210868879164 2350.4229774151527 0.03636363636363636 1.1837113887926023 3142.6842103483264 0.015384615384615385 t_multiswap_k 100 1709.236303806305 12.276686948252047 10.836384525781751 25.792401942205906 12.586210138899451 7.9008960000999995 15.425481229214025 21.376070456862845
0.9989210868879164 2350.4229774151527 0.03636363636363636 1.1675557112132073 3069.2507110853517 0.015384615384615385 t_move_k 100 1730.0378234386444 13.213920078769526 10.836384525781751 25.792401942205906 12.586210138899451 7.9008960000999995 15.425481229214025 21.376070456862845
0.9989210868879164 2350.4229774151527 0.03636363636363636 1.167316881731429 3068.165143210655 0.015384615384615385 f_swap_t 100 1760.476910829544 13.213920078769526 10.836384525781751 25.792401942205906 13.460348037510457 7.9008960000999995 15.425481229214025 21.376070456862845
0.9989210868879164 2350.4229774151527 0.03636363636363636 1.164325109149912 3054.5664359710395 0.015384615384615385 t_swap_k 100 1787.8892421722412 13.213920078769526 10.836384525781751 26.564477922783848 13.460348037510457 7.9008960000999995 15.425481229214025 21.376070456862845
0.9989210868879164 2350.4229774151527 0.03636363636363636 1.164325109149912 3054.5664359710395 0.015384615384615385 t_swap_k 100 1808.3564131259918 13.213920078769526 10.836384525781751 27.29883314355601 13.460348037510457 7.9008960000999995 15.425481229214025 21.376070456862845
0.9989210868879164 2350.4229774151527 0.03636363636363636 1.2278316967210983 3347.593796786749 0.015384615384615385 move_t 100 1831.3295457363129 13.213920078769526 11.808020680523933 27.29883314355601 13.460348037510457 7.9008960000999995 15.425481229214025 21.376070456862845
0.9989210868879164 2350.4229774151527 0.03636363636363636 1.1957231640942596 3190.7263297881905 0.0125 t_multiswap_k 100 1845.2055535316467 13.213920078769526 11.808020680523933 27.29883314355601 13.460348037510457 7.9008960000999995 15.425481229214025 22.352309752294218
0.9989210868879164 2350.4229774151527 0.03636363636363636 1.1805746579987537 3121.870795519651 0.0125 t_move_k 100 1865.5044331550598 14.21178087798183 11.808020680523933 27.29883314355601 13.460348037510457 7.9008960000999995 15.425481229214025 22.352309752294218
0.9989210868879164 2350.4229774151527 0.03636363636363636 1.17887000884929 3114.122537890368 0.0125 t_swap_k 100 1879.0397515296936 14.21178087798183 11.808020680523933 28.05584481212045 13.460348037510457 7.9008960000999995 15.425481229214025 22.352309752294218
0.9989210868879164 2350.4229774151527 0.03636363636363636 1.1819289774326913 3140.939652846951 0.01818181818181818 t_multiswap_k 100 1889.392288684845 14.21178087798183 11.808020680523933 28.05584481212045 13.460348037510457 7.9008960000999995 15.425481229214025 23.258786654771274
0.9989210868879164 2350.4229774151527 0.03636363636363636 1.171202093496371 3096.314170970003 0.02 t_swap_r_k 100 1905.8101041316986 14.21178087798183 11.808020680523933 28.05584481212045 13.460348037510457 7.9008960000999995 16.311226416921883 23.258786654771274
0.9989210868879164 2350.4229774151527 0.03636363636363636 1.1687090321465423 3084.9822897848594 0.02 move_t 100 1931.5279159545898 14.21178087798183 12.719940473718694 28.05584481212045 13.460348037510457 7.9008960000999995 16.311226416921883 23.258786654771274
0.9989210868879164 2350.4229774151527 0.03636363636363636 1.167944079859455 3081.505300167186 0.02 t_multiswap_k 100 1947.9511079788208 14.21178087798183 12.719940473718694 28.05584481212045 13.460348037510457 7.9008960000999995 16.311226416921883 24.05619878822356
0.9989210868879164 2350.4229774151527 0.03636363636363636 1.1622157577038235 3051.335815476677 0.01818181818181818 t_move_k 100 1964.854187965393 15.099663069202013 12.719940473718694 28.05584481212045 13.460348037510457 7.9008960000999995 16.311226416921883 24.05619878822356
0.9989210868879164 2350.4229774151527 0.03636363636363636 1.1619382957361628 3050.074648738384 0.01818181818181818 t_swap_r_k 100 1981.318064212799 15.099663069202013 12.719940473718694 28.05584481212045 13.460348037510457 7.9008960000999995 17.188114152752664 24.05619878822356
0.9989210868879164 2350.4229774151527 0.03636363636363636 1.1619382957361628 3050.074648738384 0.01818181818181818 f_swap_t 100 2004.1143074035645 15.099663069202013 12.719940473718694 28.05584481212045 14.325744557135351 7.9008960000999995 17.188114152752664 24.05619878822356
0.9989210868879164 2350.4229774151527 0.03636363636363636 1.1623178578576447 3055.9320509368226 0.02 t_swap_k 100 2023.0456161499023 15.099663069202013 12.719940473718694 28.815286363999245 14.325744557135351 7.9008960000999995 17.188114152752664 24.05619878822356
0.9989210868879164 2350.4229774151527 0.03636363636363636 1.1623178578576447 3055.9320509368226 0.02 t_swap_r_k 100 2045.2375531196594 15.099663069202013 12.719940473718694 28.815286363999245 14.325744557135351 7.9008960000999995 18.05623301122514 24.05619878822356
0.9989210868879164 2350.4229774151527 0.03636363636363636 1.1623178578576447 3055.9320509368226 0.02 t_swap_k 100 2065.2046501636505 15.099663069202013 12.719940473718694 29.527133500359252 14.325744557135351 7.9008960000999995 18.05623301122514 24.05619878822356
0.9989210868879164 2350.4229774151527 0.03636363636363636 1.1623178578576447 3055.9320509368226 0.02 move_t 100 2084.4549884796143 15.099663069202013 13.592741068981507 29.527133500359252 14.325744557135351 7.9008960000999995 18.05623301122514 24.05619878822356
0.9989210868879164 2350.4229774151527 0.03636363636363636 1.1623178578576447 3055.9320509368226 0.02 t_swap_r_k 100 2096.8414330482483 15.099663069202013 13.592741068981507 29.527133500359252 14.325744557135351 7.9008960000999995 18.915670681112886 24.05619878822356
0.9989210868879164 2350.4229774151527 0.03636363636363636 1.1623178578576447 3055.9320509368226 0.02 t_swap_r_k 100 2110.3744506835938 15.099663069202013 13.592741068981507 29.527133500359252 14.325744557135351 7.9008960000999995 19.766513974301755 24.05619878822356
0.9989210868879164 2350.4229774151527 0.03636363636363636 1.1623178578576447 3055.9320509368226 0.02 t_swap_r_k 100 2126.9806756973267 15.099663069202013 13.592741068981507 29.527133500359252 14.325744557135351 7.9008960000999995 20.60884883455874 24.05619878822356
0.9989210868879164 2350.4229774151527 0.03636363636363636 1.1836054762147792 3157.742518236306 0.02222222222222222 t_swap_k 100 2143.8821983337402 15.099663069202013 13.592741068981507 30.43186216535566 14.325744557135351 7.9008960000999995 20.60884883455874 24.05619878822356
0.9989210868879164 2350.4229774151527 0.03636363636363636 1.1818714566225876 3134.32104161172 0.015384615384615385 t_swap_r_k 100 2162.1805324554443 15.099663069202013 13.592741068981507 30.43186216535566 14.325744557135351 7.9008960000999995 21.50276034621315 24.05619878822356
0.9989210868879164 2350.4229774151527 0.03636363636363636 1.1761844326810182 3114.8285831802636 0.01818181818181818 t_move_k 100 2185.091488599777 16.00866643850999 13.592741068981507 30.43186216535566 14.325744557135351 7.9008960000999995 21.50276034621315 24.05619878822356
0.9989210868879164 2350.4229774151527 0.03636363636363636 1.1752800221941309 3104.360546741399 0.015384615384615385 t_swap_k 100 2201.1856713294983 16.00866643850999 13.592741068981507 31.157543543702104 14.325744557135351 7.9008960000999995 21.50276034621315 24.05619878822356
0.9989210868879164 2350.4229774151527 0.03636363636363636 1.1961171384318863 3201.9866047061314 0.016666666666666666 t_swap_k 100 2231.3394248485565 16.00866643850999 13.592741068981507 31.975968108265082 14.325744557135351 7.9008960000999995 21.50276034621315 24.05619878822356
0.9989210868879164 2350.4229774151527 0.03636363636363636 1.186334007616525 3160.962135913244 0.01818181818181818 t_swap_r_k 100 2241.207798719406 16.00866643850999 13.592741068981507 31.975968108265082 14.325744557135351 7.9008960000999995 22.35773274275102 24.05619878822356
0.9989210868879164 2350.4229774151527 0.03636363636363636 1.1800070949066528 3158.3137456092845 0.02967032967032967 t_swap_k 100 2266.785907268524 16.00866643850999 13.592741068981507 32.656208427182435 14.325744557135351 7.9008960000999995 22.35773274275102 24.05619878822356
0.9989210868879164 2350.4229774151527 0.03636363636363636 1.1800070949066528 3158.3137456092845 0.02967032967032967 swap_t 100 2283.0386102199554 16.00866643850999 13.592741068981507 32.656208427182435 14.325744557135351 8.821887040099 22.35773274275102 24.05619878822356
0.9989210868879164 2350.4229774151527 0.03636363636363636 1.1920538091369892 3186.960738489535 0.01818181818181818 t_swap_k 100 2300.6484620571136 16.00866643850999 13.592741068981507 33.39964634291061 14.325744557135351 8.821887040099 22.35773274275102 24.05619878822356
0.9989210868879164 2350.4229774151527 0.03636363636363636 1.2000858993059127 3223.4695438058807 0.01818181818181818 t_move_k 100 2316.4671120643616 17.00857977412489 13.592741068981507 33.39964634291061 14.325744557135351 8.821887040099 22.35773274275102 24.05619878822356
0.9989210868879164 2350.4229774151527 0.03636363636363636 1.1881250797170178 3169.1032176552576 0.01818181818181818 t_multiswap_k 100 2338.5902194976807 17.00857977412489 13.592741068981507 33.39964634291061 14.325744557135351 8.821887040099 22.35773274275102 24.905636800341327
0.9989210868879164 2350.4229774151527 0.03636363636363636 1.1881250797170178 3169.1032176552576 0.01818181818181818 t_swap_r_k 100 2355.3025221824646 17.00857977412489 13.592741068981507 33.39964634291061 14.325744557135351 8.821887040099 23.174155415323508 24.905636800341327
0.9989210868879164 2350.4229774151527 0.03636363636363636 1.1849728085886662 3154.7749854630197 0.01818181818181818 t_multiswap_k 100 2365.526235818863 17.00857977412489 13.592741068981507 33.39964634291061 14.325744557135351 8.821887040099 23.174155415323508 25.746580432337915
0.9989210868879164 2350.4229774151527 0.03636363636363636 1.1777085411322072 3121.7562169038924 0.01818181818181818 t_move_k 100 2377.09028840065 18.068493976383643 13.592741068981507 33.39964634291061 14.325744557135351 8.821887040099 23.174155415323508 25.746580432337915
0.9989210868879164 2350.4229774151527 0.03636363636363636 1.2099850595465078 3227.143342686373 0.0 move_t 100 2390.8647429943085 18.068493976383643 14.586813658291693 33.39964634291061 14.325744557135351 8.821887040099 23.174155415323508 25.746580432337915
0.9989210868879164 2350.4229774151527 0.03636363636363636 1.1716078820462739 3094.026476551688 0.01818181818181818 t_swap_k 100 2412.293055534363 18.068493976383643 14.586813658291693 34.215649879481504 14.325744557135351 8.821887040099 23.174155415323508 25.746580432337915
0.9989210868879164 2350.4229774151527 0.03636363636363636 1.1709829826716307 3091.1860789551292 0.01818181818181818 t_swap_k 100 2436.8689770698547 18.068493976383643 14.586813658291693 34.90349338068669 14.325744557135351 8.821887040099 23.174155415323508 25.746580432337915
0.9989210868879164 2350.4229774151527 0.03636363636363636 1.175656781620837 3112.4302149565533 0.01818181818181818 t_move_k 100 2457.1659150123596 18.997809036619806 14.586813658291693 34.90349338068669 14.325744557135351 8.821887040099 23.174155415323508 25.746580432337915
0.9989210868879164 2350.4229774151527 0.03636363636363636 1.175656781620837 3112.4302149565533 0.01818181818181818 t_swap_r_k 100 2475.699345111847 18.997809036619806 14.586813658291693 34.90349338068669 14.325744557135351 8.821887040099 23.982413861170272 25.746580432337915
0.9989210868879164 2350.4229774151527 0.03636363636363636 1.1673998429353432 3074.8993903968358 0.01818181818181818 t_move_k 100 2496.843300819397 19.89783094625361 14.586813658291693 34.90349338068669 14.325744557135351 8.821887040099 23.982413861170272 25.746580432337915
0.9989210868879164 2350.4229774151527 0.03636363636363636 1.1657609741274242 3067.4501286244954 0.01818181818181818 t_swap_k 100 2519.0591943264008 19.89783094625361 14.586813658291693 35.58445844687982 14.325744557135351 8.821887040099 23.982413861170272 25.746580432337915
0.9989210868879164 2350.4229774151527 0.03636363636363636 1.1657609741274242 3067.4501286244954 0.01818181818181818 f_swap_t 100 2546.663214445114 19.89783094625361 14.586813658291693 35.58445844687982 15.182487111563997 8.821887040099 23.982413861170272 25.746580432337915
0.9989210868879164 2350.4229774151527 0.03636363636363636 1.1770952673037873 3071.1588037082984 0.01818181818181818 swap_t 100 2564.613492488861 19.89783094625361 14.586813658291693 35.58445844687982 15.182487111563997 9.74366816969801 23.982413861170272 25.746580432337915
0.9989210868879164 2350.4229774151527 0.03636363636363636 1.2185634259582554 3307.456701456079 0.01818181818181818 t_swap_k 100 2585.5382630825043 19.89783094625361 14.586813658291693 36.358613862411026 15.182487111563997 9.74366816969801 23.982413861170272 25.746580432337915
0.9989210868879164 2350.4229774151527 0.03636363636363636 1.2008522132124317 3226.952722484895 0.01818181818181818 t_swap_k 100 2610.8782942295074 19.89783094625361 14.586813658291693 37.09502772378691 15.182487111563997 9.74366816969801 23.982413861170272 25.746580432337915
0.9989210868879164 2350.4229774151527 0.03636363636363636 1.1789905205263027 3168.9048118900914 0.03636363636363636 t_move_k 100 2630.2919347286224 20.858852636791074 14.586813658291693 37.09502772378691 15.182487111563997 9.74366816969801 23.982413861170272 25.746580432337915
0.9989210868879164 2350.4229774151527 0.03636363636363636 1.1789185802058149 3168.577816662217 0.03636363636363636 move_t 100 2652.1894483566284 20.858852636791074 15.470945521708776 37.09502772378691 15.182487111563997 9.74366816969801 23.982413861170272 25.746580432337915
0.9989210868879164 2350.4229774151527 0.03636363636363636 1.1971349806832792 3251.378059763258 0.03636363636363636 t_multiswap_k 100 2669.616983652115 20.858852636791074 15.470945521708776 37.09502772378691 15.182487111563997 9.74366816969801 23.982413861170272 26.599114628014537
0.9989210868879164 2350.4229774151527 0.03636363636363636 1.1971349806832792 3251.378059763258 0.03636363636363636 swap_t 100 2691.963876724243 20.858852636791074 15.470945521708776 37.09502772378691 15.182487111563997 10.64623148800103 23.982413861170272 26.599114628014537
0.9989210868879164 2350.4229774151527 0.03636363636363636 1.2393478268601354 3395.5722934230685 0.015384615384615385 f_swap_t 100 2715.994946241379 20.858852636791074 15.470945521708776 37.09502772378691 16.06066224044836 10.64623148800103 23.982413861170272 26.599114628014537
0.9989210868879164 2350.4229774151527 0.03636363636363636 1.2096059185615538 3257.886921410042 0.014285714285714285 t_swap_k 100 2733.4472131729126 20.858852636791074 15.470945521708776 37.78407744654904 16.06066224044836 10.64623148800103 23.982413861170272 26.599114628014537
0.9989210868879164 2350.4229774151527 0.03636363636363636 1.2049676831212992 3286.9805744756736 0.03636363636363636 t_swap_k 100 2752.9638452529907 20.858852636791074 15.470945521708776 38.47623667208355 16.06066224044836 10.64623148800103 23.982413861170272 26.599114628014537
0.9989210868879164 2350.4229774151527 0.03636363636363636 1.2049676831212992 3286.9805744756736 0.03636363636363636 swap_t 100 2769.1614422798157 20.858852636791074 15.470945521708776 38.47623667208355 16.06066224044836 11.53976917312102 23.982413861170272 26.599114628014537
0.9989210868879164 2350.4229774151527 0.03636363636363636 1.2147664358183925 3286.75452354809 0.016666666666666666 t_multiswap_k 100 2781.8988885879517 20.858852636791074 15.470945521708776 38.47623667208355 16.06066224044836 11.53976917312102 23.982413861170272 27.52312348173439
0.9989210868879164 2350.4229774151527 0.03636363636363636 1.2147664358183925 3286.75452354809 0.016666666666666666 t_swap_r_k 100 2793.289694547653 20.858852636791074 15.470945521708776 38.47623667208355 16.06066224044836 11.53976917312102 24.78258972255857 27.52312348173439
0.9989210868879164 2350.4229774151527 0.03636363636363636 1.21768715350671 3300.0302601526614 0.016666666666666666 t_multiswap_k 100 2800.1048271656036 20.858852636791074 15.470945521708776 38.47623667208355 16.06066224044836 11.53976917312102 24.78258972255857 28.25789224691705
0.9989210868879164 2350.4229774151527 0.03636363636363636 1.2151783205096562 3326.504757371948 0.03333333333333333 t_move_k 100 2812.609267950058 21.790264110423163 15.470945521708776 38.47623667208355 16.06066224044836 11.53976917312102 24.78258972255857 28.25789224691705
0.9989210868879164 2350.4229774151527 0.03636363636363636 1.2010045717184412 3262.0798537244054 0.03333333333333333 t_move_k 100 2836.8945224285126 22.74236146931893 15.470945521708776 38.47623667208355 16.06066224044836 11.53976917312102 24.78258972255857 28.25789224691705
0.9989210868879164 2350.4229774151527 0.03636363636363636 1.1963836735264355 3241.0761711298906 0.03333333333333333 t_swap_r_k 100 2853.542211532593 22.74236146931893 15.470945521708776 38.47623667208355 16.06066224044836 11.53976917312102 25.574763825332983 28.25789224691705
0.9989210868879164 2350.4229774151527 0.03636363636363636 1.1962052228557916 3240.2650471688676 0.03333333333333333 t_swap_k 100 2879.459748983383 22.74236146931893 15.470945521708776 39.12147430536272 16.06066224044836 11.53976917312102 25.574763825332983 28.25789224691705
0.9989210868879164 2350.4229774151527 0.03636363636363636 1.2056684570223615 3283.2789285601675 0.03333333333333333 t_multiswap_k 100 2893.2704136371613 22.74236146931893 15.470945521708776 39.12147430536272 16.06066224044836 11.53976917312102 25.574763825332983 29.015313324447877
0.9989210868879164 2350.4229774151527 0.03636363636363636 1.222335123689028 3283.2789285601675 0.0 t_swap_r_k 100 2913.751811027527 22.74236146931893 15.470945521708776 39.12147430536272 16.06066224044836 11.53976917312102 26.359016187079654 29.015313324447877
0.9989210868879164 2350.4229774151527 0.03636363636363636 1.2198927482021005 3272.1774332723458 0.0 f_swap_t 100 2935.6944155693054 22.74236146931893 15.470945521708776 39.12147430536272 16.900055618043876 11.53976917312102 26.359016187079654 29.015313324447877
0.9989210868879164 2350.4229774151527 0.03636363636363636 1.2209417796463913 3276.9456671896546 0.0 t_swap_k 100 2954.9066355228424 22.74236146931893 15.470945521708776 39.83025956230909 16.900055618043876 11.53976917312102 26.359016187079654 29.015313324447877
0.9989210868879164 2350.4229774151527 0.03636363636363636 1.2465261953182112 3424.863003662645 0.0 move_t 100 2973.0502376556396 22.74236146931893 16.39623606649169 39.83025956230909 16.900055618043876 11.53976917312102 26.359016187079654 29.015313324447877
0.9989210868879164 2350.4229774151527 0.03636363636363636 1.237242452980603 3351.0382255111026 0.0 f_swap_t 100 2993.5579862594604 22.74236146931893 16.39623606649169 39.83025956230909 17.741055061863438 11.53976917312102 26.359016187079654 29.015313324447877
0.9989210868879164 2350.4229774151527 0.03636363636363636 1.2246944180775707 3294.002789685196 0.0 t_swap_k 100 3012.6892659664154 22.74236146931893 16.39623606649169 40.611956966685995 17.741055061863438 11.53976917312102 26.359016187079654 29.015313324447877
0.9989210868879164 2350.4229774151527 0.03636363636363636 1.2476242306423213 3398.2272250763394 0.0 t_multiswap_k 100 3021.760960817337 22.74236146931893 16.39623606649169 40.611956966685995 17.741055061863438 11.53976917312102 26.359016187079654 29.8151601912034
0.9989210868879164 2350.4229774151527 0.03636363636363636 1.2348590320531718 3340.2047003891917 0.0 swap_t 100 3037.752359390259 22.74236146931893 16.39623606649169 40.611956966685995 17.741055061863438 12.424371481389809 26.359016187079654 29.8151601912034
0.9989210868879164 2350.4229774151527 0.03636363636363636 1.2218070737955065 3318.7568138365946 0.016666666666666666 t_move_k 100 3055.757191181183 23.73493785462574 16.39623606649169 40.611956966685995 17.741055061863438 12.424371481389809 26.359016187079654 29.8151601912034
0.9989210868879164 2350.4229774151527 0.03636363636363636 1.2698375725317954 3537.0731039592715 0.016666666666666666 move_t 100 3076.2083444595337 23.73493785462574 17.472273705826773 40.611956966685995 17.741055061863438 12.424371481389809 26.359016187079654 29.8151601912034
0.9989210868879164 2350.4229774151527 0.03636363636363636 1.251743035233663 3416.948707504806 0.0 t_swap_r_k 100 3095.541117668152 23.73493785462574 17.472273705826773 40.611956966685995 17.741055061863438 12.424371481389809 27.135426025208858 29.8151601912034
0.9989210868879164 2350.4229774151527 0.03636363636363636 1.2499907910797172 3408.9841130670325 0.0 t_swap_r_k 100 3109.318636894226 23.73493785462574 17.472273705826773 40.611956966685995 17.741055061863438 12.424371481389809 27.904071764956768 29.8151601912034
0.9989210868879164 2350.4229774151527 0.03636363636363636 1.2496862724994566 3407.5999640686855 0.0 f_swap_t 100 3132.231433391571 23.73493785462574 17.472273705826773 40.611956966685995 18.563644511244803 12.424371481389809 27.904071764956768 29.8151601912034
0.9989210868879164 2350.4229774151527 0.03636363636363636 1.24083877433275 3405.2628957082275 0.016666666666666666 t_swap_k 100 3151.5081045627594 23.73493785462574 17.472273705826773 41.38583739701914 18.563644511244803 12.424371481389809 27.904071764956768 29.8151601912034
0.9989210868879164 2350.4229774151527 0.03636363636363636 1.2431810351901635 3415.909333166595 0.016666666666666666 f_swap_t 100 3172.2835042476654 23.73493785462574 17.472273705826773 41.38583739701914 19.418008066132355 12.424371481389809 27.904071764956768 29.8151601912034
0.9989210868879164 2350.4229774151527 0.03636363636363636 1.2474476823268563 3435.302814364022 0.016666666666666666 t_move_k 100 3190.3153274059296 24.697588476079485 17.472273705826773 41.38583739701914 19.418008066132355 12.424371481389809 27.904071764956768 29.8151601912034
0.9989210868879164 2350.4229774151527 0.03636363636363636 1.261012474107233 3446.7029143279196 0.0 move_t 100 3205.2727575302124 24.697588476079485 18.397550968768506 41.38583739701914 19.418008066132355 12.424371481389809 27.904071764956768 29.8151601912034
0.9989210868879164 2350.4229774151527 0.03636363636363636 1.2547953651063248 3506.5788026042674 0.03333333333333333 f_swap_t 100 3232.2969510555267 24.697588476079485 18.397550968768506 41.38583739701914 20.28382798547103 12.424371481389809 27.904071764956768 29.8151601912034
0.9989210868879164 2350.4229774151527 0.03636363636363636 1.2416187557150438 3446.686264438165 0.03333333333333333 t_move_k 100 3249.605348587036 25.60061259131869 18.397550968768506 41.38583739701914 20.28382798547103 12.424371481389809 27.904071764956768 29.8151601912034
0.9989210868879164 2350.4229774151527 0.03636363636363636 1.238237158422974 3431.315660448668 0.03333333333333333 t_swap_k 100 3267.918394804001 25.60061259131869 18.397550968768506 42.13197902304895 20.28382798547103 12.424371481389809 27.904071764956768 29.8151601912034
0.9989210868879164 2350.4229774151527 0.03636363636363636 1.2350924803841947 3417.0219416424984 0.03333333333333333 t_swap_k 100 3291.6525740623474 25.60061259131869 18.397550968768506 42.84065923281846 20.28382798547103 12.424371481389809 27.904071764956768 29.8151601912034
0.9989210868879164 2350.4229774151527 0.03636363636363636 1.227686111391745 3383.3572693144224 0.03333333333333333 t_multiswap_k 100 3307.4296934604645 25.60061259131869 18.397550968768506 42.84065923281846 20.28382798547103 12.424371481389809 27.904071764956768 30.637008589291366
0.9989210868879164 2350.4229774151527 0.03636363636363636 1.2247180716330377 3331.9883701428134 0.016666666666666666 t_swap_r_k 100 3323.0934455394745 25.60061259131869 18.397550968768506 42.84065923281846 20.28382798547103 12.424371481389809 28.6650310473072 30.637008589291366
0.9989210868879164 2350.4229774151527 0.03636363636363636 1.2169456697511927 3334.5380099909103 0.03333333333333333 t_swap_k 100 3341.871668577194 25.60061259131869 18.397550968768506 43.52225264049027 20.28382798547103 12.424371481389809 28.6650310473072 30.637008589291366
0.9989210868879164 2350.4229774151527 0.03636363636363636 1.2057767686717458 3283.7712448611173 0.03333333333333333 t_multiswap_k 100 3356.0729098320007 25.60061259131869 18.397550968768506 43.52225264049027 20.28382798547103 12.424371481389809 28.6650310473072 31.480638503398453
0.9989210868879164 2350.4229774151527 0.03636363636363636 1.202961286882927 3270.9738441425097 0.03333333333333333 t_move_k 100 3374.6533513069153 26.494606465405504 18.397550968768506 43.52225264049027 20.28382798547103 12.424371481389809 28.6650310473072 31.480638503398453
0.9989210868879164 2350.4229774151527 0.03636363636363636 1.2096771694241886 3301.5000014776224 0.03333333333333333 move_t 100 3385.233015060425 26.494606465405504 19.31357545908082 43.52225264049027 20.28382798547103 12.424371481389809 28.6650310473072 31.480638503398453
0.9989210868879164 2350.4229774151527 0.03636363636363636 1.2148298739443288 3331.8078606712056 0.03636363636363636 t_multiswap_k 100 3399.299708366394 26.494606465405504 19.31357545908082 43.52225264049027 20.28382798547103 12.424371481389809 28.6650310473072 32.30583211836447
0.9989210868879164 2350.4229774151527 0.03636363636363636 1.199035474992681 3260.016505707905 0.03636363636363636 move_t 100 3411.8785696029663 26.494606465405504 20.270439704490013 43.52225264049027 20.28382798547103 12.424371481389809 28.6650310473072 32.30583211836447
0.9989210868879164 2350.4229774151527 0.03636363636363636 1.195654477098965 3226.9394003811135 0.02857142857142857 t_swap_r_k 100 3426.4013833999634 26.494606465405504 20.270439704490013 43.52225264049027 20.28382798547103 12.424371481389809 29.418380736834127 32.30583211836447
0.9989210868879164 2350.4229774151527 0.03636363636363636 1.214300894600827 3329.403454911045 0.03636363636363636 t_swap_k 100 3442.882402896881 26.494606465405504 20.270439704490013 44.227030114085366 20.28382798547103 12.424371481389809 29.418380736834127 32.30583211836447
0.9989210868879164 2350.4229774151527 0.03636363636363636 1.2554370963843213 3471.617641050631 0.016666666666666666 t_swap_k 100 3463.8845880031586 26.494606465405504 20.270439704490013 44.90475981294451 20.28382798547103 12.424371481389809 29.418380736834127 32.30583211836447
0.9989210868879164 2350.4229774151527 0.03636363636363636 1.2294888669712676 3391.5514567676955 0.03333333333333333 move_t 100 3486.302877664566 26.494606465405504 21.067735307445112 44.90475981294451 20.28382798547103 12.424371481389809 29.418380736834127 32.30583211836447
0.9989210868879164 2350.4229774151527 0.03636363636363636 1.271548404195457 3573.544968196891 0.029292929292929294 t_multiswap_k 100 3507.988882780075 26.494606465405504 21.067735307445112 44.90475981294451 20.28382798547103 12.424371481389809 29.418380736834127 33.14277379718082
0.9989210868879164 2350.4229774151527 0.03636363636363636 1.2624996982808072 3548.4847529325107 0.03636363636363636 t_swap_k 100 3526.713778734207 26.494606465405504 21.067735307445112 45.55571221481507 20.28382798547103 12.424371481389809 29.418380736834127 33.14277379718082
0.9989210868879164 2350.4229774151527 0.03636363636363636 1.3182368717010895 3760.50918833102 0.01818181818181818 f_swap_t 100 3548.1008698940277 26.494606465405504 21.067735307445112 45.55571221481507 21.200989705616323 12.424371481389809 29.418380736834127 33.14277379718082
0.9989210868879164 2350.4229774151527 0.03636363636363636 1.2996486024314535 3672.5752041594574 0.016666666666666666 f_swap_t 100 3570.1152017116547 26.494606465405504 21.067735307445112 45.55571221481507 22.04897980856016 12.424371481389809 29.418380736834127 33.14277379718082
0.9989210868879164 2350.4229774151527 0.03636363636363636 1.2983678706392818 3628.8757405598376 0.0 t_swap_r_k 100 3585.568112373352 26.494606465405504 21.067735307445112 45.55571221481507 22.04897980856016 12.424371481389809 30.164196929465785 33.14277379718082
0.9989210868879164 2350.4229774151527 0.03636363636363636 1.2933150172169185 3643.7867288449506 0.016666666666666666 f_swap_t 100 3609.681901693344 26.494606465405504 21.067735307445112 45.55571221481507 22.83849001047456 12.424371481389809 30.164196929465785 33.14277379718082
0.9989210868879164 2350.4229774151527 0.03636363636363636 1.2837605502314695 3603.801621298461 0.01818181818181818 t_swap_k 100 3626.5875523090363 26.494606465405504 21.067735307445112 46.23015509266692 22.83849001047456 12.424371481389809 30.164196929465785 33.14277379718082
0.9989210868879164 2350.4229774151527 0.03636363636363636 1.2605446855534903 3498.276973796579 0.01818181818181818 t_multiswap_k 100 3646.194397211075 26.494606465405504 21.067735307445112 46.23015509266692 22.83849001047456 12.424371481389809 30.164196929465785 33.94134605920902
0.9989210868879164 2350.4229774151527 0.03636363636363636 1.2775952819925522 3575.778208572275 0.01818181818181818 t_swap_k 100 3660.877325296402 26.494606465405504 21.067735307445112 46.98785354174025 22.83849001047456 12.424371481389809 30.164196929465785 33.94134605920902
0.9989210868879164 2350.4229774151527 0.03636363636363636 1.2639041331956737 3504.692286565445 0.014285714285714285 t_multiswap_k 100 3680.48361992836 26.494606465405504 21.067735307445112 46.98785354174025 22.83849001047456 12.424371481389809 30.164196929465785 34.63193259861693
0.9989210868879164 2350.4229774151527 0.03636363636363636 1.2581217499801092 3480.906682081088 0.015384615384615385 t_multiswap_k 100 3692.629847049713 26.494606465405504 21.067735307445112 46.98785354174025 22.83849001047456 12.424371481389809 30.164196929465785 35.355613272630755
0.9989210868879164 2350.4229774151527 0.03636363636363636 1.2535221062371371 3459.9996087782456 0.015384615384615385 t_swap_k 100 3707.51557970047 26.494606465405504 21.067735307445112 47.59797500632285 22.83849001047456 12.424371481389809 30.164196929465785 35.355613272630755
0.9989210868879164 2350.4229774151527 0.03636363636363636 1.2486870968606907 3438.0227120658114 0.015384615384615385 t_swap_r_k 100 3719.9813220500946 26.494606465405504 21.067735307445112 47.59797500632285 22.83849001047456 12.424371481389809 30.932554960171128 35.355613272630755
0.9989210868879164 2350.4229774151527 0.03636363636363636 1.2486870968606907 3438.0227120658114 0.015384615384615385 t_swap_r_k 100 3730.728171825409 26.494606465405504 21.067735307445112 47.59797500632285 22.83849001047456 12.424371481389809 31.663229410569418 35.355613272630755
0.9989210868879164 2350.4229774151527 0.03636363636363636 1.2486870968606907 3438.0227120658114 0.015384615384615385 t_swap_r_k 100 3746.670951128006 26.494606465405504 21.067735307445112 47.59797500632285 22.83849001047456 12.424371481389809 32.386597116463726 35.355613272630755
0.9989210868879164 2350.4229774151527 0.03636363636363636 1.2418636108243508 3407.007457251643 0.015384615384615385 t_move_k 100 3767.0122034549713 27.34966040075145 21.067735307445112 47.59797500632285 22.83849001047456 12.424371481389809 32.386597116463726 35.355613272630755
0.9989210868879164 2350.4229774151527 0.03636363636363636 1.2096323883545517 3308.183376191952 0.03636363636363636 t_swap_k 100 3790.2323265075684 27.34966040075145 21.067735307445112 48.36199525625962 22.83849001047456 12.424371481389809 32.386597116463726 35.355613272630755
0.9989210868879164 2350.4229774151527 0.03636363636363636 1.1975576131110837 3253.2990796600207 0.03636363636363636 t_move_k 100 3807.990915298462 28.106163796743935 21.067735307445112 48.36199525625962 22.83849001047456 12.424371481389809 32.386597116463726 35.355613272630755
0.9989210868879164 2350.4229774151527 0.03636363636363636 1.1903246801868663 3213.5358169262954 0.03333333333333333 t_move_k 100 3828.2806656360626 28.825102158776495 21.067735307445112 48.36199525625962 22.83849001047456 12.424371481389809 32.386597116463726 35.355613272630755
0.9989210868879164 2350.4229774151527 0.03636363636363636 1.1818929881052713 3169.383279056586 0.03076923076923077 t_multiswap_k 100 3840.9285745620728 28.825102158776495 21.067735307445112 48.36199525625962 22.83849001047456 12.424371481389809 32.386597116463726 36.09205713990445
0.9989210868879164 2350.4229774151527 0.03636363636363636 1.1818929881052713 3169.383279056586 0.03076923076923077 t_multiswap_k 100 3861.1363203525543 28.825102158776495 21.067735307445112 48.36199525625962 22.83849001047456 12.424371481389809 32.386597116463726 36.731136568505406
0.9989210868879164 2350.4229774151527 0.03636363636363636 1.1781059191299117 3157.9970518908544 0.03333333333333333 f_swap_t 100 3881.734283208847 28.825102158776495 21.067735307445112 48.36199525625962 23.640105110369813 12.424371481389809 32.386597116463726 36.731136568505406
0.9989210868879164 2350.4229774151527 0.03636363636363636 1.1737072899397205 3138.003663695984 0.03333333333333333 t_multiswap_k 100 3898.0975019931793 28.825102158776495 21.067735307445112 48.36199525625962 23.640105110369813 12.424371481389809 32.386597116463726 37.453825202820354
0.9989210868879164 2350.4229774151527 0.03636363636363636 1.1958881853089198 3238.823994860778 0.03333333333333333 swap_t 100 3911.9498167037964 28.825102158776495 21.067735307445112 48.36199525625962 23.640105110369813 13.31012776657591 32.386597116463726 37.453825202820354
0.9989210868879164 2350.4229774151527 0.03636363636363636 1.1885215341869897 3205.3398548688538 0.03333333333333333 t_swap_k 100 3930.9480192661285 28.825102158776495 21.067735307445112 48.96837530369702 23.640105110369813 13.31012776657591 32.386597116463726 37.453825202820354
0.9989210868879164 2350.4229774151527 0.03636363636363636 1.1776186495440768 3149.95483750465 0.03076923076923077 t_move_k 100 3948.19685959816 29.56685113718873 21.067735307445112 48.96837530369702 23.640105110369813 13.31012776657591 32.386597116463726 37.453825202820354
0.9989210868879164 2350.4229774151527 0.03636363636363636 1.183432124163076 3189.093534757612 0.03636363636363636 t_swap_k 100 3964.4408283233643 29.56685113718873 21.067735307445112 49.608691550660055 23.640105110369813 13.31012776657591 32.386597116463726 37.453825202820354
0.9989210868879164 2350.4229774151527 0.03636363636363636 1.2437085591340715 3420.083787659303 0.02857142857142857 move_t 100 3980.646198272705 29.56685113718873 22.06705795437066 49.608691550660055 23.640105110369813 13.31012776657591 32.386597116463726 37.453825202820354
0.9989210868879164 2350.4229774151527 0.03636363636363636 1.2471818407544761 3441.6700798670204 0.02 t_move_k 100 4001.5688152313232 30.461182625816843 22.06705795437066 49.608691550660055 23.640105110369813 13.31012776657591 32.386597116463726 37.453825202820354
0.9989210868879164 2350.4229774151527 0.03636363636363636 1.2269587156447699 3349.748534915373 0.02 t_swap_r_k 100 4014.729884624481 30.461182625816843 22.06705795437066 49.608691550660055 23.640105110369813 13.31012776657591 33.10273114529909 37.453825202820354
0.9989210868879164 2350.4229774151527 0.03636363636363636 1.206459283720086 3248.9954605505454 0.016666666666666666 t_swap_k 100 4036.930520057678 30.461182625816843 22.06705795437066 50.26260463515345 23.640105110369813 13.31012776657591 33.10273114529909 37.453825202820354
0.9989210868879164 2350.4229774151527 0.03636363636363636 1.2009739204108012 3224.0624659082614 0.016666666666666666 t_swap_r_k 100 4055.747578382492 30.461182625816843 22.06705795437066 50.26260463515345 23.640105110369813 13.31012776657591 33.811703833846096 37.453825202820354
0.9989210868879164 2350.4229774151527 0.03636363636363636 1.1980218097790352 3207.7303394132173 0.015384615384615385 t_multiswap_k 100 4068.493987560272 30.461182625816843 22.06705795437066 50.26260463515345 23.640105110369813 13.31012776657591 33.811703833846096 38.13928695079215
0.9989210868879164 2350.4229774151527 0.03636363636363636 1.1839864880714281 3143.934637796487 0.015384615384615385 t_multiswap_k 100 4081.2996504306793 30.461182625816843 22.06705795437066 50.26260463515345 23.640105110369813 13.31012776657591 33.811703833846096 38.81789408128422
0.9989210868879164 2350.4229774151527 0.03636363636363636 1.1726613347225279 3092.457648607235 0.015384615384615385 t_multiswap_k 100 4096.050247192383 30.461182625816843 22.06705795437066 50.26260463515345 23.640105110369813 13.31012776657591 33.811703833846096 39.519715140471384
0.9989210868879164 2350.4229774151527 0.03636363636363636 1.1636038449072892 3048.790569667159 0.014285714285714285 t_swap_k 100 4113.47061085701 30.461182625816843 22.06705795437066 50.789978588801915 23.640105110369813 13.31012776657591 33.811703833846096 39.519715140471384
0.9989210868879164 2350.4229774151527 0.03636363636363636 1.1612687223596083 3038.1765784531494 0.014285714285714285 t_swap_k 100 4135.178260564804 30.461182625816843 22.06705795437066 51.282078802913894 23.640105110369813 13.31012776657591 33.811703833846096 39.519715140471384
0.9989210868879164 2350.4229774151527 0.03636363636363636 1.1599295933083598 3034.5871990913242 0.015384615384615385 t_multiswap_k 100 4150.572552204132 30.461182625816843 22.06705795437066 51.282078802913894 23.640105110369813 13.31012776657591 33.811703833846096 40.15451798906667
0.9989210868879164 2350.4229774151527 0.03636363636363636 1.1567947915958035 3023.2520692330554 0.016666666666666666 t_swap_r_k 100 4171.6282868385315 30.461182625816843 22.06705795437066 51.282078802913894 23.640105110369813 13.31012776657591 34.543586795507636 40.15451798906667
0.9989210868879164 2350.4229774151527 0.03636363636363636 1.153601929274664 3016.3149484024916 0.02 t_move_k 100 4190.240327596664 31.216570799558674 22.06705795437066 51.282078802913894 23.640105110369813 13.31012776657591 34.543586795507636 40.15451798906667
0.9989210868879164 2350.4229774151527 0.03636363636363636 1.153601929274664 3016.3149484024916 0.02 t_swap_k 100 4207.322793483734 31.216570799558674 22.06705795437066 51.769258014884755 23.640105110369813 13.31012776657591 34.543586795507636 40.15451798906667
0.9989210868879164 2350.4229774151527 0.03636363636363636 1.153601929274664 3016.3149484024916 0.02 t_swap_r_k 100 4216.461788654327 31.216570799558674 22.06705795437066 51.769258014884755 23.640105110369813 13.31012776657591 35.23815092755256 40.15451798906667
0.9989210868879164 2350.4229774151527 0.03636363636363636 1.1760818943219302 3073.040981686867 0.0 f_swap_t 100 4240.592442750931 31.216570799558674 22.06705795437066 51.769258014884755 24.483704059266113 13.31012776657591 35.23815092755256 40.15451798906667
0.9989210868879164 2350.4229774151527 0.03636363636363636 1.1576540076427726 3030.6009829015766 0.01818181818181818 t_multiswap_k 100 4261.980507850647 31.216570799558674 22.06705795437066 51.769258014884755 24.483704059266113 13.31012776657591 35.23815092755256 40.752972809176
0.9989210868879164 2350.4229774151527 0.03636363636363636 1.1911840983506063 3174.152970033802 0.014285714285714285 t_multiswap_k 100 4271.2955021858215 31.216570799558674 22.06705795437066 51.769258014884755 24.483704059266113 13.31012776657591 35.23815092755256 41.475443081084244
0.9989210868879164 2350.4229774151527 0.03636363636363636 1.1602819706606604 3039.1025812298803 0.016666666666666666 t_multiswap_k 100 4285.160674571991 31.216570799558674 22.06705795437066 51.769258014884755 24.483704059266113 13.31012776657591 35.23815092755256 42.1206886502734
0.9989210868879164 2350.4229774151527 0.03636363636363636 1.1503522007153228 2993.9681230569554 0.016666666666666666 t_move_k 100 4302.926844596863 31.934405091563086 22.06705795437066 51.769258014884755 24.483704059266113 13.31012776657591 35.23815092755256 42.1206886502734
0.9989210868879164 2350.4229774151527 0.03636363636363636 1.1545809200491082 3013.189208434205 0.016666666666666666 t_move_k 100 4323.787691831589 32.62506104064745 22.06705795437066 51.769258014884755 24.483704059266113 13.31012776657591 35.23815092755256 42.1206886502734
0.9989210868879164 2350.4229774151527 0.03636363636363636 1.1521269032701924 2999.121101779642 0.015384615384615385 t_multiswap_k 100 4337.264277458191 32.62506104064745 22.06705795437066 51.769258014884755 24.483704059266113 13.31012776657591 35.23815092755256 42.69948176377067
0.9989210868879164 2350.4229774151527 0.03636363636363636 1.149579334876254 2987.5414660225356 0.015384615384615385 t_multiswap_k 100 4347.8433520793915 32.62506104064745 22.06705795437066 51.769258014884755 24.483704059266113 13.31012776657591 35.23815092755256 43.33248694613297
0.9989210868879164 2350.4229774151527 0.03636363636363636 1.1481400599244278 2980.9994317689584 0.015384615384615385 t_move_k 100 4367.771635293961 33.29881043024098 22.06705795437066 51.769258014884755 24.483704059266113 13.31012776657591 35.23815092755256 43.33248694613297
0.9989210868879164 2350.4229774151527 0.03636363636363636 1.1792507234047027 3125.3225422190594 0.016666666666666666 t_move_k 100 4386.3190014362335 34.03582232593857 22.06705795437066 51.769258014884755 24.483704059266113 13.31012776657591 35.23815092755256 43.33248694613297
0.9989210868879164 2350.4229774151527 0.03636363636363636 1.173725547677743 3100.2085854890133 0.016666666666666666 t_move_k 100 4401.98833656311 34.865464102679184 22.06705795437066 51.769258014884755 24.483704059266113 13.31012776657591 35.23815092755256 43.33248694613297
0.9989210868879164 2350.4229774151527 0.03636363636363636 1.1725475211717353 3094.8540215510075 0.016666666666666666 t_multiswap_k 100 4416.5969223976135 34.865464102679184 22.06705795437066 51.769258014884755 24.483704059266113 13.31012776657591 35.23815092755256 43.99916207667164
0.9989210868879164 2350.4229774151527 0.03636363636363636 1.1698167922561151 3118.3522284131404 0.032467532467532464 move_t 100 4431.448260307312 34.865464102679184 22.916387374826954 51.769258014884755 24.483704059266113 13.31012776657591 35.23815092755256 43.99916207667164
0.9989210868879164 2350.4229774151527 0.03636363636363636 1.1698167922561151 3118.3522284131404 0.032467532467532464 t_multiswap_k 100 4440.424610376358 34.865464102679184 22.916387374826954 51.769258014884755 24.483704059266113 13.31012776657591 35.23815092755256 44.55917045590492
0.9989210868879164 2350.4229774151527 0.03636363636363636 1.1682841530203127 3111.385819134445 0.032467532467532464 t_multiswap_k 100 4452.7327716350555 34.865464102679184 22.916387374826954 51.769258014884755 24.483704059266113 13.31012776657591 35.23815092755256 45.14357875134587
0.9989210868879164 2350.4229774151527 0.03636363636363636 1.1682841530203127 3111.385819134445 0.032467532467532464 t_swap_r_k 100 4469.808992862701 34.865464102679184 22.916387374826954 51.769258014884755 24.483704059266113 13.31012776657591 35.925769418277035 45.14357875134587
0.9989210868879164 2350.4229774151527 0.03636363636363636 1.1880637016540092 3178.0067933121727 0.02222222222222222 t_multiswap_k 100 4488.814102888107 34.865464102679184 22.916387374826954 51.769258014884755 24.483704059266113 13.31012776657591 35.925769418277035 45.742142963832414
0.9989210868879164 2350.4229774151527 0.03636363636363636 1.1819240391231978 3137.4737458364293 0.016666666666666666 f_swap_t 100 4514.8515021800995 34.865464102679184 22.916387374826954 51.769258014884755 25.238867018673453 13.31012776657591 35.925769418277035 45.742142963832414
0.9989210868879164 2350.4229774151527 0.03636363636363636 1.1972551337544028 3207.1592121852427 0.016666666666666666 t_multiswap_k 100 4527.025372743607 34.865464102679184 22.916387374826954 51.769258014884755 25.238867018673453 13.31012776657591 35.925769418277035 46.30472153419409
0.9989210868879164 2350.4229774151527 0.03636363636363636 1.1955588166769777 3199.4488268892565 0.016666666666666666 t_swap_k 100 4543.3284459114075 34.865464102679184 22.916387374826954 52.28156543473591 25.238867018673453 13.31012776657591 35.925769418277035 46.30472153419409
0.9989210868879164 2350.4229774151527 0.03636363636363636 1.1851881997007219 3159.8861700150323 0.02 t_swap_k 100 4563.1832938194275 34.865464102679184 22.916387374826954 52.89874978038855 25.238867018673453 13.31012776657591 35.925769418277035 46.30472153419409
0.9989210868879164 2350.4229774151527 0.03636363636363636 1.2015148316343844 3234.0967197227455 0.02 t_swap_k 100 4583.150602340698 34.865464102679184 22.916387374826954 53.519762282584665 25.238867018673453 13.31012776657591 35.925769418277035 46.30472153419409
0.9989210868879164 2350.4229774151527 0.03636363636363636 1.196520168728803 3211.3941389740667 0.02 t_multiswap_k 100 4594.5414962768555 34.865464102679184 22.916387374826954 53.519762282584665 25.238867018673453 13.31012776657591 35.925769418277035 46.931674318852146
0.9989210868879164 2350.4229774151527 0.03636363636363636 1.196520168728803 3211.3941389740667 0.02 t_swap_r_k 100 4604.732945919037 34.865464102679184 22.916387374826954 53.519762282584665 25.238867018673453 13.31012776657591 36.60651172409426 46.931674318852146
0.9989210868879164 2350.4229774151527 0.03636363636363636 1.234045659478085 3322.6583002818093 0.014285714285714285 move_t 100 4617.773329734802 34.865464102679184 23.847223501078684 53.519762282584665 25.238867018673453 13.31012776657591 36.60651172409426 46.931674318852146
0.9989210868879164 2350.4229774151527 0.03636363636363636 1.2550737875413693 3432.0882023313843 0.0 t_swap_k 100 4631.798658132553 34.865464102679184 23.847223501078684 54.07456465975882 25.238867018673453 13.31012776657591 36.60651172409426 46.931674318852146
0.9989210868879164 2350.4229774151527 0.03636363636363636 1.2249610508980993 3340.6684135783767 0.02 t_multiswap_k 100 4641.203255414963 34.865464102679184 23.847223501078684 54.07456465975882 25.238867018673453 13.31012776657591 36.60651172409426 47.52235757566363
0.9989210868879164 2350.4229774151527 0.03636363636363636 1.2202907126598803 3319.4400077817977 0.02 move_t 100 4654.012828111649 34.865464102679184 24.638751266067896 54.07456465975882 25.238867018673453 13.31012776657591 36.60651172409426 47.52235757566363
0.9989210868879164 2350.4229774151527 0.03636363636363636 1.2147569911721996 3294.2872074247643 0.02 t_swap_k 100 4672.4276332855225 34.865464102679184 24.638751266067896 54.62381901316123 25.238867018673453 13.31012776657591 36.60651172409426 47.52235757566363
0.9989210868879164 2350.4229774151527 0.03636363636363636 1.2119102280237812 3281.3476214164457 0.02 f_swap_t 100 4707.35387301445 34.865464102679184 24.638751266067896 54.62381901316123 25.986478348486717 13.31012776657591 36.60651172409426 47.52235757566363
0.9989210868879164 2350.4229774151527 0.03636363636363636 1.2052867758106949 3251.2415939336756 0.02 t_multiswap_k 100 4724.854791879654 34.865464102679184 24.638751266067896 54.62381901316123 25.986478348486717 13.31012776657591 36.60651172409426 48.11713399990699
0.9989210868879164 2350.4229774151527 0.03636363636363636 1.2300084853431623 3308.2401710999516 0.0 move_t 100 4740.505591630936 34.865464102679184 25.462363753407217 54.62381901316123 25.986478348486717 13.31012776657591 36.60651172409426 48.11713399990699
0.9989210868879164 2350.4229774151527 0.03636363636363636 1.1983111838553848 3219.534961748692 0.02 t_swap_r_k 100 4751.076823711395 34.865464102679184 25.462363753407217 54.62381901316123 25.986478348486717 13.31012776657591 37.28044660685332 48.11713399990699
0.9989210868879164 2350.4229774151527 0.03636363636363636 1.2033604048082438 3242.4855288974973 0.02 move_t 100 4764.0055894851685 34.865464102679184 26.247740115873146 54.62381901316123 25.986478348486717 13.31012776657591 37.28044660685332 48.11713399990699
0.9989210868879164 2350.4229774151527 0.03636363636363636 1.2033604048082438 3242.4855288974973 0.02 t_multiswap_k 100 4779.730801343918 34.865464102679184 26.247740115873146 54.62381901316123 25.986478348486717 13.31012776657591 37.28044660685332 48.63596265990792
0.9989210868879164 2350.4229774151527 0.03636363636363636 1.2033604048082438 3242.4855288974973 0.02 f_swap_t 100 4801.919280290604 34.865464102679184 26.247740115873146 54.62381901316123 26.72661356500185 13.31012776657591 37.28044660685332 48.63596265990792
0.9989210868879164 2350.4229774151527 0.03636363636363636 1.2033604048082438 3242.4855288974973 0.02 t_swap_r_k 100 4815.606580734253 34.865464102679184 26.247740115873146 54.62381901316123 26.72661356500185 13.31012776657591 37.97764214078478 48.63596265990792
0.9989210868879164 2350.4229774151527 0.03636363636363636 1.2033604048082438 3242.4855288974973 0.02 swap_t 100 4829.175341367722 34.865464102679184 26.247740115873146 54.62381901316123 26.72661356500185 14.177026488910151 37.97764214078478 48.63596265990792
0.9989210868879164 2350.4229774151527 0.03636363636363636 1.1898144446372452 3180.914155530775 0.02 t_multiswap_k 100 4843.229995012283 34.865464102679184 26.247740115873146 54.62381901316123 26.72661356500185 14.177026488910151 37.97764214078478 49.20960303330884
0.9989210868879164 2350.4229774151527 0.03636363636363636 1.1898144446372452 3180.914155530775 0.02 t_swap_r_k 100 4858.831514835358 34.865464102679184 26.247740115873146 54.62381901316123 26.72661356500185 14.177026488910151 38.63786571937693 49.20960303330884
0.9989210868879164 2350.4229774151527 0.03636363636363636 1.2118408217737304 3281.032144471149 0.02 t_multiswap_k 100 4880.840276479721 34.865464102679184 26.247740115873146 54.62381901316123 26.72661356500185 14.177026488910151 38.63786571937693 49.75750700297575
0.9989210868879164 2350.4229774151527 0.03636363636363636 1.2118408217737304 3281.032144471149 0.02 f_swap_t 100 4902.832608938217 34.865464102679184 26.247740115873146 54.62381901316123 27.45934742935183 14.177026488910151 38.63786571937693 49.75750700297575
0.9989210868879164 2350.4229774151527 0.03636363636363636 1.2102781919264656 3273.929416827972 0.02 f_swap_t 100 4935.199833869934 34.865464102679184 26.247740115873146 54.62381901316123 28.214753955058313 14.177026488910151 38.63786571937693 49.75750700297575
0.9989210868879164 2350.4229774151527 0.03636363636363636 1.2165451962081817 3302.415257303608 0.02 t_swap_k 100 4954.712465286255 34.865464102679184 26.247740115873146 55.14758082302962 28.214753955058313 14.177026488910151 38.63786571937693 49.75750700297575
0.9989210868879164 2350.4229774151527 0.03636363636363636 1.2148013574676466 3286.9132552937676 0.016666666666666666 t_multiswap_k 100 4965.7324776649475 34.865464102679184 26.247740115873146 55.14758082302962 28.214753955058313 14.177026488910151 38.63786571937693 50.28993193294599
0.9989210868879164 2350.4229774151527 0.03636363636363636 1.2135758081546866 3281.3426827116077 0.016666666666666666 t_move_k 100 4989.249387979507 35.796809461652394 26.247740115873146 55.14758082302962 28.214753955058313 14.177026488910151 38.63786571937693 50.28993193294599
0.9989210868879164 2350.4229774151527 0.03636363636363636 1.227083084529586 3342.7382239909184 0.016666666666666666 t_swap_k 100 5007.1705276966095 35.796809461652394 26.247740115873146 55.66610501479933 28.214753955058313 14.177026488910151 38.63786571937693 50.28993193294599
0.9989210868879164 2350.4229774151527 0.03636363636363636 1.2197119614315202 3309.2337572219426 0.016666666666666666 move_t 100 5019.6642072200775 35.796809461652394 27.075262714714416 55.66610501479933 28.214753955058313 14.177026488910151 38.63786571937693 50.28993193294599
0.9989210868879164 2350.4229774151527 0.03636363636363636 1.2150579281740985 3282.6683112277715 0.014285714285714285 t_swap_r_k 100 5037.032449007034 35.796809461652394 27.075262714714416 55.66610501479933 28.214753955058313 14.177026488910151 39.291487062183165 50.28993193294599
0.9989210868879164 2350.4229774151527 0.03636363636363636 1.2148378150511427 3281.6678160908195 0.014285714285714285 t_multiswap_k 100 5046.707579374313 35.796809461652394 27.075262714714416 55.66610501479933 28.214753955058313 14.177026488910151 39.291487062183165 50.81703261361653
0.9989210868879164 2350.4229774151527 0.03636363636363636 1.2105141999366622 3262.0153944723334 0.014285714285714285 t_swap_r_k 100 5060.240782260895 35.796809461652394 27.075262714714416 55.66610501479933 28.214753955058313 14.177026488910151 39.938572191561335 50.81703261361653
0.9989210868879164 2350.4229774151527 0.03636363636363636 1.2067473827741924 3244.8938244258516 0.014285714285714285 t_swap_k 100 5079.952460050583 35.796809461652394 27.075262714714416 56.139443964651335 28.214753955058313 14.177026488910151 39.938572191561335 50.81703261361653
0.9989210868879164 2350.4229774151527 0.03636363636363636 1.205917146001589 3241.120092799341 0.014285714285714285 t_multiswap_k 100 5091.431724309921 35.796809461652394 27.075262714714416 56.139443964651335 28.214753955058313 14.177026488910151 39.938572191561335 51.36886228748037
0.9989210868879164 2350.4229774151527 0.03636363636363636 1.200753150461344 3217.647832918255 0.014285714285714285 t_multiswap_k 100 5105.174065589905 35.796809461652394 27.075262714714416 56.139443964651335 28.214753955058313 14.177026488910151 39.938572191561335 51.855173664605566
0.9989210868879164 2350.4229774151527 0.03636363636363636 1.1992358850107885 3210.751303150466 0.014285714285714285 t_multiswap_k 100 5122.731508731842 35.796809461652394 27.075262714714416 56.139443964651335 28.214753955058313 14.177026488910151 39.938572191561335 52.39662192795951
0.9989210868879164 2350.4229774151527 0.03636363636363636 1.1899608784635682 3168.5929855495965 0.014285714285714285 move_t 100 5137.5076785087585 35.796809461652394 27.804510087567273 56.139443964651335 28.214753955058313 14.177026488910151 39.938572191561335 52.39662192795951
0.9989210868879164 2350.4229774151527 0.03636363636363636 1.1899445305198142 3168.5186781298225 0.014285714285714285 swap_t 100 5153.724334716797 35.796809461652394 27.804510087567273 56.139443964651335 28.214753955058313 15.03525622402105 39.938572191561335 52.39662192795951
0.9989210868879164 2350.4229774151527 0.03636363636363636 1.188754054329338 3168.5186781298225 0.016666666666666666 f_swap_t 100 5174.304339647293 35.796809461652394 27.804510087567273 56.139443964651335 28.93260641550773 15.03525622402105 39.938572191561335 52.39662192795951
0.9989210868879164 2350.4229774151527 0.03636363636363636 1.188754054329338 3168.5186781298225 0.016666666666666666 t_swap_k 100 5196.530075550079 35.796809461652394 27.804510087567273 56.57804952500482 28.93260641550773 15.03525622402105 39.938572191561335 52.39662192795951
0.9989210868879164 2350.4229774151527 0.03636363636363636 1.188754054329338 3168.5186781298225 0.016666666666666666 t_multiswap_k 100 5208.5671582221985 35.796809461652394 27.804510087567273 56.57804952500482 28.93260641550773 15.03525622402105 39.938572191561335 52.872655708679915
0.9989210868879164 2350.4229774151527 0.03636363636363636 1.188754054329338 3168.5186781298225 0.016666666666666666 t_swap_r_k 100 5232.965605258942 35.796809461652394 27.804510087567273 56.57804952500482 28.93260641550773 15.03525622402105 40.57918646964572 52.872655708679915
0.9989210868879164 2350.4229774151527 0.03636363636363636 1.2549175523459206 3469.2561222239847 0.016666666666666666 t_swap_k 100 5264.451874732971 35.796809461652394 27.804510087567273 57.11226902975477 28.93260641550773 15.03525622402105 40.57918646964572 52.872655708679915
0.9989210868879164 2350.4229774151527 0.03636363636363636 1.2149225098236038 3282.0527849960563 0.014285714285714285 t_multiswap_k 100 5282.784393787384 35.796809461652394 27.804510087567273 57.11226902975477 28.93260641550773 15.03525622402105 40.57918646964572 53.64392915159311
0.9989210868879164 2350.4229774151527 0.03636363636363636 1.217082630374061 3291.8713277387174 0.014285714285714285 t_move_k 100 5301.90323972702 36.53884136703587 27.804510087567273 57.11226902975477 28.93260641550773 15.03525622402105 40.57918646964572 53.64392915159311
0.9989210868879164 2350.4229774151527 0.03636363636363636 1.2188841349876047 3300.0598290913085 0.014285714285714285 t_multiswap_k 100 5314.907206535339 36.53884136703587 27.804510087567273 57.11226902975477 28.93260641550773 15.03525622402105 40.57918646964572 54.14748986007718
0.9989210868879164 2350.4229774151527 0.03636363636363636 1.2088235919663177 3259.7421115036773 0.016666666666666666 t_swap_r_k 100 5332.366108179092 36.53884136703587 27.804510087567273 57.11226902975477 28.93260641550773 15.03525622402105 41.27339460494926 54.14748986007718
0.9989210868879164 2350.4229774151527 0.03636363636363636 1.207100142420709 3251.9083991560974 0.016666666666666666 t_swap_k 100 5355.268741607666 36.53884136703587 27.804510087567273 57.57114633945722 28.93260641550773 15.03525622402105 41.27339460494926 54.14748986007718
0.9989210868879164 2350.4229774151527 0.03636363636363636 1.217671306695665 3303.401691142214 0.01818181818181818 f_swap_t 100 5385.0276572704315 36.53884136703587 27.804510087567273 57.57114633945722 29.653280351352652 15.03525622402105 41.27339460494926 54.14748986007718
0.9989210868879164 2350.4229774151527 0.03636363636363636 1.2139209721438755 3290.4871933183567 0.02 t_swap_r_k 100 5394.587305545807 36.53884136703587 27.804510087567273 57.57114633945722 29.653280351352652 15.03525622402105 41.90066065889977 54.14748986007718
0.9989210868879164 2350.4229774151527 0.03636363636363636 1.2665001055470784 3521.9030884549384 0.016666666666666666 t_swap_k 100 5417.870113611221 36.53884136703587 27.804510087567273 58.15543487606265 29.653280351352652 15.03525622402105 41.90066065889977 54.14748986007718