31
9 153 6 20
22.960180999005388

130046.5498716993

88645.53140906771
Assigned customers matrix:
Vehicle 0:
0 96 147 130 16 126 15 88 0 0 0 0 0 0 0 0 0 0 0 0 0 0 0 0
0 107 14 120 37 13 28 19 0 0 0 0 0 0 0 0 0 0 0 0 0 0 0 0
0 44 17 132 16 10 0 0 0 0 0 0 0 0 0 0 0 0 0 0 0 0 0 0
0 6 65 23 5 4 0 0 0 0 0 0 0 0 0 0 0 0 0 0 0 0 0 0
0 21 10 97 11 12 0 0 0 0 0 0 0 0 0 0 0 0 0 0 0 0 0 0
0 58 10 16 131 44 95 35 0 0 0 0 0 0 0 0 0 0 0 0 0 0 0 0

Vehicle 1:
0 27 6 64 62 63 5 0 0 0 0 0 0 0 0 0 0 0 0 0 0 0 0 0
0 77 113 11 31 10 111 22 0 0 0 0 0 0 0 0 0 0 0 0 0 0 0 0
0 26 76 5 61 60 4 74 0 0 0 0 0 0 0 0 0 0 0 0 0 0 0 0
0 94 146 16 128 127 15 90 0 0 0 0 0 0 0 0 0 0 0 0 0 0 0 0
0 31 40 17 135 136 18 101 0 0 0 0 0 0 0 0 0 0 0 0 0 0 0 0
0 105 33 151 42 141 13 153 152 0 0 0 0 0 0 0 0 0 0 0 0 0 0 0

Vehicle 2:
0 46 82 13 140 138 18 45 0 0 0 0 0 0 0 0 0 0 0 0 0 0 0 0
0 4 75 5 0 0 0 0 0 0 0 0 0 0 0 0 0 0 0 0 0 0 0 0
0 110 35 112 11 12 114 24 0 0 0 0 0 0 0 0 0 0 0 0 0 0 0 0
0 11 98 12 36 7 0 0 0 0 0 0 0 0 0 0 0 0 0 0 0 0 0 0
0 3 2 19 1 0 0 0 0 0 0 0 0 0 0 0 0 0 0 0 0 0 0 0
0 103 150 18 137 134 17 99 0 0 0 0 0 0 0 0 0 0 0 0 0 0 0 0

Vehicle 3:
0 100 32 41 17 149 148 11 0 0 0 0 0 0 0 0 0 0 0 0 0 0 0 0
0 12 115 117 7 8 0 0 0 0 0 0 0 0 0 0 0 0 0 0 0 0 0 0
0 78 6 1 80 0 0 0 0 0 0 0 0 0 0 0 0 0 0 0 0 0 0 0
0 102 45 139 18 41 17 32 0 0 0 0 0 0 0 0 0 0 0 0 0 0 0 0
0 6 5 22 4 0 0 0 0 0 0 0 0 0 0 0 0 0 0 0 0 0 0 0
0 29 142 14 38 15 145 91 0 0 0 0 0 0 0 0 0 0 0 0 0 0 0 0

Vehicle 4:
0 48 8 84 14 123 43 34 0 0 0 0 0 0 0 0 0 0 0 0 0 0 0 0
0 109 9 15 124 39 30 21 0 0 0 0 0 0 0 0 0 0 0 0 0 0 0 0
0 33 18 42 13 7 0 0 0 0 0 0 0 0 0 0 0 0 0 0 0 0 0 0
0 49 47 1 68 69 66 67 27 0 0 0 0 0 0 0 0 0 0 0 0 0 0 0
0 83 28 13 119 37 14 143 0 0 0 0 0 0 0 0 0 0 0 0 0 0 0 0
0 3 55 56 4 59 26 0 0 0 0 0 0 0 0 0 0 0 0 0 0 0 0 0

Vehicle 5:
0 25 2 50 51 3 0 0 0 0 0 0 0 0 0 0 0 0 0 0 0 0 0 0
0 73 3 71 2 0 0 0 0 0 0 0 0 0 0 0 0 0 0 0 0 0 0 0
0 29 15 125 38 14 121 116 0 0 0 0 0 0 0 0 0 0 0 0 0 0 0 0
0 10 9 34 8 53 0 0 0 0 0 0 0 0 0 0 0 0 0 0 0 0 0 0
0 7 85 8 89 9 0 0 0 0 0 0 0 0 0 0 0 0 0 0 0 0 0 0
0 5 11 12 7 0 0 0 0 0 0 0 0 0 0 0 0 0 0 0 0 0 0 0

Vehicle 6:
0 1 7 36 12 23 0 0 0 0 0 0 0 0 0 0 0 0 0 0 0 0 0 0
0 16 40 133 17 18 0 0 0 0 0 0 0 0 0 0 0 0 0 0 0 0 0 0
0 57 54 9 108 106 8 20 0 0 0 0 0 0 0 0 0 0 0 0 0 0 0 0
0 104 13 118 14 122 43 86 0 0 0 0 0 0 0 0 0 0 0 0 0 0 0 0
0 144 15 39 129 16 30 93 0 0 0 0 0 0 0 0 0 0 0 0 0 0 0 0
0 1 24 6 0 0 0 0 0 0 0 0 0 0 0 0 0 0 0 0 0 0 0 0

Vehicle 7:
0 52 9 92 10 4 0 0 0 0 0 0 0 0 0 0 0 0 0 0 0 0 0 0
0 6 79 81 1 0 0 0 0 0 0 0 0 0 0 0 0 0 0 0 0 0 0 0
0 3 72 70 2 0 0 0 0 0 0 0 0 0 0 0 0 0 0 0 0 0 0 0
0 3 25 2 0 0 0 0 0 0 0 0 0 0 0 0 0 0 0 0 0 0 0 0
0 0 0 0 0 0 0 0 0 0 0 0 0 0 0 0 0 0 0 0 0 0 0 0
0 2 8 87 9 20 0 0 0 0 0 0 0 0 0 0 0 0 0 0 0 0 0 0

Vehicle 8:
0 0 0 0 0 0 0 0 0 0 0 0 0 0 0 0 0 0 0 0 0 0 0 0
0 0 0 0 0 0 0 0 0 0 0 0 0 0 0 0 0 0 0 0 0 0 0 0
0 0 0 0 0 0 0 0 0 0 0 0 0 0 0 0 0 0 0 0 0 0 0 0
0 0 0 0 0 0 0 0 0 0 0 0 0 0 0 0 0 0 0 0 0 0 0 0
0 0 0 0 0 0 0 0 0 0 0 0 0 0 0 0 0 0 0 0 0 0 0 0
0 0 0 0 0 0 0 0 0 0 0 0 0 0 0 0 0 0 0 0 0 0 0 0

Transported demand matrix:
20 20 19 19 19 20
18 20 20 20 20 19
20 12 20 19 17 20
20 19 14 20 17 20
20 20 19 19 20 18
16 14 20 19 19 20
19 19 20 20 20 12
19 14 14 12 0 19
0 0 0 0 0 0

Routes distance matrix:
3872.122493815716 3619.692935432453 3029.267872318078 289.81818322337006 1311.5786101585948 2425.310798695623
217.5783213882288 1236.574349862482 216.7996312369222 2972.365198044723 4584.908044394754 3496.451670099759
3294.869322563426 173.40181638945316 1059.3235992430896 1251.1823239002167 288.6750403816938 3130.939776487276
3382.379032439838 1156.1404085530116 178.59533161942795 4420.015595972191 288.6750403816938 3774.635555288604
2476.5185726903096 3912.0035048660843 3598.0768110083013 285.5877739096569 3704.221145253483 238.39107323676745
213.497378634027 178.7389587133922 4368.32385255637 1190.7185765733577 1314.0057604767744 1154.6992018941796
902.3463041780462 4347.2764572259075 930.0818278839525 3712.6747803535195 3777.467165411336 230.94104038169382
949.9376912267466 173.49307117846627 173.4914973055084 176.5695793016599 0.0 965.1684329175422
0.0 0.0 0.0 0.0 0.0 0.0
