8

Similarity 1
0.42857142857142855

Similarity combination matrix:
0.43478260869565216 0.6521739130434783 0.34782608695652173 0.0 0.4782608695652174
0.26666666666666666 0.2833333333333333 0.43333333333333335 0.38333333333333336 0.3333333333333333
0.42857142857142855 0.4 0.42857142857142855 0.2571428571428571 0.4
0.34210526315789475 0.18421052631578946 0.3684210526315789 0.6052631578947368 0.42105263157894735
0.5555555555555556 1.0 0.0 0.0 0.4444444444444444

Similarity combination pairings:
(np.int64(0), np.int64(4)) (np.int64(1), np.int64(2)) (np.int64(2), np.int64(0)) (np.int64(3), np.int64(3)) (np.int64(4), np.int64(1))
0.4782608695652174 0.43333333333333335 0.42857142857142855 0.6052631578947368 1.0

Similarity 2
0.03636363636363636

Similarity combination matrix:
0.1285714285714286 0.10341991341991344 0.053030303030303025 0.0 0.02857142857142857
0.014285714285714285 0.029292929292929294 0.03636363636363636 0.0 0.0
0.0 0.02222222222222222 0.016666666666666666 0.0 0.03888888888888888
0.03636363636363636 0.0 0.0 0.05 0.0
0.0 0.03636363636363636 0.0 0.0 0.0

Similarity combination pairings:
(np.int64(0), np.int64(0)) (np.int64(1), np.int64(2)) (np.int64(2), np.int64(4)) (np.int64(3), np.int64(3)) (np.int64(4), np.int64(1))
0.1285714285714286 0.03636363636363636 0.03888888888888888 0.05 0.03636363636363636

Similarity 3
0.04

Similarity combination matrix:
0.18888888888888888 0.13595959595959597 0.05818181818181818 0.0 0.03333333333333333
0.015384615384615385 0.03176470588235294 0.04 0.0 0.0
0.0 0.025 0.03636363636363636 0.0 0.04318181818181818
0.08 0.0 0.0 0.05454545454545454 0.0
0.0 0.04 0.0 0.0 0.0

Similarity combination pairings:
(np.int64(0), np.int64(0)) (np.int64(1), np.int64(2)) (np.int64(2), np.int64(4)) (np.int64(3), np.int64(3)) (np.int64(4), np.int64(1))
0.18888888888888888 0.04 0.04318181818181818 0.05454545454545454 0.04
