8
5 100 5 200

Solution history:
B_obj   B_dis   B_sim   C_obj   C_dis   C_sim   neighbor   iterations   time   scores
0.8090504682931359 2351.6997556245824 0.4166666666666667 0.8090504682931359 2351.6997556245824 0.4166666666666667 0 0 0 3.0 3.0 3.0 3.0 3.0 3.0 3.0
0.8090504682931359 2351.6997556245824 0.4166666666666667 0.8090504682931359 2351.6997556245824 0.4166666666666667 t_move_k 100 13.499512195587158 3.9699999999999998 3.0 3.0 3.0 3.0 3.0 3.0
0.8087695717364013 2350.422977415153 0.4166666666666667 0.8087695717364013 2350.422977415153 0.4166666666666667 t_swap_r_k 100 49.79959774017334 3.9699999999999998 3.0 3.0 3.0 3.0 4.01 3.0
0.8087695717364012 2350.4229774151527 0.4166666666666667 0.8087695717364012 2350.4229774151527 0.4166666666666667 t_swap_k 100 71.04189991950989 3.9699999999999998 3.0 3.9699999999999998 3.0 3.0 4.01 3.0
0.8087695717364012 2350.4229774151527 0.4166666666666667 0.8087695717364012 2350.4229774151527 0.4166666666666667 t_swap_r_k 100 98.62007331848145 3.9699999999999998 3.0 3.9699999999999998 3.0 3.0 5.0099 3.0
0.8087695717364012 2350.4229774151527 0.4166666666666667 0.8087695717364012 2350.4229774151527 0.4166666666666667 f_swap_t 100 112.82077360153198 3.9699999999999998 3.0 3.9699999999999998 3.9699999999999998 3.0 5.0099 3.0
0.8087695717364012 2350.4229774151527 0.4166666666666667 0.8087695717364012 2350.4229774151527 0.4166666666666667 t_swap_r_k 100 162.50745296478271 3.9699999999999998 3.0 3.9699999999999998 3.9699999999999998 3.0 5.999801 3.0
0.8054868311504463 2362.5574752049815 0.42857142857142855 0.8054868311504463 2362.5574752049815 0.42857142857142855 t_swap_k 13 163.77353858947754 3.9699999999999998 3.0 5.203076923076923 3.9699999999999998 3.0 5.999801 3.0
0.8054233554132927 2362.2689546230013 0.42857142857142855 0.8270910575011653 2433.7008718142934 0.4166666666666667 f_swap_t 100 174.8805935382843 3.9699999999999998 3.0 5.203076923076923 4.9403 3.0 5.999801 3.0
0.8054233554132927 2362.2689546230013 0.42857142857142855 0.8213842079117479 2407.7611405304206 0.4166666666666667 t_move_k 100 198.50780582427979 4.9703 3.0 5.203076923076923 4.9403 3.0 5.999801 3.0
0.8054233554132927 2362.2689546230013 0.42857142857142855 0.8198473148280832 2400.7753959479396 0.4166666666666667 t_swap_r_k 100 241.55784130096436 4.9703 3.0 5.203076923076923 4.9403 3.0 6.97980299 3.0
0.8054233554132927 2362.2689546230013 0.42857142857142855 0.8193102794087663 2398.334372358877 0.4166666666666667 t_swap_r_k 100 268.906485080719 4.9703 3.0 5.203076923076923 4.9403 3.0 7.950004960099999 3.0
0.8054233554132927 2362.2689546230013 0.42857142857142855 0.841929327027814 2398.334372358877 0.37142857142857144 t_swap_r_k 100 300.6876974105835 4.9703 3.0 5.203076923076923 4.9403 3.0 8.910504910499 3.0
0.8054233554132927 2362.2689546230013 0.42857142857142855 0.841929327027814 2398.334372358877 0.37142857142857144 t_swap_r_k 100 328.8154544830322 4.9703 3.0 5.203076923076923 4.9403 3.0 9.86139986139401 3.0
0.8054233554132927 2362.2689546230013 0.42857142857142855 0.8603736082351319 2547.104245247413 0.4 t_swap_k 100 344.3276388645172 4.9703 3.0 6.231046153846154 4.9403 3.0 9.86139986139401 3.0
0.8054233554132927 2362.2689546230013 0.42857142857142855 0.8295266538251338 2471.827314986584 0.42857142857142855 t_move_k 100 351.9175171852112 5.9805969999999995 3.0 6.231046153846154 4.9403 3.0 9.86139986139401 3.0
0.8054233554132927 2362.2689546230013 0.42857142857142855 0.8173940991211021 2416.680389545783 0.42857142857142855 t_swap_r_k 100 383.45678639411926 5.9805969999999995 3.0 6.231046153846154 4.9403 3.0 10.802785862780071 3.0
0.8054233554132927 2362.2689546230013 0.42857142857142855 0.8168630580053458 2414.266612272075 0.42857142857142855 t_swap_k 100 402.8186745643616 5.9805969999999995 3.0 7.168735692307692 4.9403 3.0 10.802785862780071 3.0
0.8054233554132927 2362.2689546230013 0.42857142857142855 0.8455840666990637 2560.210058851854 0.42857142857142855 move_t 100 409.1919002532959 5.9805969999999995 4.01 7.168735692307692 4.9403 3.0 10.802785862780071 3.0
0.8054233554132927 2362.2689546230013 0.42857142857142855 0.8433504815211319 2534.661698498934 0.42857142857142855 t_swap_k 100 421.70426845550537 5.9805969999999995 4.01 8.137048335384614 4.9403 3.0 10.802785862780071 3.0
0.8054233554132927 2362.2689546230013 0.42857142857142855 0.8282688530705407 2514.810518749179 0.45 t_swap_r_k 100 450.2023823261261 5.9805969999999995 4.01 8.137048335384614 4.9403 3.0 11.76475800415227 3.0
0.8054233554132927 2362.2689546230013 0.42857142857142855 0.8282688530705405 2514.8105187491788 0.45 swap_t 100 453.8833770751953 5.9805969999999995 4.01 8.137048335384614 4.9403 3.9699999999999998 11.76475800415227 3.0
0.8054233554132927 2362.2689546230013 0.42857142857142855 0.8282688530705405 2514.8105187491788 0.45 t_swap_r_k 100 471.2634434700012 5.9805969999999995 4.01 8.137048335384614 4.9403 3.9699999999999998 12.687110424110747 3.0
0.8054233554132927 2362.2689546230013 0.42857142857142855 0.8370347144237429 2570.8880411022474 0.45714285714285713 move_t 100 484.91801023483276 5.9805969999999995 5.0099 8.137048335384614 4.9403 3.9699999999999998 12.687110424110747 3.0
0.8054233554132927 2362.2689546230013 0.42857142857142855 0.8570880331756601 2532.1700976375414 0.4 t_swap_r_k 100 520.6544075012207 5.9805969999999995 5.0099 8.137048335384614 4.9403 3.9699999999999998 13.60023931986964 3.0
0.8054233554132927 2362.2689546230013 0.42857142857142855 0.8511966824924015 2505.391740992893 0.4 t_swap_r_k 100 552.5391047000885 5.9805969999999995 5.0099 8.137048335384614 4.9403 3.9699999999999998 14.504236926670943 3.0
0.8054233554132927 2362.2689546230013 0.42857142857142855 0.8511737238962154 2505.287385725351 0.4 t_swap_r_k 100 591.6934716701508 5.9805969999999995 5.0099 8.137048335384614 4.9403 3.9699999999999998 15.399194557404234 3.0
0.8054233554132927 2362.2689546230013 0.42857142857142855 0.8511737238962154 2505.287385725351 0.4 swap_t 100 602.4507231712341 5.9805969999999995 5.0099 8.137048335384614 4.9403 4.9303 15.399194557404234 3.0
0.8054233554132927 2362.2689546230013 0.42857142857142855 0.8511737238962154 2505.287385725351 0.4 t_swap_r_k 100 634.204726934433 5.9805969999999995 5.0099 8.137048335384614 4.9403 4.9303 16.285202611830194 3.0
0.8054233554132927 2362.2689546230013 0.42857142857142855 0.8511737238962154 2505.287385725351 0.4 f_swap_t 100 650.9465615749359 5.9805969999999995 5.0099 8.137048335384614 5.890897 4.9303 16.285202611830194 3.0
0.8054233554132927 2362.2689546230013 0.42857142857142855 0.8511737238962154 2505.287385725351 0.4 f_swap_t 100 657.9947748184204 5.9805969999999995 5.0099 8.137048335384614 6.83198803 4.9303 16.285202611830194 3.0
0.8054233554132927 2362.2689546230013 0.42857142857142855 0.8416762367380499 2537.873944572323 0.43333333333333335 t_move_k 100 676.8208796977997 6.960791029999999 5.0099 8.137048335384614 6.83198803 4.9303 16.285202611830194 3.0
0.8054233554132927 2362.2689546230013 0.42857142857142855 0.8645338695487019 2717.526429110579 0.4666666666666667 t_move_k 100 694.0313634872437 8.0511831197 5.0099 8.137048335384614 6.83198803 4.9303 16.285202611830194 3.0
0.8054233554132927 2362.2689546230013 0.42857142857142855 0.8420738046663637 2653.3152361294087 0.48333333333333334 t_swap_k 100 707.1779420375824 8.0511831197 5.0099 9.115677852030768 6.83198803 4.9303 16.285202611830194 3.0
0.8054233554132927 2362.2689546230013 0.42857142857142855 0.8310722431348042 2673.654071173178 0.5142857142857142 t_multiswap_k 100 719.204939365387 8.0511831197 5.0099 9.115677852030768 6.83198803 4.9303 16.285202611830194 4.03
0.8054233554132927 2362.2689546230013 0.42857142857142855 0.8257160871168324 2649.308371213199 0.5142857142857142 f_swap_t 100 735.1694390773773 8.0511831197 5.0099 9.115677852030768 7.7636681497 4.9303 16.285202611830194 4.03
0.8054233554132927 2362.2689546230013 0.42857142857142855 0.8400130433223181 2643.9483175402343 0.48333333333333334 t_swap_r_k 100 772.408411026001 8.0511831197 5.0099 9.115677852030768 7.7636681497 4.9303 17.16235058571189 4.03
0.8054233554132927 2362.2689546230013 0.42857142857142855 0.8749708300925274 2771.5948998667923 0.4782608695652174 move_t 100 780.7709226608276 8.0511831197 6.019801 9.115677852030768 7.7636681497 4.9303 17.16235058571189 4.03
0.8054233554132927 2362.2689546230013 0.42857142857142855 0.8613465994253278 2729.389072803808 0.4782608695652174 swap_t 100 792.5237627029419 8.0511831197 6.019801 9.115677852030768 7.7636681497 5.880997 17.16235058571189 4.03
0.8054233554132927 2362.2689546230013 0.42857142857142855 0.8670140170505294 2755.149571300882 0.4782608695652174 t_move_k 100 799.6971669197083 9.010671288503 6.019801 9.115677852030768 7.7636681497 5.880997 17.16235058571189 4.03
0.8054233554132927 2362.2689546230013 0.42857142857142855 0.86662859805631 2764.9258073011724 0.48333333333333334 t_swap_k 100 816.6626975536346 9.010671288503 6.019801 10.09452107351046 7.7636681497 5.880997 17.16235058571189 4.03
0.8054233554132927 2362.2689546230013 0.42857142857142855 0.8623271403951099 2745.374099460932 0.48333333333333334 t_multiswap_k 100 829.2817764282227 9.010671288503 6.019801 10.09452107351046 7.7636681497 5.880997 17.16235058571189 4.9897
0.8054233554132927 2362.2689546230013 0.42857142857142855 0.9595392402152512 3170.05465723093 0.4782608695652174 swap_t 100 838.7602899074554 9.010671288503 6.019801 10.09452107351046 7.7636681497 6.93218703 17.16235058571189 4.9897
0.8054233554132927 2362.2689546230013 0.42857142857142855 0.940464797832256 3100.538504149192 0.48333333333333334 t_swap_k 100 850.0025436878204 9.010671288503 6.019801 11.153575862775355 7.7636681497 6.93218703 17.16235058571189 4.9897
0.8054233554132927 2362.2689546230013 0.42857142857142855 0.9846235334730506 3219.6620271123297 0.4666666666666667 move_t 100 872.4229681491852 9.010671288503 7.02960299 11.153575862775355 7.7636681497 6.93218703 17.16235058571189 4.9897
0.8054233554132927 2362.2689546230013 0.42857142857142855 0.9593891873116411 3186.556817776538 0.48333333333333334 f_swap_t 100 887.8928277492523 9.010671288503 7.02960299 11.153575862775355 8.716031468203 6.93218703 17.16235058571189 4.9897
0.8054233554132927 2362.2689546230013 0.42857142857142855 0.9470237550982039 3130.351378365571 0.48333333333333334 t_swap_r_k 100 905.6833784580231 9.010671288503 7.02960299 11.153575862775355 8.716031468203 6.93218703 18.030727079854774 4.9897
0.8054233554132927 2362.2689546230013 0.42857142857142855 0.9389422432163314 3099.029085513509 0.4857142857142857 t_move_k 100 918.710483789444 10.10056457561797 7.02960299 11.153575862775355 8.716031468203 6.93218703 18.030727079854774 4.9897
0.8054233554132927 2362.2689546230013 0.42857142857142855 0.9323214697663449 3068.93523399471 0.4857142857142857 t_swap_r_k 100 944.233827829361 10.10056457561797 7.02960299 11.153575862775355 8.716031468203 6.93218703 18.890419809056226 4.9897
0.8054233554132927 2362.2689546230013 0.42857142857142855 0.9814226214677224 3292.118035802604 0.4857142857142857 t_swap_k 100 968.7462034225464 10.10056457561797 7.02960299 12.132040104147602 8.716031468203 6.93218703 18.890419809056226 4.9897
0.8054233554132927 2362.2689546230013 0.42857142857142855 0.9648954578512602 3216.995995808661 0.4857142857142857 t_swap_k 100 982.6731014251709 10.10056457561797 7.02960299 13.080719703106126 8.716031468203 6.93218703 18.890419809056226 4.9897
0.8054233554132927 2362.2689546230013 0.42857142857142855 0.9563404012252119 3178.110115513249 0.4857142857142857 t_multiswap_k 100 989.839840888977 10.10056457561797 7.02960299 13.080719703106126 8.716031468203 6.93218703 18.890419809056226 5.939803
0.8054233554132927 2362.2689546230013 0.42857142857142855 0.9535700722459008 3165.5179509283416 0.4857142857142857 t_swap_k 100 1005.2914562225342 10.10056457561797 7.02960299 14.009912506075064 8.716031468203 6.93218703 18.890419809056226 5.939803
0.8054233554132927 2362.2689546230013 0.42857142857142855 0.9510854352953444 3154.224361737743 0.4857142857142857 t_swap_k 100 1029.9633028507233 10.10056457561797 7.02960299 14.899813381014313 8.716031468203 6.93218703 18.890419809056226 5.939803
0.8054233554132927 2362.2689546230013 0.42857142857142855 0.9650117811332004 3212.1135755926316 0.48333333333333334 t_swap_k 100 1045.7918293476105 10.10056457561797 7.02960299 15.82081524720417 8.716031468203 6.93218703 18.890419809056226 5.939803
0.8054233554132927 2362.2689546230013 0.42857142857142855 0.9599996269213852 3189.331490420996 0.48333333333333334 t_swap_k 100 1063.4111320972443 10.10056457561797 7.02960299 16.732607094732128 8.716031468203 6.93218703 18.890419809056226 5.939803
0.8054233554132927 2362.2689546230013 0.42857142857142855 0.98925248563673 3202.5451845452512 0.48333333333333334 swap_t 100 1089.0529210567474 10.10056457561797 7.02960299 16.732607094732128 8.716031468203 7.8728651597 18.890419809056226 5.939803
0.8054233554132927 2362.2689546230013 0.42857142857142855 0.973411066288516 3212.4133508912614 0.4666666666666667 t_swap_r_k 100 1111.9687330722809 10.10056457561797 7.02960299 16.732607094732128 8.716031468203 7.8728651597 19.741515610965664 5.939803
0.8054233554132927 2362.2689546230013 0.42857142857142855 0.9798239481004007 3241.562258418804 0.4666666666666667 f_swap_t 100 1132.6696162223816 10.10056457561797 7.02960299 16.732607094732128 9.638871153520968 7.8728651597 19.741515610965664 5.939803
0.8054233554132927 2362.2689546230013 0.42857142857142855 0.9692957514256046 3172.0631212229227 0.45714285714285713 t_multiswap_k 100 1138.6323039531708 10.10056457561797 7.02960299 16.732607094732128 9.638871153520968 7.8728651597 19.741515610965664 6.94040497
0.8054233554132927 2362.2689546230013 0.42857142857142855 0.9908107730047792 3226.6004611261474 0.45714285714285713 swap_t 100 1155.5891234874725 10.10056457561797 7.02960299 16.732607094732128 9.638871153520968 8.804136508103 19.741515610965664 6.94040497
0.8054233554132927 2362.2689546230013 0.42857142857142855 0.9935881755134158 3217.547299355711 0.42857142857142855 t_swap_r_k 100 1179.9142496585846 10.10056457561797 7.02960299 16.732607094732128 9.638871153520968 8.804136508103 20.584100454856006 6.94040497
0.8054233554132927 2362.2689546230013 0.42857142857142855 0.9909045854011205 3205.349394837939 0.42857142857142855 t_swap_k 100 1201.1977741718292 10.10056457561797 7.02960299 17.605281023784805 9.638871153520968 8.804136508103 20.584100454856006 6.94040497
0.8054233554132927 2362.2689546230013 0.42857142857142855 0.9760969484984503 3202.9770644965333 0.45714285714285713 t_swap_k 100 1225.0003259181976 10.10056457561797 7.02960299 18.529228213546958 9.638871153520968 8.804136508103 20.584100454856006 6.94040497
0.8054233554132927 2362.2689546230013 0.42857142857142855 0.9919366327684632 3274.9742578950486 0.45714285714285713 t_move_k 100 1249.455906867981 11.119558929861789 7.02960299 18.529228213546958 9.638871153520968 8.804136508103 20.584100454856006 6.94040497
0.8054233554132927 2362.2689546230013 0.42857142857142855 0.9758232848959394 3261.2558384095946 0.48333333333333334 t_multiswap_k 100 1261.0053281784058 11.119558929861789 7.02960299 18.529228213546958 9.638871153520968 8.804136508103 20.584100454856006 7.931000920300001
0.8054233554132927 2362.2689546230013 0.42857142857142855 0.9694815309836513 3232.430233358035 0.48333333333333334 f_swap_t 100 1302.1417441368103 11.119558929861789 7.02960299 18.529228213546958 10.542482441985758 8.804136508103 20.584100454856006 7.931000920300001
0.8054233554132927 2362.2689546230013 0.42857142857142855 0.9692831412724838 3231.5284791210365 0.48333333333333334 f_swap_t 100 1330.2541496753693 11.119558929861789 7.02960299 18.529228213546958 11.4370576175659 8.804136508103 20.584100454856006 7.931000920300001
0.8054233554132927 2362.2689546230013 0.42857142857142855 0.9608098231675011 3268.7702631693323 0.5166666666666667 t_move_k 100 1357.235944032669 12.168363340563172 7.02960299 18.529228213546958 11.4370576175659 8.804136508103 20.584100454856006 7.931000920300001
0.8054233554132927 2362.2689546230013 0.42857142857142855 0.9582308370150301 3370.6820211724485 0.5666666666666667 t_swap_k 100 1373.303828239441 12.168363340563172 7.02960299 19.56393593141149 11.4370576175659 8.804136508103 20.584100454856006 7.931000920300001
0.8054233554132927 2362.2689546230013 0.42857142857142855 0.9369673758868536 3274.0317662134285 0.5666666666666667 t_multiswap_k 100 1382.4490242004395 12.168363340563172 7.02960299 19.56393593141149 11.4370576175659 8.804136508103 20.584100454856006 8.851690911097
0.8054233554132927 2362.2689546230013 0.42857142857142855 0.9242928357780977 3216.4213176784847 0.5666666666666667 move_t 100 1393.0164437294006 12.168363340563172 8.0493069601 19.56393593141149 11.4370576175659 8.804136508103 20.584100454856006 8.851690911097
0.8054233554132927 2362.2689546230013 0.42857142857142855 0.9201647971702237 3197.657863247117 0.5666666666666667 t_swap_k 100 1420.9806361198425 12.168363340563172 8.0493069601 20.398296572097376 11.4370576175659 8.804136508103 20.584100454856006 8.851690911097
0.8054233554132927 2362.2689546230013 0.42857142857142855 0.9695869677708389 3195.031416008038 0.4666666666666667 t_swap_r_k 100 1447.8203077316284 12.168363340563172 8.0493069601 20.398296572097376 11.4370576175659 8.804136508103 21.418259450307445 8.851690911097
0.8054233554132927 2362.2689546230013 0.42857142857142855 0.9478631321846542 3209.9227887706465 0.5166666666666667 t_move_k 100 1464.7741153240204 13.19667970715754 8.0493069601 20.398296572097376 11.4370576175659 8.804136508103 21.418259450307445 8.851690911097
0.8054233554132927 2362.2689546230013 0.42857142857142855 0.9528580113382976 3156.870219757488 0.48333333333333334 t_swap_r_k 100 1489.663955450058 13.19667970715754 8.0493069601 20.398296572097376 11.4370576175659 8.804136508103 22.24407685580437 8.851690911097
0.8054233554132927 2362.2689546230013 0.42857142857142855 0.949254987038758 3140.4931485424636 0.48333333333333334 move_t 100 1500.031935930252 13.19667970715754 9.028813890498999 20.398296572097376 11.4370576175659 8.804136508103 22.24407685580437 8.851690911097
0.8054233554132927 2362.2689546230013 0.42857142857142855 0.9408486403441579 3140.1612759494124 0.5 t_move_k 100 1515.182460784912 14.124712910085965 9.028813890498999 20.398296572097376 11.4370576175659 8.804136508103 22.24407685580437 8.851690911097
0.8054233554132927 2362.2689546230013 0.42857142857142855 0.9406145236579588 3139.09712946475 0.5 t_swap_r_k 100 1545.4460518360138 14.124712910085965 9.028813890498999 20.398296572097376 11.4370576175659 8.804136508103 23.061636087246324 8.851690911097
0.8054233554132927 2362.2689546230013 0.42857142857142855 0.9372379298463207 3161.6273344793262 0.5166666666666667 f_swap_t 100 1569.2322099208832 14.124712910085965 9.028813890498999 20.398296572097376 12.35268704139024 8.804136508103 23.061636087246324 8.851690911097
0.8054233554132927 2362.2689546230013 0.42857142857142855 0.9304638219871424 3152.7659284806 0.5263157894736842 t_move_k 100 1585.0105679035187 15.043465780985105 9.028813890498999 20.398296572097376 12.35268704139024 8.804136508103 23.061636087246324 8.851690911097
0.8054233554132927 2362.2689546230013 0.42857142857142855 0.9235042991021354 3121.1323361329396 0.5263157894736842 t_move_k 100 1593.8729524612427 16.013031123175253 9.028813890498999 20.398296572097376 12.35268704139024 8.804136508103 23.061636087246324 8.851690911097
0.8054233554132927 2362.2689546230013 0.42857142857142855 0.9178109996217931 3111.202854594171 0.5333333333333333 t_move_k 100 1617.930609703064 16.9129008119435 9.028813890498999 20.398296572097376 12.35268704139024 8.804136508103 23.061636087246324 8.851690911097
0.8054233554132927 2362.2689546230013 0.42857142857142855 0.9165194673064823 3105.3323649871336 0.5333333333333333 swap_t 100 1637.6991937160492 16.9129008119435 9.028813890498999 20.398296572097376 12.35268704139024 9.716095143021969 23.061636087246324 8.851690911097
0.8054233554132927 2362.2689546230013 0.42857142857142855 0.9163210775953148 3104.4306107501347 0.5333333333333333 t_swap_r_k 100 1678.7590250968933 16.9129008119435 9.028813890498999 20.398296572097376 12.35268704139024 9.716095143021969 23.87101972637386 8.851690911097
0.8054233554132927 2362.2689546230013 0.42857142857142855 0.9246544109286481 3104.4306107501347 0.5166666666666667 t_swap_r_k 100 1706.372786283493 16.9129008119435 9.028813890498999 20.398296572097376 12.35268704139024 9.716095143021969 24.67230952911012 8.851690911097
0.8054233554132927 2362.2689546230013 0.42857142857142855 0.9246544109286481 3104.4306107501347 0.5166666666666667 t_multiswap_k 100 1713.4175336360931 16.9129008119435 9.028813890498999 20.398296572097376 12.35268704139024 9.716095143021969 24.67230952911012 9.76317400198603
0.8054233554132927 2362.2689546230013 0.42857142857142855 0.9246544109286481 3104.4306107501347 0.5166666666666667 t_multiswap_k 100 1723.6064155101776 16.9129008119435 9.028813890498999 20.398296572097376 12.35268704139024 9.716095143021969 24.67230952911012 10.66554226196617
0.8054233554132927 2362.2689546230013 0.42857142857142855 0.9240423888549969 3139.5268115693584 0.5333333333333333 t_move_k 100 1739.2018389701843 17.773771803824065 9.028813890498999 20.398296572097376 12.35268704139024 9.716095143021969 24.67230952911012 10.66554226196617
0.8054233554132927 2362.2689546230013 0.42857142857142855 0.9193625032905182 3118.255009661881 0.5333333333333333 t_swap_k 100 1759.5825109481812 17.773771803824065 9.028813890498999 21.224313606376402 12.35268704139024 9.716095143021969 24.67230952911012 10.66554226196617
0.8054233554132927 2362.2689546230013 0.42857142857142855 0.9167421392550943 3106.344490928242 0.5333333333333333 swap_t 100 1771.8791341781616 17.773771803824065 9.028813890498999 21.224313606376402 12.35268704139024 10.618934191591748 24.67230952911012 10.66554226196617
0.8054233554132927 2362.2689546230013 0.42857142857142855 0.9165378596788141 3105.415965087063 0.5333333333333333 t_move_k 100 1785.9420347213745 18.596034085785824 9.028813890498999 21.224313606376402 12.35268704139024 10.618934191591748 24.67230952911012 10.66554226196617
0.8054233554132927 2362.2689546230013 0.42857142857142855 0.9167793836063132 3144.3918465534375 0.55 t_swap_k 100 1799.6043448448181 18.596034085785824 9.028813890498999 22.14207047031264 12.35268704139024 10.618934191591748 24.67230952911012 10.66554226196617
0.8054233554132927 2362.2689546230013 0.42857142857142855 0.9103075588069148 3114.9750214589053 0.55 t_swap_r_k 100 1836.9135394096375 18.596034085785824 9.028813890498999 22.14207047031264 12.35268704139024 10.618934191591748 25.46558643381902 10.66554226196617
0.8054233554132927 2362.2689546230013 0.42857142857142855 0.9083221912426088 3105.950795340643 0.55 swap_t 100 1844.7379846572876 18.596034085785824 9.028813890498999 22.14207047031264 12.35268704139024 11.51274484967583 25.46558643381902 10.66554226196617
0.8054233554132927 2362.2689546230013 0.42857142857142855 0.9083221912426088 3105.950795340643 0.55 t_swap_r_k 100 1881.5783951282501 18.596034085785824 9.028813890498999 22.14207047031264 12.35268704139024 11.51274484967583 26.25093056948083 10.66554226196617
0.8054233554132927 2362.2689546230013 0.42857142857142855 0.9083221912426088 3105.950795340643 0.55 t_swap_r_k 100 1911.3023989200592 18.596034085785824 9.028813890498999 22.14207047031264 12.35268704139024 11.51274484967583 27.028421263786022 10.66554226196617
0.8054233554132927 2362.2689546230013 0.42857142857142855 0.9083221912426088 3105.950795340643 0.55 t_move_k 100 1929.4161124229431 19.410073744927967 9.028813890498999 22.14207047031264 12.35268704139024 11.51274484967583 27.028421263786022 10.66554226196617
0.8054233554132927 2362.2689546230013 0.42857142857142855 0.9277599820251311 3194.3027068025744 0.55 f_swap_t 100 1944.7943422794342 19.410073744927967 9.028813890498999 22.14207047031264 13.239160170976337 11.51274484967583 27.028421263786022 10.66554226196617
0.8054233554132927 2362.2689546230013 0.42857142857142855 0.9351061368126009 3227.693683412518 0.55 t_swap_k 100 1971.0622265338898 19.410073744927967 9.028813890498999 23.090649765609513 13.239160170976337 11.51274484967583 27.028421263786022 10.66554226196617
0.8054233554132927 2362.2689546230013 0.42857142857142855 0.9257774943585542 3185.291570879182 0.55 swap_t 100 1981.1299560070038 19.410073744927967 9.028813890498999 23.090649765609513 13.239160170976337 12.39761740117907 27.028421263786022 10.66554226196617
0.8054233554132927 2362.2689546230013 0.42857142857142855 0.9249675815137154 3181.610218982781 0.55 t_swap_k 100 2000.7559533119202 19.410073744927967 9.028813890498999 23.859743267953416 13.239160170976337 12.39761740117907 27.028421263786022 10.66554226196617
0.8054233554132927 2362.2689546230013 0.42857142857142855 0.9248313949745499 3180.991201050894 0.55 move_t 100 2012.9192488193512 19.410073744927967 9.938525751594009 23.859743267953416 13.239160170976337 12.39761740117907 27.028421263786022 10.66554226196617
0.8054233554132927 2362.2689546230013 0.42857142857142855 0.9588204507811121 3335.483966349933 0.55 f_swap_t 100 2025.223586320877 19.410073744927967 9.938525751594009 23.859743267953416 14.156768569266573 12.39761740117907 27.028421263786022 10.66554226196617
0.8054233554132927 2362.2689546230013 0.42857142857142855 0.9840073237596256 3433.734114827828 0.5428571428571428 move_t 100 2049.890602827072 19.410073744927967 10.92914049407807 23.859743267953416 14.156768569266573 12.39761740117907 27.028421263786022 10.66554226196617
0.8054233554132927 2362.2689546230013 0.42857142857142855 0.965199508384474 3364.200992153478 0.5428571428571428 swap_t 100 2056.059693336487 19.410073744927967 10.92914049407807 23.859743267953416 14.156768569266573 13.33364122716728 27.028421263786022 10.66554226196617
0.8054233554132927 2362.2689546230013 0.42857142857142855 0.9605874465563553 3327.2821553297763 0.5428571428571428 t_multiswap_k 100 2069.3364906311035 19.410073744927967 10.92914049407807 23.859743267953416 14.156768569266573 13.33364122716728 27.028421263786022 11.558886839346508
0.8054233554132927 2362.2689546230013 0.42857142857142855 0.9545023320405019 3299.6230707683862 0.5428571428571428 f_swap_t 100 2090.8423318862915 19.410073744927967 10.92914049407807 23.859743267953416 15.075200883573908 13.33364122716728 27.028421263786022 11.558886839346508
0.8054233554132927 2362.2689546230013 0.42857142857142855 0.9616781383623176 3332.2397509202838 0.5428571428571428 t_multiswap_k 100 2111.826860189438 19.410073744927967 10.92914049407807 23.859743267953416 15.075200883573908 13.33364122716728 27.028421263786022 12.453297970953043
0.8054233554132927 2362.2689546230013 0.42857142857142855 0.9578160835652447 3314.6852907807647 0.5428571428571428 t_swap_r_k 100 2140.271824121475 19.410073744927967 10.92914049407807 23.859743267953416 15.075200883573908 13.33364122716728 27.798137051148164 12.453297970953043
0.8054233554132927 2362.2689546230013 0.42857142857142855 0.9531029548466146 3293.262386505474 0.5428571428571428 t_move_k 100 2154.6076843738556 20.395973007478688 10.92914049407807 23.859743267953416 15.075200883573908 13.33364122716728 27.798137051148164 12.453297970953043
0.8054233554132927 2362.2689546230013 0.42857142857142855 0.9495625815474806 3277.170087140439 0.5428571428571428 t_move_k 100 2170.299476146698 21.192013277403902 10.92914049407807 23.859743267953416 15.075200883573908 13.33364122716728 27.798137051148164 12.453297970953043
0.8054233554132927 2362.2689546230013 0.42857142857142855 0.9495625815474806 3277.170087140439 0.5428571428571428 t_move_k 100 2181.881849527359 21.980093144629862 10.92914049407807 23.859743267953416 15.075200883573908 13.33364122716728 27.798137051148164 12.453297970953043
0.8054233554132927 2362.2689546230013 0.42857142857142855 0.9451302223389573 3251.163164935094 0.5428571428571428 swap_t 100 2190.929979324341 21.980093144629862 10.92914049407807 23.859743267953416 15.075200883573908 14.230304814895607 27.798137051148164 12.453297970953043
0.8054233554132927 2362.2689546230013 0.42857142857142855 0.9879382039774737 3256.7999277728213 0.45714285714285713 t_swap_r_k 100 2226.8874003887177 21.980093144629862 10.92914049407807 23.859743267953416 15.075200883573908 14.230304814895607 28.59015568063668 12.453297970953043
0.8054233554132927 2362.2689546230013 0.42857142857142855 0.9817268979799951 3265.484445485914 0.45714285714285713 move_t 100 2240.386525630951 21.980093144629862 11.849849089137289 23.859743267953416 15.075200883573908 14.230304814895607 28.59015568063668 12.453297970953043
0.8054233554132927 2362.2689546230013 0.42857142857142855 0.9799588711293707 3242.1755332319303 0.4666666666666667 t_swap_r_k 100 2289.7915341854095 21.980093144629862 11.849849089137289 23.859743267953416 15.075200883573908 14.230304814895607 29.344254123830314 12.453297970953043
0.8054233554132927 2362.2689546230013 0.42857142857142855 0.9969428967386986 3281.496112746569 0.45 t_move_k 100 2302.2062430381775 22.790292213183562 11.849849089137289 23.859743267953416 15.075200883573908 14.230304814895607 29.344254123830314 12.453297970953043
0.8054233554132927 2362.2689546230013 0.42857142857142855 0.9832384829860071 3219.2045095462613 0.45 t_swap_k 100 2323.1831924915314 22.790292213183562 11.849849089137289 24.691145835273883 15.075200883573908 14.230304814895607 29.344254123830314 12.453297970953043
0.8054233554132927 2362.2689546230013 0.42857142857142855 1.0016363840906017 3263.5689160287125 0.43333333333333335 swap_t 100 2331.117433786392 22.790292213183562 11.849849089137289 24.691145835273883 15.075200883573908 15.098001766746652 29.344254123830314 12.453297970953043
0.8054233554132927 2362.2689546230013 0.42857142857142855 0.9985231027416731 3250.800664140367 0.43333333333333335 t_swap_r_k 100 2358.863712787628 22.790292213183562 11.849849089137289 24.691145835273883 15.075200883573908 15.098001766746652 30.09081158259201 12.453297970953043
0.8054233554132927 2362.2689546230013 0.42857142857142855 1.0230447937354685 3400.138839085648 0.45 t_swap_k 100 2381.305897951126 22.790292213183562 11.849849089137289 25.604234376921145 15.075200883573908 15.098001766746652 30.09081158259201 12.453297970953043
0.8054233554132927 2362.2689546230013 0.42857142857142855 1.0394594938224375 3474.749690955815 0.45 f_swap_t 100 2406.8070788383484 22.790292213183562 11.849849089137289 25.604234376921145 15.93444887473817 15.098001766746652 30.09081158259201 12.453297970953043
0.8054233554132927 2362.2689546230013 0.42857142857142855 1.0298247542611176 3468.8343207824473 0.4666666666666667 f_swap_t 100 2427.8813242912292 22.790292213183562 11.849849089137289 25.604234376921145 16.83510438599079 15.098001766746652 30.09081158259201 12.453297970953043
0.8054233554132927 2362.2689546230013 0.42857142857142855 1.0403620809042633 3478.8522813598565 0.45 t_swap_k 100 2447.1780440807343 22.790292213183562 11.849849089137289 26.518192033151934 16.83510438599079 15.098001766746652 30.09081158259201 12.453297970953043
0.8054233554132927 2362.2689546230013 0.42857142857142855 1.036467488541376 3499.02799235557 0.4666666666666667 t_move_k 100 2462.841828107834 23.832389291051726 11.849849089137289 26.518192033151934 16.83510438599079 15.098001766746652 30.09081158259201 12.453297970953043
0.8054233554132927 2362.2689546230013 0.42857142857142855 1.0271440172220188 3456.6493845321747 0.4666666666666667 t_multiswap_k 100 2473.413498401642 23.832389291051726 11.849849089137289 26.518192033151934 16.83510438599079 15.098001766746652 30.09081158259201 13.358764991243513
0.8054233554132927 2362.2689546230013 0.42857142857142855 1.0221038445810366 3449.68860480372 0.47368421052631576 t_swap_r_k 100 2515.022483587265 23.832389291051726 11.849849089137289 26.518192033151934 16.83510438599079 15.098001766746652 30.85990346676609 13.358764991243513
0.8054233554132927 2362.2689546230013 0.42857142857142855 1.020392077541015 3441.907993742742 0.47368421052631576 t_swap_r_k 100 2550.359549999237 23.832389291051726 11.849849089137289 26.518192033151934 16.83510438599079 15.098001766746652 31.59130443209843 13.358764991243513
0.8054233554132927 2362.2689546230013 0.42857142857142855 1.0121366625939463 3404.3840951348434 0.47368421052631576 t_move_k 100 2570.555071115494 24.65406539814121 11.849849089137289 26.518192033151934 16.83510438599079 15.098001766746652 31.59130443209843 13.358764991243513
0.8054233554132927 2362.2689546230013 0.42857142857142855 1.042798602897216 3483.9464230461617 0.4473684210526316 f_swap_t 100 2602.061145067215 24.65406539814121 11.849849089137289 26.518192033151934 17.67675334213088 15.098001766746652 31.59130443209843 13.358764991243513
0.8054233554132927 2362.2689546230013 0.42857142857142855 1.0261769590118779 3523.4255614810736 0.5 move_t 100 2614.198250770569 24.65406539814121 12.851350598245915 26.518192033151934 17.67675334213088 15.098001766746652 31.59130443209843 13.358764991243513
0.8054233554132927 2362.2689546230013 0.42857142857142855 1.0206495680939933 3502.885856228004 0.5 t_swap_r_k 100 2642.2927181720734 24.65406539814121 12.851350598245915 26.518192033151934 17.67675334213088 15.098001766746652 32.315391387777446 13.358764991243513
0.8054233554132927 2362.2689546230013 0.42857142857142855 1.0214162020032553 3506.370489437233 0.5 t_move_k 100 2655.747179746628 25.447524744159796 12.851350598245915 26.518192033151934 17.67675334213088 15.098001766746652 32.315391387777446 13.358764991243513
0.8054233554132927 2362.2689546230013 0.42857142857142855 1.018578301962863 3493.4711895161727 0.5 f_swap_t 100 2673.5242223739624 25.447524744159796 12.851350598245915 26.518192033151934 18.49998580870957 15.098001766746652 32.315391387777446 13.358764991243513
0.8054233554132927 2362.2689546230013 0.42857142857142855 1.0168374741953636 3485.5584867555863 0.5 f_swap_t 100 2687.6263616085052 25.447524744159796 12.851350598245915 26.518192033151934 19.344985950622476 15.098001766746652 32.315391387777446 13.358764991243513
0.8054233554132927 2362.2689546230013 0.42857142857142855 1.0122176203287956 3464.5595510044577 0.5 t_move_k 100 2704.755047082901 26.2830494967182 12.851350598245915 26.518192033151934 19.344985950622476 15.098001766746652 32.315391387777446 13.358764991243513
0.8054233554132927 2362.2689546230013 0.42857142857142855 1.008142498315153 3446.0366219651314 0.5 t_move_k 100 2718.9291598796844 27.050219001751017 12.851350598245915 26.518192033151934 19.344985950622476 15.098001766746652 32.315391387777446 13.358764991243513
0.8054233554132927 2362.2689546230013 0.42857142857142855 1.016787150593117 3485.329747466236 0.5 move_t 100 2734.8643815517426 27.050219001751017 13.782837092263456 26.518192033151934 19.344985950622476 15.098001766746652 32.315391387777446 13.358764991243513
0.8054233554132927 2362.2689546230013 0.42857142857142855 1.0086341042970823 3448.271152044992 0.5 t_swap_k 100 2756.491522550583 27.050219001751017 13.782837092263456 27.283010112820413 19.344985950622476 15.098001766746652 32.315391387777446 13.358764991243513
0.8054233554132927 2362.2689546230013 0.42857142857142855 1.0068032594415484 3439.9492884964793 0.5 t_swap_k 100 2775.209060907364 27.050219001751017 13.782837092263456 28.01018001169221 19.344985950622476 15.098001766746652 32.315391387777446 13.358764991243513
0.8054233554132927 2362.2689546230013 0.42857142857142855 1.0348222923998946 3529.4280368684003 0.48333333333333334 t_move_k 100 2791.0758380889893 27.799716811733507 13.782837092263456 28.01018001169221 19.344985950622476 15.098001766746652 32.315391387777446 13.358764991243513
0.8054233554132927 2362.2689546230013 0.42857142857142855 1.0087128690761191 3448.629166948107 0.5 t_move_k 100 2800.346526861191 28.641719643616174 13.782837092263456 28.01018001169221 19.344985950622476 15.098001766746652 32.315391387777446 13.358764991243513
0.8054233554132927 2362.2689546230013 0.42857142857142855 0.9915218207987708 3370.489526886554 0.5 t_multiswap_k 100 2806.3921098709106 28.641719643616174 13.782837092263456 28.01018001169221 19.344985950622476 15.098001766746652 32.315391387777446 14.285177341331078
0.8054233554132927 2362.2689546230013 0.42857142857142855 0.9897396111907588 3362.38872843392 0.5 t_swap_r_k 100 2834.5673384666443 28.641719643616174 13.782837092263456 28.01018001169221 19.344985950622476 15.098001766746652 33.03223747389967 14.285177341331078
0.8054233554132927 2362.2689546230013 0.42857142857142855 0.9968824683336159 3362.38872843392 0.4857142857142857 t_swap_r_k 100 2873.012401819229 28.641719643616174 13.782837092263456 28.01018001169221 19.344985950622476 15.098001766746652 33.74191509916067 14.285177341331078
0.8054233554132927 2362.2689546230013 0.42857142857142855 0.9968824683336159 3362.38872843392 0.4857142857142857 t_swap_r_k 100 2913.6377964019775 28.641719643616174 13.782837092263456 28.01018001169221 19.344985950622476 15.098001766746652 34.44449594816906 14.285177341331078
0.8054233554132927 2362.2689546230013 0.42857142857142855 0.9853046966919541 3374.697324169317 0.5142857142857142 swap_t 100 2925.038655281067 28.641719643616174 13.782837092263456 28.01018001169221 19.344985950622476 15.977021749079185 34.44449594816906 14.285177341331078
0.8054233554132927 2362.2689546230013 0.42857142857142855 0.9837966400101628 3367.842651644032 0.5142857142857142 t_swap_k 100 2953.519212961197 28.641719643616174 13.782837092263456 28.79007821157529 19.344985950622476 15.977021749079185 34.44449594816906 14.285177341331078
0.8054233554132927 2362.2689546230013 0.42857142857142855 0.9775177827291237 3339.3029349250273 0.5142857142857142 f_swap_t 100 2965.873518228531 28.641719643616174 13.782837092263456 28.79007821157529 20.25153609111625 15.977021749079185 34.44449594816906 14.285177341331078
0.8054233554132927 2362.2689546230013 0.42857142857142855 0.9729492690832607 3318.537359368218 0.5142857142857142 t_swap_r_k 100 3006.443049430847 28.641719643616174 13.782837092263456 28.79007821157529 20.25153609111625 15.977021749079185 35.14005098868737 14.285177341331078
0.8054233554132927 2362.2689546230013 0.42857142857142855 0.9622231020263138 3269.7829832796874 0.5142857142857142 t_move_k 100 3025.029805660248 29.445302447180012 13.782837092263456 28.79007821157529 20.25153609111625 15.977021749079185 35.14005098868737 14.285177341331078
0.8054233554132927 2362.2689546230013 0.42857142857142855 0.9595761790504721 3257.751744389186 0.5142857142857142 move_t 100 3035.1745069026947 29.445302447180012 14.705008721340821 28.79007821157529 20.25153609111625 15.977021749079185 35.14005098868737 14.285177341331078
0.8054233554132927 2362.2689546230013 0.42857142857142855 0.9576330447128801 3248.9194838265335 0.5142857142857142 t_swap_r_k 100 3058.1120529174805 29.445302447180012 14.705008721340821 28.79007821157529 20.25153609111625 15.977021749079185 35.8286504788005 14.285177341331078
0.8054233554132927 2362.2689546230013 0.42857142857142855 0.9575941960561782 3248.7429023870195 0.5142857142857142 t_multiswap_k 100 3071.5274069309235 29.445302447180012 14.705008721340821 28.79007821157529 20.25153609111625 15.977021749079185 35.8286504788005 15.142325567917768
0.8054233554132927 2362.2689546230013 0.42857142857142855 0.9528890463960067 3270.6454845477515 0.5333333333333333 t_multiswap_k 100 3083.4017548561096 29.445302447180012 14.705008721340821 28.79007821157529 20.25153609111625 15.977021749079185 35.8286504788005 16.05090231223859
0.8054233554132927 2362.2689546230013 0.42857142857142855 0.9519998644123269 3266.6038252473404 0.5333333333333333 move_t 100 3092.625890016556 29.445302447180012 15.557958634127413 28.79007821157529 20.25153609111625 15.977021749079185 35.8286504788005 16.05090231223859
0.8054233554132927 2362.2689546230013 0.42857142857142855 0.9519998644123269 3266.6038252473404 0.5333333333333333 f_swap_t 100 3112.576310157776 29.445302447180012 15.557958634127413 28.79007821157529 21.049020730205086 15.977021749079185 35.8286504788005 16.05090231223859
0.8054233554132927 2362.2689546230013 0.42857142857142855 0.9519998644123269 3266.6038252473404 0.5333333333333333 t_swap_r_k 100 3138.138397693634 29.445302447180012 15.557958634127413 28.79007821157529 21.049020730205086 15.977021749079185 36.51036397401249 16.05090231223859
0.8054233554132927 2362.2689546230013 0.42857142857142855 0.9680917046613173 3377.6252266983834 0.55 move_t 100 3152.1270875930786 29.445302447180012 16.52237904778614 28.79007821157529 21.049020730205086 15.977021749079185 36.51036397401249 16.05090231223859
0.8054233554132927 2362.2689546230013 0.42857142857142855 0.9637496442739208 3357.888964527347 0.55 f_swap_t 100 3172.821486234665 29.445302447180012 16.52237904778614 28.79007821157529 21.878530522903034 15.977021749079185 36.51036397401249 16.05090231223859
0.8054233554132927 2362.2689546230013 0.42857142857142855 0.9536387447691734 3311.9312058582304 0.55 t_swap_k 100 3189.9559469223022 29.445302447180012 16.52237904778614 29.562177429459535 21.878530522903034 15.977021749079185 36.51036397401249 16.05090231223859
0.8054233554132927 2362.2689546230013 0.42857142857142855 0.9457939296014264 3276.27363433219 0.55 move_t 100 3205.7986764907837 29.445302447180012 17.387155257308276 29.562177429459535 21.878530522903034 15.977021749079185 36.51036397401249 16.05090231223859
0.8054233554132927 2362.2689546230013 0.42857142857142855 0.9448856707460926 3272.1452636305607 0.55 t_swap_r_k 100 3227.7667212486267 29.445302447180012 17.387155257308276 29.562177429459535 21.878530522903034 15.977021749079185 37.185260334272364 16.05090231223859
0.8054233554132927 2362.2689546230013 0.42857142857142855 0.9493842553368709 3292.592985900821 0.55 move_t 100 3244.8967673778534 29.445302447180012 18.22328370473519 29.562177429459535 21.878530522903034 15.977021749079185 37.185260334272364 16.05090231223859
0.8054233554132927 2362.2689546230013 0.42857142857142855 0.9457166273002791 3275.9222669292176 0.55 swap_t 100 3257.7763414382935 29.445302447180012 18.22328370473519 29.562177429459535 21.878530522903034 16.817251531588393 37.185260334272364 16.05090231223859
0.8054233554132927 2362.2689546230013 0.42857142857142855 0.9457166273002791 3275.9222669292176 0.55 t_swap_r_k 100 3279.7135882377625 29.445302447180012 18.22328370473519 29.562177429459535 21.878530522903034 16.817251531588393 37.85340773092964 16.05090231223859
0.8054233554132927 2362.2689546230013 0.42857142857142855 0.9325137641430203 3253.7884620808013 0.5666666666666667 t_move_k 100 3309.1678285598755 30.32084942270821 18.22328370473519 29.562177429459535 21.878530522903034 16.817251531588393 37.85340773092964 16.05090231223859
0.8054233554132927 2362.2689546230013 0.42857142857142855 0.9327854108401024 3255.0231962745193 0.5666666666666667 f_swap_t 100 3329.8820242881775 30.32084942270821 18.22328370473519 29.562177429459535 22.699745217674003 16.817251531588393 37.85340773092964 16.05090231223859
0.8054233554132927 2362.2689546230013 0.42857142857142855 0.9399500432573351 3287.5890869185223 0.5666666666666667 f_swap_t 100 3361.642525911331 30.32084942270821 18.22328370473519 29.562177429459535 23.482747765497262 16.817251531588393 37.85340773092964 16.05090231223859
0.8054233554132927 2362.2689546230013 0.42857142857142855 0.9308407799462605 3246.184133313036 0.5666666666666667 t_swap_r_k 100 3391.773414373398 30.32084942270821 18.22328370473519 29.562177429459535 23.482747765497262 16.817251531588393 38.51487365362034 16.05090231223859
0.8054233554132927 2362.2689546230013 0.42857142857142855 0.9287387633636501 3236.6296944842525 0.5666666666666667 t_swap_r_k 100 3424.5751810073853 30.32084942270821 18.22328370473519 29.562177429459535 23.482747765497262 16.817251531588393 39.16972491708414 16.05090231223859
0.8054233554132927 2362.2689546230013 0.42857142857142855 0.9091911612125065 3175.688804094123 0.5789473684210527 t_move_k 100 3442.720670223236 31.10764092848113 18.22328370473519 29.562177429459535 23.482747765497262 16.817251531588393 39.16972491708414 16.05090231223859
0.8054233554132927 2362.2689546230013 0.42857142857142855 0.9039397976920465 3161.787336790823 0.5833333333333334 t_swap_k 100 3469.5935111045837 31.10764092848113 18.22328370473519 30.35655565516494 23.482747765497262 16.817251531588393 39.16972491708414 16.05090231223859
0.8054233554132927 2362.2689546230013 0.42857142857142855 0.8993468179872397 3140.9105539935504 0.5833333333333334 f_swap_t 100 3482.2037913799286 31.10764092848113 18.22328370473519 30.35655565516494 24.247920287842287 16.817251531588393 39.16972491708414 16.05090231223859
0.8054233554132927 2362.2689546230013 0.42857142857142855 0.9029610785122135 3195.2167643320954 0.6 move_t 100 3495.3982586860657 31.10764092848113 19.11105086768784 30.35655565516494 24.247920287842287 16.817251531588393 39.16972491708414 16.05090231223859
0.8054233554132927 2362.2689546230013 0.42857142857142855 0.8953075465727982 3160.428645463653 0.6 t_move_k 100 3510.7584006786346 31.85656451919632 19.11105086768784 30.35655565516494 24.247920287842287 16.817251531588393 39.16972491708414 16.05090231223859
0.8054233554132927 2362.2689546230013 0.42857142857142855 0.9429547894139143 3312.0690685004056 0.5714285714285714 f_swap_t 100 3526.289391040802 31.85656451919632 19.11105086768784 30.35655565516494 25.025441084963866 16.817251531588393 39.16972491708414 16.05090231223859
0.8054233554132927 2362.2689546230013 0.42857142857142855 0.926972801529334 3239.4250528114544 0.5714285714285714 t_move_k 100 3542.225026845932 32.56799887400435 19.11105086768784 30.35655565516494 25.025441084963866 16.817251531588393 39.16972491708414 16.05090231223859
0.8054233554132927 2362.2689546230013 0.42857142857142855 0.9099268377274632 3226.8787030954372 0.6 t_multiswap_k 100 3553.1943373680115 32.56799887400435 19.11105086768784 30.35655565516494 25.025441084963866 16.817251531588393 39.16972491708414 16.980393289116204
0.8054233554132927 2362.2689546230013 0.42857142857142855 0.9063127825806176 3210.4514926204815 0.6 t_swap_k 100 3567.041028738022 32.56799887400435 19.11105086768784 31.05299009861329 25.025441084963866 16.817251531588393 39.16972491708414 16.980393289116204
0.8054233554132927 2362.2689546230013 0.42857142857142855 0.904391193878713 3201.717164899989 0.6 t_multiswap_k 100 3573.6820096969604 32.56799887400435 19.11105086768784 31.05299009861329 25.025441084963866 16.817251531588393 39.16972491708414 17.840589356225042
0.8054233554132927 2362.2689546230013 0.42857142857142855 0.899083136901849 3215.468159124857 0.6166666666666667 f_swap_t 100 3594.680436372757 32.56799887400435 19.11105086768784 31.05299009861329 25.80518667411423 16.817251531588393 39.16972491708414 17.840589356225042
0.8054233554132927 2362.2689546230013 0.42857142857142855 0.9258148867692075 3299.095732177837 0.6 t_swap_k 100 3606.040156364441 32.56799887400435 19.11105086768784 31.782460197627156 25.80518667411423 16.817251531588393 39.16972491708414 17.840589356225042
0.8054233554132927 2362.2689546230013 0.42857142857142855 0.9710407758034556 3456.8180606764927 0.5789473684210527 f_swap_t 100 3627.570784807205 32.56799887400435 19.11105086768784 31.782460197627156 26.627134807373086 16.817251531588393 39.16972491708414 17.840589356225042
0.8054233554132927 2362.2689546230013 0.42857142857142855 0.9421193918915245 3385.1672020212554 0.6052631578947368 t_move_k 100 3644.156304359436 33.39231888526431 19.11105086768784 31.782460197627156 26.627134807373086 16.817251531588393 39.16972491708414 17.840589356225042
0.8054233554132927 2362.2689546230013 0.42857142857142855 0.9494261061631861 3418.3789069742656 0.6052631578947368 swap_t 100 3649.4491107463837 33.39231888526431 19.11105086768784 31.782460197627156 26.627134807373086 17.65907901627251 39.16972491708414 17.840589356225042
0.8054233554132927 2362.2689546230013 0.42857142857142855 0.9491450033376863 3357.2937180219915 0.5789473684210527 t_move_k 100 3661.0180180072784 34.128395696411665 19.11105086768784 31.782460197627156 26.627134807373086 17.65907901627251 39.16972491708414 17.840589356225042
0.8054233554132927 2362.2689546230013 0.42857142857142855 0.9388087406176171 3310.3116006142895 0.5789473684210527 f_swap_t 100 3673.3288509845734 34.128395696411665 19.11105086768784 31.782460197627156 27.390863459299354 17.65907901627251 39.16972491708414 17.840589356225042
0.8054233554132927 2362.2689546230013 0.42857142857142855 0.9429343231554937 3329.0638913037806 0.5789473684210527 t_swap_k 100 3694.3231489658356 34.128395696411665 19.11105086768784 32.51463559565089 27.390863459299354 17.65907901627251 39.16972491708414 17.840589356225042
0.8054233554132927 2362.2689546230013 0.42857142857142855 0.9373426287118481 3303.6475825300813 0.5789473684210527 t_swap_r_k 100 3728.920932531357 34.128395696411665 19.11105086768784 32.51463559565089 27.390863459299354 17.65907901627251 39.8180276679133 17.840589356225042
0.8054233554132927 2362.2689546230013 0.42857142857142855 0.9993673423164176 3292.516109999523 0.45 t_swap_r_k 100 3765.8364703655243 34.128395696411665 19.11105086768784 32.51463559565089 27.390863459299354 17.65907901627251 40.45984739123416 17.840589356225042