8
5 100 5 200

Solution history:
B_obj   B_dis   B_sim   C_obj   C_dis   C_sim   neighbor   iterations   time   scores
1.0107171349598025 2351.6997556245824 0.013333333333333332 1.0107171349598025 2351.6997556245824 0.013333333333333332 0 0 0 3.0 3.0 3.0 3.0 3.0 3.0 3.0
1.0049151617042502 2385.9325584273756 0.04 1.0049151617042502 2385.9325584273756 0.04 t_multiswap_k 3 0.24803638458251953 3.0 3.0 3.0 3.0 3.0 3.0 5.333333333333334
1.0017423929146787 2371.5111568225457 0.04 1.0017423929146787 2371.5111568225457 0.04 move_t 100 12.110519886016846 3.0 3.9699999999999998 3.0 3.0 3.0 3.0 5.333333333333334
1.0017423929146787 2371.5111568225457 0.04 1.0017423929146787 2371.5111568225457 0.04 move_t 100 17.572542667388916 3.0 4.9303 3.0 3.0 3.0 3.0 5.333333333333334
1.0017423929146787 2371.5111568225457 0.04 1.0017423929146787 2371.5111568225457 0.04 f_swap_t 100 29.133652210235596 3.0 4.9303 3.0 3.9699999999999998 3.0 3.0 5.333333333333334
1.0017423929146787 2371.5111568225457 0.04 1.0208065867551 2458.1649327134 0.04 t_move_k 100 49.69000959396362 4.01 4.9303 3.0 3.9699999999999998 3.0 3.0 5.333333333333334
1.0017423929146787 2371.5111568225457 0.04 1.01286748741776 2422.0788049436305 0.04 t_multiswap_k 100 57.06407713890076 4.01 4.9303 3.0 3.9699999999999998 3.0 3.0 6.280000000000001
1.0017423929146787 2371.5111568225457 0.04 1.0218557900076748 2462.933947562579 0.04 t_swap_k 100 67.62659907341003 4.01 4.9303 4.04 3.9699999999999998 3.0 3.0 6.280000000000001
1.0017423929146787 2371.5111568225457 0.04 1.0147537360807095 2430.652499183306 0.04 move_t 100 81.14204525947571 4.01 5.910997 4.04 3.9699999999999998 3.0 3.0 6.280000000000001
1.0017423929146787 2371.5111568225457 0.04 1.013530815999501 2425.0938774269116 0.04 t_swap_k 100 90.90628910064697 4.01 5.910997 4.9996 3.9699999999999998 3.0 3.0 6.280000000000001
1.0017423929146787 2371.5111568225457 0.04 1.0244223381289637 2474.5998531642995 0.04 t_move_k 100 102.82234978675842 4.9799 5.910997 4.9996 3.9699999999999998 3.0 3.0 6.280000000000001
1.0017423929146787 2371.5111568225457 0.04 1.0210885423667182 2459.446524716968 0.04 t_multiswap_k 100 105.91761875152588 4.9799 5.910997 4.9996 3.9699999999999998 3.0 3.0 7.217200000000001
1.0017423929146787 2371.5111568225457 0.04 1.0210885423667182 2459.446524716968 0.04 t_swap_k 100 115.35091161727905 4.9799 5.910997 5.949604 3.9699999999999998 3.0 3.0 7.217200000000001
1.0017423929146787 2371.5111568225457 0.04 1.0210885423667182 2459.446524716968 0.04 f_swap_t 100 139.09724497795105 4.9799 5.910997 5.949604 4.9303 3.0 3.0 7.217200000000001
1.0017423929146787 2371.5111568225457 0.04 1.0210885423667182 2459.446524716968 0.04 f_swap_t 100 150.3604142665863 4.9799 5.910997 5.949604 5.880997 3.0 3.0 7.217200000000001
1.0017423929146787 2371.5111568225457 0.04 1.0547560567938494 2604.213460747461 0.03636363636363636 t_multiswap_k 100 158.7069354057312 4.9799 5.910997 5.949604 5.880997 3.0 3.0 8.165028000000001
1.0017423929146787 2371.5111568225457 0.04 1.062486644069083 2647.6161298548186 0.04 t_multiswap_k 100 163.46282982826233 4.9799 5.910997 5.949604 5.880997 3.0 3.0 9.153377720000002
1.0017423929146787 2371.5111568225457 0.04 1.057399593107332 2624.4936113956173 0.04 t_multiswap_k 100 174.15501952171326 4.9799 5.910997 5.949604 5.880997 3.0 3.0 10.061843942800001
1.0017423929146787 2371.5111568225457 0.04 1.0972474043471172 2745.011669783022 0.013333333333333332 t_swap_k 100 188.42953181266785 4.9799 5.910997 6.96010796 5.880997 3.0 3.0 10.061843942800001
1.0017423929146787 2371.5111568225457 0.04 1.0886007436081833 2705.7094150877733 0.013333333333333332 f_swap_t 100 197.25045919418335 4.9799 5.910997 6.96010796 6.82218703 3.0 3.0 10.061843942800001
1.0017423929146787 2371.5111568225457 0.04 1.0719162604885477 2682.212900831256 0.03636363636363636 t_move_k 100 213.23001265525818 5.960101 5.910997 6.96010796 6.82218703 3.0 3.0 10.061843942800001
1.0017423929146787 2371.5111568225457 0.04 1.070048198886513 2681.9861788598128 0.04 f_swap_t 100 227.15118312835693 5.960101 5.910997 6.96010796 7.7539651597 3.0 3.0 10.061843942800001
1.0017423929146787 2371.5111568225457 0.04 1.070048198886513 2681.9861788598128 0.04 t_move_k 100 239.54179763793945 6.90049999 5.910997 6.96010796 7.7539651597 3.0 3.0 10.061843942800001
1.0017423929146787 2371.5111568225457 0.04 1.070048198886513 2681.9861788598128 0.04 f_swap_t 100 265.56591272354126 6.90049999 5.910997 6.96010796 8.676425508103 3.0 3.0 10.061843942800001
1.0017423929146787 2371.5111568225457 0.04 1.0852178309860587 2750.937738590266 0.04 t_swap_k 100 275.80695629119873 6.90049999 5.910997 7.9305068804 8.676425508103 3.0 3.0 10.061843942800001
1.0017423929146787 2371.5111568225457 0.04 1.0831042328402591 2733.0663519109817 0.03636363636363636 f_swap_t 100 286.56971073150635 6.90049999 5.910997 7.9305068804 9.58966125302197 3.0 3.0 10.061843942800001
1.0017423929146787 2371.5111568225457 0.04 1.0823096115763473 2729.454505876605 0.03636363636363636 f_swap_t 100 294.7504732608795 6.90049999 5.910997 7.9305068804 10.493764640491749 3.0 3.0 10.061843942800001
1.0017423929146787 2371.5111568225457 0.04 1.0810802928314733 2723.866799839391 0.03636363636363636 t_move_k 100 312.1127231121063 7.9014949901 5.910997 7.9305068804 10.493764640491749 3.0 3.0 10.061843942800001
1.0017423929146787 2371.5111568225457 0.04 1.0765543333166647 2703.294648466499 0.03636363636363636 t_move_k 100 326.40727257728577 8.822480040199 5.910997 7.9305068804 10.493764640491749 3.0 3.0 10.061843942800001
1.0017423929146787 2371.5111568225457 0.04 1.0736732385657213 2698.4633180762394 0.04 t_swap_r_k 100 346.2518436908722 8.822480040199 5.910997 7.9305068804 10.493764640491749 3.0 4.01 10.061843942800001
1.0017423929146787 2371.5111568225457 0.04 1.0809685183168718 2731.623048926066 0.04 move_t 100 362.4322683811188 8.822480040199 6.86188703 7.9305068804 10.493764640491749 3.0 4.01 10.061843942800001
1.0017423929146787 2371.5111568225457 0.04 1.0757765811919868 2699.759478877131 0.03636363636363636 swap_t 100 380.8101706504822 8.822480040199 6.86188703 7.9305068804 10.493764640491749 3.9699999999999998 4.01 10.061843942800001
1.0017423929146787 2371.5111568225457 0.04 1.0757765811919868 2699.759478877131 0.03636363636363636 t_swap_k 100 393.45556354522705 8.822480040199 6.86188703 8.851201811596 10.493764640491749 3.9699999999999998 4.01 10.061843942800001
1.0017423929146787 2371.5111568225457 0.04 1.074099634519423 2692.137139198798 0.03636363636363636 f_swap_t 100 412.50656056404114 8.822480040199 6.86188703 8.851201811596 11.418826994086832 3.9699999999999998 4.01 10.061843942800001
1.0017423929146787 2371.5111568225457 0.04 1.0737154282746701 2690.3907804433557 0.03636363636363636 t_swap_k 100 424.6698389053345 8.822480040199 6.86188703 9.76268979348004 11.418826994086832 3.9699999999999998 4.01 10.061843942800001
1.0017423929146787 2371.5111568225457 0.04 1.0737154282746701 2690.3907804433557 0.03636363636363636 t_move_k 100 437.27298307418823 9.73425523979701 6.86188703 9.76268979348004 11.418826994086832 3.9699999999999998 4.01 10.061843942800001
1.0017423929146787 2371.5111568225457 0.04 1.0737154282746701 2690.3907804433557 0.03636363636363636 f_swap_t 100 455.2742953300476 9.73425523979701 6.86188703 9.76268979348004 12.304638724145963 3.9699999999999998 4.01 10.061843942800001
1.0017423929146787 2371.5111568225457 0.04 1.0728924677344223 2686.650121970274 0.03636363636363636 t_move_k 100 479.056663274765 10.76691268739904 6.86188703 9.76268979348004 12.304638724145963 3.9699999999999998 4.01 10.061843942800001
1.0017423929146787 2371.5111568225457 0.04 1.0728924677344223 2686.650121970274 0.03636363636363636 swap_t 100 493.3393738269806 10.76691268739904 6.86188703 9.76268979348004 12.304638724145963 4.9303 4.01 10.061843942800001
1.0017423929146787 2371.5111568225457 0.04 1.0728924677344223 2686.650121970274 0.03636363636363636 t_swap_r_k 100 529.4966778755188 10.76691268739904 6.86188703 9.76268979348004 12.304638724145963 4.9303 5.0099 10.061843942800001
1.0017423929146787 2371.5111568225457 0.04 1.0728924677344223 2686.650121970274 0.03636363636363636 f_swap_t 100 546.1157097816467 10.76691268739904 6.86188703 9.76268979348004 13.181592336904504 4.9303 5.0099 10.061843942800001
1.0017423929146787 2371.5111568225457 0.04 1.0728924677344223 2686.650121970274 0.03636363636363636 swap_t 100 556.8850319385529 10.76691268739904 6.86188703 9.76268979348004 13.181592336904504 5.880997 5.0099 10.061843942800001
1.0017423929146787 2371.5111568225457 0.04 1.0728924677344223 2686.650121970274 0.03636363636363636 t_swap_k 100 579.8485834598541 10.76691268739904 6.86188703 10.66506289554524 13.181592336904504 5.880997 5.0099 10.061843942800001
1.0017423929146787 2371.5111568225457 0.04 1.0628300568870634 2640.912762090939 0.03636363636363636 t_swap_k 100 597.3127553462982 10.76691268739904 6.86188703 11.588412266589788 13.181592336904504 5.880997 5.0099 10.061843942800001
1.0017423929146787 2371.5111568225457 0.04 1.0624705157936152 2651.821565554777 0.03636363636363636 move_t 100 608.589727640152 10.76691268739904 7.8232681597 11.588412266589788 13.181592336904504 5.880997 5.0099 10.061843942800001
1.0017423929146787 2371.5111568225457 0.04 1.0624705157936152 2651.821565554777 0.03636363636363636 t_swap_r_k 100 649.138304233551 10.76691268739904 7.8232681597 11.588412266589788 13.181592336904504 5.880997 5.999801 10.061843942800001
1.0017423929146787 2371.5111568225457 0.04 1.1052598804348928 2792.4503957289794 0.01818181818181818 t_move_k 100 673.047874212265 11.719243560525051 7.8232681597 11.588412266589788 13.181592336904504 5.880997 5.999801 10.061843942800001
1.0017423929146787 2371.5111568225457 0.04 1.0972877607930926 2714.892651604053 0.0 swap_t 100 677.449488401413 11.719243560525051 7.8232681597 11.588412266589788 13.181592336904504 6.82218703 5.999801 10.061843942800001
1.0017423929146787 2371.5111568225457 0.04 1.0853292145993256 2701.8581857919976 0.01818181818181818 t_swap_k 100 688.3099439144135 11.719243560525051 7.8232681597 12.47252814392389 13.181592336904504 6.82218703 5.999801 10.061843942800001
1.0017423929146787 2371.5111568225457 0.04 1.0853292145993256 2701.8581857919976 0.01818181818181818 swap_t 100 693.0722317695618 11.719243560525051 7.8232681597 12.47252814392389 13.181592336904504 7.7539651597 5.999801 10.061843942800001
1.0017423929146787 2371.5111568225457 0.04 1.0853292145993256 2701.8581857919976 0.01818181818181818 swap_t 100 701.6256303787231 11.719243560525051 7.8232681597 12.47252814392389 13.181592336904504 8.676425508103 5.999801 10.061843942800001
1.0017423929146787 2371.5111568225457 0.04 1.0886675773966716 2717.0322730943535 0.01818181818181818 t_move_k 100 713.0066647529602 12.6720511249198 7.8232681597 12.47252814392389 13.181592336904504 8.676425508103 5.999801 10.061843942800001
1.0017423929146787 2371.5111568225457 0.04 1.0882877572494165 2715.3058507659525 0.01818181818181818 f_swap_t 100 723.3452651500702 12.6720511249198 7.8232681597 12.47252814392389 14.04977641353546 8.676425508103 5.999801 10.061843942800001
1.0017423929146787 2371.5111568225457 0.04 1.0803472626561348 2728.7992133499565 0.04 t_move_k 100 737.6667642593384 13.605330613670603 7.8232681597 12.47252814392389 14.04977641353546 8.676425508103 5.999801 10.061843942800001
1.0017423929146787 2371.5111568225457 0.04 1.139635532541334 2907.378856542267 0.0 f_swap_t 100 760.4756820201874 13.605330613670603 7.8232681597 12.47252814392389 14.919278649400106 8.676425508103 5.999801 10.061843942800001
1.0017423929146787 2371.5111568225457 0.04 1.1290563637781845 2859.292641788733 0.0 f_swap_t 100 786.4190301895142 13.605330613670603 7.8232681597 12.47252814392389 15.770085862906104 8.676425508103 5.999801 10.061843942800001
1.0017423929146787 2371.5111568225457 0.04 1.110441661832867 2774.6819719567616 0.0 t_multiswap_k 100 797.9280881881714 13.605330613670603 7.8232681597 12.47252814392389 15.770085862906104 8.676425508103 5.999801 11.051225503372
1.0017423929146787 2371.5111568225457 0.04 1.105118194273763 2800.988941529658 0.02222222222222222 f_swap_t 100 818.0233435630798 13.605330613670603 7.8232681597 12.47252814392389 16.672385004277043 8.676425508103 5.999801 11.051225503372
1.0017423929146787 2371.5111568225457 0.04 1.105118194273763 2800.988941529658 0.02222222222222222 t_multiswap_k 100 824.8921179771423 13.605330613670603 7.8232681597 12.47252814392389 16.672385004277043 8.676425508103 5.999801 11.94071324833828
1.0017423929146787 2371.5111568225457 0.04 1.105118194273763 2800.988941529658 0.02222222222222222 f_swap_t 100 831.9954912662506 13.605330613670603 7.8232681597 12.47252814392389 17.50566115423427 8.676425508103 5.999801 11.94071324833828
1.0017423929146787 2371.5111568225457 0.04 1.1178414388476217 2890.9597351630023 0.03636363636363636 move_t 100 840.8939135074615 13.605330613670603 8.785035478103 12.47252814392389 17.50566115423427 8.676425508103 5.999801 11.94071324833828
1.0017423929146787 2371.5111568225457 0.04 1.1094931835112747 2853.0138428241594 0.03636363636363636 t_move_k 100 855.8371212482452 14.569277307533897 8.785035478103 12.47252814392389 17.50566115423427 8.676425508103 5.999801 11.94071324833828
1.0017423929146787 2371.5111568225457 0.04 1.1035688340323895 2788.896120282035 0.02 t_move_k 100 864.0579843521118 15.453584534458557 8.785035478103 12.47252814392389 17.50566115423427 8.676425508103 5.999801 11.94071324833828
1.0017423929146787 2371.5111568225457 0.04 1.1122177830215794 2824.0766232245664 0.01818181818181818 t_move_k 100 870.0388233661652 16.39904868911397 8.785035478103 12.47252814392389 17.50566115423427 8.676425508103 5.999801 11.94071324833828
1.0017423929146787 2371.5111568225457 0.04 1.1067354997665566 2757.836101641053 0.0 t_multiswap_k 100 874.9457881450653 16.39904868911397 8.785035478103 12.47252814392389 17.50566115423427 8.676425508103 5.999801 12.821306115854897
1.0017423929146787 2371.5111568225457 0.04 1.1494873802836743 2986.3220627185456 0.015384615384615385 swap_t 100 884.5436799526215 16.39904868911397 8.785035478103 12.47252814392389 17.50566115423427 9.65966125302197 5.999801 12.821306115854897
1.0017423929146787 2371.5111568225457 0.04 1.1357397241209803 2919.973426840447 0.013333333333333332 t_swap_r_k 100 904.4277510643005 16.39904868911397 8.785035478103 12.47252814392389 17.50566115423427 9.65966125302197 7.00980299 12.821306115854897
1.0017423929146787 2371.5111568225457 0.04 1.1512052811839344 2994.9319902763095 0.015384615384615385 f_swap_t 100 928.2640719413757 16.39904868911397 8.785035478103 12.47252814392389 18.340604542691928 9.65966125302197 7.00980299 12.821306115854897
1.0017423929146787 2371.5111568225457 0.04 1.1431655724852277 2990.27687397736 0.015384615384615385 move_t 100 948.6685783863068 16.39904868911397 9.72718512332197 12.47252814392389 18.340604542691928 9.65966125302197 7.00980299 12.821306115854897
1.0017423929146787 2371.5111568225457 0.04 1.1383444729045928 2936.47488436657 0.015384615384615385 f_swap_t 100 961.7848420143127 16.39904868911397 9.72718512332197 12.47252814392389 19.157198497265007 9.65966125302197 7.00980299 12.821306115854897
1.0017423929146787 2371.5111568225457 0.04 1.1354223171219648 2929.549769082071 0.01818181818181818 f_swap_t 100 988.2511563301086 16.39904868911397 9.72718512332197 12.47252814392389 19.965626512292356 9.65966125302197 7.00980299 12.821306115854897
1.0017423929146787 2371.5111568225457 0.04 1.130317648723672 2947.774267066097 0.03333333333333333 move_t 100 997.9889976978302 16.39904868911397 10.68991327208875 12.47252814392389 19.965626512292356 9.65966125302197 7.00980299 12.821306115854897
1.0017423929146787 2371.5111568225457 0.04 1.1230680314835397 2930.212094472679 0.04318181818181818 t_multiswap_k 100 1013.7539238929749 16.39904868911397 10.68991327208875 12.47252814392389 19.965626512292356 9.65966125302197 7.00980299 13.783093054696348
1.0017423929146787 2371.5111568225457 0.04 1.1175730816283704 2905.235525451872 0.04318181818181818 t_move_k 100 1025.8892531394958 17.295058202222833 10.68991327208875 12.47252814392389 19.965626512292356 9.65966125302197 7.00980299 13.783093054696348
1.0017423929146787 2371.5111568225457 0.04 1.1134064149617036 2905.235525451872 0.051515151515151514 t_swap_r_k 100 1061.5363247394562 17.295058202222833 10.68991327208875 12.47252814392389 19.965626512292356 9.65966125302197 8.0097049601 13.783093054696348
1.0017423929146787 2371.5111568225457 0.04 1.1114584762144823 2896.381427079617 0.051515151515151514 t_swap_k 100 1076.0114998817444 17.295058202222833 10.68991327208875 13.437802862484652 19.965626512292356 9.65966125302197 8.0097049601 13.783093054696348
1.0017423929146787 2371.5111568225457 0.04 1.1114584762144823 2896.381427079617 0.051515151515151514 f_swap_t 100 1102.5091853141785 17.295058202222833 10.68991327208875 13.437802862484652 20.765970247169435 9.65966125302197 8.0097049601 13.783093054696348
1.0017423929146787 2371.5111568225457 0.04 1.1144939616151381 2910.745983379489 0.05176470588235295 t_swap_k 100 1115.5714631080627 17.295058202222833 10.68991327208875 14.433424833859805 20.765970247169435 9.65966125302197 8.0097049601 13.783093054696348
1.0017423929146787 2371.5111568225457 0.04 1.1139342324868422 2908.20180853271 0.05176470588235295 t_multiswap_k 100 1139.9686393737793 17.295058202222833 10.68991327208875 14.433424833859805 20.765970247169435 9.65966125302197 8.0097049601 14.675262124149384
1.0017423929146787 2371.5111568225457 0.04 1.1139342324868422 2908.20180853271 0.05176470588235295 f_swap_t 100 1158.9835877418518 17.295058202222833 10.68991327208875 14.433424833859805 21.55831054469774 9.65966125302197 8.0097049601 14.675262124149384
1.0017423929146787 2371.5111568225457 0.04 1.1139342324868422 2908.20180853271 0.05176470588235295 t_multiswap_k 100 1172.0867908000946 17.295058202222833 10.68991327208875 14.433424833859805 21.55831054469774 9.65966125302197 8.0097049601 15.528509502907891
1.0017423929146787 2371.5111568225457 0.04 1.1203181158167417 2937.218907289309 0.05176470588235295 t_multiswap_k 100 1181.162368774414 17.295058202222833 10.68991327208875 14.433424833859805 21.55831054469774 9.65966125302197 8.0097049601 16.473224407878813
1.0017423929146787 2371.5111568225457 0.04 1.1193130613077902 2876.7075744316253 0.02714932126696833 t_swap_r_k 100 1224.5423233509064 17.295058202222833 10.68991327208875 14.433424833859805 21.55831054469774 9.65966125302197 8.969607910499 16.473224407878813
1.0017423929146787 2371.5111568225457 0.04 1.1032003895274949 2868.0279459687326 0.05555555555555556 f_swap_t 100 1244.9801847934723 17.295058202222833 10.68991327208875 14.433424833859805 22.40272743925076 9.65966125302197 8.969607910499 16.473224407878813
1.0017423929146787 2371.5111568225457 0.04 1.1080813434997918 2843.153049892675 0.03484848484848485 t_swap_r_k 100 1293.6048028469086 17.295058202222833 10.68991327208875 14.433424833859805 22.40272743925076 9.65966125302197 9.91991183139401 16.473224407878813
1.0017423929146787 2371.5111568225457 0.04 1.1080813434997918 2843.153049892675 0.03484848484848485 t_swap_r_k 100 1320.0577654838562 17.295058202222833 10.68991327208875 14.433424833859805 22.40272743925076 9.65966125302197 10.860712713080071 16.473224407878813
1.0017423929146787 2371.5111568225457 0.04 1.1396408546137153 2964.220146836194 0.025 t_multiswap_k 100 1331.483050107956 17.295058202222833 10.68991327208875 14.433424833859805 22.40272743925076 9.65966125302197 10.860712713080071 17.338492163800026
1.0017423929146787 2371.5111568225457 0.04 1.129473265478499 2952.094972646986 0.04 t_multiswap_k 100 1354.6652989387512 17.295058202222833 10.68991327208875 14.433424833859805 22.40272743925076 9.65966125302197 10.860712713080071 18.225107242162025
1.0017423929146787 2371.5111568225457 0.04 1.128994933593268 2972.4924690350103 0.041666666666666664 swap_t 100 1363.242868900299 17.295058202222833 10.68991327208875 14.433424833859805 22.40272743925076 10.59306464049175 10.860712713080071 18.225107242162025
1.0017423929146787 2371.5111568225457 0.04 1.129160728130187 2950.6743753972496 0.04 t_move_k 100 1380.9903104305267 18.342107620200604 10.68991327208875 14.433424833859805 22.40272743925076 10.59306464049175 10.860712713080071 18.225107242162025
1.0017423929146787 2371.5111568225457 0.04 1.1263839564875984 2938.052926537095 0.04 t_swap_k 100 1392.263787984848 18.342107620200604 10.68991327208875 15.349090585521207 22.40272743925076 10.59306464049175 10.860712713080071 18.225107242162025
1.0017423929146787 2371.5111568225457 0.04 1.1263839564875984 2938.052926537095 0.04 t_multiswap_k 100 1399.36692070961 18.342107620200604 10.68991327208875 15.349090585521207 22.40272743925076 10.59306464049175 10.860712713080071 19.042856169740404
1.0017423929146787 2371.5111568225457 0.04 1.1249303724650648 2931.4458522919685 0.04 swap_t 100 1406.3307085037231 18.342107620200604 10.68991327208875 15.349090585521207 22.40272743925076 11.547133994086833 10.860712713080071 19.042856169740404
1.0017423929146787 2371.5111568225457 0.04 1.1234413049651943 2931.5400088542883 0.04 move_t 100 1428.8228733539581 18.342107620200604 11.613014139367863 15.349090585521207 22.40272743925076 11.547133994086833 10.860712713080071 19.042856169740404
1.0017423929146787 2371.5111568225457 0.04 1.1234413049651943 2931.5400088542883 0.04 t_multiswap_k 100 1451.2324621677399 18.342107620200604 11.613014139367863 15.349090585521207 22.40272743925076 11.547133994086833 10.860712713080071 19.852427608042998
1.0017423929146787 2371.5111568225457 0.04 1.1132785756800254 2878.4841484933113 0.04 t_move_k 100 1465.9190723896027 19.2486865439986 11.613014139367863 15.349090585521207 22.40272743925076 11.547133994086833 10.860712713080071 19.852427608042998
1.0017423929146787 2371.5111568225457 0.04 1.1229088771402878 2919.789339107572 0.03891402714932127 t_move_k 100 1479.2529394626617 20.13619967855861 11.613014139367863 15.349090585521207 22.40272743925076 11.547133994086833 10.860712713080071 19.852427608042998
1.0017423929146787 2371.5111568225457 0.04 1.1200001555829726 2874.9459427237116 0.025 f_swap_t 100 1493.9560918807983 20.13619967855861 11.613014139367863 15.349090585521207 23.178700164858252 11.547133994086833 10.860712713080071 19.852427608042998
1.0017423929146787 2371.5111568225457 0.04 1.1199849895862488 2874.877007688101 0.025 swap_t 100 1501.5284624099731 20.13619967855861 11.613014139367863 15.349090585521207 23.178700164858252 12.431662654145965 10.860712713080071 19.852427608042998
1.0017423929146787 2371.5111568225457 0.04 1.1185957260155353 2902.652553273918 0.04 t_multiswap_k 100 1510.4124648571014 20.13619967855861 11.613014139367863 15.349090585521207 23.178700164858252 12.431662654145965 10.860712713080071 20.68390333196257
1.0017423929146787 2371.5111568225457 0.04 1.1280071288862332 2945.430842353567 0.04 t_multiswap_k 100 1521.4705431461334 20.13619967855861 11.613014139367863 15.349090585521207 23.178700164858252 12.431662654145965 10.860712713080071 21.517064298642943
1.0017423929146787 2371.5111568225457 0.04 1.1280071288862332 2945.430842353567 0.04 swap_t 100 1529.8248188495636 20.13619967855861 11.613014139367863 15.349090585521207 23.178700164858252 13.307346027604506 10.860712713080071 21.517064298642943
1.0017423929146787 2371.5111568225457 0.04 1.1244726683366133 2929.3654186107365 0.04 t_move_k 100 1540.3579986095428 21.024837681773025 11.613014139367863 15.349090585521207 23.178700164858252 13.307346027604506 10.860712713080071 21.517064298642943
1.0017423929146787 2371.5111568225457 0.04 1.1183393145568705 2901.4870688447854 0.04 t_multiswap_k 100 1551.3664650917053 21.024837681773025 11.613014139367863 15.349090585521207 23.178700164858252 13.307346027604506 10.860712713080071 22.331893655656515
1.0017423929146787 2371.5111568225457 0.04 1.1168457459215229 2894.6982498216275 0.04 f_swap_t 100 1564.6348464488983 21.024837681773025 11.613014139367863 15.349090585521207 23.97691316320967 13.307346027604506 10.860712713080071 22.331893655656515
1.0017423929146787 2371.5111568225457 0.04 1.115672626106628 2889.365988600202 0.04 t_multiswap_k 100 1578.5378489494324 21.024837681773025 11.613014139367863 15.349090585521207 23.97691316320967 13.307346027604506 10.860712713080071 23.13857471909995
1.0017423929146787 2371.5111568225457 0.04 1.113179077437962 2843.9416326616442 0.025 f_swap_t 100 1587.1746802330017 21.024837681773025 11.613014139367863 15.349090585521207 24.73714403157757 13.307346027604506 10.860712713080071 23.13857471909995
1.0017423929146787 2371.5111568225457 0.04 1.1043095920282544 2879.3826905357173 0.05833333333333333 t_move_k 100 1599.6417360305786 21.874589304955297 11.613014139367863 15.349090585521207 24.73714403157757 13.307346027604506 10.860712713080071 23.13857471909995
1.0017423929146787 2371.5111568225457 0.04 1.1043095920282544 2879.3826905357173 0.05833333333333333 t_swap_k 100 1616.6681907176971 21.874589304955297 11.613014139367863 16.195599679665996 24.73714403157757 13.307346027604506 10.860712713080071 23.13857471909995
1.0017423929146787 2371.5111568225457 0.04 1.1110773360245876 2910.1445772671395 0.05833333333333333 swap_t 100 1624.1849880218506 21.874589304955297 11.613014139367863 16.195599679665996 24.73714403157757 14.184272567328462 10.860712713080071 23.13857471909995
1.0017423929146787 2371.5111568225457 0.04 1.1238433633279874 2911.3537692488526 0.03333333333333333 t_move_k 100 1643.9446394443512 22.785843411905745 11.613014139367863 16.195599679665996 24.73714403157757 14.184272567328462 10.860712713080071 23.13857471909995
1.0017423929146787 2371.5111568225457 0.04 1.1246223637272443 2880.4600069378407 0.01818181818181818 t_move_k 100 1661.966569185257 23.60798497778669 11.613014139367863 16.195599679665996 24.73714403157757 14.184272567328462 10.860712713080071 23.13857471909995
1.0017423929146787 2371.5111568225457 0.04 1.1157683761213486 2874.649981111639 0.03333333333333333 t_multiswap_k 100 1674.2324721813202 23.60798497778669 11.613014139367863 16.195599679665996 24.73714403157757 14.184272567328462 10.860712713080071 23.93718897190895
1.0017423929146787 2371.5111568225457 0.04 1.1146997967544543 2873.2363552699853 0.03484848484848485 t_swap_r_k 100 1698.5402932167053 23.60798497778669 11.613014139367863 16.195599679665996 24.73714403157757 14.184272567328462 11.82210558594927 23.93718897190895
1.0017423929146787 2371.5111568225457 0.04 1.1146997967544543 2873.2363552699853 0.03484848484848485 t_move_k 100 1709.4679412841797 24.371905128008823 11.613014139367863 16.195599679665996 24.73714403157757 14.184272567328462 11.82210558594927 23.93718897190895
1.0017423929146787 2371.5111568225457 0.04 1.114015662063239 2870.1267113632994 0.03484848484848485 t_multiswap_k 100 1717.4003689289093 24.371905128008823 11.613014139367863 16.195599679665996 24.73714403157757 14.184272567328462 11.82210558594927 24.72781708218986
1.0017423929146787 2371.5111568225457 0.04 1.112543581406285 2863.4355631086855 0.03484848484848485 f_swap_t 100 1742.8833396434784 24.371905128008823 11.613014139367863 16.195599679665996 25.489772591261797 14.184272567328462 11.82210558594927 24.72781708218986
1.0017423929146787 2371.5111568225457 0.04 1.112543581406285 2863.4355631086855 0.03484848484848485 swap_t 100 1752.0212547779083 24.371905128008823 11.613014139367863 16.195599679665996 25.489772591261797 15.042429841655178 11.82210558594927 24.72781708218986
1.0017423929146787 2371.5111568225457 0.04 1.1107503723685244 2867.7240971408255 0.04 swap_t 100 1760.9779469966888 24.371905128008823 11.613014139367863 16.195599679665996 25.489772591261797 15.982005543238627 11.82210558594927 24.72781708218986
1.0017423929146787 2371.5111568225457 0.04 1.112850551746886 2876.5386222209368 0.04 t_move_k 100 1783.580137014389 25.298186076728737 11.613014139367863 16.195599679665996 25.489772591261797 15.982005543238627 11.82210558594927 24.72781708218986
1.0017423929146787 2371.5111568225457 0.04 1.1171680870066074 2850.709729049081 0.02 t_move_k 100 1802.5069992542267 26.23520421596145 11.613014139367863 16.195599679665996 25.489772591261797 15.982005543238627 11.82210558594927 24.72781708218986
1.0017423929146787 2371.5111568225457 0.04 1.1171680870066074 2850.709729049081 0.02 swap_t 100 1811.8106572628021 26.23520421596145 11.613014139367863 16.195599679665996 25.489772591261797 16.82218548780624 11.82210558594927 24.72781708218986
1.0017423929146787 2371.5111568225457 0.04 1.103637583155447 2834.662289956661 0.04 t_move_k 100 1829.4975299835205 27.122852173801835 11.613014139367863 16.195599679665996 25.489772591261797 16.82218548780624 11.82210558594927 24.72781708218986
1.0017423929146787 2371.5111568225457 0.04 1.1026739794491367 2828.9787532908445 0.04 move_t 100 1854.1331419944763 27.122852173801835 12.526883997974185 16.195599679665996 25.489772591261797 16.82218548780624 11.82210558594927 24.72781708218986
1.0017423929146787 2371.5111568225457 0.04 1.1007120815053386 2821.364808485437 0.04 f_swap_t 100 1866.6321580410004 27.122852173801835 12.526883997974185 16.195599679665996 26.29487486534918 16.82218548780624 11.82210558594927 24.72781708218986
1.0017423929146787 2371.5111568225457 0.04 1.1007120815053386 2821.364808485437 0.04 f_swap_t 100 1891.6725461483002 27.122852173801835 12.526883997974185 16.195599679665996 27.031926116695686 16.82218548780624 11.82210558594927 24.72781708218986
1.0017423929146787 2371.5111568225457 0.04 1.1007120815053386 2821.364808485437 0.04 swap_t 100 1899.0157315731049 27.122852173801835 12.526883997974185 16.195599679665996 27.031926116695686 17.65396363292818 11.82210558594927 24.72781708218986
1.0017423929146787 2371.5111568225457 0.04 1.1096009703942276 2821.364808485437 0.02222222222222222 t_swap_r_k 100 1945.6677331924438 27.122852173801835 12.526883997974185 16.195599679665996 27.031926116695686 17.65396363292818 12.743884530089778 24.72781708218986
1.0017423929146787 2371.5111568225457 0.04 1.1350597475452704 2832.5375664105454 0.02 swap_t 100 1956.6283745765686 27.122852173801835 12.526883997974185 16.195599679665996 27.031926116695686 18.487423996598896 12.743884530089778 24.72781708218986
1.0017423929146787 2371.5111568225457 0.04 1.1402411122133058 2960.635527440513 0.02222222222222222 t_multiswap_k 100 1968.4593505859375 27.122852173801835 12.526883997974185 16.195599679665996 27.031926116695686 18.487423996598896 12.743884530089778 25.52053891136796
1.0017423929146787 2371.5111568225457 0.04 1.162234621966833 3010.1000335721833 0.0 t_multiswap_k 100 1978.5399177074432 27.122852173801835 12.526883997974185 16.195599679665996 27.031926116695686 18.487423996598896 12.743884530089778 26.435333522254282
1.0017423929146787 2371.5111568225457 0.04 1.1440521218128827 3018.361239142142 0.04 f_swap_t 100 1994.1242899894714 27.122852173801835 12.526883997974185 16.195599679665996 27.821606855528728 18.487423996598896 12.743884530089778 26.435333522254282
1.0017423929146787 2371.5111568225457 0.04 1.1429407149150257 3013.3094858366208 0.04 t_multiswap_k 100 2010.229655265808 27.122852173801835 12.526883997974185 16.195599679665996 27.821606855528728 18.487423996598896 12.743884530089778 27.20098018703174
1.0017423929146787 2371.5111568225457 0.04 1.1555985680085121 3030.440814979602 0.02222222222222222 t_swap_k 100 2028.0620894432068 27.122852173801835 12.526883997974185 17.113643682869338 27.821606855528728 18.487423996598896 12.743884530089778 27.20098018703174
1.0017423929146787 2371.5111568225457 0.04 1.154044816590864 3071.012981044547 0.04318181818181818 f_swap_t 100 2052.882926464081 27.122852173801835 12.526883997974185 17.113643682869338 28.603390786973442 18.487423996598896 12.743884530089778 27.20098018703174
1.0017423929146787 2371.5111568225457 0.04 1.154044816590864 3071.012981044547 0.04318181818181818 f_swap_t 100 2079.393629550934 27.122852173801835 12.526883997974185 17.113643682869338 29.31735687910371 18.487423996598896 12.743884530089778 27.20098018703174
1.0017423929146787 2371.5111568225457 0.04 1.2060628248884377 3273.930867875249 0.028431372549019607 f_swap_t 100 2095.685760498047 27.122852173801835 12.526883997974185 17.113643682869338 30.10418331031267 18.487423996598896 12.743884530089778 27.20098018703174
1.0017423929146787 2371.5111568225457 0.04 1.1933691545542482 3151.617940486037 0.0 swap_t 100 2100.9472103118896 27.122852173801835 12.526883997974185 17.113643682869338 30.10418331031267 19.302549756632907 12.743884530089778 27.20098018703174
1.0017423929146787 2371.5111568225457 0.04 1.1803881845257953 3143.118743670942 0.02222222222222222 t_swap_r_k 100 2128.473460674286 27.122852173801835 12.526883997974185 17.113643682869338 30.10418331031267 19.302549756632907 13.71644568478888 27.20098018703174
1.0017423929146787 2371.5111568225457 0.04 1.1803881845257953 3143.118743670942 0.02222222222222222 move_t 100 2138.8633904457092 27.122852173801835 13.401615157994444 17.113643682869338 30.10418331031267 19.302549756632907 13.71644568478888 27.20098018703174
1.0017423929146787 2371.5111568225457 0.04 1.1803881845257953 3143.118743670942 0.02222222222222222 f_swap_t 100 2155.6149044036865 27.122852173801835 13.401615157994444 17.113643682869338 30.803141477209543 19.302549756632907 13.71644568478888 27.20098018703174
1.0017423929146787 2371.5111568225457 0.04 1.1914512040046792 3188.3538291199175 0.02 t_swap_k 100 2177.7144141197205 27.122852173801835 13.401615157994444 18.112507246040643 30.803141477209543 19.302549756632907 13.71644568478888 27.20098018703174
1.0017423929146787 2371.5111568225457 0.04 1.1818427787212902 3149.730409523882 0.02222222222222222 t_move_k 100 2196.171813249588 27.92162365206382 13.401615157994444 18.112507246040643 30.803141477209543 19.302549756632907 13.71644568478888 27.20098018703174
1.0017423929146787 2371.5111568225457 0.04 1.2104682472106805 3270.6611353356043 0.01818181818181818 t_move_k 100 2205.8413491249084 28.82240741554318 13.401615157994444 18.112507246040643 30.803141477209543 19.302549756632907 13.71644568478888 27.20098018703174
1.0017423929146787 2371.5111568225457 0.04 1.2141712694146722 3272.9086654966 0.011764705882352941 f_swap_t 100 2215.397507429123 28.82240741554318 13.401615157994444 18.112507246040643 31.50511006243745 19.302549756632907 13.71644568478888 27.20098018703174
1.0017423929146787 2371.5111568225457 0.04 1.1957615235255497 3207.945817373182 0.02 t_swap_k 100 2234.2232813835144 28.82240741554318 13.401615157994444 19.051382173580237 31.50511006243745 19.302549756632907 13.71644568478888 27.20098018703174
1.0017423929146787 2371.5111568225457 0.04 1.2209837799335475 3322.5902535625705 0.02 move_t 100 2245.870754003525 28.82240741554318 14.3675990064145 19.051382173580237 31.50511006243745 19.302549756632907 13.71644568478888 27.20098018703174
1.0017423929146787 2371.5111568225457 0.04 1.1997611265817962 3261.0898538964016 0.03538461538461539 t_multiswap_k 100 2270.505714416504 28.82240741554318 14.3675990064145 19.051382173580237 31.50511006243745 19.302549756632907 13.71644568478888 28.078970385161423
1.0017423929146787 2371.5111568225457 0.04 1.1968413300811394 3243.156388570935 0.03333333333333334 t_move_k 100 2289.132929086685 29.634183341387747 14.3675990064145 19.051382173580237 31.50511006243745 19.302549756632907 13.71644568478888 28.078970385161423
1.0017423929146787 2371.5111568225457 0.04 1.193272693433409 3226.935621886709 0.03333333333333334 f_swap_t 100 2306.7884407043457 29.634183341387747 14.3675990064145 19.051382173580237 32.19005896181307 19.302549756632907 13.71644568478888 28.078970385161423
1.0017423929146787 2371.5111568225457 0.04 1.193272693433409 3226.935621886709 0.03333333333333334 f_swap_t 100 2321.890260219574 29.634183341387747 14.3675990064145 19.051382173580237 32.86815837219494 19.302549756632907 13.71644568478888 28.078970385161423
1.0017423929146787 2371.5111568225457 0.04 1.184329834069823 3201.4382619905464 0.04 t_move_k 100 2335.6165025234222 30.527841507973868 14.3675990064145 19.051382173580237 32.86815837219494 19.302549756632907 13.71644568478888 28.078970385161423
1.0017423929146787 2371.5111568225457 0.04 1.184329834069823 3201.4382619905464 0.04 t_swap_r_k 100 2382.044762134552 30.527841507973868 14.3675990064145 19.051382173580237 32.86815837219494 19.302549756632907 14.619281227940991 28.078970385161423
1.0017423929146787 2371.5111568225457 0.04 1.184329834069823 3201.4382619905464 0.04 f_swap_t 100 2401.054691553116 30.527841507973868 14.3675990064145 19.051382173580237 33.53947678847299 19.302549756632907 14.619281227940991 28.078970385161423
1.0017423929146787 2371.5111568225457 0.04 1.211445375727091 3324.6883762936286 0.04 move_t 100 2420.8309392929077 30.527841507973868 15.263923016350354 19.051382173580237 33.53947678847299 19.302549756632907 14.619281227940991 28.078970385161423
1.0017423929146787 2371.5111568225457 0.04 1.195936396670096 3242.4865938140065 0.03484848484848485 t_move_k 100 2430.9323313236237 31.41256309289413 15.263923016350354 19.051382173580237 33.53947678847299 19.302549756632907 14.619281227940991 28.078970385161423
1.0017423929146787 2371.5111568225457 0.04 1.1886090805675604 3160.2841057689207 0.013333333333333332 t_multiswap_k 100 2443.0758175849915 31.41256309289413 15.263923016350354 19.051382173580237 33.53947678847299 19.302549756632907 14.619281227940991 28.79818068130981
1.0017423929146787 2371.5111568225457 0.04 1.1777739577867208 3156.4881654371143 0.03333333333333334 t_multiswap_k 100 2449.4470880031586 31.41256309289413 15.263923016350354 19.051382173580237 33.53947678847299 19.302549756632907 14.619281227940991 29.54019887449671
1.0017423929146787 2371.5111568225457 0.04 1.2356971896893776 3419.770567944196 0.03333333333333334 swap_t 100 2456.9010214805603 31.41256309289413 15.263923016350354 19.051382173580237 33.53947678847299 20.149524259066578 14.619281227940991 29.54019887449671
1.0017423929146787 2371.5111568225457 0.04 1.220717441304927 3321.3796464931747 0.02 f_swap_t 100 2480.872881412506 31.41256309289413 15.263923016350354 19.051382173580237 34.26408202058826 20.149524259066578 14.619281227940991 29.54019887449671
1.0017423929146787 2371.5111568225457 0.04 1.2259898232304631 3337.7689491085225 0.016666666666666666 t_multiswap_k 100 2487.118443250656 31.41256309289413 15.263923016350354 19.051382173580237 34.26408202058826 20.149524259066578 14.619281227940991 30.344796885751744
1.0017423929146787 2371.5111568225457 0.04 1.213483154679304 3273.345925304212 0.013333333333333332 move_t 100 2507.767806529999 31.41256309289413 16.14128378618685 19.051382173580237 34.26408202058826 20.149524259066578 14.619281227940991 30.344796885751744
1.0017423929146787 2371.5111568225457 0.04 1.2263945179091325 3347.184048603952 0.02 f_swap_t 100 2524.9610409736633 31.41256309289413 16.14128378618685 19.051382173580237 34.96144120038238 20.149524259066578 14.619281227940991 30.344796885751744
1.0017423929146787 2371.5111568225457 0.04 1.2112732381559064 3278.4522680793143 0.02 t_move_k 100 2544.7532567977905 32.158437461965185 16.14128378618685 19.051382173580237 34.96144120038238 20.149524259066578 14.619281227940991 30.344796885751744
1.0017423929146787 2371.5111568225457 0.04 1.2224479708050104 3329.245539838991 0.02 t_swap_k 100 2561.527360200882 32.158437461965185 16.14128378618685 19.900868351844434 34.96144120038238 20.149524259066578 14.619281227940991 30.344796885751744
1.0017423929146787 2371.5111568225457 0.04 1.2157827961857932 3298.9498686681254 0.02 t_swap_r_k 100 2592.788624048233 32.158437461965185 16.14128378618685 19.900868351844434 34.96144120038238 20.149524259066578 15.54308841566158 30.344796885751744
1.0017423929146787 2371.5111568225457 0.04 1.2243129160076882 3337.722402012882 0.02 t_swap_k 100 2613.784681558609 32.158437461965185 16.14128378618685 20.74185966832599 34.96144120038238 20.149524259066578 15.54308841566158 30.344796885751744
1.0017423929146787 2371.5111568225457 0.04 1.2231351711861236 3332.369118434318 0.02 f_swap_t 100 2630.772631406784 32.158437461965185 16.14128378618685 20.74185966832599 35.61182678837856 20.149524259066578 15.54308841566158 30.344796885751744
1.0017423929146787 2371.5111568225457 0.04 1.2082732748587852 3264.816331023412 0.02 t_multiswap_k 100 2655.0602583885193 32.158437461965185 16.14128378618685 20.74185966832599 35.61182678837856 20.149524259066578 15.54308841566158 31.101348916894228
1.0017423929146787 2371.5111568225457 0.04 1.2187675278891803 3293.8003515086243 0.011764705882352941 t_move_k 100 2679.1412184238434 32.87685308734553 16.14128378618685 20.74185966832599 35.61182678837856 20.149524259066578 15.54308841566158 31.101348916894228
1.0017423929146787 2371.5111568225457 0.04 1.2133047051183383 3287.686032924856 0.02 t_move_k 100 2691.6645114421844 33.60808455647207 16.14128378618685 20.74185966832599 35.61182678837856 20.149524259066578 15.54308841566158 31.101348916894228
1.0017423929146787 2371.5111568225457 0.04 1.2091819875142087 3268.946764413429 0.02 t_move_k 100 2714.9420824050903 34.47200371090735 16.14128378618685 20.74185966832599 35.61182678837856 20.149524259066578 15.54308841566158 31.101348916894228
1.0017423929146787 2371.5111568225457 0.04 1.2037175248363472 3239.9766181394693 0.01818181818181818 f_swap_t 100 2733.264010667801 34.47200371090735 16.14128378618685 20.74185966832599 36.25570852049477 20.149524259066578 15.54308841566158 31.101348916894228
1.0017423929146787 2371.5111568225457 0.04 1.1963789964417335 3219.5836287365382 0.02 swap_t 100 2743.0904326438904 34.47200371090735 16.14128378618685 20.74185966832599 36.25570852049477 20.97802901647591 15.54308841566158 31.101348916894228
1.0017423929146787 2371.5111568225457 0.04 1.1976306833348054 3216.4418364847807 0.02 t_move_k 100 2762.036321401596 35.297283673798276 16.14128378618685 20.74185966832599 36.25570852049477 20.97802901647591 15.54308841566158 31.101348916894228
1.0017423929146787 2371.5111568225457 0.04 1.1683556786928673 3120.565542546571 0.03636363636363636 t_multiswap_k 100 2777.1044042110443 35.297283673798276 16.14128378618685 20.74185966832599 36.25570852049477 20.97802901647591 15.54308841566158 31.880335427725285
1.0017423929146787 2371.5111568225457 0.04 1.1635429855395927 3106.954386664197 0.04 t_move_k 100 2796.629738807678 35.94431083706029 16.14128378618685 20.74185966832599 36.25570852049477 20.97802901647591 15.54308841566158 31.880335427725285
1.0017423929146787 2371.5111568225457 0.04 1.1853351600967161 3206.0078387038784 0.04 t_swap_k 100 2813.8763184547424 35.94431083706029 16.14128378618685 21.55444107164273 36.25570852049477 20.97802901647591 15.54308841566158 31.880335427725285
1.0017423929146787 2371.5111568225457 0.04 1.17371276859402 3153.179792733479 0.04 swap_t 100 2817.88139295578 35.94431083706029 16.14128378618685 21.55444107164273 36.25570852049477 21.768248726311153 15.54308841566158 31.880335427725285
1.0017423929146787 2371.5111568225457 0.04 1.1652352215988113 3114.646222230779 0.04 t_multiswap_k 100 2827.15784573555 35.94431083706029 16.14128378618685 21.55444107164273 36.25570852049477 21.768248726311153 15.54308841566158 32.59153207344803
1.0017423929146787 2371.5111568225457 0.04 1.188234444867361 3219.186154811143 0.04 t_move_k 100 2847.1140513420105 36.67486772868969 16.14128378618685 21.55444107164273 36.25570852049477 21.768248726311153 15.54308841566158 32.59153207344803
1.0017423929146787 2371.5111568225457 0.04 1.1759283780157568 3163.2505528138636 0.04 f_swap_t 100 2863.4754898548126 36.67486772868969 16.14128378618685 21.55444107164273 36.89315143528982 21.768248726311153 15.54308841566158 32.59153207344803
1.0017423929146787 2371.5111568225457 0.04 1.171806916212685 3144.516992380332 0.04 f_swap_t 100 2884.329959154129 36.67486772868969 16.14128378618685 21.55444107164273 37.55421992093692 21.768248726311153 15.54308841566158 32.59153207344803
1.0017423929146787 2371.5111568225457 0.04 1.169289437592902 3133.0741257186346 0.04 move_t 100 2906.4680202007294 36.67486772868969 16.979870948324983 21.55444107164273 37.55421992093692 21.768248726311153 15.54308841566158 32.59153207344803
1.0017423929146787 2371.5111568225457 0.04 1.1682234395654123 3128.228772437641 0.04 f_swap_t 100 2924.6472680568695 36.67486772868969 16.979870948324983 21.55444107164273 38.17867772172755 21.768248726311153 15.54308841566158 32.59153207344803
1.0017423929146787 2371.5111568225457 0.04 1.190956652253157 3231.559589046639 0.04 t_multiswap_k 100 2937.82156085968 36.67486772868969 16.979870948324983 21.55444107164273 38.17867772172755 21.768248726311153 15.54308841566158 33.315616752713545
1.0017423929146787 2371.5111568225457 0.04 1.1852581047816293 3205.657593943433 0.04 f_swap_t 100 2966.5493314266205 36.67486772868969 16.979870948324983 21.55444107164273 38.796890944510274 21.768248726311153 15.54308841566158 33.315616752713545
1.0017423929146787 2371.5111568225457 0.04 1.1801595342070579 3188.138359827188 0.04 move_t 100 2992.2782020568848 36.67486772868969 17.900072238841734 21.55444107164273 38.796890944510274 21.768248726311153 15.54308841566158 33.315616752713545
1.0017423929146787 2371.5111568225457 0.04 1.173700410844146 3153.1236222131265 0.04 t_swap_r_k 100 3026.33052110672 36.67486772868969 17.900072238841734 21.55444107164273 38.796890944510274 21.768248726311153 16.427657531504966 33.315616752713545
1.0017423929146787 2371.5111568225457 0.04 1.173700410844146 3153.1236222131265 0.04 t_multiswap_k 100 3035.4196717739105 36.67486772868969 17.900072238841734 21.55444107164273 38.796890944510274 21.768248726311153 16.427657531504966 33.98246058518641
1.0017423929146787 2371.5111568225457 0.04 1.173700410844146 3153.1236222131265 0.04 swap_t 100 3038.8157794475555 36.67486772868969 17.900072238841734 21.55444107164273 38.796890944510274 22.55056623904804 16.427657531504966 33.98246058518641
1.0017423929146787 2371.5111568225457 0.04 1.2136407581210773 3334.667197090125 0.04 t_swap_k 100 3065.601244688034 36.67486772868969 17.900072238841734 22.438896660926304 38.796890944510274 22.55056623904804 16.427657531504966 33.98246058518641
1.0017423929146787 2371.5111568225457 0.04 1.1570485470874643 3077.434774197057 0.04 t_multiswap_k 100 3079.74862241745 36.67486772868969 17.900072238841734 22.438896660926304 38.796890944510274 22.55056623904804 16.427657531504966 34.882635979334545
1.0017423929146787 2371.5111568225457 0.04 1.1800086529808604 3181.7969039136665 0.04 move_t 100 3089.3764402866364 36.67486772868969 18.761071516453317 22.438896660926304 38.796890944510274 22.55056623904804 16.427657531504966 34.882635979334545
1.0017423929146787 2371.5111568225457 0.04 1.1721923646756425 3146.2689974746027 0.04 t_move_k 100 3104.059042453766 37.318119051402796 18.761071516453317 22.438896660926304 38.796890944510274 22.55056623904804 16.427657531504966 34.882635979334545
1.0017423929146787 2371.5111568225457 0.04 1.1609070953607836 3094.973295895852 0.04 t_swap_r_k 100 3146.8269414901733 37.318119051402796 18.761071516453317 22.438896660926304 38.796890944510274 22.55056623904804 17.363380956189918 34.882635979334545
1.0017423929146787 2371.5111568225457 0.04 1.1600772515917712 3091.2013506152734 0.04 t_multiswap_k 100 3156.069625854492 37.318119051402796 18.761071516453317 22.438896660926304 38.796890944510274 22.55056623904804 17.363380956189918 35.5338096195412
1.0017423929146787 2371.5111568225457 0.04 1.1600772515917712 3091.2013506152734 0.04 f_swap_t 100 3169.434932947159 37.318119051402796 18.761071516453317 22.438896660926304 39.408922035065174 22.55056623904804 17.363380956189918 35.5338096195412
1.0017423929146787 2371.5111568225457 0.04 1.1600772515917712 3091.2013506152734 0.04 f_swap_t 100 3189.6577537059784 37.318119051402796 18.761071516453317 22.438896660926304 40.014832814714524 22.55056623904804 17.363380956189918 35.5338096195412
1.0017423929146787 2371.5111568225457 0.04 1.1656448903038388 3116.508317237371 0.04 f_swap_t 100 3207.6074764728546 37.318119051402796 18.761071516453317 22.438896660926304 40.63468448656738 22.55056623904804 17.363380956189918 35.5338096195412
1.0017423929146787 2371.5111568225457 0.04 1.1638654648966815 3108.420174002101 0.04 swap_t 100 3221.501385450363 37.318119051402796 18.761071516453317 22.438896660926304 40.63468448656738 23.35506057665756 17.363380956189918 35.5338096195412
1.0017423929146787 2371.5111568225457 0.04 1.1638654648966815 3108.420174002101 0.04 move_t 100 3234.0239565372467 37.318119051402796 19.573460801288785 22.438896660926304 40.63468448656738 23.35506057665756 17.363380956189918 35.5338096195412
1.0017423929146787 2371.5111568225457 0.04 1.1688654648966816 3108.420174002101 0.03 t_swap_r_k 100 3258.5845804214478 37.318119051402796 19.573460801288785 22.438896660926304 40.63468448656738 23.35506057665756 18.229747146628018 35.5338096195412
1.0017423929146787 2371.5111568225457 0.04 1.185570954443923 3146.474704624056 0.013333333333333332 t_swap_k 100 3278.7164990901947 37.318119051402796 19.573460801288785 23.25450769431704 40.63468448656738 23.35506057665756 18.229747146628018 35.5338096195412
1.0017423929146787 2371.5111568225457 0.04 1.17862048362895 3138.7972594177318 0.025 move_t 100 3291.3870627880096 37.318119051402796 20.437726193275896 23.25450769431704 40.63468448656738 23.35506057665756 18.229747146628018 35.5338096195412
1.0017423929146787 2371.5111568225457 0.04 1.17862048362895 3138.7972594177318 0.025 t_swap_r_k 100 3315.735607147217 37.318119051402796 20.437726193275896 23.25450769431704 40.63468448656738 23.35506057665756 19.08744967516174 35.5338096195412
1.0017423929146787 2371.5111568225457 0.04 1.17862048362895 3138.7972594177318 0.025 swap_t 100 3320.1523592472076 37.318119051402796 20.437726193275896 23.25450769431704 40.63468448656738 24.121509970890987 19.08744967516174 35.5338096195412
1.0017423929146787 2371.5111568225457 0.04 1.1702214271221971 3103.2201013554063 0.025 t_multiswap_k 100 3330.5336372852325 37.318119051402796 20.437726193275896 23.25450769431704 40.63468448656738 24.121509970890987 19.08744967516174 36.23847152334579
1.0017423929146787 2371.5111568225457 0.04 1.1612428343630194 3062.409093490002 0.025 move_t 100 3341.2518951892853 37.318119051402796 21.323348931343137 23.25450769431704 40.63468448656738 24.121509970890987 19.08744967516174 36.23847152334579
1.0017423929146787 2371.5111568225457 0.04 1.174559988665802 3096.425813552873 0.013333333333333332 t_multiswap_k 100 3355.46524477005 37.318119051402796 21.323348931343137 23.25450769431704 40.63468448656738 24.121509970890987 19.08744967516174 36.97608680811233
1.0017423929146787 2371.5111568225457 0.04 1.174559988665802 3096.425813552873 0.013333333333333332 f_swap_t 100 3379.104157447815 37.318119051402796 21.323348931343137 23.25450769431704 41.22833764170171 24.121509970890987 19.08744967516174 36.97608680811233
1.0017423929146787 2371.5111568225457 0.04 1.1706531235099216 3078.6676738440933 0.013333333333333332 t_multiswap_k 100 3393.505785703659 37.318119051402796 21.323348931343137 23.25450769431704 41.22833764170171 24.121509970890987 19.08744967516174 37.66632594003121
1.0017423929146787 2371.5111568225457 0.04 1.1706531235099216 3078.6676738440933 0.013333333333333332 swap_t 100 3397.954907178879 37.318119051402796 21.323348931343137 23.25450769431704 41.22833764170171 24.880294871182077 19.08744967516174 37.66632594003121
1.0017423929146787 2371.5111568225457 0.04 1.1706531235099216 3078.6676738440933 0.013333333333333332 move_t 100 3408.3436975479126 37.318119051402796 22.110115442029706 23.25450769431704 41.22833764170171 24.880294871182077 19.08744967516174 37.66632594003121
1.0017423929146787 2371.5111568225457 0.04 1.1706531235099216 3078.6676738440933 0.013333333333333332 f_swap_t 100 3424.217429161072 37.318119051402796 22.110115442029706 23.25450769431704 41.81605426528469 24.880294871182077 19.08744967516174 37.66632594003121
1.0017423929146787 2371.5111568225457 0.04 1.1653351452338716 3054.4955057690822 0.013333333333333332 t_move_k 100 3442.1568353176117 38.06493786088877 22.110115442029706 23.25450769431704 41.81605426528469 24.880294871182077 19.08744967516174 37.66632594003121
1.0017423929146787 2371.5111568225457 0.04 1.1625100079271216 3068.1688636097174 0.025 t_move_k 100 3455.4063954353333 38.84428848227988 22.110115442029706 23.25450769431704 41.81605426528469 24.880294871182077 19.08744967516174 37.66632594003121
1.0017423929146787 2371.5111568225457 0.04 1.1498782521324138 2999.389465621767 0.02 t_move_k 100 3461.1649401187897 39.48584559745708 22.110115442029706 23.25450769431704 41.81605426528469 24.880294871182077 19.08744967516174 37.66632594003121
1.0017423929146787 2371.5111568225457 0.04 1.1392257829264811 2996.423752997366 0.04 t_multiswap_k 100 3469.51619553566 39.48584559745708 22.110115442029706 23.25450769431704 41.81605426528469 24.880294871182077 19.08744967516174 38.3196626806309
1.0017423929146787 2371.5111568225457 0.04 1.1392257829264811 2996.423752997366 0.04 t_swap_k 100 3479.265277147293 39.48584559745708 22.110115442029706 24.02196261737387 41.81605426528469 24.880294871182077 19.08744967516174 38.3196626806309
1.0017423929146787 2371.5111568225457 0.04 1.1796639039609942 3180.229892764067 0.04 t_swap_k 100 3490.7698163986206 39.48584559745708 22.110115442029706 24.90174299120013 41.81605426528469 24.880294871182077 19.08744967516174 38.3196626806309
1.0017423929146787 2371.5111568225457 0.04 1.1961185894608035 3239.871266510908 0.03333333333333333 t_swap_k 100 3500.937767267227 39.48584559745708 22.110115442029706 25.732725561288127 41.81605426528469 24.880294871182077 19.08744967516174 38.3196626806309
1.0017423929146787 2371.5111568225457 0.04 1.174704414091337 3142.5359598682116 0.03333333333333333 t_move_k 100 3511.895249605179 40.210987141482505 22.110115442029706 25.732725561288127 41.81605426528469 24.880294871182077 19.08744967516174 38.3196626806309
1.0017423929146787 2371.5111568225457 0.04 1.1731892625761855 3142.5359598682116 0.03636363636363636 t_swap_r_k 100 3539.7113769054413 40.210987141482505 22.110115442029706 25.732725561288127 41.81605426528469 24.880294871182077 19.96657517841012 38.3196626806309
1.0017423929146787 2371.5111568225457 0.04 1.168188932830363 3128.0719266296983 0.04 f_swap_t 100 3568.6160583496094 40.210987141482505 22.110115442029706 25.732725561288127 42.39789372263184 24.880294871182077 19.96657517841012 38.3196626806309
1.0017423929146787 2371.5111568225457 0.04 1.168188932830363 3128.0719266296983 0.04 swap_t 100 3586.479630947113 40.210987141482505 22.110115442029706 25.732725561288127 42.39789372263184 25.631491922470257 19.96657517841012 38.3196626806309
1.0017423929146787 2371.5111568225457 0.04 1.168188932830363 3128.0719266296983 0.04 move_t 100 3594.750270843506 40.210987141482505 22.88901428760941 25.732725561288127 42.39789372263184 25.631491922470257 19.96657517841012 38.3196626806309
1.0017423929146787 2371.5111568225457 0.04 1.1668332158746377 3121.90969421451 0.04 f_swap_t 100 3608.3975145816803 40.210987141482505 22.88901428760941 25.732725561288127 43.00391478540553 25.631491922470257 19.96657517841012 38.3196626806309