8
5 100 5 200

Solution history:
B_obj   B_dis   B_sim   C_obj   C_dis   C_sim   neighbor   iterations   time   scores
1.0173838016264694 2351.6997556245824 0.0 1.0173838016264694 2351.6997556245824 0.0 0 0 0 3.0 3.0 3.0 3.0 3.0 3.0 3.0
1.0173838016264694 2351.6997556245824 0.0 1.0173838016264694 2351.6997556245824 0.0 swap_t 100 26.07183337211609 3.0 3.0 3.0 3.0 3.9699999999999998 3.0 3.0
0.9989210868879165 2350.422977415153 0.03636363636363636 0.9989210868879165 2350.422977415153 0.03636363636363636 t_swap_k 100 54.87314319610596 3.0 3.0 3.9699999999999998 3.0 3.9699999999999998 3.0 3.0
0.9989210868879164 2350.4229774151527 0.03636363636363636 0.9989210868879164 2350.4229774151527 0.03636363636363636 f_swap_t 100 71.89239740371704 3.0 3.0 3.9699999999999998 3.9699999999999998 3.9699999999999998 3.0 3.0
0.9989210868879164 2350.4229774151527 0.03636363636363636 0.9989210868879164 2350.4229774151527 0.03636363636363636 f_swap_t 100 91.31809711456299 3.0 3.0 3.9699999999999998 4.9303 3.9699999999999998 3.0 3.0
0.9989210868879164 2350.4229774151527 0.03636363636363636 0.9989210868879164 2350.4229774151527 0.03636363636363636 t_move_k 100 115.27639746665955 3.9699999999999998 3.0 3.9699999999999998 4.9303 3.9699999999999998 3.0 3.0
0.9989210868879164 2350.4229774151527 0.03636363636363636 0.9989210868879164 2350.4229774151527 0.03636363636363636 t_swap_r_k 100 152.0171995162964 3.9699999999999998 3.0 3.9699999999999998 4.9303 3.9699999999999998 4.01 3.0
0.9989210868879164 2350.4229774151527 0.03636363636363636 0.9989210868879164 2350.4229774151527 0.03636363636363636 t_multiswap_k 100 162.9975700378418 3.9699999999999998 3.0 3.9699999999999998 4.9303 3.9699999999999998 4.01 3.9699999999999998
0.9989210868879164 2350.4229774151527 0.03636363636363636 0.9989210868879164 2350.4229774151527 0.03636363636363636 t_multiswap_k 100 179.5192859172821 3.9699999999999998 3.0 3.9699999999999998 4.9303 3.9699999999999998 4.01 4.9303
0.9989210868879164 2350.4229774151527 0.03636363636363636 0.9989210868879164 2350.4229774151527 0.03636363636363636 t_multiswap_k 100 189.77031660079956 3.9699999999999998 3.0 3.9699999999999998 4.9303 3.9699999999999998 4.01 5.880997
0.9989210868879164 2350.4229774151527 0.03636363636363636 1.0207293919828642 2446.1062881078933 0.03484848484848485 t_move_k 100 208.60480093955994 5.000299999999999 3.0 3.9699999999999998 4.9303 3.9699999999999998 4.01 5.880997
0.9989210868879164 2350.4229774151527 0.03636363636363636 1.0122994346415406 2411.232490670021 0.03636363636363636 t_swap_r_k 100 246.3373007774353 5.000299999999999 3.0 3.9699999999999998 4.9303 3.9699999999999998 5.0099 5.880997
0.9989210868879164 2350.4229774151527 0.03636363636363636 1.0085567507050954 2394.2206150159145 0.03636363636363636 t_multiswap_k 100 250.34481739997864 5.000299999999999 3.0 3.9699999999999998 4.9303 3.9699999999999998 5.0099 6.82218703
0.9989210868879164 2350.4229774151527 0.03636363636363636 1.0085567507050954 2394.2206150159145 0.03636363636363636 t_swap_r_k 100 293.13563537597656 5.000299999999999 3.0 3.9699999999999998 4.9303 3.9699999999999998 5.999801 6.82218703
0.9989210868879164 2350.4229774151527 0.03636363636363636 1.0085567507050954 2394.2206150159145 0.03636363636363636 t_swap_r_k 100 327.5993809700012 5.000299999999999 3.0 3.9699999999999998 4.9303 3.9699999999999998 6.97980299 6.82218703
0.9989210868879164 2350.4229774151527 0.03636363636363636 1.0085567507050954 2394.2206150159145 0.03636363636363636 t_multiswap_k 100 339.23680329322815 5.000299999999999 3.0 3.9699999999999998 4.9303 3.9699999999999998 6.97980299 7.7539651597
0.9989210868879164 2350.4229774151527 0.03636363636363636 1.0085567507050954 2394.2206150159145 0.03636363636363636 f_swap_t 100 359.9252254962921 5.000299999999999 3.0 3.9699999999999998 5.880997 3.9699999999999998 6.97980299 7.7539651597
0.9989210868879164 2350.4229774151527 0.03636363636363636 1.0085567507050954 2394.2206150159145 0.03636363636363636 t_move_k 100 377.5639741420746 5.950296999999999 3.0 3.9699999999999998 5.880997 3.9699999999999998 6.97980299 7.7539651597
0.9989210868879164 2350.4229774151527 0.03636363636363636 1.0182306383320063 2438.1919938967912 0.03636363636363636 t_move_k 100 412.0616400241852 6.9307940299999995 3.0 3.9699999999999998 5.880997 3.9699999999999998 6.97980299 7.7539651597
0.9989210868879164 2350.4229774151527 0.03636363636363636 1.0164270193310505 2429.993881875399 0.03636363636363636 t_swap_r_k 100 442.06041407585144 6.9307940299999995 3.0 3.9699999999999998 5.880997 3.9699999999999998 7.950004960099999 7.7539651597
0.9989210868879164 2350.4229774151527 0.03636363636363636 1.0164270193310505 2429.993881875399 0.03636363636363636 f_swap_t 100 480.16892552375793 6.9307940299999995 3.0 3.9699999999999998 6.82218703 3.9699999999999998 7.950004960099999 7.7539651597
0.9989210868879164 2350.4229774151527 0.03636363636363636 1.0164270193310505 2429.993881875399 0.03636363636363636 t_multiswap_k 100 496.42090368270874 6.9307940299999995 3.0 3.9699999999999998 6.82218703 3.9699999999999998 7.950004960099999 8.676425508103
0.9989210868879164 2350.4229774151527 0.03636363636363636 1.0164270193310505 2429.993881875399 0.03636363636363636 t_swap_k 100 536.7590582370758 6.9307940299999995 3.0 4.9303 6.82218703 3.9699999999999998 7.950004960099999 8.676425508103
0.9989210868879164 2350.4229774151527 0.03636363636363636 1.0164270193310505 2429.993881875399 0.03636363636363636 t_swap_r_k 100 588.771107673645 6.9307940299999995 3.0 4.9303 6.82218703 3.9699999999999998 8.910504910499 8.676425508103
0.9989210868879164 2350.4229774151527 0.03636363636363636 1.0164270193310505 2429.993881875399 0.03636363636363636 t_move_k 100 623.3531582355499 7.8614860897 3.0 4.9303 6.82218703 3.9699999999999998 8.910504910499 8.676425508103
0.9989210868879164 2350.4229774151527 0.03636363636363636 1.0164270193310505 2429.993881875399 0.03636363636363636 t_move_k 100 649.6863782405853 8.782871228803 3.0 4.9303 6.82218703 3.9699999999999998 8.910504910499 8.676425508103
0.9989210868879164 2350.4229774151527 0.03636363636363636 1.0164270193310505 2429.993881875399 0.03636363636363636 t_swap_r_k 100 686.1019141674042 8.782871228803 3.0 4.9303 6.82218703 3.9699999999999998 9.86139986139401 8.676425508103
0.9989210868879164 2350.4229774151527 0.03636363636363636 1.0262755041795353 2429.993881875399 0.016666666666666666 t_swap_r_k 100 720.2208681106567 8.782871228803 3.0 4.9303 6.82218703 3.9699999999999998 10.802785862780071 8.676425508103
0.9989210868879164 2350.4229774151527 0.03636363636363636 1.0262755041795353 2429.993881875399 0.016666666666666666 move_t 100 747.9527266025543 8.782871228803 3.9699999999999998 4.9303 6.82218703 3.9699999999999998 10.802785862780071 8.676425508103
0.9989210868879164 2350.4229774151527 0.03636363636363636 1.0218140042289106 2409.71472294035 0.016666666666666666 t_move_k 100 770.6046090126038 9.72504251651497 3.9699999999999998 4.9303 6.82218703 3.9699999999999998 10.802785862780071 8.676425508103
0.9989210868879164 2350.4229774151527 0.03636363636363636 1.0218140042289106 2409.71472294035 0.016666666666666666 move_t 100 787.5641305446625 9.72504251651497 4.9303 4.9303 6.82218703 3.9699999999999998 10.802785862780071 8.676425508103
0.9989210868879164 2350.4229774151527 0.03636363636363636 1.0218140042289106 2409.71472294035 0.016666666666666666 t_swap_r_k 100 806.5624852180481 9.72504251651497 4.9303 4.9303 6.82218703 3.9699999999999998 11.73475800415227 8.676425508103
0.9989210868879164 2350.4229774151527 0.03636363636363636 1.0218140042289106 2409.71472294035 0.016666666666666666 t_move_k 100 823.408989906311 10.62779209134982 4.9303 4.9303 6.82218703 3.9699999999999998 11.73475800415227 8.676425508103
0.9989210868879164 2350.4229774151527 0.03636363636363636 1.0218140042289106 2409.71472294035 0.016666666666666666 f_swap_t 100 852.3164434432983 10.62779209134982 4.9303 4.9303 7.7539651597 3.9699999999999998 11.73475800415227 8.676425508103
0.9989210868879164 2350.4229774151527 0.03636363636363636 1.0218140042289106 2409.71472294035 0.016666666666666666 move_t 100 886.202826499939 10.62779209134982 5.880997 4.9303 7.7539651597 3.9699999999999998 11.73475800415227 8.676425508103
0.9989210868879164 2350.4229774151527 0.03636363636363636 1.0214672922497159 2408.138789418308 0.016666666666666666 t_move_k 100 914.2184481620789 11.551514170436322 5.880997 4.9303 7.7539651597 3.9699999999999998 11.73475800415227 8.676425508103
0.9989210868879164 2350.4229774151527 0.03636363636363636 1.0214672922497159 2408.138789418308 0.016666666666666666 t_swap_r_k 100 948.3360373973846 11.551514170436322 5.880997 4.9303 7.7539651597 3.9699999999999998 12.657410424110749 8.676425508103
0.9989210868879164 2350.4229774151527 0.03636363636363636 1.0214672922497159 2408.138789418308 0.016666666666666666 t_swap_r_k 100 976.5984930992126 11.551514170436322 5.880997 4.9303 7.7539651597 3.9699999999999998 13.570836319869642 8.676425508103
0.9989210868879164 2350.4229774151527 0.03636363636363636 1.0879531842196735 2700.872116072961 0.0125 t_move_k 100 1006.1423435211182 12.53599902873196 5.880997 4.9303 7.7539651597 3.9699999999999998 13.570836319869642 8.676425508103
0.9989210868879164 2350.4229774151527 0.03636363636363636 1.0648795847218695 2567.5855664047413 0.0 t_swap_k 100 1029.127853155136 12.53599902873196 5.880997 5.950997 7.7539651597 3.9699999999999998 13.570836319869642 8.676425508103
0.9989210868879164 2350.4229774151527 0.03636363636363636 1.0418488994936221 2545.545681483148 0.03636363636363636 t_multiswap_k 100 1053.0122113227844 12.53599902873196 5.880997 5.950997 7.7539651597 3.9699999999999998 13.570836319869642 9.58966125302197
0.9989210868879164 2350.4229774151527 0.03636363636363636 1.0862870640735043 2721.7075366991535 0.025 f_swap_t 100 1088.4704463481903 12.53599902873196 5.880997 5.950997 8.686425508103 3.9699999999999998 13.570836319869642 9.58966125302197
0.9989210868879164 2350.4229774151527 0.03636363636363636 1.0862870640735043 2721.7075366991535 0.025 t_multiswap_k 100 1109.8825426101685 12.53599902873196 5.880997 5.950997 8.686425508103 3.9699999999999998 13.570836319869642 10.493764640491749
0.9989210868879164 2350.4229774151527 0.03636363636363636 1.0862870640735043 2721.7075366991535 0.025 t_swap_r_k 100 1139.483967781067 12.53599902873196 5.880997 5.950997 8.686425508103 3.9699999999999998 14.475127956670946 10.493764640491749
0.9989210868879164 2350.4229774151527 0.03636363636363636 1.0862870640735043 2721.7075366991535 0.025 t_move_k 100 1159.4527971744537 13.41063903844464 5.880997 5.950997 8.686425508103 3.9699999999999998 14.475127956670946 10.493764640491749
0.9989210868879164 2350.4229774151527 0.03636363636363636 1.0862870640735043 2721.7075366991535 0.025 t_swap_r_k 100 1187.1380188465118 13.41063903844464 5.880997 5.950997 8.686425508103 3.9699999999999998 15.370376677104236 10.493764640491749
0.9989210868879164 2350.4229774151527 0.03636363636363636 1.0830168920406644 2706.843401513043 0.025 t_swap_k 100 1215.994863986969 13.41063903844464 5.880997 6.92148703 8.686425508103 3.9699999999999998 15.370376677104236 10.493764640491749
0.9989210868879164 2350.4229774151527 0.03636363636363636 1.0812681202477066 2698.894590233653 0.025 t_swap_k 100 1248.8533420562744 13.41063903844464 5.880997 7.882272159699999 8.686425508103 3.9699999999999998 15.370376677104236 10.493764640491749
0.9989210868879164 2350.4229774151527 0.03636363636363636 1.0812681202477066 2698.894590233653 0.025 t_move_k 100 1268.6867480278015 14.276532648060194 5.880997 7.882272159699999 8.686425508103 3.9699999999999998 15.370376677104236 10.493764640491749
0.9989210868879164 2350.4229774151527 0.03636363636363636 1.0773573411932023 2681.118660415465 0.025 t_swap_k 100 1288.5064465999603 14.276532648060194 5.880997 8.833449438102999 8.686425508103 3.9699999999999998 15.370376677104236 10.493764640491749
0.9989210868879164 2350.4229774151527 0.03636363636363636 1.0716144255300546 2655.0149955555676 0.025 t_move_k 100 1305.321221113205 15.19376732157959 5.880997 8.833449438102999 8.686425508103 3.9699999999999998 15.370376677104236 10.493764640491749
0.9989210868879164 2350.4229774151527 0.03636363636363636 1.0996882100969123 2782.6206764790713 0.025 t_swap_k 100 1335.4073417186737 15.19376732157959 5.880997 9.765114943721969 8.686425508103 3.9699999999999998 15.370376677104236 10.493764640491749
0.9989210868879164 2350.4229774151527 0.03636363636363636 1.0862012523426707 2692.908941048798 0.0125 t_move_k 100 1373.5861558914185 16.101829648363793 5.880997 9.765114943721969 8.686425508103 3.9699999999999998 15.370376677104236 10.493764640491749
0.9989210868879164 2350.4229774151527 0.03636363636363636 1.0805215782750193 2676.5622490969986 0.016666666666666666 t_swap_r_k 100 1404.5690970420837 16.101829648363793 5.880997 9.765114943721969 8.686425508103 3.9699999999999998 16.256672910333194 10.493764640491749
0.9989210868879164 2350.4229774151527 0.03636363636363636 1.0805215782750193 2676.5622490969986 0.016666666666666666 t_swap_r_k 100 1429.4811670780182 16.101829648363793 5.880997 9.765114943721969 8.686425508103 3.9699999999999998 17.13410618122986 10.493764640491749
0.9989210868879164 2350.4229774151527 0.03636363636363636 1.0857493316184477 2736.504366873967 0.03636363636363636 move_t 100 1450.3934226036072 16.101829648363793 6.89218703 9.765114943721969 8.686425508103 3.9699999999999998 17.13410618122986 10.493764640491749
0.9989210868879164 2350.4229774151527 0.03636363636363636 1.1127770529724659 2863.176325229644 0.02967032967032967 move_t 100 1470.501415014267 16.101829648363793 7.863265159699999 9.765114943721969 8.686425508103 3.9699999999999998 17.13410618122986 10.493764640491749
0.9989210868879164 2350.4229774151527 0.03636363636363636 1.0857927794612552 2729.2173028930283 0.029292929292929294 t_swap_r_k 100 1498.130311012268 16.101829648363793 7.863265159699999 9.765114943721969 8.686425508103 3.9699999999999998 18.03276511941756 10.493764640491749
0.9989210868879164 2350.4229774151527 0.03636363636363636 1.0782626342582884 2711.059504834867 0.03636363636363636 f_swap_t 100 1521.4025242328644 16.101829648363793 7.863265159699999 9.765114943721969 9.62956125302197 3.9699999999999998 18.03276511941756 10.493764640491749
0.9989210868879164 2350.4229774151527 0.03636363636363636 1.0869302035272677 2750.456796492702 0.03636363636363636 t_move_k 100 1541.7555303573608 16.980811351880156 7.863265159699999 9.765114943721969 9.62956125302197 3.9699999999999998 18.03276511941756 10.493764640491749
0.9989210868879164 2350.4229774151527 0.03636363636363636 1.082405649577848 2729.891033931696 0.03636363636363636 t_move_k 100 1573.9020178318024 17.851003238361354 7.863265159699999 9.765114943721969 9.62956125302197 3.9699999999999998 18.03276511941756 10.493764640491749
0.9989210868879164 2350.4229774151527 0.03636363636363636 1.0814013556319693 2725.326148406341 0.03636363636363636 t_move_k 100 1602.7923469543457 18.73249320597774 7.863265159699999 9.765114943721969 9.62956125302197 3.9699999999999998 18.03276511941756 10.493764640491749
0.9989210868879164 2350.4229774151527 0.03636363636363636 1.0814013556319693 2725.326148406341 0.03636363636363636 t_move_k 100 1633.0948011875153 19.545168273917962 7.863265159699999 9.765114943721969 9.62956125302197 3.9699999999999998 18.03276511941756 10.493764640491749
0.9989210868879164 2350.4229774151527 0.03636363636363636 1.0807565393797045 2722.395221272351 0.03636363636363636 move_t 100 1646.843242406845 19.545168273917962 8.814632508103 9.765114943721969 9.62956125302197 3.9699999999999998 18.03276511941756 10.493764640491749
0.9989210868879164 2350.4229774151527 0.03636363636363636 1.0959362779851967 2791.392718791134 0.03636363636363636 t_swap_k 100 1671.6542239189148 19.545168273917962 8.814632508103 10.76746379428475 9.62956125302197 3.9699999999999998 18.03276511941756 10.493764640491749
0.9989210868879164 2350.4229774151527 0.03636363636363636 1.0959362779851967 2791.392718791134 0.03636363636363636 t_move_k 100 1693.1677796840668 20.349716591178783 8.814632508103 10.76746379428475 9.62956125302197 3.9699999999999998 18.03276511941756 10.493764640491749
0.9989210868879164 2350.4229774151527 0.03636363636363636 1.0959362779851967 2791.392718791134 0.03636363636363636 t_swap_r_k 100 1715.8606810569763 20.349716591178783 8.814632508103 10.76746379428475 9.62956125302197 3.9699999999999998 18.892437468223385 10.493764640491749
0.9989210868879164 2350.4229774151527 0.03636363636363636 1.0921177992018891 2774.0363276684657 0.03636363636363636 t_multiswap_k 100 1725.3445949554443 20.349716591178783 8.814632508103 10.76746379428475 9.62956125302197 3.9699999999999998 18.892437468223385 11.418826994086832
0.9989210868879164 2350.4229774151527 0.03636363636363636 1.0868141794025759 2749.9294241535868 0.03636363636363636 t_move_k 100 1752.3036832809448 21.266219425266996 8.814632508103 10.76746379428475 9.62956125302197 3.9699999999999998 18.892437468223385 11.418826994086832
0.9989210868879164 2350.4229774151527 0.03636363636363636 1.097512232766429 2798.556013162254 0.03636363636363636 t_move_k 100 1780.3584785461426 22.093557231014326 8.814632508103 10.76746379428475 9.62956125302197 3.9699999999999998 18.892437468223385 11.418826994086832
0.9989210868879164 2350.4229774151527 0.03636363636363636 1.097512232766429 2798.556013162254 0.03636363636363636 t_swap_r_k 100 1804.2924075126648 22.093557231014326 8.814632508103 10.76746379428475 9.62956125302197 3.9699999999999998 19.74351309354115 11.418826994086832
0.9989210868879164 2350.4229774151527 0.03636363636363636 1.097512232766429 2798.556013162254 0.03636363636363636 t_swap_k 100 1827.044014453888 22.093557231014326 8.814632508103 11.659789156341901 9.62956125302197 3.9699999999999998 19.74351309354115 11.418826994086832
0.9989210868879164 2350.4229774151527 0.03636363636363636 1.097512232766429 2798.556013162254 0.03636363636363636 t_multiswap_k 100 1841.0219614505768 22.093557231014326 8.814632508103 11.659789156341901 9.62956125302197 3.9699999999999998 19.74351309354115 12.304638724145963
0.9989210868879164 2350.4229774151527 0.03636363636363636 1.0909012691976936 2768.5067511633974 0.03636363636363636 t_move_k 100 1855.6635551452637 22.962621658704183 8.814632508103 11.659789156341901 9.62956125302197 3.9699999999999998 19.74351309354115 12.304638724145963
0.9989210868879164 2350.4229774151527 0.03636363636363636 1.0909012691976936 2768.5067511633974 0.03636363636363636 t_swap_r_k 100 1884.9049129486084 22.962621658704183 8.814632508103 11.659789156341901 9.62956125302197 3.9699999999999998 20.58607796260574 12.304638724145963
0.9989210868879164 2350.4229774151527 0.03636363636363636 1.0909012691976936 2768.5067511633974 0.03636363636363636 t_multiswap_k 100 1899.052208662033 22.962621658704183 8.814632508103 11.659789156341901 9.62956125302197 3.9699999999999998 20.58607796260574 13.181592336904504
0.9989210868879164 2350.4229774151527 0.03636363636363636 1.0837999741609927 2736.2287522196184 0.03636363636363636 t_move_k 100 1938.4382483959198 23.76299544211714 8.814632508103 11.659789156341901 9.62956125302197 3.9699999999999998 20.58607796260574 13.181592336904504
0.9989210868879164 2350.4229774151527 0.03636363636363636 1.0918769105224708 2731.6198730615997 0.01818181818181818 t_move_k 100 1974.571519613266 24.65536548769597 8.814632508103 11.659789156341901 9.62956125302197 3.9699999999999998 20.58607796260574 13.181592336904504
0.9989210868879164 2350.4229774151527 0.03636363636363636 1.0794629160609326 2675.1937003639837 0.01818181818181818 t_swap_r_k 100 2011.8871142864227 24.65536548769597 8.814632508103 11.659789156341901 9.62956125302197 3.9699999999999998 21.45021718297968 13.181592336904504
0.9989210868879164 2350.4229774151527 0.03636363636363636 1.088714487669359 2717.245497544885 0.01818181818181818 t_move_k 100 2038.8335404396057 25.478811832819012 8.814632508103 11.659789156341901 9.62956125302197 3.9699999999999998 21.45021718297968 13.181592336904504
0.9989210868879164 2350.4229774151527 0.03636363636363636 1.1283268638947372 2897.2983233119085 0.01818181818181818 t_move_k 100 2072.8280658721924 26.32402371449082 8.814632508103 11.659789156341901 9.62956125302197 3.9699999999999998 21.45021718297968 13.181592336904504
0.9989210868879164 2350.4229774151527 0.03636363636363636 1.1159105749183569 2834.5045632121664 0.015384615384615385 t_multiswap_k 100 2089.1428847312927 26.32402371449082 8.814632508103 11.659789156341901 9.62956125302197 3.9699999999999998 21.45021718297968 14.10977641353546
0.9989210868879164 2350.4229774151527 0.03636363636363636 1.1065697142030593 2798.4040721734723 0.01818181818181818 t_swap_r_k 100 2117.1124229431152 26.32402371449082 8.814632508103 11.659789156341901 9.62956125302197 3.9699999999999998 22.305715011149886 14.10977641353546
0.9989210868879164 2350.4229774151527 0.03636363636363636 1.0910569340983551 2769.2143054155677 0.03636363636363636 t_move_k 100 2147.9919698238373 27.15078347734591 8.814632508103 11.659789156341901 9.62956125302197 3.9699999999999998 22.305715011149886 14.10977641353546
0.9989210868879164 2350.4229774151527 0.03636363636363636 1.0887538602446551 2758.745987308381 0.03636363636363636 f_swap_t 100 2180.5482606887817 27.15078347734591 8.814632508103 11.659789156341901 10.53326564049175 3.9699999999999998 22.305715011149886 14.10977641353546
0.9989210868879164 2350.4229774151527 0.03636363636363636 1.088131224624607 2755.915879309432 0.03636363636363636 t_swap_r_k 100 2206.716248512268 27.15078347734591 8.814632508103 11.659789156341901 10.53326564049175 3.9699999999999998 23.122657861038387 14.10977641353546
0.9989210868879164 2350.4229774151527 0.03636363636363636 1.088131224624607 2755.915879309432 0.03636363636363636 f_swap_t 100 2239.8971812725067 27.15078347734591 8.814632508103 11.659789156341901 11.427932984086834 3.9699999999999998 23.122657861038387 14.10977641353546
0.9989210868879164 2350.4229774151527 0.03636363636363636 1.1157600806400678 2844.3098220212623 0.02 t_multiswap_k 100 2258.08468914032 27.15078347734591 8.814632508103 11.659789156341901 11.427932984086834 3.9699999999999998 23.122657861038387 15.148678649400106
0.9989210868879164 2350.4229774151527 0.03636363636363636 1.1183880353929019 2856.2548433586207 0.02 t_move_k 100 2287.13493847847 28.019275642572453 8.814632508103 11.659789156341901 11.427932984086834 3.9699999999999998 23.122657861038387 15.148678649400106
0.9989210868879164 2350.4229774151527 0.03636363636363636 1.1113780102705524 2824.3916997593687 0.02 t_move_k 100 2311.3898572921753 28.769082886146727 8.814632508103 11.659789156341901 11.427932984086834 3.9699999999999998 23.122657861038387 15.148678649400106
0.9989210868879164 2350.4229774151527 0.03636363636363636 1.120226354070236 2819.1569985639817 0.0 t_swap_r_k 100 2339.534779071808 28.769082886146727 8.814632508103 11.659789156341901 11.427932984086834 3.9699999999999998 23.931431282428004 15.148678649400106
0.9989210868879164 2350.4229774151527 0.03636363636363636 1.1159190252249729 2840.9001309529976 0.01818181818181818 move_t 100 2356.9988532066345 28.769082886146727 9.886486183021969 11.659789156341901 11.427932984086834 3.9699999999999998 23.931431282428004 15.148678649400106
0.9989210868879164 2350.4229774151527 0.03636363636363636 1.1308327253237835 2912.3965805287576 0.01818181818181818 swap_t 100 2375.046350955963 28.769082886146727 9.886486183021969 11.659789156341901 11.427932984086834 5.000299999999999 23.931431282428004 15.148678649400106
0.9989210868879164 2350.4229774151527 0.03636363636363636 1.1281054951286027 2854.9705938934894 0.0 t_swap_r_k 100 2410.7535939216614 28.769082886146727 9.886486183021969 11.659789156341901 11.427932984086834 5.000299999999999 24.732116969603723 15.148678649400106
0.9989210868879164 2350.4229774151527 0.03636363636363636 1.1283336007776028 2856.0074180022534 0.0 t_move_k 100 2431.352734565735 29.65139205728526 9.886486183021969 11.659789156341901 11.427932984086834 5.000299999999999 24.732116969603723 15.148678649400106
0.9989210868879164 2350.4229774151527 0.03636363636363636 1.1330772871433796 2877.5692180278584 0.0 t_multiswap_k 100 2452.507256746292 29.65139205728526 9.886486183021969 11.659789156341901 11.427932984086834 5.000299999999999 24.732116969603723 16.097191862906104
0.9989210868879164 2350.4229774151527 0.03636363636363636 1.1677318016558436 2935.1430365614 0.02222222222222222 swap_t 100 2482.0492968559265 29.65139205728526 9.886486183021969 11.659789156341901 11.427932984086834 5.960296999999999 24.732116969603723 16.097191862906104
0.9989210868879164 2350.4229774151527 0.03636363636363636 1.153235834701332 3010.5187611659335 0.01818181818181818 t_move_k 100 2507.4026091098785 30.414878136712407 9.886486183021969 11.659789156341901 11.427932984086834 5.960296999999999 24.732116969603723 16.097191862906104
0.9989210868879164 2350.4229774151527 0.03636363636363636 1.1513037596533833 3001.7367691441 0.01818181818181818 t_multiswap_k 100 2524.1046512126923 30.414878136712407 9.886486183021969 11.659789156341901 11.427932984086834 5.960296999999999 24.732116969603723 16.936219944277042
0.9989210868879164 2350.4229774151527 0.03636363636363636 1.1485583657227958 2989.2579435307744 0.01818181818181818 t_multiswap_k 100 2542.6169497966766 30.414878136712407 9.886486183021969 11.659789156341901 11.427932984086834 5.960296999999999 24.732116969603723 17.79685774483427
0.9989210868879164 2350.4229774151527 0.03636363636363636 1.2249791969249813 3330.2615832675965 0.015384615384615385 f_swap_t 100 2579.5374200344086 30.414878136712407 9.886486183021969 11.659789156341901 12.503653654245966 5.960296999999999 24.732116969603723 17.79685774483427
0.9989210868879164 2350.4229774151527 0.03636363636363636 1.3036798853150509 3653.0208018771978 0.0 f_swap_t 100 2606.7667915821075 30.414878136712407 9.886486183021969 11.659789156341901 13.598617117703506 5.960296999999999 24.732116969603723 17.79685774483427
0.9989210868879164 2350.4229774151527 0.03636363636363636 1.264709186293909 3517.2061620370177 0.01818181818181818 t_swap_r_k 100 2631.2068009376526 30.414878136712407 9.886486183021969 11.659789156341901 13.598617117703506 5.960296999999999 25.584795799907685 17.79685774483427
0.9989210868879164 2350.4229774151527 0.03636363636363636 1.2827233227179382 3592.7298826019696 0.015384615384615385 t_move_k 100 2662.4912545681 31.230729355345282 9.886486183021969 11.659789156341901 13.598617117703506 5.960296999999999 25.584795799907685 17.79685774483427
0.9989210868879164 2350.4229774151527 0.03636363636363636 1.252869937859681 3463.39242151784 0.01818181818181818 f_swap_t 100 2702.6349918842316 31.230729355345282 9.886486183021969 11.659789156341901 14.642630946526472 5.960296999999999 25.584795799907685 17.79685774483427
0.9989210868879164 2350.4229774151527 0.03636363636363636 1.2063865517092436 3252.108327375465 0.01818181818181818 t_multiswap_k 100 2727.884067296982 31.230729355345282 9.886486183021969 11.659789156341901 14.642630946526472 5.960296999999999 25.584795799907685 18.778889167385927
0.9989210868879164 2350.4229774151527 0.03636363636363636 1.2050630778292915 3204.771124682681 0.0 t_swap_r_k 100 2764.129560470581 31.230729355345282 9.886486183021969 11.659789156341901 14.642630946526472 5.960296999999999 26.368947841908607 18.778889167385927
0.9989210868879164 2350.4229774151527 0.03636363636363636 1.2219634545043283 3306.8415995854352 0.01111111111111111 f_swap_t 100 2810.4309692382812 31.230729355345282 9.886486183021969 11.659789156341901 15.596204637061208 5.960296999999999 26.368947841908607 18.778889167385927
0.9989210868879164 2350.4229774151527 0.03636363636363636 1.202842308058413 3194.676908916637 0.0 t_multiswap_k 100 2826.212958574295 31.230729355345282 9.886486183021969 11.659789156341901 15.596204637061208 5.960296999999999 26.368947841908607 19.68110027571207
0.9989210868879164 2350.4229774151527 0.03636363636363636 1.1956811249647221 3162.126696717349 0.0 t_multiswap_k 100 2844.2784118652344 31.230729355345282 9.886486183021969 11.659789156341901 15.596204637061208 5.960296999999999 26.368947841908607 20.514289272954947
0.9989210868879164 2350.4229774151527 0.03636363636363636 1.2042198034263072 3242.2596591499364 0.01818181818181818 move_t 100 2865.995421886444 31.230729355345282 10.89762132119175 11.659789156341901 15.596204637061208 5.960296999999999 26.368947841908607 20.514289272954947
0.9989210868879164 2350.4229774151527 0.03636363636363636 1.2061911950161885 3251.22035932182 0.01818181818181818 f_swap_t 100 2920.4205055236816 31.230729355345282 10.89762132119175 11.659789156341901 16.550242590690594 5.960296999999999 26.368947841908607 20.514289272954947
0.9989210868879164 2350.4229774151527 0.03636363636363636 1.1939936859984555 3195.7781926245707 0.01818181818181818 t_swap_r_k 100 2949.7910890579224 31.230729355345282 10.89762132119175 11.659789156341901 16.550242590690594 5.960296999999999 27.14525836348952 20.514289272954947
0.9989210868879164 2350.4229774151527 0.03636363636363636 1.1845597465934423 3152.897466703886 0.01818181818181818 t_multiswap_k 100 2974.2285573482513 31.230729355345282 10.89762132119175 11.659789156341901 16.550242590690594 5.960296999999999 27.14525836348952 21.4391463802254
0.9989210868879164 2350.4229774151527 0.03636363636363636 1.178607938456802 3125.8443086876123 0.01818181818181818 f_swap_t 100 3020.848776817322 31.230729355345282 10.89762132119175 11.659789156341901 17.454740164783686 5.960296999999999 27.14525836348952 21.4391463802254
0.9989210868879164 2350.4229774151527 0.03636363636363636 1.1766951164188686 3117.149828680662 0.01818181818181818 t_swap_k 100 3052.172978401184 31.230729355345282 10.89762132119175 12.543191264778482 17.454740164783686 5.960296999999999 27.14525836348952 21.4391463802254
0.9989210868879164 2350.4229774151527 0.03636363636363636 1.1766951164188686 3117.149828680662 0.01818181818181818 t_swap_r_k 100 3086.5714259147644 31.230729355345282 10.89762132119175 12.543191264778482 17.454740164783686 5.960296999999999 27.913805779854627 21.4391463802254
0.9989210868879164 2350.4229774151527 0.03636363636363636 1.1766951164188686 3117.149828680662 0.01818181818181818 f_swap_t 100 3142.003297805786 31.230729355345282 10.89762132119175 12.543191264778482 18.28019276313585 5.960296999999999 27.913805779854627 21.4391463802254
0.9989210868879164 2350.4229774151527 0.03636363636363636 1.1980640310398962 3172.957881646307 0.0 t_move_k 100 3165.458796977997 31.99842206179183 10.89762132119175 12.543191264778482 18.28019276313585 5.960296999999999 27.913805779854627 21.4391463802254
0.9989210868879164 2350.4229774151527 0.03636363636363636 1.1798572343941547 3131.5228184154757 0.01818181818181818 t_swap_r_k 100 3193.5694591999054 31.99842206179183 10.89762132119175 12.543191264778482 18.28019276313585 5.960296999999999 28.674667722056082 21.4391463802254
0.9989210868879164 2350.4229774151527 0.03636363636363636 1.1786555961348577 3126.060930370558 0.01818181818181818 swap_t 100 3209.049962282181 31.99842206179183 10.89762132119175 12.543191264778482 18.28019276313585 6.900694029999999 28.674667722056082 21.4391463802254
0.9989210868879164 2350.4229774151527 0.03636363636363636 1.1786555961348577 3126.060930370558 0.01818181818181818 t_swap_r_k 100 3251.137012720108 31.99842206179183 10.89762132119175 12.543191264778482 18.28019276313585 6.900694029999999 29.42792104483552 21.4391463802254
0.9989210868879164 2350.4229774151527 0.03636363636363636 1.1786555961348577 3126.060930370558 0.01818181818181818 move_t 100 3274.325135231018 31.99842206179183 11.788645107979832 12.543191264778482 18.28019276313585 6.900694029999999 29.42792104483552 21.4391463802254
0.9989210868879164 2350.4229774151527 0.03636363636363636 1.1786555961348577 3126.060930370558 0.01818181818181818 f_swap_t 100 3311.1803691387177 31.99842206179183 11.788645107979832 12.543191264778482 19.09739083550449 6.900694029999999 29.42792104483552 21.4391463802254
0.9989210868879164 2350.4229774151527 0.03636363636363636 1.1873829862359828 3165.730129722249 0.01818181818181818 t_move_k 100 3348.7567179203033 32.71843784117391 11.788645107979832 12.543191264778482 19.09739083550449 6.900694029999999 29.42792104483552 21.4391463802254
0.9989210868879164 2350.4229774151527 0.03636363636363636 1.2431571134051136 3419.244060428017 0.01818181818181818 move_t 100 3385.196610927582 32.71843784117391 12.710758656900033 12.543191264778482 19.09739083550449 6.900694029999999 29.42792104483552 21.4391463802254
0.9989210868879164 2350.4229774151527 0.03636363636363636 1.2491777820387284 3443.166754164274 0.016666666666666666 t_swap_k 100 3406.8515276908875 32.71843784117391 12.710758656900033 13.577759352130697 19.09739083550449 6.900694029999999 29.42792104483552 21.4391463802254
0.9989210868879164 2350.4229774151527 0.03636363636363636 1.2618233007771 3504.0887504688444 0.01818181818181818 t_multiswap_k 100 3432.1700100898743 32.71843784117391 12.710758656900033 13.577759352130697 19.09739083550449 6.900694029999999 29.42792104483552 22.384754916423145
0.9989210868879164 2350.4229774151527 0.03636363636363636 1.2449369218128994 3427.3339445420734 0.01818181818181818 t_move_k 100 3454.542681455612 33.42125346276217 12.710758656900033 13.577759352130697 19.09739083550449 6.900694029999999 29.42792104483552 22.384754916423145
0.9989210868879164 2350.4229774151527 0.03636363636363636 1.2484829004928903 3443.451722425667 0.01818181818181818 t_move_k 100 3475.8392617702484 34.12704092813455 12.710758656900033 13.577759352130697 19.09739083550449 6.900694029999999 29.42792104483552 22.384754916423145
0.9989210868879164 2350.4229774151527 0.03636363636363636 1.248411628576159 3401.806238417623 0.0 t_swap_r_k 100 3508.1695268154144 34.12704092813455 12.710758656900033 13.577759352130697 19.09739083550449 6.900694029999999 30.173641834387166 22.384754916423145
0.9989210868879164 2350.4229774151527 0.03636363636363636 1.240990951681495 3409.3980583304187 0.01818181818181818 f_swap_t 100 3557.828322649002 34.12704092813455 12.710758656900033 13.577759352130697 19.936416927149445 6.900694029999999 30.173641834387166 22.384754916423145
0.9989210868879164 2350.4229774151527 0.03636363636363636 1.2418490874871677 3413.298601327995 0.01818181818181818 f_swap_t 100 3600.829081058502 34.12704092813455 12.710758656900033 13.577759352130697 20.78705275787795 6.900694029999999 30.173641834387166 22.384754916423145