4

Similarity 1
0.3157894736842105

Similarity combination matrix:
0.26666666666666666 0.26666666666666666 0.0 0.06666666666666667 0.4
0.3157894736842105 0.2631578947368421 0.0 0.0 0.42105263157894735
0.15384615384615385 0.46153846153846156 0.15384615384615385 0.23076923076923078 0.0
0.16666666666666666 0.16666666666666666 0.25 0.4166666666666667 0.0
0.125 0.0625 0.375 0.375 0.0625

Similarity combination pairings:
(np.int64(0), np.int64(4)) (np.int64(1), np.int64(0)) (np.int64(2), np.int64(1)) (np.int64(3), np.int64(3)) (np.int64(4), np.int64(2))
0.4 0.3157894736842105 0.46153846153846156 0.4166666666666667 0.375

Similarity 2
0.041666666666666664

Similarity combination matrix:
0.1 0.05 0.0 0.0 0.05555555555555555
0.0 0.041666666666666664 0.0 0.0 0.0
0.0 0.0 0.0 0.05555555555555555 0.0
0.0 0.0 0.0625 0.0 0.0
0.05 0.0 0.0 0.0 0.0

Similarity combination pairings:
(np.int64(0), np.int64(4)) (np.int64(1), np.int64(1)) (np.int64(2), np.int64(3)) (np.int64(3), np.int64(2)) (np.int64(4), np.int64(0))
0.05555555555555555 0.041666666666666664 0.05555555555555555 0.0625 0.05

Similarity 3
0.045454545454545456

Similarity combination matrix:
0.1111111111111111 0.05555555555555555 0.0 0.0 0.0625
0.0 0.045454545454545456 0.0 0.0 0.0
0.0 0.0 0.0 0.0625 0.0
0.0 0.0 0.07142857142857142 0.0 0.0
0.05555555555555555 0.0 0.0 0.0 0.0

Similarity combination pairings:
(np.int64(0), np.int64(4)) (np.int64(1), np.int64(1)) (np.int64(2), np.int64(3)) (np.int64(3), np.int64(2)) (np.int64(4), np.int64(0))
0.0625 0.045454545454545456 0.0625 0.07142857142857142 0.05555555555555555
