4
5 75 2 140

952.8682635474178
100 15
Neighbourhoods:
t_move_k move_t t_swap_k f_swap_t swap_t t_swap_r_k t_multiswap_k
0.0 400.0 200.0 200.0 800.0 200.0 100.0
0.0 0.0 0.0 0.0 0.0 0.0 0.0
0.0 0.0 0.0 0.0 0.0 0.0 0.0
0.0 -7052969000.344011 -3526484511.586068 -3526484496.804818 -14105938009.234896 -3526484504.273568 -1763242253.058659
0.0 -17632422.500860028 -17632422.55793034 -17632422.484024093 -17632422.51154362 -17632422.52136784 -17632422.53058659
0.0 0.0 0.0 0.0 0.0 0.0 0.0
0.0 0.0 0.0 0.0 0.0 0.0 0.0

Assigned customers matrix:
Vehicle 0:
0 29 15 60 36 69 74 62 73 33 68 0 0 0 0 0 0 0 0 0 0 0 0 0 0 0 0 0 0 0 0 0 0 0 0 0 0 0 0 0 0 0 0 0 0 0 0 0 0 0 0 0 0 0 0 0 0 0
0 40 39 31 10 58 26 0 0 0 0 0 0 0 0 0 0 0 0 0 0 0 0 0 0 0 0 0 0 0 0 0 0 0 0 0 0 0 0 0 0 0 0 0 0 0 0 0 0 0 0 0 0 0 0 0 0 0

Vehicle 1:
0 27 13 19 14 11 72 12 0 0 0 0 0 0 0 0 0 0 0 0 0 0 0 0 0 0 0 0 0 0 0 0 0 0 0 0 0 0 0 0 0 0 0 0 0 0 0 0 0 0 0 0 0 0 0 0 0 0
0 45 48 5 37 71 70 20 57 54 8 52 0 0 0 0 0 0 0 0 0 0 0 0 0 0 0 0 0 0 0 0 0 0 0 0 0 0 0 0 0 0 0 0 0 0 0 0 0 0 0 0 0 0 0 0 0 0

Vehicle 2:
0 9 25 55 18 50 32 17 0 0 0 0 0 0 0 0 0 0 0 0 0 0 0 0 0 0 0 0 0 0 0 0 0 0 0 0 0 0 0 0 0 0 0 0 0 0 0 0 0 0 0 0 0 0 0 0 0 0
0 75 4 34 46 0 0 0 0 0 0 0 0 0 0 0 0 0 0 0 0 0 0 0 0 0 0 0 0 0 0 0 0 0 0 0 0 0 0 0 0 0 0 0 0 0 0 0 0 0 0 0 0 0 0 0 0 0

Vehicle 3:
0 51 3 44 24 49 16 6 0 0 0 0 0 0 0 0 0 0 0 0 0 0 0 0 0 0 0 0 0 0 0 0 0 0 0 0 0 0 0 0 0 0 0 0 0 0 0 0 0 0 0 0 0 0 0 0 0 0
0 38 65 66 59 53 35 7 67 0 0 0 0 0 0 0 0 0 0 0 0 0 0 0 0 0 0 0 0 0 0 0 0 0 0 0 0 0 0 0 0 0 0 0 0 0 0 0 0 0 0 0 0 0 0 0 0 0

Vehicle 4:
0 63 56 41 43 42 64 22 28 30 0 0 0 0 0 0 0 0 0 0 0 0 0 0 0 0 0 0 0 0 0 0 0 0 0 0 0 0 0 0 0 0 0 0 0 0 0 0 0 0 0 0 0 0 0 0 0 0
0 2 47 21 61 1 23 0 0 0 0 0 0 0 0 0 0 0 0 0 0 0 0 0 0 0 0 0 0 0 0 0 0 0 0 0 0 0 0 0 0 0 0 0 0 0 0 0 0 0 0 0 0 0 0 0 0 0

Transported demand matrix:
139 140
134 138
138 139
136 136
138 126

Routes distance matrix:
126.50608783229171 79.74541059060249
97.55528214768651 122.21231894214577
93.04239214602433 28.87264048399872
76.58711155155345 97.84236274386474
116.0102770182914 114.4943800909587

Solution history:
1.0 952.8682635474178 1.0 1.0 0 0 0 3.0 3.0 3.0 3.0 3.0 3.0 3.0
1.0 952.8682635474178 1.0 1.0 swap_t 100 -1763242257.996159 3.0 3.0 3.0 3.0 3.9699999999999998 3.0 3.0
1.0 952.8682635474178 1.0 1.0 t_swap_k 100 -1763242257.558659 3.0 3.0 3.9699999999999998 3.0 3.9699999999999998 3.0 3.0
1.0 952.8682635474178 1.0 1.0 move_t 100 -1763242257.371159 3.0 3.9699999999999998 3.9699999999999998 3.0 3.9699999999999998 3.0 3.0
1.0 952.8682635474178 1.0 1.0 t_swap_r_k 100 -1763242255.402409 3.0 3.9699999999999998 3.9699999999999998 3.0 3.9699999999999998 3.9699999999999998 3.0
1.0 952.8682635474178 1.0 1.0 swap_t 100 -1763242254.793034 3.0 3.9699999999999998 3.9699999999999998 3.0 4.9303 3.9699999999999998 3.0
1.0 952.8682635474178 1.0 1.0 t_swap_k 100 -1763242254.027409 3.0 3.9699999999999998 4.9303 3.0 4.9303 3.9699999999999998 3.0
1.0 952.8682635474178 1.0 1.0 swap_t 100 -1763242253.433659 3.0 3.9699999999999998 4.9303 3.0 5.880997 3.9699999999999998 3.0
1.0 952.8682635474178 1.0 1.0 t_multiswap_k 100 -1763242253.058659 3.0 3.9699999999999998 4.9303 3.0 5.880997 3.9699999999999998 3.9699999999999998
1.0 952.8682635474178 1.0 1.0 swap_t 100 -1763242252.433659 3.0 3.9699999999999998 4.9303 3.0 6.82218703 3.9699999999999998 3.9699999999999998
1.0 952.8682635474178 1.0 1.0 f_swap_t 100 -1763242251.339909 3.0 3.9699999999999998 4.9303 3.9699999999999998 6.82218703 3.9699999999999998 3.9699999999999998
1.0 952.8682635474178 1.0 1.0 swap_t 100 -1763242250.855534 3.0 3.9699999999999998 4.9303 3.9699999999999998 7.7539651597 3.9699999999999998 3.9699999999999998
1.0 952.8682635474178 1.0 1.0 t_swap_r_k 100 -1763242248.871159 3.0 3.9699999999999998 4.9303 3.9699999999999998 7.7539651597 4.9303 3.9699999999999998
1.0 952.8682635474178 1.0 1.0 move_t 100 -1763242248.699284 3.0 4.9303 4.9303 3.9699999999999998 7.7539651597 4.9303 3.9699999999999998
1.0 952.8682635474178 1.0 1.0 swap_t 100 -1763242248.027409 3.0 4.9303 4.9303 3.9699999999999998 8.676425508103 4.9303 3.9699999999999998
1.0 952.8682635474178 1.0 1.0 move_t 100 -1763242247.683659 3.0 5.880997 4.9303 3.9699999999999998 8.676425508103 4.9303 3.9699999999999998
1.0 952.8682635474178 1.0 1.0 swap_t 100 -1763242246.793034 3.0 5.880997 4.9303 3.9699999999999998 9.58966125302197 4.9303 3.9699999999999998
1.0 952.8682635474178 1.0 1.0 move_t 100 -1763242246.589909 3.0 6.82218703 4.9303 3.9699999999999998 9.58966125302197 4.9303 3.9699999999999998
1.0 952.8682635474178 1.0 1.0 f_swap_t 100 -1763242245.464909 3.0 6.82218703 4.9303 4.9303 9.58966125302197 4.9303 3.9699999999999998
1.0 952.8682635474178 1.0 1.0 swap_t 100 -1763242244.902409 3.0 6.82218703 4.9303 4.9303 10.493764640491749 4.9303 3.9699999999999998