4
5 75 2 140

952.8682635474178
100 15
Neighbourhoods:
t_move_k move_t t_swap_k f_swap_t swap_t t_swap_r_k t_multiswap_k
100.0 200.0 200.0 300.0 100.0 300.0 200.0
0.0 0.0 0.0 0.0 0.0 0.0 0.0
0.0 0.0 0.0 0.0 0.0 0.0 0.0
-1763242254.388118 -3526484494.369986 -3526484492.823111 -5289726751.711229 -1763242251.481868 -5289726740.476854 -3526484498.869986
-17632422.54388118 -17632422.47184993 -17632422.464115556 -17632422.505704097 -17632422.51481868 -17632422.46825618 -17632422.49434993
0.0 0.0 0.0 0.0 0.0 0.0 0.0
0.0 0.0 0.0 0.0 0.0 0.0 0.0

Assigned customers matrix:
Vehicle 0:
0 29 15 60 36 69 74 62 73 33 68 0 0 0 0 0 0 0 0 0 0 0 0 0 0 0 0 0 0 0 0 0 0 0 0 0 0 0 0 0 0 0 0 0 0 0 0 0 0 0 0 0 0 0 0 0 0 0
0 40 39 31 10 58 26 0 0 0 0 0 0 0 0 0 0 0 0 0 0 0 0 0 0 0 0 0 0 0 0 0 0 0 0 0 0 0 0 0 0 0 0 0 0 0 0 0 0 0 0 0 0 0 0 0 0 0

Vehicle 1:
0 27 13 19 14 11 72 12 0 0 0 0 0 0 0 0 0 0 0 0 0 0 0 0 0 0 0 0 0 0 0 0 0 0 0 0 0 0 0 0 0 0 0 0 0 0 0 0 0 0 0 0 0 0 0 0 0 0
0 45 48 5 37 71 70 20 57 54 8 52 0 0 0 0 0 0 0 0 0 0 0 0 0 0 0 0 0 0 0 0 0 0 0 0 0 0 0 0 0 0 0 0 0 0 0 0 0 0 0 0 0 0 0 0 0 0

Vehicle 2:
0 9 25 55 18 50 32 17 0 0 0 0 0 0 0 0 0 0 0 0 0 0 0 0 0 0 0 0 0 0 0 0 0 0 0 0 0 0 0 0 0 0 0 0 0 0 0 0 0 0 0 0 0 0 0 0 0 0
0 75 4 34 46 0 0 0 0 0 0 0 0 0 0 0 0 0 0 0 0 0 0 0 0 0 0 0 0 0 0 0 0 0 0 0 0 0 0 0 0 0 0 0 0 0 0 0 0 0 0 0 0 0 0 0 0 0

Vehicle 3:
0 51 3 44 24 49 16 6 0 0 0 0 0 0 0 0 0 0 0 0 0 0 0 0 0 0 0 0 0 0 0 0 0 0 0 0 0 0 0 0 0 0 0 0 0 0 0 0 0 0 0 0 0 0 0 0 0 0
0 38 65 66 59 53 35 7 67 0 0 0 0 0 0 0 0 0 0 0 0 0 0 0 0 0 0 0 0 0 0 0 0 0 0 0 0 0 0 0 0 0 0 0 0 0 0 0 0 0 0 0 0 0 0 0 0 0

Vehicle 4:
0 63 56 41 43 42 64 22 28 30 0 0 0 0 0 0 0 0 0 0 0 0 0 0 0 0 0 0 0 0 0 0 0 0 0 0 0 0 0 0 0 0 0 0 0 0 0 0 0 0 0 0 0 0 0 0 0 0
0 2 47 21 61 1 23 0 0 0 0 0 0 0 0 0 0 0 0 0 0 0 0 0 0 0 0 0 0 0 0 0 0 0 0 0 0 0 0 0 0 0 0 0 0 0 0 0 0 0 0 0 0 0 0 0 0 0

Transported demand matrix:
139 140
134 138
138 139
136 136
138 126

Routes distance matrix:
126.50608783229171 79.74541059060249
97.55528214768651 122.21231894214577
93.04239214602433 28.87264048399872
76.58711155155345 97.84236274386474
116.0102770182914 114.4943800909587

Solution history:
1.0 952.8682635474178 1.0 1.0 0 0 0 3.0 3.0 3.0 3.0 3.0 3.0 3.0
1.0 952.8682635474178 1.0 1.0 f_swap_t 100 -1763242254.653743 3.0 3.0 3.0 3.9699999999999998 3.0 3.0 3.0
1.0 952.8682635474178 1.0 1.0 t_move_k 100 -1763242254.388118 3.9699999999999998 3.0 3.0 3.9699999999999998 3.0 3.0 3.0
1.0 952.8682635474178 1.0 1.0 f_swap_t 100 -1763242252.591243 3.9699999999999998 3.0 3.0 4.9303 3.0 3.0 3.0
1.0 952.8682635474178 1.0 1.0 move_t 100 -1763242252.278743 3.9699999999999998 3.9699999999999998 3.0 4.9303 3.0 3.0 3.0
1.0 952.8682635474178 1.0 1.0 swap_t 100 -1763242251.481868 3.9699999999999998 3.9699999999999998 3.0 4.9303 3.9699999999999998 3.0 3.0
1.0 952.8682635474178 1.0 1.0 t_multiswap_k 100 -1763242250.966243 3.9699999999999998 3.9699999999999998 3.0 4.9303 3.9699999999999998 3.0 3.9699999999999998
1.0 952.8682635474178 1.0 1.0 t_swap_r_k 100 -1763242249.700618 3.9699999999999998 3.9699999999999998 3.0 4.9303 3.9699999999999998 3.9699999999999998 3.9699999999999998
1.0 952.8682635474178 1.0 1.0 t_swap_r_k 100 -1763242248.294368 3.9699999999999998 3.9699999999999998 3.0 4.9303 3.9699999999999998 4.9303 3.9699999999999998
1.0 952.8682635474178 1.0 1.0 t_multiswap_k 100 -1763242247.903743 3.9699999999999998 3.9699999999999998 3.0 4.9303 3.9699999999999998 4.9303 4.9303
1.0 952.8682635474178 1.0 1.0 t_swap_k 100 -1763242246.981868 3.9699999999999998 3.9699999999999998 3.9699999999999998 4.9303 3.9699999999999998 4.9303 4.9303
1.0 952.8682635474178 1.0 1.0 t_swap_k 100 -1763242245.841243 3.9699999999999998 3.9699999999999998 4.9303 4.9303 3.9699999999999998 4.9303 4.9303
1.0 952.8682635474178 1.0 1.0 f_swap_t 100 -1763242244.466243 3.9699999999999998 3.9699999999999998 4.9303 5.880997 3.9699999999999998 4.9303 4.9303
1.0 952.8682635474178 1.0 1.0 t_swap_r_k 100 -1763242242.481868 3.9699999999999998 3.9699999999999998 4.9303 5.880997 3.9699999999999998 5.880997 4.9303
1.0 952.8682635474178 1.0 1.0 move_t 100 -1763242242.091243 3.9699999999999998 4.9303 4.9303 5.880997 3.9699999999999998 5.880997 4.9303