4
5 75 2 140

952.8682635474178
100 15
Neighbourhoods:
t_move_k move_t t_swap_k f_swap_t swap_t t_swap_r_k t_multiswap_k
500.0 1100.0 500.0 0.0 1300.0 300.0 200.0
0.0 0.0 0.0 0.0 0.0 0.0 0.0
0.0 0.0 0.0 0.0 0.0 0.0 0.0
-8816211245.385017 -19395664702.018913 -8816211237.010017 0.0 -22922149223.45417 -5289726745.88726 -3526484488.216507
-17632422.490770034 -17632422.45638083 -17632422.474020034 0.0 -17632422.47958013 -17632422.48629087 -17632422.441082533
0.0 0.0 0.0 0.0 0.0 0.0 0.0
0.0 0.0 0.0 0.0 0.0 0.0 0.0

Assigned customers matrix:
Vehicle 0:
0 29 15 60 36 69 74 62 73 33 68 0 0 0 0 0 0 0 0 0 0 0 0 0 0 0 0 0 0 0 0 0 0 0 0 0 0 0 0 0 0 0 0 0 0 0 0 0 0 0 0 0 0 0 0 0 0 0
0 40 39 31 10 58 26 0 0 0 0 0 0 0 0 0 0 0 0 0 0 0 0 0 0 0 0 0 0 0 0 0 0 0 0 0 0 0 0 0 0 0 0 0 0 0 0 0 0 0 0 0 0 0 0 0 0 0

Vehicle 1:
0 27 13 19 14 11 72 12 0 0 0 0 0 0 0 0 0 0 0 0 0 0 0 0 0 0 0 0 0 0 0 0 0 0 0 0 0 0 0 0 0 0 0 0 0 0 0 0 0 0 0 0 0 0 0 0 0 0
0 45 48 5 37 71 70 20 57 54 8 52 0 0 0 0 0 0 0 0 0 0 0 0 0 0 0 0 0 0 0 0 0 0 0 0 0 0 0 0 0 0 0 0 0 0 0 0 0 0 0 0 0 0 0 0 0 0

Vehicle 2:
0 9 25 55 18 50 32 17 0 0 0 0 0 0 0 0 0 0 0 0 0 0 0 0 0 0 0 0 0 0 0 0 0 0 0 0 0 0 0 0 0 0 0 0 0 0 0 0 0 0 0 0 0 0 0 0 0 0
0 75 4 34 46 0 0 0 0 0 0 0 0 0 0 0 0 0 0 0 0 0 0 0 0 0 0 0 0 0 0 0 0 0 0 0 0 0 0 0 0 0 0 0 0 0 0 0 0 0 0 0 0 0 0 0 0 0

Vehicle 3:
0 51 3 44 24 49 16 6 0 0 0 0 0 0 0 0 0 0 0 0 0 0 0 0 0 0 0 0 0 0 0 0 0 0 0 0 0 0 0 0 0 0 0 0 0 0 0 0 0 0 0 0 0 0 0 0 0 0
0 38 65 66 59 53 35 7 67 0 0 0 0 0 0 0 0 0 0 0 0 0 0 0 0 0 0 0 0 0 0 0 0 0 0 0 0 0 0 0 0 0 0 0 0 0 0 0 0 0 0 0 0 0 0 0 0 0

Vehicle 4:
0 63 56 41 43 42 64 22 28 30 0 0 0 0 0 0 0 0 0 0 0 0 0 0 0 0 0 0 0 0 0 0 0 0 0 0 0 0 0 0 0 0 0 0 0 0 0 0 0 0 0 0 0 0 0 0 0 0
0 2 47 21 61 1 23 0 0 0 0 0 0 0 0 0 0 0 0 0 0 0 0 0 0 0 0 0 0 0 0 0 0 0 0 0 0 0 0 0 0 0 0 0 0 0 0 0 0 0 0 0 0 0 0 0 0 0

Transported demand matrix:
139 140
134 138
138 139
136 136
138 126

Routes distance matrix:
126.50608783229171 79.74541059060249
97.55528214768651 122.21231894214577
93.04239214602433 28.87264048399872
76.58711155155345 97.84236274386474
116.0102770182914 114.4943800909587

Solution history:
1.0 952.8682635474178 1.0 1.0 0 0 0 3.0 3.0 3.0 3.0 3.0 3.0 3.0
1.0 952.8682635474178 1.0 1.0 t_move_k 100 -1763242254.5770035 3.9699999999999998 3.0 3.0 3.0 3.0 3.0 3.0
1.0 952.8682635474178 1.0 1.0 swap_t 100 -1763242254.2332535 3.9699999999999998 3.0 3.0 3.0 3.9699999999999998 3.0 3.0
1.0 952.8682635474178 1.0 1.0 t_move_k 100 -1763242254.1707535 4.9303 3.0 3.0 3.0 3.9699999999999998 3.0 3.0
1.0 952.8682635474178 1.0 1.0 swap_t 100 -1763242253.7957535 4.9303 3.0 3.0 3.0 4.9303 3.0 3.0
1.0 952.8682635474178 1.0 1.0 t_move_k 100 -1763242253.7176285 5.880997 3.0 3.0 3.0 4.9303 3.0 3.0
1.0 952.8682635474178 1.0 1.0 move_t 100 -1763242253.5770035 5.880997 3.9699999999999998 3.0 3.0 4.9303 3.0 3.0
1.0 952.8682635474178 1.0 1.0 swap_t 100 -1763242253.1238785 5.880997 3.9699999999999998 3.0 3.0 5.880997 3.0 3.0
1.0 952.8682635474178 1.0 1.0 t_swap_r_k 100 -1763242251.9207535 5.880997 3.9699999999999998 3.0 3.0 5.880997 3.9699999999999998 3.0
1.0 952.8682635474178 1.0 1.0 swap_t 100 -1763242251.4988785 5.880997 3.9699999999999998 3.0 3.0 6.82218703 3.9699999999999998 3.0
1.0 952.8682635474178 1.0 1.0 swap_t 100 -1763242251.1238785 5.880997 3.9699999999999998 3.0 3.0 7.7539651597 3.9699999999999998 3.0
1.0 952.8682635474178 1.0 1.0 swap_t 100 -1763242250.8426285 5.880997 3.9699999999999998 3.0 3.0 8.676425508103 3.9699999999999998 3.0
1.0 952.8682635474178 1.0 1.0 t_swap_k 100 -1763242250.3270035 5.880997 3.9699999999999998 3.9699999999999998 3.0 8.676425508103 3.9699999999999998 3.0
1.0 952.8682635474178 1.0 1.0 t_swap_k 100 -1763242249.8738785 5.880997 3.9699999999999998 4.9303 3.0 8.676425508103 3.9699999999999998 3.0
1.0 952.8682635474178 1.0 1.0 swap_t 100 -1763242249.5926285 5.880997 3.9699999999999998 4.9303 3.0 9.58966125302197 3.9699999999999998 3.0
1.0 952.8682635474178 1.0 1.0 move_t 100 -1763242249.4520035 5.880997 4.9303 4.9303 3.0 9.58966125302197 3.9699999999999998 3.0
1.0 952.8682635474178 1.0 1.0 t_swap_r_k 100 -1763242248.2020035 5.880997 4.9303 4.9303 3.0 9.58966125302197 4.9303 3.0
1.0 952.8682635474178 1.0 1.0 t_swap_k 100 -1763242247.7957535 5.880997 4.9303 5.880997 3.0 9.58966125302197 4.9303 3.0
1.0 952.8682635474178 1.0 1.0 move_t 100 -1763242247.6863785 5.880997 5.880997 5.880997 3.0 9.58966125302197 4.9303 3.0
1.0 952.8682635474178 1.0 1.0 t_swap_k 100 -1763242247.2020035 5.880997 5.880997 6.82218703 3.0 9.58966125302197 4.9303 3.0
1.0 952.8682635474178 1.0 1.0 move_t 100 -1763242247.0457535 5.880997 6.82218703 6.82218703 3.0 9.58966125302197 4.9303 3.0
1.0 952.8682635474178 1.0 1.0 t_swap_r_k 100 -1763242245.7645035 5.880997 6.82218703 6.82218703 3.0 9.58966125302197 5.880997 3.0
1.0 952.8682635474178 1.0 1.0 move_t 100 -1763242245.6082535 5.880997 7.7539651597 6.82218703 3.0 9.58966125302197 5.880997 3.0
1.0 952.8682635474178 1.0 1.0 t_multiswap_k 100 -1763242245.4051285 5.880997 7.7539651597 6.82218703 3.0 9.58966125302197 5.880997 3.9699999999999998
1.0 952.8682635474178 1.0 1.0 swap_t 100 -1763242244.9363785 5.880997 7.7539651597 6.82218703 3.0 10.493764640491749 5.880997 3.9699999999999998
1.0 952.8682635474178 1.0 1.0 move_t 100 -1763242244.7488785 5.880997 8.676425508103 6.82218703 3.0 10.493764640491749 5.880997 3.9699999999999998
1.0 952.8682635474178 1.0 1.0 swap_t 100 -1763242244.4207535 5.880997 8.676425508103 6.82218703 3.0 11.388826994086832 5.880997 3.9699999999999998
1.0 952.8682635474178 1.0 1.0 move_t 100 -1763242244.2957535 5.880997 9.58966125302197 6.82218703 3.0 11.388826994086832 5.880997 3.9699999999999998
1.0 952.8682635474178 1.0 1.0 swap_t 100 -1763242243.8113785 5.880997 9.58966125302197 6.82218703 3.0 12.274938724145963 5.880997 3.9699999999999998
1.0 952.8682635474178 1.0 1.0 move_t 100 -1763242243.6082535 5.880997 10.493764640491749 6.82218703 3.0 12.274938724145963 5.880997 3.9699999999999998
1.0 952.8682635474178 1.0 1.0 move_t 100 -1763242243.4207535 5.880997 11.388826994086832 6.82218703 3.0 12.274938724145963 5.880997 3.9699999999999998
1.0 952.8682635474178 1.0 1.0 swap_t 100 -1763242243.0145035 5.880997 11.388826994086832 6.82218703 3.0 13.152189336904504 5.880997 3.9699999999999998
1.0 952.8682635474178 1.0 1.0 t_multiswap_k 100 -1763242242.8113785 5.880997 11.388826994086832 6.82218703 3.0 13.152189336904504 5.880997 4.9303
1.0 952.8682635474178 1.0 1.0 swap_t 100 -1763242242.3738785 5.880997 11.388826994086832 6.82218703 3.0 14.020667443535459 5.880997 4.9303
1.0 952.8682635474178 1.0 1.0 t_swap_k 100 -1763242241.8113785 5.880997 11.388826994086832 7.7539651597 3.0 14.020667443535459 5.880997 4.9303
1.0 952.8682635474178 1.0 1.0 t_move_k 100 -1763242241.6551285 6.82218703 11.388826994086832 7.7539651597 3.0 14.020667443535459 5.880997 4.9303
1.0 952.8682635474178 1.0 1.0 move_t 100 -1763242241.4520035 6.82218703 12.274938724145963 7.7539651597 3.0 14.020667443535459 5.880997 4.9303
1.0 952.8682635474178 1.0 1.0 t_move_k 100 -1763242241.2645035 7.7539651597 12.274938724145963 7.7539651597 3.0 14.020667443535459 5.880997 4.9303
1.0 952.8682635474178 1.0 1.0 move_t 100 -1763242241.1238785 7.7539651597 13.152189336904504 7.7539651597 3.0 14.020667443535459 5.880997 4.9303
1.0 952.8682635474178 1.0 1.0 swap_t 100 -1763242240.6863785 7.7539651597 13.152189336904504 7.7539651597 3.0 14.880460769100104 5.880997 4.9303