30
9 153 6 20

Solution history:
B_obj   B_dis   B_sim   C_obj   C_dis   C_sim   neighbor   iterations   time   scores
1.0091135550337889 87758.36173125164 0.0 1.0091135550337889 87758.36173125164 0.0 0 0 0 3.0 3.0 3.0 3.0 3.0 3.0 3.0
1.0091135550337889 87758.36173125164 0.0 1.0091135550337889 87758.36173125164 0.0 f_swap_t 100 78.4623053073883 3.0 3.0 3.0 3.9699999999999998 3.0 3.0 3.0
1.0091135547010393 87758.36169278366 0.0 1.0091135547010393 87758.36169278366 0.0 t_multiswap_k 100 130.74189949035645 3.0 3.0 3.0 3.9699999999999998 3.0 3.0 3.9699999999999998
1.0091135547010393 87758.36169278366 0.0 1.0279780644823455 89939.219170947 0.0 t_multiswap_k 100 196.55929923057556 3.0 3.0 3.0 3.9699999999999998 3.0 3.0 4.9403
1.0091135547010393 87758.36169278366 0.0 1.0804805587922683 96008.84189983913 0.0 t_swap_k 100 400.02600145339966 3.0 3.0 4.01 3.9699999999999998 3.0 3.0 4.9403
1.0091135547010393 87758.36169278366 0.0 1.0739867075215774 95258.11133382143 0.0 t_swap_r_k 100 748.0092039108276 3.0 3.0 4.01 3.9699999999999998 3.0 4.01 4.9403
1.0091135547010393 87758.36169278366 0.0 1.07376863555603 95232.90082571094 0.0 f_swap_t 100 834.6915471553802 3.0 3.0 4.01 4.9403 3.0 4.01 4.9403
1.0091135547010393 87758.36169278366 0.0 1.073403047896754 95190.6365638828 0.0 t_swap_r_k 100 1183.5007219314575 3.0 3.0 4.01 4.9403 3.0 5.0099 4.9403
1.0091135547010393 87758.36169278366 0.0 1.0732227258325588 95169.79018479655 0.0 f_swap_t 100 1296.2000863552094 3.0 3.0 4.01 5.920897 3.0 5.0099 4.9403
1.0091135547010393 87758.36169278366 0.0 1.0730863068960577 95154.01928688928 0.0 t_multiswap_k 100 1366.2781145572662 3.0 3.0 4.01 5.920897 3.0 5.0099 5.890897
1.0091135547010393 87758.36169278366 0.0 1.0895198763714622 97053.84458311128 0.0 t_multiswap_k 100 1423.963623046875 3.0 3.0 4.01 5.920897 3.0 5.0099 6.90198803
1.0091135547010393 87758.36169278366 0.0 1.0777214853810317 95689.87544105208 0.0 t_swap_k 100 1587.7154850959778 3.0 3.0 5.0299 5.920897 3.0 5.0099 6.90198803
1.0091135547010393 87758.36169278366 0.0 1.0645142792864326 94163.03830025379 0.0 f_swap_t 100 1650.415681362152 3.0 3.0 5.0299 6.89168803 3.0 5.0099 6.90198803
1.0091135547010393 87758.36169278366 0.0 1.0619241868785279 93863.60712168636 0.0 swap_t 100 1695.3670020103455 3.0 3.0 5.0299 6.89168803 3.9699999999999998 5.0099 6.90198803
1.0091135547010393 87758.36169278366 0.0 1.0619206649455064 93863.19996379802 0.0 t_swap_r_k 100 1872.3418402671814 3.0 3.0 5.0299 6.89168803 3.9699999999999998 5.999801 6.90198803
1.0091135547010393 87758.36169278366 0.0 1.0619206649455064 93863.19996379802 0.0 t_swap_r_k 100 2061.7667138576508 3.0 3.0 5.0299 6.89168803 3.9699999999999998 6.97980299 6.90198803
1.0091135547010393 87758.36169278366 0.0 1.0619206649455064 93863.19996379802 0.0 t_move_k 100 2149.305680036545 3.9699999999999998 3.0 5.0299 6.89168803 3.9699999999999998 6.97980299 6.90198803
1.0091135547010393 87758.36169278366 0.0 1.0619206649455064 93863.19996379802 0.0 f_swap_t 100 2233.498848438263 3.9699999999999998 3.0 5.0299 7.8227711497 3.9699999999999998 6.97980299 6.90198803
1.0091135547010393 87758.36169278366 0.0 1.0601739283133833 93661.26608421623 0.0 t_move_k 100 2292.9837548732758 5.0302999999999995 3.0 5.0299 7.8227711497 3.9699999999999998 6.97980299 6.90198803
1.0091135547010393 87758.36169278366 0.0 1.057196587115238 93317.06647912214 0.0 t_swap_r_k 100 2499.9878191947937 5.0302999999999995 3.0 5.0299 7.8227711497 3.9699999999999998 7.950004960099999 6.90198803
1.0091135547010393 87758.36169278366 0.0 1.057196587115238 93317.06647912214 0.0 t_multiswap_k 100 2546.76749587059 5.0302999999999995 3.0 5.0299 7.8227711497 3.9699999999999998 7.950004960099999 7.8329681497
1.0091135547010393 87758.36169278366 0.0 1.057196587115238 93317.06647912214 0.0 f_swap_t 100 2606.2281379699707 5.0302999999999995 3.0 5.0299 8.744543438203 3.9699999999999998 7.950004960099999 7.8329681497
1.0091135547010393 87758.36169278366 0.0 1.057196587115238 93317.06647912214 0.0 t_multiswap_k 100 2639.114022254944 5.0302999999999995 3.0 5.0299 8.744543438203 3.9699999999999998 7.950004960099999 8.754638468203
1.0091135547010393 87758.36169278366 0.0 1.057196587115238 93317.06647912214 0.0 f_swap_t 100 2681.6326711177826 5.0302999999999995 3.0 5.0299 9.65709800382097 3.9699999999999998 7.950004960099999 8.754638468203
1.0091135547010393 87758.36169278366 0.0 1.057196587115238 93317.06647912214 0.0 t_swap_r_k 100 2872.1487414836884 5.0302999999999995 3.0 5.0299 9.65709800382097 3.9699999999999998 8.910504910499 8.754638468203
1.0091135547010393 87758.36169278366 0.0 1.057196587115238 93317.06647912214 0.0 f_swap_t 100 2931.714608669281 5.0302999999999995 3.0 5.0299 10.56052702378276 3.9699999999999998 8.910504910499 8.754638468203
1.0091135547010393 87758.36169278366 0.0 1.065306820904779 94254.6611590062 0.0 move_t 100 2963.6947796344757 5.0302999999999995 3.98 5.0299 10.56052702378276 3.9699999999999998 8.910504910499 8.754638468203
1.0091135547010393 87758.36169278366 0.0 1.0633881540665038 94032.8510525754 0.0 t_swap_k 100 3096.7410612106323 5.0302999999999995 3.98 5.979601 10.56052702378276 3.9699999999999998 8.910504910499 8.754638468203
1.0091135547010393 87758.36169278366 0.0 1.0633881540665038 94032.8510525754 0.0 t_swap_r_k 100 3309.0208246707916 5.0302999999999995 3.98 5.979601 10.56052702378276 3.9699999999999998 9.86139986139401 8.754638468203
1.0091135547010393 87758.36169278366 0.0 1.0633881540665038 94032.8510525754 0.0 swap_t 100 3347.333213329315 5.0302999999999995 3.98 5.979601 10.56052702378276 4.9303 9.86139986139401 8.754638468203
1.0091135547010393 87758.36169278366 0.0 1.0633881540665038 94032.8510525754 0.0 t_move_k 100 3396.434688806534 5.979996999999999 3.98 5.979601 10.56052702378276 4.9303 9.86139986139401 8.754638468203
1.0091135547010393 87758.36169278366 0.0 1.0630517959428816 93993.96591123081 0.0 t_multiswap_k 100 3435.490814447403 5.979996999999999 3.98 5.979601 10.56052702378276 4.9303 9.86139986139401 9.69709208352097
1.0091135547010393 87758.36169278366 0.0 1.0618190433766492 93851.45186321368 0.0 t_swap_k 100 3544.309319496155 5.979996999999999 3.98 6.92980499 10.56052702378276 4.9303 9.86139986139401 9.69709208352097
1.0091135547010393 87758.36169278366 0.0 1.0612760319100687 93788.67627925474 0.0 t_move_k 100 3594.2597863674164 6.920197029999999 3.98 6.92980499 10.56052702378276 4.9303 9.86139986139401 9.69709208352097
1.0091135547010393 87758.36169278366 0.0 1.108153366302212 99207.99469519245 0.0 t_multiswap_k 100 3654.9660115242004 6.920197029999999 3.98 6.92980499 10.56052702378276 4.9303 9.86139986139401 10.640121162685759