30
9 153 6 20

Solution history:
B_obj   B_dis   B_sim   C_obj   C_dis   C_sim   neighbor   iterations   time   scores
1.0091135550337889 87758.36173125164 0.0 1.0091135550337889 87758.36173125164 0.0 0 0 0 3.0 3.0 3.0 3.0 3.0 3.0 3.0
1.0091135550337889 87758.36173125164 0.0 1.0091135550337889 87758.36173125164 0.0 t_swap_r_k 100 291.91662788391113 3.0 3.0 3.0 3.0 3.0 4.01 3.0
1.0091135547010393 87758.36169278366 0.0 1.0091135547010393 87758.36169278366 0.0 swap_t 100 385.3319237232208 3.0 3.0 3.0 3.0 3.9699999999999998 4.01 3.0
1.0091135547010393 87758.36169278366 0.0 1.0270099758130722 89827.30195505402 0.0 t_swap_k 100 611.2486493587494 3.0 3.0 3.98 3.0 3.9699999999999998 4.01 3.0
1.0091135547010393 87758.36169278366 0.0 1.022836905078014 89344.86839993058 0.0 t_multiswap_k 100 703.1025369167328 3.0 3.0 3.98 3.0 3.9699999999999998 4.01 3.98
1.0091135547010393 87758.36169278366 0.0 1.0197509566370446 88988.11310585008 0.0 t_swap_r_k 100 1086.501758813858 3.0 3.0 3.98 3.0 3.9699999999999998 5.0099 3.98
1.0091135547010393 87758.36169278366 0.0 1.0197509566370446 88988.11310585008 0.0 t_move_k 100 1190.1607918739319 3.9699999999999998 3.0 3.98 3.0 3.9699999999999998 5.0099 3.98
1.0091135547010393 87758.36169278366 0.0 1.0197509566370446 88988.11310585008 0.0 f_swap_t 100 1301.5331070423126 3.9699999999999998 3.0 3.98 3.9699999999999998 3.9699999999999998 5.0099 3.98
1.0091135547010393 87758.36169278366 0.0 1.0197509566370446 88988.11310585008 0.0 t_multiswap_k 100 1430.5526509284973 3.9699999999999998 3.0 3.98 3.9699999999999998 3.9699999999999998 5.0099 4.9402
1.0091135547010393 87758.36169278366 0.0 1.0197509566370446 88988.11310585008 0.0 t_swap_r_k 100 1819.2475521564484 3.9699999999999998 3.0 3.98 3.9699999999999998 3.9699999999999998 5.999801 4.9402
1.0091135547010393 87758.36169278366 0.0 1.0197509566370446 88988.11310585008 0.0 move_t 100 1923.4491908550262 3.9699999999999998 3.9699999999999998 3.98 3.9699999999999998 3.9699999999999998 5.999801 4.9402
1.0091135547010393 87758.36169278366 0.0 1.0197509566370446 88988.11310585008 0.0 t_multiswap_k 100 2004.549595117569 3.9699999999999998 3.9699999999999998 3.98 3.9699999999999998 3.9699999999999998 5.999801 5.890798
1.0091135547010393 87758.36169278366 0.0 1.0197509566370446 88988.11310585008 0.0 swap_t 100 2118.3103358745575 3.9699999999999998 3.9699999999999998 3.98 3.9699999999999998 4.9303 5.999801 5.890798
1.0091135547010393 87758.36169278366 0.0 1.0197509566370446 88988.11310585008 0.0 swap_t 100 2206.8148939609528 3.9699999999999998 3.9699999999999998 3.98 3.9699999999999998 5.880997 5.999801 5.890798
1.0091135547010393 87758.36169278366 0.0 1.0197509566370446 88988.11310585008 0.0 move_t 100 2312.745922088623 3.9699999999999998 4.9303 3.98 3.9699999999999998 5.880997 5.999801 5.890798
1.0091135547010393 87758.36169278366 0.0 1.0197509566370446 88988.11310585008 0.0 t_move_k 100 2434.327437400818 4.9303 4.9303 3.98 3.9699999999999998 5.880997 5.999801 5.890798
1.0091135547010393 87758.36169278366 0.0 1.0197509566370446 88988.11310585008 0.0 t_move_k 100 2532.0623528957367 5.880997 4.9303 3.98 3.9699999999999998 5.880997 5.999801 5.890798
1.0091135547010393 87758.36169278366 0.0 1.0197509566370446 88988.11310585008 0.0 swap_t 100 2627.547398328781 5.880997 4.9303 3.98 3.9699999999999998 6.82218703 5.999801 5.890798
1.0091135547010393 87758.36169278366 0.0 1.0197509566370446 88988.11310585008 0.0 move_t 100 2719.4874777793884 5.880997 5.880997 3.98 3.9699999999999998 6.82218703 5.999801 5.890798
1.0091135547010393 87758.36169278366 0.0 1.0197509566370446 88988.11310585008 0.0 f_swap_t 100 2827.0775401592255 5.880997 5.880997 3.98 4.9303 6.82218703 5.999801 5.890798
1.0091135547010393 87758.36169278366 0.0 1.0197509566370446 88988.11310585008 0.0 swap_t 100 2912.312045097351 5.880997 5.880997 3.98 4.9303 7.7539651597 5.999801 5.890798
1.0091135547010393 87758.36169278366 0.0 1.0197509566370446 88988.11310585008 0.0 f_swap_t 100 3022.0854353904724 5.880997 5.880997 3.98 5.880997 7.7539651597 5.999801 5.890798
1.0091135547010393 87758.36169278366 0.0 1.026604038295674 89780.37299264006 0.0 move_t 100 3103.920019388199 5.880997 6.83218703 3.98 5.880997 7.7539651597 5.999801 5.890798
1.0091135547010393 87758.36169278366 0.0 1.0358923071485917 90854.15602871716 0.0 t_move_k 100 3233.795089483261 6.84218703 6.83218703 3.98 5.880997 7.7539651597 5.999801 5.890798
1.0091135547010393 87758.36169278366 0.0 1.0352182719308973 90776.23326464348 0.0 f_swap_t 100 3361.603641271591 6.84218703 6.83218703 3.98 6.89218703 7.7539651597 5.999801 5.890798
1.0091135547010393 87758.36169278366 0.0 1.0328776192276403 90505.63890460665 0.0 swap_t 100 3442.7023808956146 6.84218703 6.83218703 3.98 6.89218703 8.676425508103 5.999801 5.890798
1.0091135547010393 87758.36169278366 0.0 1.0328776192276403 90505.63890460665 0.0 swap_t 100 3530.095901966095 6.84218703 6.83218703 3.98 6.89218703 9.58966125302197 5.999801 5.890798
1.0091135547010393 87758.36169278366 0.0 1.0327639199498986 90492.49454395272 0.0 swap_t 100 3626.911161661148 6.84218703 6.83218703 3.98 6.89218703 10.52376464049175 5.999801 5.890798