30
9 153 6 20

Solution history:
B_obj   B_dis   B_sim   C_obj   C_dis   C_sim   neighbor   iterations   time   scores
1.0091135550337889 87758.36173125164 0.0 1.0091135550337889 87758.36173125164 0.0 0 0 0 3.0 3.0 3.0 3.0 3.0 3.0 3.0
1.0091135550337889 87758.36173125164 0.0 1.0091135550337889 87758.36173125164 0.0 t_move_k 100 70.01606869697571 3.9699999999999998 3.0 3.0 3.0 3.0 3.0 3.0
1.0091135547010393 87758.36169278366 0.0 1.0091135547010393 87758.36169278366 0.0 t_multiswap_k 100 119.9822084903717 3.9699999999999998 3.0 3.0 3.0 3.0 3.0 3.9699999999999998
1.0091135547010393 87758.36169278366 0.0 1.0091135547010393 87758.36169278366 0.0 t_swap_r_k 100 384.5032329559326 3.9699999999999998 3.0 3.0 3.0 3.0 4.01 3.9699999999999998
1.0091135547010393 87758.36169278366 0.0 1.0091135547010393 87758.36169278366 0.0 t_swap_r_k 100 652.4420342445374 3.9699999999999998 3.0 3.0 3.0 3.0 5.0099 3.9699999999999998
1.009113554701039 87758.36169278364 0.0 1.009113554701039 87758.36169278364 0.0 f_swap_t 100 715.9170653820038 3.9699999999999998 3.0 3.0 3.9699999999999998 3.0 5.0099 3.9699999999999998
1.009113554701039 87758.36169278364 0.0 1.009113554701039 87758.36169278364 0.0 move_t 100 780.1305911540985 3.9699999999999998 3.9699999999999998 3.0 3.9699999999999998 3.0 5.0099 3.9699999999999998
1.009113554701039 87758.36169278364 0.0 1.009113554701039 87758.36169278364 0.0 move_t 100 845.3927586078644 3.9699999999999998 4.9303 3.0 3.9699999999999998 3.0 5.0099 3.9699999999999998
1.009113554701039 87758.36169278364 0.0 1.0303773301497074 90216.58956293843 0.0 t_swap_k 100 1006.0085244178772 3.9699999999999998 4.9303 3.99 3.9699999999999998 3.0 5.0099 3.9699999999999998
1.009113554701039 87758.36169278364 0.0 1.0255286701913393 89656.05359079476 0.0 swap_t 100 1046.2883837223053 3.9699999999999998 4.9303 3.99 3.9699999999999998 3.9699999999999998 5.0099 3.9699999999999998
1.009113554701039 87758.36169278364 0.0 1.020701018977507 89097.94636332344 0.0 t_move_k 100 1132.1517276763916 4.9303 4.9303 3.99 3.9699999999999998 3.9699999999999998 5.0099 3.9699999999999998
1.009113554701039 87758.36169278364 0.0 1.0201547257500885 89034.7913869102 0.0 t_swap_r_k 100 1406.8367099761963 4.9303 4.9303 3.99 3.9699999999999998 3.9699999999999998 5.999801 3.9699999999999998
1.009113554701039 87758.36169278364 0.0 1.0200522203424134 89022.94110892937 0.0 move_t 100 1470.2107424736023 4.9303 5.910997 3.99 3.9699999999999998 3.9699999999999998 5.999801 3.9699999999999998
1.009113554701039 87758.36169278364 0.0 1.0198849172607891 89003.59980714576 0.0 t_move_k 100 1552.1972122192383 5.940996999999999 5.910997 3.99 3.9699999999999998 3.9699999999999998 5.999801 3.9699999999999998
1.009113554701039 87758.36169278364 0.0 1.0191268624666767 88915.96384492025 0.0 t_swap_r_k 100 1763.7612435817719 5.940996999999999 5.910997 3.99 3.9699999999999998 3.9699999999999998 6.97980299 3.9699999999999998
1.009113554701039 87758.36169278364 0.0 1.0209053741229805 89121.5711196714 0.0 move_t 100 1801.7593204975128 5.940996999999999 6.89188703 3.99 3.9699999999999998 3.9699999999999998 6.97980299 3.9699999999999998
1.009113554701039 87758.36169278364 0.0 1.0191268624666767 88915.96384492025 0.0 move_t 100 1831.5195624828339 5.940996999999999 7.8229681597 3.99 3.9699999999999998 3.9699999999999998 6.97980299 3.9699999999999998
1.009113554701039 87758.36169278364 0.0 1.0191268624666767 88915.96384492025 0.0 move_t 100 1885.9784994125366 5.940996999999999 8.744738478103 3.99 3.9699999999999998 3.9699999999999998 6.97980299 3.9699999999999998
1.009113554701039 87758.36169278364 0.0 1.0191268624666767 88915.96384492025 0.0 t_swap_r_k 100 2144.214209794998 5.940996999999999 8.744738478103 3.99 3.9699999999999998 3.9699999999999998 7.950004960099999 3.9699999999999998
1.009113554701039 87758.36169278364 0.0 1.0191268624666767 88915.96384492025 0.0 t_swap_r_k 100 2409.661977291107 5.940996999999999 8.744738478103 3.99 3.9699999999999998 3.9699999999999998 8.910504910499 3.9699999999999998
1.009113554701039 87758.36169278364 0.0 1.0191268624666767 88915.96384492025 0.0 f_swap_t 100 2477.849972486496 5.940996999999999 8.744738478103 3.99 4.9303 3.9699999999999998 8.910504910499 3.9699999999999998
1.009113554701039 87758.36169278364 0.0 1.0191268624666767 88915.96384492025 0.0 move_t 100 2551.3872771263123 5.940996999999999 9.657291093321971 3.99 4.9303 3.9699999999999998 8.910504910499 3.9699999999999998
1.009113554701039 87758.36169278364 0.0 1.0191268624666767 88915.96384492025 0.0 move_t 100 2630.341186285019 5.940996999999999 10.56071818238875 3.99 4.9303 3.9699999999999998 8.910504910499 3.9699999999999998
1.009113554701039 87758.36169278364 0.0 1.0191268624666767 88915.96384492025 0.0 swap_t 100 2669.755580186844 5.940996999999999 10.56071818238875 3.99 4.9303 4.9303 8.910504910499 3.9699999999999998
1.009113554701039 87758.36169278364 0.0 1.0191268624666767 88915.96384492025 0.0 t_swap_r_k 100 2927.5709369182587 5.940996999999999 10.56071818238875 3.99 4.9303 4.9303 9.86139986139401 3.9699999999999998
1.009113554701039 87758.36169278364 0.0 1.0192661022926066 88932.06085561163 0.0 move_t 100 2991.2988793849945 5.940996999999999 11.465111000564864 3.99 4.9303 4.9303 9.86139986139401 3.9699999999999998
1.009113554701039 87758.36169278364 0.0 1.0252984705790142 89629.44104947621 0.0 move_t 100 3065.2856225967407 5.940996999999999 12.360459890559216 3.99 4.9303 4.9303 9.86139986139401 3.9699999999999998
1.009113554701039 87758.36169278364 0.0 1.0238578612751223 89462.89743875287 0.0 f_swap_t 100 3136.6687271595 5.940996999999999 12.360459890559216 3.99 5.880997 4.9303 9.86139986139401 3.9699999999999998
1.009113554701039 87758.36169278364 0.0 1.0234922646165003 89420.63213654303 0.0 f_swap_t 100 3193.9090461730957 5.940996999999999 12.360459890559216 3.99 6.82218703 4.9303 9.86139986139401 3.9699999999999998
1.009113554701039 87758.36169278364 0.0 1.0234922646165003 89420.63213654303 0.0 t_swap_k 100 3337.298464536667 5.940996999999999 12.360459890559216 4.9501 6.82218703 4.9303 9.86139986139401 3.9699999999999998
1.009113554701039 87758.36169278364 0.0 1.0234922646165003 89420.63213654303 0.0 move_t 100 3414.724207162857 5.940996999999999 13.236855291653624 4.9501 6.82218703 4.9303 9.86139986139401 3.9699999999999998
1.009113554701039 87758.36169278364 0.0 1.1354823487385284 103440.4113582054 0.0 swap_t 100 3477.923128604889 5.940996999999999 13.236855291653624 4.9501 6.82218703 5.930997 9.86139986139401 3.9699999999999998
1.009113554701039 87758.36169278364 0.0 1.105098570927132 98854.84089394158 0.0 f_swap_t 100 3577.288686275482 5.940996999999999 13.236855291653624 4.9501 7.7539651597 5.930997 9.86139986139401 3.9699999999999998
1.009113554701039 87758.36169278364 0.0 1.0928767493267402 97441.92047655521 0.0 move_t 100 3665.661222934723 5.940996999999999 14.134486738737088 4.9501 7.7539651597 5.930997 9.86139986139401 3.9699999999999998