30

Similarity 1
0.0

Similarity combination matrix:
0.41935483870967744 0.3870967741935484 0.3548387096774194 0.1935483870967742 0.06451612903225806 0.16129032258064516 0.3870967741935484 0.22580645161290322 0.0
0.4 0.2857142857142857 0.2857142857142857 0.2 0.11428571428571428 0.14285714285714285 0.2571428571428571 0.2571428571428571 0.0
0.34615384615384615 0.5384615384615384 0.4230769230769231 0.34615384615384615 0.23076923076923078 0.11538461538461539 0.4230769230769231 0.15384615384615385 0.0
0.12903225806451613 0.3870967741935484 0.45161290322580644 0.22580645161290322 0.45161290322580644 0.22580645161290322 0.22580645161290322 0.03225806451612903 0.0
0.10344827586206896 0.2413793103448276 0.1724137931034483 0.3448275862068966 0.5517241379310345 0.27586206896551724 0.20689655172413793 0.0 0.0
0.06451612903225806 0.3225806451612903 0.25806451612903225 0.41935483870967744 0.41935483870967744 0.3548387096774194 0.3225806451612903 0.0967741935483871 0.0
0.29411764705882354 0.29411764705882354 0.2647058823529412 0.2647058823529412 0.2647058823529412 0.3235294117647059 0.35294117647058826 0.29411764705882354 0.0
0.36363636363636365 0.36363636363636365 0.2727272727272727 0.45454545454545453 0.2727272727272727 0.6363636363636364 0.36363636363636365 0.2727272727272727 0.0
0.0 0.0 0.0 0.0 0.0 0.0 0.0 0.0 0.0

Similarity combination pairings:
(np.int64(0), np.int64(6)) (np.int64(1), np.int64(0)) (np.int64(2), np.int64(1)) (np.int64(3), np.int64(2)) (np.int64(4), np.int64(4)) (np.int64(5), np.int64(3)) (np.int64(6), np.int64(7)) (np.int64(7), np.int64(5)) (np.int64(8), np.int64(8))
0.3870967741935484 0.4 0.5384615384615384 0.45161290322580644 0.5517241379310345 0.41935483870967744 0.29411764705882354 0.6363636363636364 0.0

Similarity 2
0.0

Similarity combination matrix:
0.020833333333333332 0.0 0.0 0.0 0.0 0.027777777777777776 0.0 0.0 0.0
0.0 0.0 0.0 0.0 0.0 0.0 0.0 0.0 0.0
0.0 0.0 0.0 0.0625 0.0 0.0 0.027777777777777776 0.0 0.0
0.0 0.020833333333333332 0.0 0.0 0.0 0.037037037037037035 0.023809523809523808 0.0 0.0
0.0 0.0 0.0 0.0 0.0 0.0 0.0 0.0 0.0
0.0 0.0 0.0 0.0 0.0 0.0 0.0 0.0 0.0
0.0 0.03935185185185185 0.020833333333333332 0.0 0.020833333333333332 0.0 0.018518518518518517 0.0 0.0
0.0 0.0 0.0 0.0 0.0 0.0 0.0 0.0 0.0
0.0 0.0 0.0 0.0 0.0 0.0 0.0 0.0 0.0

Similarity combination pairings:
(np.int64(0), np.int64(0)) (np.int64(1), np.int64(2)) (np.int64(2), np.int64(3)) (np.int64(3), np.int64(5)) (np.int64(4), np.int64(6)) (np.int64(5), np.int64(4)) (np.int64(6), np.int64(1)) (np.int64(7), np.int64(7)) (np.int64(8), np.int64(8))
0.020833333333333332 0.0 0.0625 0.037037037037037035 0.0 0.0 0.03935185185185185 0.0 0.0

Similarity 3
0.0

Similarity combination matrix:
0.023809523809523808 0.0 0.0 0.0 0.0 0.03333333333333333 0.0 0.0 0.0
0.0 0.0 0.0 0.0 0.0 0.0 0.0 0.0 0.0
0.0 0.0 0.0 0.07142857142857142 0.0 0.0 0.06666666666666667 0.0 0.0
0.0 0.023809523809523808 0.0 0.0 0.0 0.0625 0.027777777777777776 0.0 0.0
0.0 0.0 0.0 0.0 0.0 0.0 0.0 0.0 0.0
0.0 0.0 0.0 0.0 0.0 0.0 0.0 0.0 0.0
0.0 0.044642857142857144 0.023809523809523808 0.0 0.023809523809523808 0.0 0.041666666666666664 0.0 0.0
0.0 0.0 0.0 0.0 0.0 0.0 0.0 0.0 0.0
0.0 0.0 0.0 0.0 0.0 0.0 0.0 0.0 0.0

Similarity combination pairings:
(np.int64(0), np.int64(0)) (np.int64(1), np.int64(2)) (np.int64(2), np.int64(3)) (np.int64(3), np.int64(5)) (np.int64(4), np.int64(6)) (np.int64(5), np.int64(4)) (np.int64(6), np.int64(1)) (np.int64(7), np.int64(7)) (np.int64(8), np.int64(8))
0.023809523809523808 0.0 0.07142857142857142 0.0625 0.0 0.0 0.044642857142857144 0.0 0.0
