10
4 100 5 200

Solution history:
B_obj   B_dis   B_sim   C_obj   C_dis   C_sim   neighbor   iterations   time   scores
1.0196040860528686 2041.209359525368 0.0 1.0196040860528686 2041.209359525368 0.0 0 0 0 3.0 3.0 3.0 3.0 3.0 3.0 3.0
1.0196040860528686 2041.209359525368 0.0 1.028635066739891 2076.6866061422616 0.0 t_multiswap_k 100 8.411953926086426 3.0 3.0 3.0 3.0 3.0 3.0 3.98
1.0196040860528686 2041.209359525368 0.0 1.0438970112664883 2169.3781443750686 0.016666666666666666 t_multiswap_k 100 23.965993642807007 3.0 3.0 3.0 3.0 3.0 3.0 4.9802
1.0196040860528686 2041.209359525368 0.0 1.0438970112664883 2169.3781443750686 0.016666666666666666 t_swap_k 100 56.364102602005005 3.0 3.0 3.9699999999999998 3.0 3.0 3.0 4.9802
1.0196040860528686 2041.209359525368 0.0 1.0422303445998216 2169.3781443750686 0.02 t_swap_r_k 100 80.62791323661804 3.0 3.0 3.9699999999999998 3.0 3.0 4.04 4.9802
1.0196040860528686 2041.209359525368 0.0 1.0422303445998216 2169.3781443750686 0.02 t_swap_k 100 114.50653028488159 3.0 3.0 4.9303 3.0 3.0 4.04 4.9802
1.0196040860528686 2041.209359525368 0.0 1.0422303445998216 2169.3781443750686 0.02 swap_t 100 137.15040183067322 3.0 3.0 4.9303 3.0 3.9699999999999998 4.04 4.9802
1.0196040860528686 2041.209359525368 0.0 1.0422303445998216 2169.3781443750686 0.02 t_multiswap_k 100 148.5700204372406 3.0 3.0 4.9303 3.0 3.9699999999999998 4.04 5.930398
1.0196040860528686 2041.209359525368 0.0 1.0422303445998216 2169.3781443750686 0.02 t_multiswap_k 100 163.1065456867218 3.0 3.0 4.9303 3.0 3.9699999999999998 4.04 6.87109402
1.0196040860528686 2041.209359525368 0.0 1.062391193518244 2248.57789397841 0.02 t_multiswap_k 100 169.95715808868408 3.0 3.0 4.9303 3.0 3.9699999999999998 4.04 7.8723830798000005
1.0196040860528686 2041.209359525368 0.0 1.062391193518244 2248.57789397841 0.02 t_move_k 100 197.0744559764862 3.9699999999999998 3.0 4.9303 3.0 3.9699999999999998 4.04 7.8723830798000005
1.0196040860528686 2041.209359525368 0.0 1.062391193518244 2248.57789397841 0.02 swap_t 100 212.09706473350525 3.9699999999999998 3.0 4.9303 3.0 4.9303 4.04 7.8723830798000005
1.0196040860528686 2041.209359525368 0.0 1.062391193518244 2248.57789397841 0.02 t_swap_r_k 100 246.987726688385 3.9699999999999998 3.0 4.9303 3.0 4.9303 5.0396 7.8723830798000005
1.0196040860528686 2041.209359525368 0.0 1.0709657951038758 2282.262303860076 0.02 t_swap_k 100 278.1313874721527 3.9699999999999998 3.0 5.890997 3.0 4.9303 5.0396 7.8723830798000005
1.0196040860528686 2041.209359525368 0.0 1.0709657951038758 2282.262303860076 0.02 t_swap_r_k 100 319.03438663482666 3.9699999999999998 3.0 5.890997 3.0 4.9303 6.029204 7.8723830798000005
1.0196040860528686 2041.209359525368 0.0 1.0709657951038758 2282.262303860076 0.02 swap_t 100 333.2326965332031 3.9699999999999998 3.0 5.890997 3.0 5.880997 6.029204 7.8723830798000005
1.0196040860528686 2041.209359525368 0.0 1.0683808220072133 2272.1075121241 0.02 t_move_k 100 351.24512672424316 5.0302999999999995 3.0 5.890997 3.0 5.880997 6.029204 7.8723830798000005
1.0196040860528686 2041.209359525368 0.0 1.0629638645623674 2250.8275712357117 0.02 t_multiswap_k 100 362.1976840496063 5.0302999999999995 3.0 5.890997 3.0 5.880997 6.029204 8.853659249002
1.0196040860528686 2041.209359525368 0.0 1.0627329013928888 2243.372934356547 0.016666666666666666 t_swap_k 100 387.60525393486023 5.0302999999999995 3.0 6.90208703 3.0 5.880997 6.029204 8.853659249002
1.0196040860528686 2041.209359525368 0.0 1.134130168943675 2497.898571651856 0.0 swap_t 100 412.6176509857178 5.0302999999999995 3.0 6.90208703 3.0 6.90218703 6.029204 8.853659249002
1.0196040860528686 2041.209359525368 0.0 1.1605684894855712 2610.832543673272 0.0 swap_t 100 435.0932593345642 5.0302999999999995 3.0 6.90208703 3.0 7.933165159700001 6.029204 8.853659249002
1.0196040860528686 2041.209359525368 0.0 1.1340320818569527 2518.78751863078 0.014285714285714285 t_swap_k 100 470.21917033195496 5.0302999999999995 3.0 7.9730661597 3.0 7.933165159700001 6.029204 8.853659249002
1.0196040860528686 2041.209359525368 0.0 1.1197013863512797 2470.1436210866195 0.01818181818181818 t_swap_r_k 100 490.60452604293823 5.0302999999999995 3.0 7.9730661597 3.0 7.933165159700001 7.00891196 8.853659249002
1.0196040860528686 2041.209359525368 0.0 1.1197013863512797 2470.1436210866195 0.01818181818181818 t_swap_k 100 509.21927404403687 5.0302999999999995 3.0 8.893335498103 3.0 7.933165159700001 7.00891196 8.853659249002
1.0196040860528686 2041.209359525368 0.0 1.1142894959609408 2448.883585582663 0.01818181818181818 t_multiswap_k 100 525.8858494758606 5.0302999999999995 3.0 8.893335498103 3.0 7.933165159700001 7.00891196 9.91512265651198
1.0196040860528686 2041.209359525368 0.0 1.104936622183235 2412.14181621257 0.01818181818181818 t_multiswap_k 100 544.7696616649628 5.0302999999999995 3.0 8.893335498103 3.0 7.933165159700001 7.00891196 10.90597142994686
1.0196040860528686 2041.209359525368 0.0 1.0986229903814646 2377.816007137469 0.013333333333333332 t_swap_k 100 574.0757293701172 5.0302999999999995 3.0 9.86440214312197 3.0 7.933165159700001 7.00891196 10.90597142994686
1.0196040860528686 2041.209359525368 0.0 1.1029309408595922 2394.7393321696572 0.013333333333333332 t_multiswap_k 100 593.1782579421997 5.0302999999999995 3.0 9.86440214312197 3.0 7.933165159700001 7.00891196 11.86691171564739
1.0196040860528686 2041.209359525368 0.0 1.0937135340159974 2358.5297302348017 0.013333333333333332 t_multiswap_k 100 616.2488038539886 5.0302999999999995 3.0 9.86440214312197 3.0 7.933165159700001 7.00891196 12.778242598490916
1.0196040860528686 2041.209359525368 0.0 1.0920468673493307 2358.5297302348017 0.016666666666666666 t_swap_r_k 100 636.5851962566376 5.0302999999999995 3.0 9.86440214312197 3.0 7.933165159700001 8.0088228404 12.778242598490916
1.0196040860528686 2041.209359525368 0.0 1.1200093417025738 2435.640721939371 0.0 t_move_k 100 671.8918280601501 6.109997 3.0 9.86440214312197 3.0 7.933165159700001 8.0088228404 12.778242598490916
1.0196040860528686 2041.209359525368 0.0 1.1162660404115239 2420.9355611527085 0.0 t_move_k 100 693.599463224411 7.21889703 3.0 9.86440214312197 3.0 7.933165159700001 8.0088228404 12.778242598490916
1.0196040860528686 2041.209359525368 0.0 1.1427673933222722 2525.0433059790257 0.0 t_move_k 100 730.4639992713928 8.2267080597 3.0 9.86440214312197 3.0 7.933165159700001 8.0088228404 12.778242598490916
1.0196040860528686 2041.209359525368 0.0 1.1276086493353712 2465.4937933111005 0.0 t_move_k 100 756.6553354263306 9.244440979103 3.0 9.86440214312197 3.0 7.933165159700001 8.0088228404 12.778242598490916
1.0196040860528686 2041.209359525368 0.0 1.1141547478237794 2412.641572890341 0.0 swap_t 100 793.395501613617 9.244440979103 3.0 9.86440214312197 3.0 8.853833508103001 8.0088228404 12.778242598490916
1.0196040860528686 2041.209359525368 0.0 1.104015866273679 2372.8120556276945 0.0 move_t 100 825.3473961353302 9.244440979103 4.12 9.86440214312197 3.0 8.853833508103001 8.0088228404 12.778242598490916
1.0196040860528686 2041.209359525368 0.0 1.1025842564823352 2367.1881289040284 0.0 t_move_k 100 868.7016406059265 10.18199656931197 4.12 9.86440214312197 3.0 8.853833508103001 8.0088228404 12.778242598490916
1.0196040860528686 2041.209359525368 0.0 1.1004445733329495 2358.7826113413735 0.0 t_swap_k 100 893.6347420215607 10.18199656931197 4.12 10.76575812169075 3.0 8.853833508103001 8.0088228404 12.778242598490916
1.0196040860528686 2041.209359525368 0.0 1.0976758712072119 2347.9060596657987 0.0 t_multiswap_k 100 921.9234640598297 10.18199656931197 4.12 10.76575812169075 3.0 8.853833508103001 8.0088228404 13.680460172506006
1.0196040860528686 2041.209359525368 0.0 1.0929666334311803 2329.4063201859058 0.0 t_move_k 100 942.8174021244049 11.11017660361885 4.12 10.76575812169075 3.0 8.853833508103001 8.0088228404 13.680460172506006
1.0196040860528686 2041.209359525368 0.0 1.0928777229876916 2329.057044969871 0.0 t_swap_r_k 100 972.465626001358 11.11017660361885 4.12 10.76575812169075 3.0 8.853833508103001 8.968734611996 13.680460172506006
1.0196040860528686 2041.209359525368 0.0 1.0928777229876916 2329.057044969871 0.0 t_swap_k 100 994.4693038463593 11.11017660361885 4.12 11.658100540473843 3.0 8.853833508103001 8.968734611996 13.680460172506006
1.0196040860528686 2041.209359525368 0.0 1.1418838530278892 2521.5724119525526 0.0 move_t 100 1016.9406282901764 11.11017660361885 5.1188 11.658100540473843 3.0 8.853833508103001 8.968734611996 13.680460172506006
1.0196040860528686 2041.209359525368 0.0 1.1264693741893088 2493.754885359814 0.016666666666666666 t_multiswap_k 100 1036.6398153305054 11.11017660361885 5.1188 11.658100540473843 3.0 8.853833508103001 8.968734611996 14.613655570780946
1.0196040860528686 2041.209359525368 0.0 1.1264693741893088 2493.754885359814 0.016666666666666666 t_multiswap_k 100 1058.4802331924438 11.11017660361885 5.1188 11.658100540473843 3.0 8.853833508103001 8.968734611996 15.467519015073137
1.0196040860528686 2041.209359525368 0.0 1.1264693741893088 2493.754885359814 0.016666666666666666 t_multiswap_k 100 1082.5905027389526 11.11017660361885 5.1188 11.658100540473843 3.0 8.853833508103001 8.968734611996 16.312843824922407
1.0196040860528686 2041.209359525368 0.0 1.1348027075226423 2493.754885359814 0.0 t_swap_r_k 100 1108.4535484313965 11.11017660361885 5.1188 11.658100540473843 3.0 8.853833508103001 9.91904726587604 16.312843824922407
1.0196040860528686 2041.209359525368 0.0 1.1370356503653696 2502.526763703736 0.0 t_move_k 100 1135.7307395935059 12.039074837582662 5.1188 11.658100540473843 3.0 8.853833508103001 9.91904726587604 16.312843824922407
1.0196040860528686 2041.209359525368 0.0 1.1284227210224858 2468.6917873062703 0.0 t_multiswap_k 100 1153.8648653030396 12.039074837582662 5.1188 11.658100540473843 3.0 8.853833508103001 9.91904726587604 17.219715386673183
1.0196040860528686 2041.209359525368 0.0 1.1191779475942516 2432.3746786558145 0.0 t_swap_k 100 1182.5258088111877 12.039074837582662 5.1188 12.541519535069105 3.0 8.853833508103001 9.91904726587604 17.219715386673183
1.0196040860528686 2041.209359525368 0.0 1.171906263244629 2675.224924694252 0.01818181818181818 t_multiswap_k 100 1203.777984380722 12.039074837582662 5.1188 12.541519535069105 3.0 8.853833508103001 9.91904726587604 18.12751823280645
1.0196040860528686 2041.209359525368 0.0 1.1932021226560703 2723.1707732653454 0.0 f_swap_t 100 1230.572093486786 12.039074837582662 5.1188 12.541519535069105 4.04 8.853833508103001 9.91904726587604 18.12751823280645
1.0196040860528686 2041.209359525368 0.0 1.1766060023025888 2657.974680496573 0.0 t_swap_r_k 100 1249.7594537734985 12.039074837582662 5.1188 12.541519535069105 4.04 8.853833508103001 10.85985679321728 18.12751823280645
1.0196040860528686 2041.209359525368 0.0 1.2066602616212485 2776.0396400715995 0.0 f_swap_t 100 1285.4770057201385 12.039074837582662 5.1188 12.541519535069105 5.1096 8.853833508103001 10.85985679321728 18.12751823280645
1.0196040860528686 2041.209359525368 0.0 1.1886072829427696 2705.1204344014704 0.0 t_move_k 100 1311.1745462417603 13.108684089206836 5.1188 12.541519535069105 5.1096 8.853833508103001 10.85985679321728 18.12751823280645
1.0196040860528686 2041.209359525368 0.0 1.181607283285154 2677.621680636195 0.0 t_move_k 100 1338.3773937225342 14.057597248314767 5.1188 12.541519535069105 5.1096 8.853833508103001 10.85985679321728 18.12751823280645
1.0196040860528686 2041.209359525368 0.0 1.174087469901412 2683.793562937084 0.01818181818181818 f_swap_t 100 1370.0518808364868 14.057597248314767 5.1188 12.541519535069105 6.098504 8.853833508103001 10.85985679321728 18.12751823280645
1.0196040860528686 2041.209359525368 0.0 1.169967595526811 2667.6090748638917 0.01818181818181818 t_swap_r_k 100 1404.180387020111 14.057597248314767 5.1188 12.541519535069105 6.098504 8.853833508103001 11.791258225285107 18.12751823280645
1.0196040860528686 2041.209359525368 0.0 1.169182688890364 2664.5256526667345 0.01818181818181818 f_swap_t 100 1439.8374981880188 14.057597248314767 5.1188 12.541519535069105 7.03751896 8.853833508103001 11.791258225285107 18.12751823280645
1.0196040860528686 2041.209359525368 0.0 1.1880971375329776 2738.8290514195232 0.01818181818181818 swap_t 100 1459.9510049819946 14.057597248314767 5.1188 12.541519535069105 7.03751896 9.805295173021971 11.791258225285107 18.12751823280645
1.0196040860528686 2041.209359525368 0.0 1.1607535692540019 2631.412753141632 0.01818181818181818 t_multiswap_k 100 1471.9668273925781 14.057597248314767 5.1188 12.541519535069105 7.03751896 9.805295173021971 11.791258225285107 19.126243050478386
1.0196040860528686 2041.209359525368 0.0 1.2267566507190732 2883.046120323256 0.014285714285714285 t_swap_k 100 1507.486247062683 14.057597248314767 5.1188 13.576104339718414 7.03751896 9.805295173021971 11.791258225285107 19.126243050478386
1.0196040860528686 2041.209359525368 0.0 1.1935243577304597 2760.149308439555 0.01818181818181818 t_swap_k 100 1529.5232019424438 14.057597248314767 5.1188 14.60034329632123 7.03751896 9.805295173021971 11.791258225285107 19.126243050478386
1.0196040860528686 2041.209359525368 0.0 1.1997055851824432 2784.43160272286 0.01818181818181818 t_swap_k 100 1556.5814154148102 14.057597248314767 5.1188 15.604339863358017 7.03751896 9.805295173021971 11.791258225285107 19.126243050478386
1.0196040860528686 2041.209359525368 0.0 1.2209030230993032 2867.703481900212 0.01818181818181818 f_swap_t 100 1582.8592569828033 14.057597248314767 5.1188 15.604339863358017 8.0471437704 9.805295173021971 11.791258225285107 19.126243050478386
1.0196040860528686 2041.209359525368 0.0 1.220464044254351 2858.3262854405602 0.014285714285714285 t_swap_k 100 1615.3664510250092 14.057597248314767 5.1188 16.618296464724438 8.0471437704 9.805295173021971 11.791258225285107 19.126243050478386
1.0196040860528686 2041.209359525368 0.0 1.2282840674050242 2860.986460043124 0.0 t_move_k 100 1645.4898161888123 15.22702127583162 5.1188 16.618296464724438 8.0471437704 9.805295173021971 11.791258225285107 19.126243050478386
1.0196040860528686 2041.209359525368 0.0 1.2169286328804638 2852.090512851551 0.01818181818181818 t_move_k 100 1670.1209919452667 16.504751063073304 5.1188 16.618296464724438 8.0471437704 9.805295173021971 11.791258225285107 19.126243050478386
1.0196040860528686 2041.209359525368 0.0 1.22068924268891 2866.8636683069576 0.01818181818181818 t_swap_k 100 1699.2917220592499 16.504751063073304 5.1188 17.542113500077193 8.0471437704 9.805295173021971 11.791258225285107 19.126243050478386
1.0196040860528686 2041.209359525368 0.0 1.1896091889669138 2744.7689845760924 0.01818181818181818 t_multiswap_k 100 1721.7445843219757 16.504751063073304 5.1188 17.542113500077193 8.0471437704 9.805295173021971 11.791258225285107 20.0949806199736
1.0196040860528686 2041.209359525368 0.0 1.185078193900726 2726.969452614512 0.01818181818181818 t_multiswap_k 100 1740.1167223453522 16.504751063073304 5.1188 17.542113500077193 8.0471437704 9.805295173021971 11.791258225285107 20.924030813773864
1.0196040860528686 2041.209359525368 0.0 1.1920733969994455 2754.449363608581 0.01818181818181818 t_multiswap_k 100 1750.5498974323273 16.504751063073304 5.1188 17.542113500077193 8.0471437704 9.805295173021971 11.791258225285107 21.754790505636127
1.0196040860528686 2041.209359525368 0.0 1.1905274800949162 2748.3763935545066 0.01818181818181818 t_multiswap_k 100 1771.4613344669342 16.504751063073304 5.1188 17.542113500077193 8.0471437704 9.805295173021971 11.791258225285107 22.577242600579766
1.0196040860528686 2041.209359525368 0.0 1.2085810759646922 2819.29802379497 0.01818181818181818 t_swap_k 100 1804.5346446037292 16.504751063073304 5.1188 18.486692365076422 8.0471437704 9.805295173021971 11.791258225285107 22.577242600579766
1.0196040860528686 2041.209359525368 0.0 1.197930455656824 2777.458195277995 0.01818181818181818 swap_t 100 1825.182710647583 16.504751063073304 5.1188 18.486692365076422 8.0471437704 10.707242221291752 11.791258225285107 22.577242600579766
1.0196040860528686 2041.209359525368 0.0 1.2143977383308142 2842.148162932865 0.01818181818181818 t_swap_k 100 1848.8723142147064 16.504751063073304 5.1188 19.371825441425656 8.0471437704 10.707242221291752 11.791258225285107 22.577242600579766
1.0196040860528686 2041.209359525368 0.0 1.2122098145702056 2833.5531372624405 0.01818181818181818 t_swap_r_k 100 1873.7159254550934 16.504751063073304 5.1188 19.371825441425656 8.0471437704 10.707242221291752 12.713345643032255 22.577242600579766
1.0196040860528686 2041.209359525368 0.0 1.2122098145702056 2833.5531372624405 0.01818181818181818 t_multiswap_k 100 1892.9554765224457 16.504751063073304 5.1188 19.371825441425656 8.0471437704 10.707242221291752 12.713345643032255 23.35147017457397
1.0196040860528686 2041.209359525368 0.0 1.2084404668501105 2818.745655850947 0.01818181818181818 f_swap_t 100 1928.0286512374878 16.504751063073304 5.1188 19.371825441425656 9.026672332696 10.707242221291752 12.713345643032255 23.35147017457397
1.0196040860528686 2041.209359525368 0.0 1.1957414477230466 2768.858910548646 0.01818181818181818 t_multiswap_k 100 1948.8910553455353 16.504751063073304 5.1188 19.371825441425656 9.026672332696 10.707242221291752 12.713345643032255 24.14795547282823
1.0196040860528686 2041.209359525368 0.0 1.1954179188715406 2767.58796188312 0.01818181818181818 t_swap_r_k 100 1969.1076774597168 16.504751063073304 5.1188 19.371825441425656 9.026672332696 10.707242221291752 13.626212186601933 24.14795547282823
1.0196040860528686 2041.209359525368 0.0 1.18767114820975 2786.6170198799114 0.01818181818181818 swap_t 100 1987.8075911998749 16.504751063073304 5.1188 19.371825441425656 9.026672332696 11.660169799078835 13.626212186601933 24.14795547282823
1.0196040860528686 2041.209359525368 0.0 1.1843005927332415 2723.9147291747786 0.01818181818181818 t_move_k 100 2004.1327328681946 17.42970355244257 5.1188 19.371825441425656 9.026672332696 11.660169799078835 13.626212186601933 24.14795547282823
1.0196040860528686 2041.209359525368 0.0 1.2150483167663568 2844.703891087012 0.01818181818181818 t_multiswap_k 100 2026.8703780174255 17.42970355244257 5.1188 19.371825441425656 9.026672332696 11.660169799078835 13.626212186601933 25.026475918099948
1.0196040860528686 2041.209359525368 0.0 1.200220495047748 2786.454371335702 0.01818181818181818 t_move_k 100 2059.942254304886 18.535406516918147 5.1188 19.371825441425656 9.026672332696 11.660169799078835 13.626212186601933 25.026475918099948
1.0196040860528686 2041.209359525368 0.0 1.224259648009443 2902.589732980628 0.01818181818181818 swap_t 100 2077.9718067646027 18.535406516918147 5.1188 19.371825441425656 9.026672332696 12.583568101088046 13.626212186601933 25.026475918099948
1.0196040860528686 2041.209359525368 0.0 1.2072754973265012 2814.169197045134 0.01818181818181818 swap_t 100 2104.4558029174805 18.535406516918147 5.1188 19.371825441425656 9.026672332696 13.457732420077166 13.626212186601933 25.026475918099948
1.0196040860528686 2041.209359525368 0.0 1.213909066488323 2840.228467600585 0.01818181818181818 t_move_k 100 2133.3783810138702 19.420052451748965 5.1188 19.371825441425656 9.026672332696 13.457732420077166 13.626212186601933 25.026475918099948
1.0196040860528686 2041.209359525368 0.0 1.2422457413428216 2951.546079381152 0.01818181818181818 t_swap_k 100 2150.9040303230286 19.420052451748965 5.1188 20.3681071870114 9.026672332696 13.457732420077166 13.626212186601933 25.026475918099948
1.0196040860528686 2041.209359525368 0.0 1.2342977713566998 2920.3233250565304 0.01818181818181818 t_swap_r_k 100 2181.4252846240997 19.420052451748965 5.1188 20.3681071870114 9.026672332696 13.457732420077166 14.529950064735914 25.026475918099948
1.0196040860528686 2041.209359525368 0.0 1.2334684057674001 2917.065250594093 0.01818181818181818 t_swap_r_k 100 2203.0642437934875 19.420052451748965 5.1188 20.3681071870114 9.026672332696 13.457732420077166 15.424650564088555 25.026475918099948
1.0196040860528686 2041.209359525368 0.0 1.223793558962337 2879.0586444480828 0.01818181818181818 t_move_k 100 2228.3664212226868 20.375851927231476 5.1188 20.3681071870114 9.026672332696 13.457732420077166 15.424650564088555 25.026475918099948
1.0196040860528686 2041.209359525368 0.0 1.2023820356980846 2794.945753764925 0.01818181818181818 t_multiswap_k 100 2251.2405366897583 20.375851927231476 5.1188 20.3681071870114 9.026672332696 13.457732420077166 15.424650564088555 25.89621115891895
1.0196040860528686 2041.209359525368 0.0 1.2025201587726928 2795.488355565458 0.01818181818181818 f_swap_t 100 2285.9147460460663 20.375851927231476 5.1188 20.3681071870114 10.00640560936904 13.457732420077166 15.424650564088555 25.89621115891895
1.0196040860528686 2041.209359525368 0.0 1.191924952224383 2753.8662141061745 0.01818181818181818 t_move_k 100 2309.0869722366333 21.34209340795916 5.1188 20.3681071870114 10.00640560936904 13.457732420077166 15.424650564088555 25.89621115891895
1.0196040860528686 2041.209359525368 0.0 1.1821467344661984 2715.45352617082 0.01818181818181818 t_swap_r_k 100 2346.251931667328 21.34209340795916 5.1188 20.3681071870114 10.00640560936904 13.457732420077166 16.31040405844767 25.89621115891895
1.0196040860528686 2041.209359525368 0.0 1.1762984372732894 2692.479112982243 0.01818181818181818 t_multiswap_k 100 2366.2154290676117 21.34209340795916 5.1188 20.3681071870114 10.00640560936904 13.457732420077166 16.31040405844767 26.72724904732976
1.0196040860528686 2041.209359525368 0.0 1.233429047692488 2909.257921804773 0.014285714285714285 t_swap_k 100 2396.206489801407 21.34209340795916 5.1188 21.264426115141287 10.00640560936904 13.457732420077166 16.31040405844767 26.72724904732976
1.0196040860528686 2041.209359525368 0.0 1.220186850244957 2857.2373582716514 0.014285714285714285 t_swap_r_k 100 2418.932225704193 21.34209340795916 5.1188 21.264426115141287 10.00640560936904 13.457732420077166 17.21730001786319 26.72724904732976
1.0196040860528686 2041.209359525368 0.0 1.2290778648671652 2892.164763097104 0.014285714285714285 t_move_k 100 2451.4026515483856 22.26867247387957 5.1188 21.264426115141287 10.00640560936904 13.457732420077166 17.21730001786319 26.72724904732976
1.0196040860528686 2041.209359525368 0.0 1.2187554024345002 2856.2907269050256 0.016666666666666666 t_swap_r_k 100 2467.127619743347 22.26867247387957 5.1188 21.264426115141287 10.00640560936904 13.457732420077166 18.11512701768456 26.72724904732976
1.0196040860528686 2041.209359525368 0.0 1.2179978266769245 2856.2907269050256 0.01818181818181818 t_swap_r_k 100 2496.8667907714844 22.26867247387957 5.1188 21.264426115141287 10.00640560936904 13.457732420077166 19.003975747507717 26.72724904732976
1.0196040860528686 2041.209359525368 0.0 1.2179978266769245 2856.2907269050256 0.01818181818181818 t_swap_r_k 100 2516.5194149017334 22.26867247387957 5.1188 21.264426115141287 10.00640560936904 13.457732420077166 19.85393599003264 26.72724904732976
1.0196040860528686 2041.209359525368 0.0 1.2156825161211882 2847.1952757655285 0.01818181818181818 t_move_k 100 2546.8618206977844 23.24598574914077 5.1188 21.264426115141287 10.00640560936904 13.457732420077166 19.85393599003264 26.72724904732976
1.0196040860528686 2041.209359525368 0.0 1.2124954661150296 2834.675288959296 0.01818181818181818 swap_t 100 2568.5764899253845 23.24598574914077 5.1188 21.264426115141287 10.00640560936904 14.333155095876394 19.85393599003264 26.72724904732976
1.0196040860528686 2041.209359525368 0.0 1.2767210031212524 3086.978476668074 0.01818181818181818 f_swap_t 100 2598.264893770218 23.24598574914077 5.1188 21.264426115141287 10.92634155327535 14.333155095876394 19.85393599003264 26.72724904732976
1.0196040860528686 2041.209359525368 0.0 1.246712372507936 2966.116708858642 0.016666666666666666 t_move_k 100 2622.695864677429 24.183525891649364 5.1188 21.264426115141287 10.92634155327535 14.333155095876394 19.85393599003264 26.72724904732976
1.0196040860528686 2041.209359525368 0.0 1.2245534989294775 2882.0439877416434 0.01818181818181818 t_multiswap_k 100 2644.529984474182 24.183525891649364 5.1188 21.264426115141287 10.92634155327535 14.333155095876394 19.85393599003264 27.559976556856462
1.0196040860528686 2041.209359525368 0.0 1.2181925420767792 2857.0556456331406 0.01818181818181818 t_multiswap_k 100 2664.936346054077 24.183525891649364 5.1188 21.264426115141287 10.92634155327535 14.333155095876394 19.85393599003264 28.3143767912879
1.0196040860528686 2041.209359525368 0.0 1.2168000078528864 2851.5852231180647 0.01818181818181818 t_multiswap_k 100 2675.75692820549 24.183525891649364 5.1188 21.264426115141287 10.92634155327535 14.333155095876394 19.85393599003264 29.06123302337502
1.0196040860528686 2041.209359525368 0.0 1.2139332077948604 2840.323304154372 0.01818181818181818 t_swap_k 100 2699.83434343338 24.183525891649364 5.1188 22.081781853989874 10.92634155327535 14.333155095876394 19.85393599003264 29.06123302337502
1.0196040860528686 2041.209359525368 0.0 1.2687651670349052 3055.7248212057702 0.01818181818181818 t_multiswap_k 100 2723.744320869446 24.183525891649364 5.1188 22.081781853989874 10.92634155327535 14.333155095876394 19.85393599003264 29.96062069314127
1.0196040860528686 2041.209359525368 0.0 1.2595962377583358 2983.9929892599284 0.0 t_multiswap_k 100 2744.0768098831177 24.183525891649364 5.1188 22.081781853989874 10.92634155327535 14.333155095876394 19.85393599003264 30.761014486209856
1.0196040860528686 2041.209359525368 0.0 1.262046931158685 3021.6802316921976 0.014285714285714285 t_swap_k 100 2771.3600566387177 24.183525891649364 5.1188 23.010964035449977 10.92634155327535 14.333155095876394 19.85393599003264 30.761014486209856
1.0196040860528686 2041.209359525368 0.0 1.2646253439584514 3031.8092519999163 0.014285714285714285 t_move_k 100 2806.4589660167694 25.15169063273287 5.1188 23.010964035449977 10.92634155327535 14.333155095876394 19.85393599003264 30.761014486209856
1.0196040860528686 2041.209359525368 0.0 1.244003729789164 2950.7994351398775 0.014285714285714285 t_move_k 100 2833.2866830825806 26.000173726405542 5.1188 23.010964035449977 10.92634155327535 14.333155095876394 19.85393599003264 30.761014486209856
1.0196040860528686 2041.209359525368 0.0 1.2447943943041748 2953.9054765502615 0.014285714285714285 t_swap_k 100 2856.487181186676 26.000173726405542 5.1188 23.850854395095478 10.92634155327535 14.333155095876394 19.85393599003264 30.761014486209856
1.0196040860528686 2041.209359525368 0.0 1.2331361763380277 2908.107407854041 0.014285714285714285 f_swap_t 100 2897.3291125297546 26.000173726405542 5.1188 23.850854395095478 11.847078137742596 14.333155095876394 19.85393599003264 30.761014486209856
1.0196040860528686 2041.209359525368 0.0 1.2424364216776407 2944.6424320054266 0.014285714285714285 t_swap_k 100 2938.0570883750916 26.000173726405542 5.1188 24.862345851144525 11.847078137742596 14.333155095876394 19.85393599003264 30.761014486209856
1.0196040860528686 2041.209359525368 0.0 1.2171242610474349 2845.2063025079224 0.014285714285714285 t_multiswap_k 100 2953.2354826927185 26.000173726405542 5.1188 24.862345851144525 11.847078137742596 14.333155095876394 19.85393599003264 31.483404341347757
1.0196040860528686 2041.209359525368 0.0 1.2230571465468716 2868.513011857414 0.014285714285714285 t_swap_k 100 2982.0806727409363 26.000173726405542 5.1188 25.71372239263308 11.847078137742596 14.333155095876394 19.85393599003264 31.483404341347757
1.0196040860528686 2041.209359525368 0.0 1.2021235791862899 2786.2777200811934 0.014285714285714285 t_move_k 100 3012.6659989356995 26.800171989141486 5.1188 25.71372239263308 11.847078137742596 14.333155095876394 19.85393599003264 31.483404341347757
1.0196040860528686 2041.209359525368 0.0 1.1972694924046292 2771.8856157288396 0.016666666666666666 t_swap_r_k 100 3041.8585336208344 26.800171989141486 5.1188 25.71372239263308 11.847078137742596 14.333155095876394 20.725396630132312 31.483404341347757
1.0196040860528686 2041.209359525368 0.0 1.1972694924046292 2771.8856157288396 0.016666666666666666 f_swap_t 100 3086.9386551380157 26.800171989141486 5.1188 25.71372239263308 12.72860735636517 14.333155095876394 20.725396630132312 31.483404341347757
1.0196040860528686 2041.209359525368 0.0 1.2160057320932567 2845.488939569611 0.016666666666666666 t_swap_k 100 3110.0444407463074 26.800171989141486 5.1188 26.49658516870675 12.72860735636517 14.333155095876394 20.725396630132312 31.483404341347757
1.0196040860528686 2041.209359525368 0.0 1.2120091612709751 2829.788836380628 0.016666666666666666 t_move_k 100 3132.3953902721405 27.56217026925007 5.1188 26.49658516870675 12.72860735636517 14.333155095876394 20.725396630132312 31.483404341347757
1.0196040860528686 2041.209359525368 0.0 1.219763910116645 2860.25254201619 0.016666666666666666 t_move_k 100 3155.996671438217 28.32654856655757 5.1188 26.49658516870675 12.72860735636517 14.333155095876394 20.725396630132312 31.483404341347757
1.0196040860528686 2041.209359525368 0.0 1.2076655321199918 2812.725351478794 0.016666666666666666 t_multiswap_k 100 3177.2539596557617 28.32654856655757 5.1188 26.49658516870675 12.72860735636517 14.333155095876394 20.725396630132312 32.19857029793428
1.0196040860528686 2041.209359525368 0.0 1.2215045177578683 2867.0903339117776 0.016666666666666666 t_multiswap_k 100 3198.0369017124176 28.32654856655757 5.1188 26.49658516870675 12.72860735636517 14.333155095876394 20.725396630132312 33.00658459495494
1.0196040860528686 2041.209359525368 0.0 1.239549907824606 2844.097279404875 0.0 swap_t 100 3218.3451721668243 28.32654856655757 5.1188 26.49658516870675 12.72860735636517 15.23982354491763 20.725396630132312 33.00658459495494
1.0196040860528686 2041.209359525368 0.0 1.2261513725110382 2852.608395098168 0.0 t_swap_r_k 100 3249.0623004436493 28.32654856655757 5.1188 26.49658516870675 12.72860735636517 15.23982354491763 21.55814266383099 33.00658459495494
1.0196040860528686 2041.209359525368 0.0 1.2202325890434509 2857.4170382743396 0.014285714285714285 t_multiswap_k 100 3266.6811859607697 28.32654856655757 5.1188 26.49658516870675 12.72860735636517 15.23982354491763 21.55814266383099 33.806518749005384
1.0196040860528686 2041.209359525368 0.0 1.2423045371544175 2944.1243376901475 0.014285714285714285 t_swap_k 100 3290.834715127945 28.32654856655757 5.1188 27.261619317019683 12.72860735636517 15.23982354491763 21.55814266383099 33.806518749005384
1.0196040860528686 2041.209359525368 0.0 1.2307109961377005 2898.5803455073074 0.014285714285714285 f_swap_t 100 3323.013872861862 28.32654856655757 5.1188 27.261619317019683 13.69132128280152 15.23982354491763 21.55814266383099 33.806518749005384
1.0196040860528686 2041.209359525368 0.0 1.2353245362307184 2924.3568616031716 0.01818181818181818 t_swap_k 100 3345.021143913269 28.32654856655757 5.1188 28.119003123849485 13.69132128280152 15.23982354491763 21.55814266383099 33.806518749005384
1.0196040860528686 2041.209359525368 0.0 1.1998024602223412 2784.812166008354 0.01818181818181818 t_multiswap_k 100 3356.824483394623 28.32654856655757 5.1188 28.119003123849485 13.69132128280152 15.23982354491763 21.55814266383099 34.55845356151533
1.0196040860528686 2041.209359525368 0.0 1.2028664233523192 2787.3252407263553 0.013333333333333332 t_move_k 100 3374.768483877182 29.163283080891993 5.1188 28.119003123849485 13.69132128280152 15.23982354491763 21.55814266383099 34.55845356151533
1.0196040860528686 2041.209359525368 0.0 1.180981229250173 2710.8749629543545 0.01818181818181818 t_swap_r_k 100 3414.5471007823944 29.163283080891993 5.1188 28.119003123849485 13.69132128280152 15.23982354491763 22.38256123719268 34.55845356151533
1.0196040860528686 2041.209359525368 0.0 1.2194377466879733 2852.4235393382264 0.013333333333333332 swap_t 100 3444.5880455970764 29.163283080891993 5.1188 28.119003123849485 13.69132128280152 16.157425309468454 22.38256123719268 34.55845356151533
1.0196040860528686 2041.209359525368 0.0 1.220464926225865 2889.1956997853995 0.03 t_move_k 100 3471.2241172790527 29.921650250083072 5.1188 28.119003123849485 13.69132128280152 16.157425309468454 22.38256123719268 34.55845356151533
1.0196040860528686 2041.209359525368 0.0 1.211190392375073 2833.119712545889 0.02 t_swap_r_k 100 3501.7198827266693 29.921650250083072 5.1188 28.119003123849485 13.69132128280152 16.157425309468454 23.228735624820754 34.55845356151533
1.0196040860528686 2041.209359525368 0.0 1.2309892301990082 2871.613404215304 0.0 t_swap_k 100 3528.4630012512207 29.921650250083072 5.1188 28.94781309261099 13.69132128280152 16.157425309468454 23.228735624820754 34.55845356151533
1.0196040860528686 2041.209359525368 0.0 1.2237937523492204 2843.346735173463 0.0 t_swap_r_k 100 3551.0831706523895 29.921650250083072 5.1188 28.94781309261099 13.69132128280152 16.157425309468454 24.036448268572546 34.55845356151533
1.0196040860528686 2041.209359525368 0.0 1.2235464897157449 2842.3753902297676 0.0 f_swap_t 100 3578.5248172283173 29.921650250083072 5.1188 28.94781309261099 14.554408069973505 16.157425309468454 24.036448268572546 34.55845356151533
1.0196040860528686 2041.209359525368 0.0 1.2144555806248358 2842.3753902297676 0.01818181818181818 t_swap_r_k 100 3600.4154946804047 29.921650250083072 5.1188 28.94781309261099 14.554408069973505 16.157425309468454 24.86608378588682 34.55845356151533