10
4 100 5 200

Solution history:
B_obj   B_dis   B_sim   C_obj   C_dis   C_sim   neighbor   iterations   time   scores
1.0196040860528686 2041.209359525368 0.0 1.0196040860528686 2041.209359525368 0.0 0 0 0 3.0 3.0 3.0 3.0 3.0 3.0 3.0
1.0196040860528686 2041.209359525368 0.0 1.0196040860528686 2041.209359525368 0.0 t_move_k 100 6.828001260757446 3.9699999999999998 3.0 3.0 3.0 3.0 3.0 3.0
1.0173151558654843 2075.8663584911255 0.02222222222222222 1.0173151558654843 2075.8663584911255 0.02222222222222222 t_move_k 10 8.090435981750488 5.273 3.0 3.0 3.0 3.0 3.0 3.0
1.013825279013721 2062.1567486465924 0.02222222222222222 1.013825279013721 2062.1567486465924 0.02222222222222222 f_swap_t 100 13.842340230941772 5.273 3.0 3.0 3.9699999999999998 3.0 3.0 3.0
1.013825279013721 2062.1567486465924 0.02222222222222222 1.0353431106399804 2146.6872604173227 0.02222222222222222 t_move_k 100 24.928483724594116 6.23027 3.0 3.0 3.9699999999999998 3.0 3.0 3.0
1.013825279013721 2062.1567486465924 0.02222222222222222 1.0280813931578532 2118.160376028583 0.02222222222222222 t_swap_k 100 32.56966018676758 6.23027 3.0 3.9699999999999998 3.9699999999999998 3.0 3.0 3.0
1.013825279013721 2062.1567486465924 0.02222222222222222 1.0277304076950053 2116.781566987136 0.02222222222222222 f_swap_t 100 47.79168224334717 6.23027 3.0 3.9699999999999998 4.9303 3.0 3.0 3.0
1.013825279013721 2062.1567486465924 0.02222222222222222 1.0277304076950053 2116.781566987136 0.02222222222222222 f_swap_t 100 54.651156187057495 6.23027 3.0 3.9699999999999998 5.880997 3.0 3.0 3.0
1.013825279013721 2062.1567486465924 0.02222222222222222 1.0277304076950053 2116.781566987136 0.02222222222222222 f_swap_t 100 69.61859226226807 6.23027 3.0 3.9699999999999998 6.82218703 3.0 3.0 3.0
1.013825279013721 2062.1567486465924 0.02222222222222222 1.0277304076950053 2116.781566987136 0.02222222222222222 swap_t 100 74.6914918422699 6.23027 3.0 3.9699999999999998 6.82218703 3.9699999999999998 3.0 3.0
1.013825279013721 2062.1567486465924 0.02222222222222222 1.0277304076950053 2116.781566987136 0.02222222222222222 t_move_k 100 88.85638451576233 7.1679673 3.0 3.9699999999999998 6.82218703 3.9699999999999998 3.0 3.0
1.013825279013721 2062.1567486465924 0.02222222222222222 1.0277304076950053 2116.781566987136 0.02222222222222222 swap_t 100 94.43465614318848 7.1679673 3.0 3.9699999999999998 6.82218703 4.9303 3.0 3.0
1.013825279013721 2062.1567486465924 0.02222222222222222 1.0951044272272308 2337.8044156250353 0.0 t_swap_k 100 105.19251275062561 7.1679673 3.0 5.0203 6.82218703 4.9303 3.0 3.0
1.013825279013721 2062.1567486465924 0.02222222222222222 1.0772467362874145 2267.652377055124 0.0 t_swap_k 100 113.19254350662231 7.1679673 3.0 6.070097 6.82218703 4.9303 3.0 3.0
1.013825279013721 2062.1567486465924 0.02222222222222222 1.05806322619341 2192.291999022132 0.0 f_swap_t 100 124.98456883430481 7.1679673 3.0 6.070097 7.7539651597 4.9303 3.0 3.0
1.013825279013721 2062.1567486465924 0.02222222222222222 1.050440776735595 2162.348017453408 0.0 t_move_k 100 136.6210072040558 8.126287627 3.0 6.070097 7.7539651597 4.9303 3.0 3.0
1.013825279013721 2062.1567486465924 0.02222222222222222 1.0639820391711456 2215.543425967618 0.0 t_swap_k 100 151.16853070259094 8.126287627 3.0 7.019396029999999 7.7539651597 4.9303 3.0 3.0
1.013825279013721 2062.1567486465924 0.02222222222222222 1.1069223143608051 2384.2297276546483 0.0 t_move_k 100 164.5403025150299 9.09502475073 3.0 7.019396029999999 7.7539651597 4.9303 3.0 3.0
1.013825279013721 2062.1567486465924 0.02222222222222222 1.1946496204913633 2696.3373672582306 0.0 swap_t 100 168.59427857398987 9.09502475073 3.0 7.019396029999999 7.7539651597 5.900997 3.0 3.0
1.013825279013721 2062.1567486465924 0.02222222222222222 1.152730502833656 2564.1823214919714 0.0 move_t 100 174.66459488868713 9.09502475073 3.9699999999999998 7.019396029999999 7.7539651597 5.900997 3.0 3.0
1.013825279013721 2062.1567486465924 0.02222222222222222 1.125731187440426 2458.118384042814 0.0 t_multiswap_k 100 190.73001742362976 9.09502475073 3.9699999999999998 7.019396029999999 7.7539651597 5.900997 3.0 4.0
1.013825279013721 2062.1567486465924 0.02222222222222222 1.1104894417420712 2423.4189656005074 0.0 swap_t 100 204.27560830116272 9.09502475073 3.9699999999999998 7.019396029999999 7.7539651597 6.8719870300000006 3.0 4.0
1.013825279013721 2062.1567486465924 0.02222222222222222 1.1026300295780829 2406.651879511682 0.02 t_move_k 100 220.07195949554443 10.064074503222699 3.9699999999999998 7.019396029999999 7.7539651597 6.8719870300000006 3.0 4.0
1.013825279013721 2062.1567486465924 0.02222222222222222 1.0892456934688926 2354.072939371607 0.02 swap_t 100 231.20179986953735 10.064074503222699 3.9699999999999998 7.019396029999999 7.7539651597 7.803267159700001 3.0 4.0
1.013825279013721 2062.1567486465924 0.02222222222222222 1.0892456934688926 2354.072939371607 0.02 t_multiswap_k 100 244.9707338809967 10.064074503222699 3.9699999999999998 7.019396029999999 7.7539651597 7.803267159700001 3.0 4.96
1.013825279013721 2062.1567486465924 0.02222222222222222 1.0876512351518495 2347.8092795439 0.02 t_swap_k 100 257.1016445159912 10.064074503222699 3.9699999999999998 7.9792020696999995 7.7539651597 7.803267159700001 3.0 4.96
1.013825279013721 2062.1567486465924 0.02222222222222222 1.1389059739896588 2509.8741310353544 0.0 t_swap_k 100 271.3883888721466 10.064074503222699 3.9699999999999998 8.989410049003 7.7539651597 7.803267159700001 3.0 4.96
1.013825279013721 2062.1567486465924 0.02222222222222222 1.1401332348904467 2514.6952948878125 0.0 t_move_k 100 283.4733006954193 11.063433758190472 3.9699999999999998 8.989410049003 7.7539651597 7.803267159700001 3.0 4.96
1.013825279013721 2062.1567486465924 0.02222222222222222 1.1165635670921932 2422.104363057066 0.0 t_multiswap_k 100 286.61649990081787 11.063433758190472 3.9699999999999998 8.989410049003 7.7539651597 7.803267159700001 3.0 5.9404
1.013825279013721 2062.1567486465924 0.02222222222222222 1.1067275147710096 2383.464478195309 0.0 f_swap_t 100 304.7619993686676 11.063433758190472 3.9699999999999998 8.989410049003 8.676425508103 7.803267159700001 3.0 5.9404
1.013825279013721 2062.1567486465924 0.02222222222222222 1.1038554976897603 2372.182064711043 0.0 t_multiswap_k 100 309.7130331993103 11.063433758190472 3.9699999999999998 8.989410049003 8.676425508103 7.803267159700001 3.0 6.880996000000001
1.013825279013721 2062.1567486465924 0.02222222222222222 1.1038554976897603 2372.182064711043 0.0 t_move_k 100 331.8318598270416 11.952799420608567 3.9699999999999998 8.989410049003 8.676425508103 7.803267159700001 3.0 6.880996000000001
1.013825279013721 2062.1567486465924 0.02222222222222222 1.1480022364766262 2545.6078302565115 0.0 t_move_k 100 340.82197642326355 12.93327142640248 3.9699999999999998 8.989410049003 8.676425508103 7.803267159700001 3.0 6.880996000000001
1.013825279013721 2062.1567486465924 0.02222222222222222 1.1281746205191787 2467.717150880102 0.0 move_t 100 345.97607469558716 12.93327142640248 4.9603 8.989410049003 8.676425508103 7.803267159700001 3.0 6.880996000000001
1.013825279013721 2062.1567486465924 0.02222222222222222 1.1185385324213497 2429.8628041910374 0.0 t_move_k 100 352.8918900489807 13.863938712138456 4.9603 8.989410049003 8.676425508103 7.803267159700001 3.0 6.880996000000001
1.013825279013721 2062.1567486465924 0.02222222222222222 1.114994363241856 2415.9399127144143 0.0 t_move_k 100 361.5801568031311 14.72529932501707 4.9603 8.989410049003 8.676425508103 7.803267159700001 3.0 6.880996000000001
1.013825279013721 2062.1567486465924 0.02222222222222222 1.114994363241856 2415.9399127144143 0.0 move_t 100 367.89243602752686 14.72529932501707 5.910697 8.989410049003 8.676425508103 7.803267159700001 3.0 6.880996000000001
1.013825279013721 2062.1567486465924 0.02222222222222222 1.134067951863448 2490.8684759400876 0.0 t_move_k 100 377.82471084594727 15.6580463317669 5.910697 8.989410049003 8.676425508103 7.803267159700001 3.0 6.880996000000001
1.013825279013721 2062.1567486465924 0.02222222222222222 1.126163871621705 2459.8181378058266 0.0 f_swap_t 100 384.12057185173035 15.6580463317669 5.910697 8.989410049003 9.58966125302197 7.803267159700001 3.0 6.880996000000001
1.013825279013721 2062.1567486465924 0.02222222222222222 1.130339250090717 2476.2206678075645 0.0 t_move_k 100 396.4564456939697 16.541465868449233 5.910697 8.989410049003 9.58966125302197 7.803267159700001 3.0 6.880996000000001
1.013825279013721 2062.1567486465924 0.02222222222222222 1.160680192751241 2595.411832384324 0.0 swap_t 100 402.13706278800964 16.541465868449233 5.910697 8.989410049003 9.58966125302197 8.765234488103001 3.0 6.880996000000001
1.013825279013721 2062.1567486465924 0.02222222222222222 1.1458965250507966 2537.3357669948205 0.0 t_swap_r_k 100 424.14343070983887 16.541465868449233 5.910697 8.989410049003 9.58966125302197 8.765234488103001 4.01 6.880996000000001
1.013825279013721 2062.1567486465924 0.02222222222222222 1.1433003194638758 2527.136849616145 0.0 f_swap_t 100 438.2221601009369 16.541465868449233 5.910697 8.989410049003 10.52376464049175 8.765234488103001 4.01 6.880996000000001
1.013825279013721 2062.1567486465924 0.02222222222222222 1.1462606892686436 2538.766347372892 0.0 t_move_k 100 444.2787985801697 17.416051209764742 5.910697 8.989410049003 10.52376464049175 8.765234488103001 4.01 6.880996000000001
1.013825279013721 2062.1567486465924 0.02222222222222222 1.1433003194638758 2527.136849616145 0.0 move_t 100 453.8000707626343 17.416051209764742 6.85159003 8.989410049003 10.52376464049175 8.765234488103001 4.01 6.880996000000001
1.013825279013721 2062.1567486465924 0.02222222222222222 1.135031744342982 2494.654632136066 0.0 t_move_k 100 462.3428452014923 18.271890697667093 6.85159003 8.989410049003 10.52376464049175 8.765234488103001 4.01 6.880996000000001
1.013825279013721 2062.1567486465924 0.02222222222222222 1.161904441106589 2600.2211617725957 0.0 t_move_k 100 469.83225274086 19.209171790690423 6.85159003 8.989410049003 10.52376464049175 8.765234488103001 4.01 6.880996000000001
1.013825279013721 2062.1567486465924 0.02222222222222222 1.1436441948798834 2528.4877275951803 0.0 t_swap_r_k 100 491.4047827720642 19.209171790690423 6.85159003 8.989410049003 10.52376464049175 8.765234488103001 5.0099 6.880996000000001
1.013825279013721 2062.1567486465924 0.02222222222222222 1.158456246189136 2586.675294971507 0.0 t_multiswap_k 100 503.12256717681885 19.209171790690423 6.85159003 8.989410049003 10.52376464049175 8.765234488103001 5.0099 7.85218604
1.013825279013721 2062.1567486465924 0.02222222222222222 1.1616802770939918 2599.340557303031 0.0 t_swap_k 100 516.2012414932251 19.209171790690423 6.85159003 10.02951594851297 10.52376464049175 8.765234488103001 5.0099 7.85218604
1.013825279013721 2062.1567486465924 0.02222222222222222 1.1482818331506444 2585.9901319095757 0.02 t_multiswap_k 100 517.9633257389069 19.209171790690423 6.85159003 10.02951594851297 10.52376464049175 8.765234488103001 5.0099 8.8336641796
1.013825279013721 2062.1567486465924 0.02222222222222222 1.1503016654799438 2593.9248282791855 0.02 t_move_k 100 522.3117892742157 20.057080072783517 6.85159003 10.02951594851297 10.52376464049175 8.765234488103001 5.0099 8.8336641796
1.013825279013721 2062.1567486465924 0.02222222222222222 1.1466456297614847 2579.56248100827 0.02 f_swap_t 100 535.9746580123901 20.057080072783517 6.85159003 10.02951594851297 11.418526994086832 8.765234488103001 5.0099 8.8336641796
1.013825279013721 2062.1567486465924 0.02222222222222222 1.156989836921742 2620.1985980811414 0.02 t_swap_k 100 551.0096547603607 20.057080072783517 6.85159003 11.03922078902784 11.418526994086832 8.765234488103001 5.0099 8.8336641796
1.013825279013721 2062.1567486465924 0.02222222222222222 1.1578139910424057 2619.824803212726 0.02 move_t 100 573.3311274051666 20.057080072783517 7.8230741297 11.03922078902784 11.418526994086832 8.765234488103001 5.0099 8.8336641796
1.013825279013721 2062.1567486465924 0.02222222222222222 1.1554533281959105 2614.16258705593 0.02 t_swap_r_k 100 599.9048745632172 20.057080072783517 7.8230741297 11.03922078902784 11.418526994086832 8.765234488103001 5.999801 8.8336641796
1.013825279013721 2062.1567486465924 0.02222222222222222 1.1549132386755152 2612.0409028475037 0.02 f_swap_t 100 606.8548929691315 20.057080072783517 7.8230741297 11.03922078902784 12.304341724145964 8.765234488103001 5.999801 8.8336641796
1.013825279013721 2062.1567486465924 0.02222222222222222 1.1549132386755152 2612.0409028475037 0.02 f_swap_t 100 615.7399187088013 20.057080072783517 7.8230741297 11.03922078902784 13.181298306904504 8.765234488103001 5.999801 8.8336641796
1.013825279013721 2062.1567486465924 0.02222222222222222 1.1549132386755152 2612.0409028475037 0.02 swap_t 100 628.869246006012 20.057080072783517 7.8230741297 11.03922078902784 13.181298306904504 9.67758214322197 5.999801 8.8336641796
1.013825279013721 2062.1567486465924 0.02222222222222222 1.1549132386755152 2612.0409028475037 0.02 t_swap_r_k 100 660.8046724796295 20.057080072783517 7.8230741297 11.03922078902784 13.181298306904504 9.67758214322197 6.97980299 8.8336641796
1.013825279013721 2062.1567486465924 0.02222222222222222 1.140407161210685 2585.0405310199917 0.02 swap_t 100 665.1207182407379 20.057080072783517 7.8230741297 11.03922078902784 13.181298306904504 10.61080632178975 6.97980299 8.8336641796
1.013825279013721 2062.1567486465924 0.02222222222222222 1.1452710063894487 2574.162419368769 0.02 t_move_k 100 673.2389307022095 20.926509272055682 7.8230741297 11.03922078902784 13.181298306904504 10.61080632178975 6.97980299 8.8336641796
1.013825279013721 2062.1567486465924 0.02222222222222222 1.137218805268434 2542.5302041222485 0.02 t_swap_k 100 690.8059976100922 20.926509272055682 7.8230741297 11.928828581137562 13.181298306904504 10.61080632178975 6.97980299 8.8336641796
1.013825279013721 2062.1567486465924 0.02222222222222222 1.1438972753688077 2568.7658632367647 0.02 swap_t 100 695.1459634304047 20.926509272055682 7.8230741297 11.928828581137562 13.181298306904504 11.514698258571853 6.97980299 8.8336641796
1.013825279013721 2062.1567486465924 0.02222222222222222 1.1366160408808441 2540.162308367457 0.02 t_swap_r_k 100 713.7641727924347 20.926509272055682 7.8230741297 11.928828581137562 13.181298306904504 11.514698258571853 7.950004960099999 8.8336641796
1.013825279013721 2062.1567486465924 0.02222222222222222 1.172785211322306 2682.2490455835086 0.02 swap_t 100 718.9035277366638 20.926509272055682 7.8230741297 11.928828581137562 13.181298306904504 12.439551275986135 7.950004960099999 8.8336641796
1.013825279013721 2062.1567486465924 0.02222222222222222 1.1606688957989464 2634.6513893812275 0.02 swap_t 100 721.8206822872162 20.926509272055682 7.8230741297 11.928828581137562 13.181298306904504 13.315155763226274 7.950004960099999 8.8336641796
1.013825279013721 2062.1567486465924 0.02222222222222222 1.1444500768747599 2570.937485127735 0.02 t_move_k 100 751.5258657932281 21.807244179335125 7.8230741297 11.928828581137562 13.181298306904504 13.315155763226274 7.950004960099999 8.8336641796
1.013825279013721 2062.1567486465924 0.02222222222222222 1.1389893853425623 2549.4857395310523 0.02 t_multiswap_k 100 762.0341291427612 21.807244179335125 7.8230741297 11.928828581137562 13.181298306904504 13.315155763226274 7.950004960099999 9.805327537803999
1.013825279013721 2062.1567486465924 0.02222222222222222 1.13606277668308 2537.9888688409414 0.02 f_swap_t 100 774.7661678791046 21.807244179335125 7.8230741297 11.928828581137562 14.049485323835459 13.315155763226274 7.950004960099999 9.805327537803999
1.013825279013721 2062.1567486465924 0.02222222222222222 1.1746421260274642 2650.2598015313483 0.0 f_swap_t 100 797.4240472316742 21.807244179335125 7.8230741297 11.928828581137562 14.948990470597105 13.315155763226274 7.950004960099999 9.805327537803999
1.013825279013721 2062.1567486465924 0.02222222222222222 1.157130112371286 2581.465719385716 0.0 swap_t 100 804.2573566436768 21.807244179335125 7.8230741297 11.928828581137562 14.948990470597105 14.182004205594012 7.950004960099999 9.805327537803999
1.013825279013721 2062.1567486465924 0.02222222222222222 1.1357284496357032 2553.5114731285116 0.02857142857142857 t_move_k 100 817.9747529029846 22.619171737541773 7.8230741297 11.928828581137562 14.948990470597105 14.182004205594012 7.950004960099999 9.805327537803999
1.013825279013721 2062.1567486465924 0.02222222222222222 1.1257339954549377 2541.0621685362594 0.042222222222222223 t_multiswap_k 100 824.5587787628174 22.619171737541773 7.8230741297 11.928828581137562 14.948990470597105 14.182004205594012 7.950004960099999 10.73727426242596
1.013825279013721 2062.1567486465924 0.02222222222222222 1.1367523429134052 2584.3465740334823 0.042222222222222223 t_move_k 100 838.6214284896851 23.472980020166354 7.8230741297 11.928828581137562 14.948990470597105 14.182004205594012 7.950004960099999 10.73727426242596
1.013825279013721 2062.1567486465924 0.02222222222222222 1.1367523429134052 2584.3465740334823 0.042222222222222223 swap_t 100 849.454660654068 23.472980020166354 7.8230741297 11.928828581137562 14.948990470597105 15.040184163538072 7.950004960099999 10.73727426242596
1.013825279013721 2062.1567486465924 0.02222222222222222 1.1355740448182403 2579.717755352644 0.042222222222222223 t_move_k 100 866.4881041049957 24.29825021996469 7.8230741297 11.928828581137562 14.948990470597105 15.040184163538072 7.950004960099999 10.73727426242596
1.013825279013721 2062.1567486465924 0.02222222222222222 1.1355740448182403 2579.717755352644 0.042222222222222223 t_swap_r_k 100 901.2289283275604 24.29825021996469 7.8230741297 11.928828581137562 14.948990470597105 15.040184163538072 8.910504910499 10.73727426242596
1.013825279013721 2062.1567486465924 0.02222222222222222 1.1355740448182403 2579.717755352644 0.042222222222222223 move_t 100 914.9358015060425 24.29825021996469 8.744843388403 11.928828581137562 14.948990470597105 15.040184163538072 8.910504910499 10.73727426242596
1.013825279013721 2062.1567486465924 0.02222222222222222 1.1355740448182403 2579.717755352644 0.042222222222222223 f_swap_t 100 938.4979186058044 24.29825021996469 8.744843388403 11.928828581137562 15.799500565891133 15.040184163538072 8.910504910499 10.73727426242596
1.013825279013721 2062.1567486465924 0.02222222222222222 1.1466851559293514 2579.717755352644 0.02 t_swap_r_k 100 970.1769888401031 24.29825021996469 8.744843388403 11.928828581137562 15.799500565891133 15.040184163538072 9.86139986139401 10.73727426242596
1.013825279013721 2062.1567486465924 0.02222222222222222 1.1396317608474487 2552.0092433450122 0.02 swap_t 100 977.5713458061218 24.29825021996469 8.744843388403 11.928828581137562 15.799500565891133 15.91978232190269 9.86139986139401 10.73727426242596
1.013825279013721 2062.1567486465924 0.02222222222222222 1.1547842762495337 2611.5342876802906 0.02 t_move_k 100 989.9490547180176 25.10526771776504 8.744843388403 11.928828581137562 15.799500565891133 15.91978232190269 9.86139986139401 10.73727426242596
1.013825279013721 2062.1567486465924 0.02222222222222222 1.1649574934479072 2651.4986888834237 0.02 t_swap_k 100 1006.660530090332 25.10526771776504 8.744843388403 12.949540295326187 15.799500565891133 15.91978232190269 9.86139986139401 10.73727426242596
1.013825279013721 2062.1567486465924 0.02222222222222222 1.1310242408534337 2518.195516998955 0.02 t_move_k 100 1014.3480682373047 25.91421504058739 8.744843388403 12.949540295326187 15.799500565891133 15.91978232190269 9.86139986139401 10.73727426242596
1.013825279013721 2062.1567486465924 0.02222222222222222 1.1240023512337916 2490.61077084723 0.02 t_multiswap_k 100 1018.471776008606 25.91421504058739 8.744843388403 12.949540295326187 15.799500565891133 15.91978232190269 9.86139986139401 11.6299015198017
1.013825279013721 2062.1567486465924 0.02222222222222222 1.1234350399341895 2488.3821487759355 0.02 swap_t 100 1024.2879009246826 25.91421504058739 8.744843388403 12.949540295326187 15.799500565891133 16.760584498683663 9.86139986139401 11.6299015198017
1.013825279013721 2062.1567486465924 0.02222222222222222 1.1219331927147012 2482.4823017899653 0.02 t_multiswap_k 100 1031.4458668231964 25.91421504058739 8.744843388403 12.949540295326187 15.799500565891133 16.760584498683663 9.86139986139401 12.543602504603683
1.013825279013721 2062.1567486465924 0.02222222222222222 1.1211850541717803 2479.5433191356287 0.02 t_move_k 100 1038.640240430832 26.655072890181515 8.744843388403 12.949540295326187 15.799500565891133 16.760584498683663 9.86139986139401 12.543602504603683
1.013825279013721 2062.1567486465924 0.02222222222222222 1.1177396052027961 2466.008239500897 0.02 t_swap_k 100 1064.8875155448914 26.655072890181515 8.744843388403 13.820044892372925 15.799500565891133 16.760584498683663 9.86139986139401 12.543602504603683
1.013825279013721 2062.1567486465924 0.02222222222222222 1.116964365723847 2462.962793703261 0.02 move_t 100 1074.7839288711548 26.655072890181515 9.71739495451897 13.820044892372925 15.799500565891133 16.760584498683663 9.86139986139401 12.543602504603683
1.013825279013721 2062.1567486465924 0.02222222222222222 1.1377171471458118 2544.487887157565 0.02 t_swap_k 100 1098.064290046692 26.655072890181515 9.71739495451897 14.691844443449195 15.799500565891133 16.760584498683663 9.86139986139401 12.543602504603683
1.013825279013721 2062.1567486465924 0.02222222222222222 1.1326378430620183 2524.5343815674264 0.02 t_swap_r_k 100 1120.7208070755005 26.655072890181515 9.71739495451897 14.691844443449195 15.799500565891133 16.760584498683663 10.802785862780071 12.543602504603683
1.013825279013721 2062.1567486465924 0.02222222222222222 1.1317438415954237 2521.022391939122 0.02 t_move_k 100 1142.9447536468506 27.3885221612797 9.71739495451897 14.691844443449195 15.799500565891133 16.760584498683663 10.802785862780071 12.543602504603683
1.013825279013721 2062.1567486465924 0.02222222222222222 1.1317438415954237 2521.022391939122 0.02 t_swap_r_k 100 1167.6003189086914 27.3885221612797 9.71739495451897 14.691844443449195 15.799500565891133 16.760584498683663 11.73475800415227 12.543602504603683
1.013825279013721 2062.1567486465924 0.02222222222222222 1.1308891661733682 2517.6648904919953 0.02 t_move_k 100 1183.0656955242157 28.144636939666903 9.71739495451897 14.691844443449195 15.799500565891133 16.760584498683663 11.73475800415227 12.543602504603683
1.013825279013721 2062.1567486465924 0.02222222222222222 1.1295230102818845 2512.2980924487943 0.02 t_move_k 100 1190.490453004837 28.863190570270234 9.71739495451897 14.691844443449195 15.799500565891133 16.760584498683663 11.73475800415227 12.543602504603683
1.013825279013721 2062.1567486465924 0.02222222222222222 1.1475888609208171 2583.2678642458254 0.02 t_move_k 100 1205.6814563274384 29.65455866456753 9.71739495451897 14.691844443449195 15.799500565891133 16.760584498683663 11.73475800415227 12.543602504603683
1.013825279013721 2062.1567486465924 0.02222222222222222 1.124816233034661 2493.808018894492 0.02 t_multiswap_k 100 1213.0257422924042 29.65455866456753 9.71739495451897 14.691844443449195 15.799500565891133 16.760584498683663 11.73475800415227 13.478166479557647
1.013825279013721 2062.1567486465924 0.02222222222222222 1.1071891649139307 2424.5619575281366 0.02 t_multiswap_k 100 1219.5072708129883 29.65455866456753 9.71739495451897 14.691844443449195 15.799500565891133 16.760584498683663 11.73475800415227 14.37338481476207
1.013825279013721 2062.1567486465924 0.02222222222222222 1.1112010429444292 2440.3221934557173 0.02 t_move_k 100 1233.7259826660156 30.408013077921858 9.71739495451897 14.691844443449195 15.799500565891133 16.760584498683663 11.73475800415227 14.37338481476207
1.013825279013721 2062.1567486465924 0.02222222222222222 1.0993298215947997 2393.6873636337746 0.02 t_swap_k 100 1261.9364717006683 30.408013077921858 9.71739495451897 15.544925999014703 15.799500565891133 16.760584498683663 11.73475800415227 14.37338481476207
1.013825279013721 2062.1567486465924 0.02222222222222222 1.0970853172590043 2384.870067194627 0.02 t_multiswap_k 100 1267.0357444286346 30.408013077921858 9.71739495451897 15.544925999014703 15.799500565891133 16.760584498683663 11.73475800415227 15.22965096661445
1.013825279013721 2062.1567486465924 0.02222222222222222 1.0960100635659507 2380.6460474822375 0.02 t_move_k 100 1282.0051169395447 31.13393294714264 9.71739495451897 15.544925999014703 15.799500565891133 16.760584498683663 11.73475800415227 15.22965096661445
1.013825279013721 2062.1567486465924 0.02222222222222222 1.0958613718969885 2380.0619280834185 0.02 t_swap_k 100 1295.6306834220886 31.13393294714264 9.71739495451897 16.389476739024555 15.799500565891133 16.760584498683663 11.73475800415227 15.22965096661445
1.013825279013721 2062.1567486465924 0.02222222222222222 1.0962275448867191 2381.5003997080767 0.02 t_move_k 100 1305.131859779358 31.892593617671213 9.71739495451897 16.389476739024555 15.799500565891133 16.760584498683663 11.73475800415227 15.22965096661445
1.013825279013721 2062.1567486465924 0.02222222222222222 1.092661244694384 2367.4905689025304 0.02 t_multiswap_k 100 1314.777813911438 31.892593617671213 9.71739495451897 16.389476739024555 15.799500565891133 16.760584498683663 11.73475800415227 16.077354456948306
1.013825279013721 2062.1567486465924 0.02222222222222222 1.092661244694384 2367.4905689025304 0.02 f_swap_t 100 1329.9135847091675 31.892593617671213 9.71739495451897 16.389476739024555 16.641505560232222 16.760584498683663 11.73475800415227 16.077354456948306
1.013825279013721 2062.1567486465924 0.02222222222222222 1.1008305090125314 2399.582654461962 0.02 t_swap_k 100 1353.1836981773376 31.892593617671213 9.71739495451897 17.23558197163431 16.641505560232222 16.760584498683663 11.73475800415227 16.077354456948306
1.013825279013721 2062.1567486465924 0.02222222222222222 1.1202871326164603 2476.0159298559147 0.02 t_swap_k 100 1365.1260120868683 31.892593617671213 9.71739495451897 18.203226151917967 16.641505560232222 16.760584498683663 11.73475800415227 16.077354456948306
1.013825279013721 2062.1567486465924 0.02222222222222222 1.1080329620428584 2427.8767247583014 0.02 t_move_k 100 1377.763854265213 32.6336676814945 9.71739495451897 18.203226151917967 16.641505560232222 16.760584498683663 11.73475800415227 16.077354456948306
1.013825279013721 2062.1567486465924 0.02222222222222222 1.1164103458967891 2460.7863857674724 0.02 t_multiswap_k 100 1383.2276113033295 32.6336676814945 9.71739495451897 18.203226151917967 16.641505560232222 16.760584498683663 11.73475800415227 16.926580912378824
1.013825279013721 2062.1567486465924 0.02222222222222222 1.1128309314648883 2446.725037067315 0.02 swap_t 100 1393.4118797779083 32.6336676814945 9.71739495451897 18.203226151917967 16.641505560232222 17.592978653696825 11.73475800415227 16.926580912378824
1.013825279013721 2062.1567486465924 0.02222222222222222 1.131014171399614 2518.1559602211432 0.02 t_swap_k 100 1406.0565347671509 32.6336676814945 9.71739495451897 19.061193890398787 16.641505560232222 17.592978653696825 11.73475800415227 16.926580912378824
1.013825279013721 2062.1567486465924 0.02222222222222222 1.1336143543397297 2528.370502208603 0.02 t_move_k 100 1417.9030985832214 33.34733100467955 9.71739495451897 19.061193890398787 16.641505560232222 17.592978653696825 11.73475800415227 16.926580912378824
1.013825279013721 2062.1567486465924 0.02222222222222222 1.1929511632586745 2748.3741965592067 0.013333333333333332 t_swap_k 100 1432.9616775512695 33.34733100467955 9.71739495451897 20.0305819514948 16.641505560232222 17.592978653696825 11.73475800415227 16.926580912378824
1.013825279013721 2062.1567486465924 0.02222222222222222 1.1597397837100658 2631.0014714094937 0.02 t_multiswap_k 100 1440.324092388153 33.34733100467955 9.71739495451897 20.0305819514948 16.641505560232222 17.592978653696825 11.73475800415227 17.877315103255036
1.013825279013721 2062.1567486465924 0.02222222222222222 1.1391998655486324 2550.3125886228077 0.02 t_swap_k 100 1456.036571264267 33.34733100467955 9.71739495451897 20.95027613197985 16.641505560232222 17.592978653696825 11.73475800415227 17.877315103255036
1.013825279013721 2062.1567486465924 0.02222222222222222 1.1340744128617093 2530.1777931560773 0.02 t_swap_k 100 1476.353943824768 33.34733100467955 9.71739495451897 21.740773370660055 16.641505560232222 17.592978653696825 11.73475800415227 17.877315103255036
1.013825279013721 2062.1567486465924 0.02222222222222222 1.1340744128617093 2530.1777931560773 0.02 t_swap_k 100 1484.5435841083527 33.34733100467955 9.71739495451897 22.523365636953454 16.641505560232222 17.592978653696825 11.73475800415227 17.877315103255036
1.013825279013721 2062.1567486465924 0.02222222222222222 1.127484160241582 2504.288687025238 0.02 t_swap_k 100 1507.4731802940369 33.34733100467955 9.71739495451897 23.32813198058392 16.641505560232222 17.592978653696825 11.73475800415227 17.877315103255036
1.013825279013721 2062.1567486465924 0.02222222222222222 1.1568768570492496 2619.754768674561 0.02 t_multiswap_k 100 1521.770738363266 33.34733100467955 9.71739495451897 23.32813198058392 16.641505560232222 17.592978653696825 11.73475800415227 18.838541952222485
1.013825279013721 2062.1567486465924 0.02222222222222222 1.133065534253325 2526.214520900651 0.02 t_swap_k 100 1536.5682201385498 33.34733100467955 9.71739495451897 24.09485066077808 16.641505560232222 17.592978653696825 11.73475800415227 18.838541952222485
1.013825279013721 2062.1567486465924 0.02222222222222222 1.1432453835139231 2566.2049754544983 0.02 t_swap_k 100 1548.1159279346466 33.34733100467955 9.71739495451897 24.923902154170296 16.641505560232222 17.592978653696825 11.73475800415227 18.838541952222485
1.013825279013721 2062.1567486465924 0.02222222222222222 1.135673596714842 2536.4600167494536 0.02 t_swap_k 100 1566.1228468418121 33.34733100467955 9.71739495451897 25.734663132628594 16.641505560232222 17.592978653696825 11.73475800415227 18.838541952222485
1.013825279013721 2062.1567486465924 0.02222222222222222 1.132574383061701 2524.285085709137 0.02 t_swap_k 100 1582.247608423233 33.34733100467955 9.71739495451897 26.567316501302308 16.641505560232222 17.592978653696825 11.73475800415227 18.838541952222485
1.013825279013721 2062.1567486465924 0.02222222222222222 1.1549138920451396 2612.0434695405465 0.02 f_swap_t 100 1603.5676679611206 33.34733100467955 9.71739495451897 26.567316501302308 17.5450905046299 17.592978653696825 11.73475800415227 18.838541952222485
1.013825279013721 2062.1567486465924 0.02222222222222222 1.1544125274984163 2570.7899763985033 0.0 t_swap_r_k 100 1636.29554438591 33.34733100467955 9.71739495451897 26.567316501302308 17.5450905046299 17.592978653696825 12.657410424110749 18.838541952222485
1.013825279013721 2062.1567486465924 0.02222222222222222 1.1401338879870186 2553.981796380051 0.02 t_swap_k 100 1647.9909465312958 33.34733100467955 9.71739495451897 27.331643336289286 17.5450905046299 17.592978653696825 12.657410424110749 18.838541952222485
1.013825279013721 2062.1567486465924 0.02222222222222222 1.138473571526947 2547.459419845607 0.02 f_swap_t 100 1676.3977274894714 33.34733100467955 9.71739495451897 27.331643336289286 18.3996395995836 17.592978653696825 12.657410424110749 18.838541952222485
1.013825279013721 2062.1567486465924 0.02222222222222222 1.1362067723128169 2538.554540349382 0.02 t_move_k 100 1695.1985907554626 34.043857694632756 9.71739495451897 27.331643336289286 18.3996395995836 17.592978653696825 12.657410424110749 18.838541952222485
1.013825279013721 2062.1567486465924 0.02222222222222222 1.1343494828634175 2531.2583763868142 0.02 t_swap_k 100 1708.3886120319366 34.043857694632756 9.71739495451897 28.058326902926392 18.3996395995836 17.592978653696825 12.657410424110749 18.838541952222485
1.013825279013721 2062.1567486465924 0.02222222222222222 1.1343494828634175 2531.2583763868142 0.02 swap_t 100 1713.8197257518768 34.043857694632756 9.71739495451897 28.058326902926392 18.3996395995836 18.417048867159856 12.657410424110749 18.838541952222485
1.013825279013721 2062.1567486465924 0.02222222222222222 1.1510915162225948 2597.027672871449 0.02 t_multiswap_k 100 1722.8418371677399 34.043857694632756 9.71739495451897 28.058326902926392 18.3996395995836 18.417048867159856 12.657410424110749 19.66015653270026
1.013825279013721 2062.1567486465924 0.02222222222222222 1.1719236755578688 2678.864594011362 0.02 t_swap_k 100 1734.0475978851318 34.043857694632756 9.71739495451897 28.89774363389713 18.3996395995836 18.417048867159856 12.657410424110749 19.66015653270026
1.013825279013721 2062.1567486465924 0.02222222222222222 1.1665231552080488 2657.6492245016657 0.02 t_swap_k 100 1744.517873287201 34.043857694632756 9.71739495451897 29.608766197558158 18.3996395995836 18.417048867159856 12.657410424110749 19.66015653270026
1.013825279013721 2062.1567486465924 0.02222222222222222 1.1665231552080488 2657.6492245016657 0.02 swap_t 100 1759.175560951233 34.043857694632756 9.71739495451897 29.608766197558158 18.3996395995836 19.23287837848826 12.657410424110749 19.66015653270026
1.013825279013721 2062.1567486465924 0.02222222222222222 1.1665231552080488 2657.6492245016657 0.02 t_swap_r_k 100 1796.1754791736603 34.043857694632756 9.71739495451897 29.608766197558158 18.3996395995836 19.23287837848826 13.570836319869642 19.66015653270026
1.013825279013721 2062.1567486465924 0.02222222222222222 1.1568612348579137 2619.693398558299 0.02 t_move_k 100 1813.0796127319336 34.793419117686426 9.71739495451897 29.608766197558158 18.3996395995836 19.23287837848826 13.570836319869642 19.66015653270026
1.013825279013721 2062.1567486465924 0.02222222222222222 1.1732564728422668 2684.100346316409 0.02 t_swap_k 100 1828.3325669765472 34.793419117686426 9.71739495451897 30.382678535582578 18.3996395995836 19.23287837848826 13.570836319869642 19.66015653270026
1.013825279013721 2062.1567486465924 0.02222222222222222 1.1617945260673352 2639.0733081091084 0.02 swap_t 100 1838.8656623363495 34.793419117686426 9.71739495451897 30.382678535582578 18.3996395995836 20.040549594703375 13.570836319869642 19.66015653270026
1.013825279013721 2062.1567486465924 0.02222222222222222 1.159178299088287 2628.7957388219947 0.02 t_swap_k 100 1859.8179223537445 34.793419117686426 9.71739495451897 31.07885175022675 18.3996395995836 20.040549594703375 13.570836319869642 19.66015653270026
1.013825279013721 2062.1567486465924 0.02222222222222222 1.1713609515285288 2676.653992543147 0.02 t_move_k 100 1874.4827132225037 35.52548492650956 9.71739495451897 31.07885175022675 18.3996395995836 20.040549594703375 13.570836319869642 19.66015653270026
1.013825279013721 2062.1567486465924 0.02222222222222222 1.1727465500797822 2682.097169006305 0.02 t_swap_k 100 1894.2982819080353 35.52548492650956 9.71739495451897 31.878063232724482 18.3996395995836 20.040549594703375 13.570836319869642 19.66015653270026
1.013825279013721 2062.1567486465924 0.02222222222222222 1.1985489044707927 2783.458972530232 0.02 t_move_k 100 1914.628318309784 36.290230077244466 9.71739495451897 31.878063232724482 18.3996395995836 20.040549594703375 13.570836319869642 19.66015653270026
1.013825279013721 2062.1567486465924 0.02222222222222222 1.1584840012109936 2626.068263493238 0.02 t_move_k 100 1926.2152490615845 36.95732777647202 9.71739495451897 31.878063232724482 18.3996395995836 20.040549594703375 13.570836319869642 19.66015653270026
1.013825279013721 2062.1567486465924 0.02222222222222222 1.1542009205536716 2609.2426369056175 0.02 swap_t 100 1937.0262932777405 36.95732777647202 9.71739495451897 31.878063232724482 18.3996395995836 20.84014409875634 13.570836319869642 19.66015653270026
1.013825279013721 2062.1567486465924 0.02222222222222222 1.1524668001569645 2602.4303294597858 0.02 t_swap_k 100 1967.8961277008057 36.95732777647202 9.71739495451897 32.58928260039724 18.3996395995836 20.84014409875634 13.570836319869642 19.66015653270026
1.013825279013721 2062.1567486465924 0.02222222222222222 1.1486084618622234 2587.273258045533 0.02 f_swap_t 100 1983.2848365306854 36.95732777647202 9.71739495451897 32.58928260039724 19.245643203587765 20.84014409875634 13.570836319869642 19.66015653270026
1.013825279013721 2062.1567486465924 0.02222222222222222 1.1473829251063679 2582.458867312971 0.02 t_swap_r_k 100 2016.4579122066498 36.95732777647202 9.71739495451897 32.58928260039724 19.245643203587765 20.84014409875634 14.475127956670946 19.66015653270026
1.013825279013721 2062.1567486465924 0.02222222222222222 1.1473829251063679 2582.458867312971 0.02 t_multiswap_k 100 2027.3470141887665 36.95732777647202 9.71739495451897 32.58928260039724 19.245643203587765 20.84014409875634 14.475127956670946 20.463554967373256
1.013825279013721 2062.1567486465924 0.02222222222222222 1.1473829251063679 2582.458867312971 0.02 t_multiswap_k 100 2031.9404923915863 36.95732777647202 9.71739495451897 32.58928260039724 19.245643203587765 20.84014409875634 14.475127956670946 21.258919417699524
1.013825279013721 2062.1567486465924 0.02222222222222222 1.170476271541245 2673.17862135439 0.02 t_multiswap_k 100 2039.194254398346 36.95732777647202 9.71739495451897 32.58928260039724 19.245643203587765 20.84014409875634 14.475127956670946 22.05633022352253
1.013825279013721 2062.1567486465924 0.02222222222222222 1.1647804085557458 2650.8030297286696 0.02 t_swap_r_k 100 2062.541519641876 36.95732777647202 9.71739495451897 32.58928260039724 19.245643203587765 20.84014409875634 15.370376677104236 22.05633022352253
1.013825279013721 2062.1567486465924 0.02222222222222222 1.1647804085557458 2650.8030297286696 0.02 t_swap_r_k 100 2088.409277200699 36.95732777647202 9.71739495451897 32.58928260039724 19.245643203587765 20.84014409875634 16.256672910333194 22.05633022352253
1.013825279013721 2062.1567486465924 0.02222222222222222 1.202852388445013 2800.3647513771143 0.02 f_swap_t 100 2114.775416135788 36.95732777647202 9.71739495451897 32.58928260039724 20.063186771551887 20.84014409875634 16.256672910333194 22.05633022352253
1.013825279013721 2062.1567486465924 0.02222222222222222 1.162467347553817 2685.3652333573164 0.042222222222222223 t_multiswap_k 100 2124.2751743793488 36.95732777647202 9.71739495451897 32.58928260039724 20.063186771551887 20.84014409875634 16.256672910333194 22.895766921287304
1.013825279013721 2062.1567486465924 0.02222222222222222 1.155438481830832 2657.753082325956 0.042222222222222223 t_move_k 100 2139.2646288871765 37.6477544987073 9.71739495451897 32.58928260039724 20.063186771551887 20.84014409875634 16.256672910333194 22.895766921287304
1.013825279013721 2062.1567486465924 0.02222222222222222 1.1698681294204882 2714.4384173825047 0.042222222222222223 t_swap_k 100 2159.0656588077545 37.6477544987073 9.71739495451897 33.39338977439327 20.063186771551887 20.84014409875634 16.256672910333194 22.895766921287304
1.013825279013721 2062.1567486465924 0.02222222222222222 1.1692110478708384 2711.8571424366028 0.042222222222222223 f_swap_t 100 2180.56063580513 37.6477544987073 9.71739495451897 33.39338977439327 20.89255490383637 20.84014409875634 16.256672910333194 22.895766921287304
1.013825279013721 2062.1567486465924 0.02222222222222222 1.1762930029402474 2739.677849316003 0.042222222222222223 t_swap_k 100 2201.037497282028 37.6477544987073 9.71739495451897 34.19945587664934 20.89255490383637 20.84014409875634 16.256672910333194 22.895766921287304
1.013825279013721 2062.1567486465924 0.02222222222222222 1.2234349261463087 2872.1555368281493 0.015384615384615385 t_swap_k 100 2228.664078950882 37.6477544987073 9.71739495451897 34.91746131788285 20.89255490383637 20.84014409875634 16.256672910333194 22.895766921287304
1.013825279013721 2062.1567486465924 0.02222222222222222 1.211663005609804 2834.9763233464237 0.02 t_swap_k 100 2247.1953513622284 37.6477544987073 9.71739495451897 35.72828670470402 20.89255490383637 20.84014409875634 16.256672910333194 22.895766921287304
1.013825279013721 2062.1567486465924 0.02222222222222222 1.1689442841075663 2710.809189379671 0.042222222222222223 t_move_k 100 2258.4512922763824 38.39127695372023 9.71739495451897 35.72828670470402 20.89255490383637 20.84014409875634 16.256672910333194 22.895766921287304
1.013825279013721 2062.1567486465924 0.02222222222222222 1.1669043938456078 2702.795697556032 0.042222222222222223 t_swap_k 100 2283.903408050537 38.39127695372023 9.71739495451897 36.43100383765698 20.89255490383637 20.84014409875634 16.256672910333194 22.895766921287304
1.013825279013721 2062.1567486465924 0.02222222222222222 1.1669043938456078 2702.795697556032 0.042222222222222223 t_swap_r_k 100 2310.129350423813 38.39127695372023 9.71739495451897 36.43100383765698 20.89255490383637 20.84014409875634 17.13410618122986 22.895766921287304
1.013825279013721 2062.1567486465924 0.02222222222222222 1.1837407350216185 2768.9354722635358 0.042222222222222223 t_swap_k 100 2326.4434099197388 38.39127695372023 9.71739495451897 37.13669379928041 20.89255490383637 20.84014409875634 17.13410618122986 22.895766921287304
1.013825279013721 2062.1567486465924 0.02222222222222222 1.176261753294631 2739.5550884085615 0.042222222222222223 t_multiswap_k 100 2334.511786222458 38.39127695372023 9.71739495451897 37.13669379928041 20.89255490383637 20.84014409875634 17.13410618122986 23.69680925207443
1.013825279013721 2062.1567486465924 0.02222222222222222 1.1895200616360626 2769.1430127849576 0.03076923076923077 f_swap_t 100 2356.551244497299 38.39127695372023 9.71739495451897 37.13669379928041 21.723629354798007 20.84014409875634 17.13410618122986 23.69680925207443
1.013825279013721 2062.1567486465924 0.02222222222222222 1.1793327048798437 2701.422854641767 0.016666666666666666 swap_t 100 2363.993241548538 38.39127695372023 9.71739495451897 37.13669379928041 21.723629354798007 21.631742657768775 17.13410618122986 23.69680925207443
1.013825279013721 2062.1567486465924 0.02222222222222222 1.1756731172971813 2687.0465542502934 0.016666666666666666 t_multiswap_k 100 2369.3087754249573 38.39127695372023 9.71739495451897 37.13669379928041 21.723629354798007 21.631742657768775 17.13410618122986 24.489841159553688
1.013825279013721 2062.1567486465924 0.02222222222222222 1.1752904276296992 2692.090521259983 0.02 f_swap_t 100 2392.5269327163696 38.39127695372023 9.71739495451897 37.13669379928041 22.536393061250028 21.631742657768775 17.13410618122986 24.489841159553688
1.013825279013721 2062.1567486465924 0.02222222222222222 1.1662668842364539 2656.64249126027 0.02 t_multiswap_k 100 2398.0889897346497 38.39127695372023 9.71739495451897 37.13669379928041 22.536393061250028 21.631742657768775 17.13410618122986 25.244942747958152
1.013825279013721 2062.1567486465924 0.02222222222222222 1.1773337205981047 2700.1173802538083 0.02 t_multiswap_k 100 2406.522091627121 38.39127695372023 9.71739495451897 37.13669379928041 22.536393061250028 21.631742657768775 17.13410618122986 26.06249332047857
1.013825279013721 2062.1567486465924 0.02222222222222222 1.173873269827972 2686.5233676396488 0.02 swap_t 100 2423.828966140747 38.39127695372023 9.71739495451897 37.13669379928041 22.536393061250028 22.415425231191087 17.13410618122986 26.06249332047857
1.013825279013721 2062.1567486465924 0.02222222222222222 1.1787106562435214 2705.52652541323 0.02 t_move_k 100 2431.453384876251 39.047364184183024 9.71739495451897 37.13669379928041 22.536393061250028 22.415425231191087 17.13410618122986 26.06249332047857
1.013825279013721 2062.1567486465924 0.02222222222222222 1.1707479220541988 2674.2457714874345 0.02 t_swap_k 100 2454.5317797660828 39.047364184183024 9.71739495451897 37.795326861287606 22.536393061250028 22.415425231191087 17.13410618122986 26.06249332047857
1.013825279013721 2062.1567486465924 0.02222222222222222 1.1642794839190094 2648.8352005980514 0.02 t_move_k 100 2471.5279216766357 39.7168905423412 9.71739495451897 37.795326861287606 22.536393061250028 22.415425231191087 17.13410618122986 26.06249332047857
1.013825279013721 2062.1567486465924 0.02222222222222222 1.1614992729803977 2637.9134377757864 0.02 t_multiswap_k 100 2477.790379047394 39.7168905423412 9.71739495451897 37.795326861287606 22.536393061250028 22.415425231191087 17.13410618122986 26.831868387273783
1.013825279013721 2062.1567486465924 0.02222222222222222 1.1609084611016 2635.5924961798855 0.02 t_multiswap_k 100 2482.3403692245483 39.7168905423412 9.71739495451897 37.795326861287606 22.536393061250028 22.415425231191087 17.13410618122986 27.563549703401044
1.013825279013721 2062.1567486465924 0.02222222222222222 1.1722100440430658 2679.989562132182 0.02 f_swap_t 100 2497.304122686386 39.7168905423412 9.71739495451897 37.795326861287606 23.321029130637527 22.415425231191087 17.13410618122986 27.563549703401044
1.013825279013721 2062.1567486465924 0.02222222222222222 1.1667225589309171 2658.4325608078425 0.02 f_swap_t 100 2522.354511499405 39.7168905423412 9.71739495451897 37.795326861287606 24.087818839331153 22.415425231191087 17.13410618122986 27.563549703401044
1.013825279013721 2062.1567486465924 0.02222222222222222 1.1801022138006685 2710.9931111969254 0.02 t_move_k 100 2540.7294914722443 40.35972163691778 9.71739495451897 37.795326861287606 24.087818839331153 22.415425231191087 17.13410618122986 27.563549703401044
1.013825279013721 2062.1567486465924 0.02222222222222222 1.1801022138006685 2710.9931111969254 0.02 t_move_k 100 2553.3355197906494 40.956124420548605 9.71739495451897 37.795326861287606 24.087818839331153 22.415425231191087 17.13410618122986 27.563549703401044
1.013825279013721 2062.1567486465924 0.02222222222222222 1.1827511044329313 2721.3989961698626 0.02 t_multiswap_k 100 2559.5165712833405 40.956124420548605 9.71739495451897 37.795326861287606 24.087818839331153 22.415425231191087 17.13410618122986 28.327914206367034
1.013825279013721 2062.1567486465924 0.02222222222222222 1.182117184123725 2679.6247718205373 0.0 t_swap_r_k 100 2588.804194688797 40.956124420548605 9.71739495451897 37.795326861287606 24.087818839331153 22.415425231191087 18.00276511941756 28.327914206367034
1.013825279013721 2062.1567486465924 0.02222222222222222 1.1768746017106184 2659.0298446885986 0.0 f_swap_t 100 2602.6371767520905 40.956124420548605 9.71739495451897 37.795326861287606 24.846940650937842 22.415425231191087 18.00276511941756 28.327914206367034
1.013825279013721 2062.1567486465924 0.02222222222222222 1.1685412683772851 2659.0298446885986 0.016666666666666666 t_swap_r_k 100 2645.233238220215 40.956124420548605 9.71739495451897 37.795326861287606 24.846940650937842 22.415425231191087 18.892737468223384 28.327914206367034
1.013825279013721 2062.1567486465924 0.02222222222222222 1.1685412683772851 2659.0298446885986 0.016666666666666666 move_t 100 2657.364042043686 40.956124420548605 10.62022100497378 37.795326861287606 24.846940650937842 22.415425231191087 18.892737468223384 28.327914206367034
1.013825279013721 2062.1567486465924 0.02222222222222222 1.167087168981365 2653.3175699465364 0.016666666666666666 swap_t 100 2663.939653158188 40.956124420548605 10.62022100497378 37.795326861287606 24.846940650937842 23.221270978879176 18.892737468223384 28.327914206367034
1.013825279013721 2062.1567486465924 0.02222222222222222 1.167087168981365 2653.3175699465364 0.016666666666666666 t_swap_r_k 100 2705.3297140598297 40.956124420548605 10.62022100497378 37.795326861287606 24.846940650937842 23.221270978879176 19.74381009354115 28.327914206367034
1.013825279013721 2062.1567486465924 0.02222222222222222 1.167087168981365 2653.3175699465364 0.016666666666666666 t_swap_k 100 2725.180332183838 40.956124420548605 10.62022100497378 38.41737359267473 24.846940650937842 23.221270978879176 19.74381009354115 28.327914206367034
1.013825279013721 2062.1567486465924 0.02222222222222222 1.167087168981365 2653.3175699465364 0.016666666666666666 t_multiswap_k 100 2733.7939076423645 40.956124420548605 10.62022100497378 38.41737359267473 24.846940650937842 23.221270978879176 19.74381009354115 29.044635064303364
1.013825279013721 2062.1567486465924 0.02222222222222222 1.1963050777755782 2768.097015484688 0.016666666666666666 t_move_k 100 2752.9514994621277 41.63656317634312 10.62022100497378 38.41737359267473 24.846940650937842 23.221270978879176 19.74381009354115 29.044635064303364
1.013825279013721 2062.1567486465924 0.02222222222222222 1.2105387764505418 2830.095844327584 0.015384615384615385 swap_t 100 2774.783523797989 41.63656317634312 10.62022100497378 38.41737359267473 24.846940650937842 24.089058269090383 19.74381009354115 29.044635064303364
1.013825279013721 2062.1567486465924 0.02222222222222222 1.2068950478392544 2776.961972744774 0.0 t_swap_r_k 100 2801.226555109024 41.63656317634312 10.62022100497378 38.41737359267473 24.846940650937842 24.089058269090383 20.586371992605738 29.044635064303364
1.013825279013721 2062.1567486465924 0.02222222222222222 1.2037408525132123 2764.5710520532202 0.0 t_swap_r_k 100 2827.1370553970337 41.63656317634312 10.62022100497378 38.41737359267473 24.846940650937842 24.089058269090383 21.42050827267968 29.044635064303364
1.013825279013721 2062.1567486465924 0.02222222222222222 1.2013700052160543 2785.4758429439867 0.015384615384615385 t_move_k 100 2844.7297887802124 42.350197544579686 10.62022100497378 38.41737359267473 24.846940650937842 24.089058269090383 21.42050827267968 29.044635064303364
1.013825279013721 2062.1567486465924 0.02222222222222222 1.1936610379664 2755.191985436624 0.015384615384615385 t_multiswap_k 100 2859.5373072624207 42.350197544579686 10.62022100497378 38.41737359267473 24.846940650937842 24.089058269090383 21.42050827267968 29.84418871366033
1.013825279013721 2062.1567486465924 0.02222222222222222 1.1826299698345828 2711.857608127789 0.015384615384615385 t_multiswap_k 100 2895.5387976169586 42.350197544579686 10.62022100497378 38.41737359267473 24.846940650937842 24.089058269090383 21.42050827267968 30.635746826523725
1.013825279013721 2062.1567486465924 0.02222222222222222 1.221597256041495 2864.9364453730363 0.015384615384615385 f_swap_t 100 2917.498127222061 42.350197544579686 10.62022100497378 38.41737359267473 25.668471244428464 24.089058269090383 21.42050827267968 30.635746826523725
1.013825279013721 2062.1567486465924 0.02222222222222222 1.202461967235589 2789.765499538977 0.015384615384615385 f_swap_t 100 2934.4035086631775 42.350197544579686 10.62022100497378 38.41737359267473 26.41178653198418 24.089058269090383 21.42050827267968 30.635746826523725
1.013825279013721 2062.1567486465924 0.02222222222222222 1.202461967235589 2789.765499538977 0.015384615384615385 swap_t 100 2942.587635755539 42.350197544579686 10.62022100497378 38.41737359267473 26.41178653198418 24.848167686399478 21.42050827267968 30.635746826523725
1.013825279013721 2062.1567486465924 0.02222222222222222 1.202461967235589 2789.765499538977 0.015384615384615385 swap_t 100 2954.5841796398163 42.350197544579686 10.62022100497378 38.41737359267473 26.41178653198418 25.599686009535482 21.42050827267968 30.635746826523725
1.013825279013721 2062.1567486465924 0.02222222222222222 1.1919700588287616 2748.5491538362603 0.015384615384615385 t_swap_k 100 2973.1197412014008 42.350197544579686 10.62022100497378 39.15319985674798 26.41178653198418 25.599686009535482 21.42050827267968 30.635746826523725
1.013825279013721 2062.1567486465924 0.02222222222222222 1.194181433423606 2757.236303613512 0.015384615384615385 t_move_k 100 2992.6429510116577 43.11669556913389 10.62022100497378 39.15319985674798 26.41178653198418 25.599686009535482 21.42050827267968 30.635746826523725
1.013825279013721 2062.1567486465924 0.02222222222222222 1.1861203951287287 2725.569372469861 0.015384615384615385 t_swap_r_k 100 3017.606491088867 43.11669556913389 10.62022100497378 39.15319985674798 26.41178653198418 25.599686009535482 22.276303189952884 30.635746826523725
1.013825279013721 2062.1567486465924 0.02222222222222222 1.1777460733856682 2692.6717406373955 0.015384615384615385 t_move_k 100 3041.3324058055878 43.775528613442546 10.62022100497378 39.15319985674798 26.41178653198418 25.599686009535482 22.276303189952884 30.635746826523725
1.013825279013721 2062.1567486465924 0.02222222222222222 1.167437047489349 2652.173829416167 0.015384615384615385 t_swap_k 100 3056.6595187187195 43.775528613442546 10.62022100497378 39.8616678581805 26.41178653198418 25.599686009535482 22.276303189952884 30.635746826523725
1.013825279013721 2062.1567486465924 0.02222222222222222 1.1984545449147308 2774.022767392574 0.015384615384615385 t_swap_k 100 3074.355093240738 43.775528613442546 10.62022100497378 40.6230511795987 26.41178653198418 25.599686009535482 22.276303189952884 30.635746826523725
1.013825279013721 2062.1567486465924 0.02222222222222222 1.1780845629534613 2694.0014608848423 0.015384615384615385 t_multiswap_k 100 3085.7390377521515 43.775528613442546 10.62022100497378 40.6230511795987 26.41178653198418 25.599686009535482 22.276303189952884 31.389389358258487
1.013825279013721 2062.1567486465924 0.02222222222222222 1.1595831976184416 2621.3208159485794 0.015384615384615385 move_t 100 3098.675903081894 43.775528613442546 11.604018794924043 40.6230511795987 26.41178653198418 25.599686009535482 22.276303189952884 31.389389358258487
1.013825279013721 2062.1567486465924 0.02222222222222222 1.1595831976184416 2621.3208159485794 0.015384615384615385 t_swap_r_k 100 3117.621703863144 43.775528613442546 11.604018794924043 40.6230511795987 26.41178653198418 25.599686009535482 23.093540158053354 31.389389358258487
1.013825279013721 2062.1567486465924 0.02222222222222222 1.154569097088971 2601.6234555831047 0.015384615384615385 t_move_k 100 3135.0525052547455 44.45777332730812 11.604018794924043 40.6230511795987 26.41178653198418 25.599686009535482 23.093540158053354 31.389389358258487
1.013825279013721 2062.1567486465924 0.02222222222222222 1.1430994179103666 2565.6315651135374 0.02 f_swap_t 100 3149.624866962433 44.45777332730812 11.604018794924043 40.6230511795987 27.237668666664337 25.599686009535482 23.093540158053354 31.389389358258487
1.013825279013721 2062.1567486465924 0.02222222222222222 1.1608156706817674 2639.592860653201 0.02222222222222222 t_swap_k 100 3164.4846913814545 44.45777332730812 11.604018794924043 41.29682066780271 27.237668666664337 25.599686009535482 23.093540158053354 31.389389358258487
1.013825279013721 2062.1567486465924 0.02222222222222222 1.1703308215065253 2672.6072363707417 0.02 t_multiswap_k 100 3179.599680185318 44.45777332730812 11.604018794924043 41.29682066780271 27.237668666664337 25.599686009535482 23.093540158053354 32.1454954646759
1.013825279013721 2062.1567486465924 0.02222222222222222 1.1584960857536732 2619.5684136878967 0.016666666666666666 t_move_k 100 3207.039707660675 45.073195594035035 11.604018794924043 41.29682066780271 27.237668666664337 25.599686009535482 23.093540158053354 32.1454954646759
1.013825279013721 2062.1567486465924 0.02222222222222222 1.1716560078115552 2671.2657671079382 0.016666666666666666 t_multiswap_k 100 3213.6132662296295 45.073195594035035 11.604018794924043 41.29682066780271 27.237668666664337 25.599686009535482 23.093540158053354 32.83404051002915
1.013825279013721 2062.1567486465924 0.02222222222222222 1.1663453681957492 2661.315688906202 0.02222222222222222 t_swap_r_k 100 3248.220683813095 45.073195594035035 11.604018794924043 41.29682066780271 27.237668666664337 25.599686009535482 23.93260475647282 32.83404051002915
1.013825279013721 2062.1567486465924 0.02222222222222222 1.1658539182138612 2659.3850799489305 0.02222222222222222 t_move_k 100 3271.1990361213684 45.65246363809469 11.604018794924043 41.29682066780271 27.237668666664337 25.599686009535482 23.93260475647282 32.83404051002915
1.013825279013721 2062.1567486465924 0.02222222222222222 1.145193070236001 2564.7907318206194 0.015384615384615385 t_multiswap_k 100 3286.4803545475006 45.65246363809469 11.604018794924043 41.29682066780271 27.237668666664337 25.599686009535482 23.93260475647282 33.59570010492886
1.013825279013721 2062.1567486465924 0.02222222222222222 1.1331697696638061 2517.5584749560085 0.015384615384615385 swap_t 100 3299.802754878998 45.65246363809469 11.604018794924043 41.29682066780271 27.237668666664337 26.37368914944013 23.93260475647282 33.59570010492886
1.013825279013721 2062.1567486465924 0.02222222222222222 1.1297225389732044 2504.0163960174996 0.015384615384615385 t_move_k 100 3316.9480996131897 46.22593900171374 11.604018794924043 41.29682066780271 27.237668666664337 26.37368914944013 23.93260475647282 33.59570010492886
1.013825279013721 2062.1567486465924 0.02222222222222222 1.1522847229654891 2531.0634109686007 0.015384615384615385 swap_t 100 3330.102205514908 46.22593900171374 11.604018794924043 41.29682066780271 27.237668666664337 27.119952257945727 23.93260475647282 33.59570010492886
1.013825279013721 2062.1567486465924 0.02222222222222222 1.1395861083829115 2542.76437883335 0.015384615384615385 t_swap_k 100 3346.3758034706116 46.22593900171374 11.604018794924043 41.913852461124684 27.237668666664337 27.119952257945727 23.93260475647282 33.59570010492886
1.013825279013721 2062.1567486465924 0.02222222222222222 1.2020744026164465 2758.0245809653993 0.0 f_swap_t 100 3370.9975662231445 46.22593900171374 11.604018794924043 41.913852461124684 28.175291979997695 27.119952257945727 23.93260475647282 33.59570010492886
1.013825279013721 2062.1567486465924 0.02222222222222222 1.18367215045645 2685.733291590303 0.0 f_swap_t 100 3386.7999579906464 46.22593900171374 11.604018794924043 41.913852461124684 28.983539060197717 27.119952257945727 23.93260475647282 33.59570010492886
1.013825279013721 2062.1567486465924 0.02222222222222222 1.1604691232664741 2594.582668373915 0.0 move_t 100 3403.030417442322 46.22593900171374 12.667978606974803 41.913852461124684 28.983539060197717 27.119952257945727 23.93260475647282 33.59570010492886
1.013825279013721 2062.1567486465924 0.02222222222222222 1.1545709060178675 2571.4121495586633 0.0 t_move_k 100 3419.8677983283997 46.9536796116966 12.667978606974803 41.913852461124684 28.983539060197717 27.119952257945727 23.93260475647282 33.59570010492886
1.013825279013721 2062.1567486465924 0.02222222222222222 1.1473870429756277 2543.1911080523114 0.0 f_swap_t 100 3431.504378080368 46.9536796116966 12.667978606974803 41.913852461124684 29.69370366959574 27.119952257945727 23.93260475647282 33.59570010492886
1.013825279013721 2062.1567486465924 0.02222222222222222 1.1458806570960616 2580.9222490585894 0.02222222222222222 t_multiswap_k 100 3438.928696870804 46.9536796116966 12.667978606974803 41.913852461124684 29.69370366959574 27.119952257945727 23.93260475647282 34.29974310387957
1.013825279013721 2062.1567486465924 0.02222222222222222 1.1473849821107762 2586.8318297994365 0.02222222222222222 f_swap_t 100 3453.087883234024 46.9536796116966 12.667978606974803 41.913852461124684 30.406766632899785 27.119952257945727 23.93260475647282 34.29974310387957
1.013825279013721 2062.1567486465924 0.02222222222222222 1.1418751124360027 2565.18689310283 0.02222222222222222 swap_t 100 3463.800550222397 46.9536796116966 12.667978606974803 41.913852461124684 30.406766632899785 27.84875273536627 23.93260475647282 34.29974310387957
1.013825279013721 2062.1567486465924 0.02222222222222222 1.138439101853066 2551.6888911633205 0.02222222222222222 t_move_k 100 3480.03040099144 47.54414281557963 12.667978606974803 41.913852461124684 30.406766632899785 27.84875273536627 23.93260475647282 34.29974310387957
1.013825279013721 2062.1567486465924 0.02222222222222222 1.1555909801776238 2619.068219981696 0.02222222222222222 t_move_k 100 3507.6145265102386 48.288701387423835 12.667978606974803 41.913852461124684 30.406766632899785 27.84875273536627 23.93260475647282 34.29974310387957
1.013825279013721 2062.1567486465924 0.02222222222222222 1.1393485117552034 2534.6609992159215 0.02 swap_t 100 3515.2326815128326 48.288701387423835 12.667978606974803 41.913852461124684 30.406766632899785 28.600265208012605 23.93260475647282 34.29974310387957
1.013825279013721 2062.1567486465924 0.02222222222222222 1.131172107337661 2509.710871084618 0.015384615384615385 t_move_k 100 3530.684626340866 48.8958143735496 12.667978606974803 41.913852461124684 30.406766632899785 28.600265208012605 23.93260475647282 34.29974310387957
1.013825279013721 2062.1567486465924 0.02222222222222222 1.1316043671091633 2511.4089575989856 0.015384615384615385 t_swap_k 100 3545.8759961128235 48.8958143735496 12.667978606974803 42.564713936513435 30.406766632899785 28.600265208012605 23.93260475647282 34.29974310387957
1.013825279013721 2062.1567486465924 0.02222222222222222 1.1218199013409815 2472.971725021226 0.015384615384615385 t_move_k 100 3557.4488546848297 49.5268562298141 12.667978606974803 42.564713936513435 30.406766632899785 28.600265208012605 23.93260475647282 34.29974310387957
1.013825279013721 2062.1567486465924 0.02222222222222222 1.117451612494715 2455.811367130579 0.015384615384615385 f_swap_t 100 3568.1530528068542 49.5268562298141 12.667978606974803 42.564713936513435 31.102698966570788 28.600265208012605 23.93260475647282 34.29974310387957
1.013825279013721 2062.1567486465924 0.02222222222222222 1.117451612494715 2455.811367130579 0.015384615384615385 t_multiswap_k 100 3572.9328010082245 49.5268562298141 12.667978606974803 42.564713936513435 31.102698966570788 28.600265208012605 23.93260475647282 34.956745672840775
1.013825279013721 2062.1567486465924 0.02222222222222222 1.136918236027485 2532.283926180864 0.015384615384615385 t_move_k 100 3588.9264690876007 50.071587667515956 12.667978606974803 42.564713936513435 31.102698966570788 28.600265208012605 23.93260475647282 34.956745672840775
1.013825279013721 2062.1567486465924 0.02222222222222222 1.161556181392538 2638.1369964170954 0.02 t_move_k 100 3607.230704307556 50.7008717908408 12.667978606974803 42.564713936513435 31.102698966570788 28.600265208012605 23.93260475647282 34.956745672840775
1.013825279013721 2062.1567486465924 0.02222222222222222 1.1452722269031774 2574.167214027074 0.02 t_move_k 100 3623.5800342559814 51.25386307293239 12.667978606974803 42.564713936513435 31.102698966570788 28.600265208012605 23.93260475647282 34.956745672840775