10
4 100 5 200

Solution history:
B_obj   B_dis   B_sim   C_obj   C_dis   C_sim   neighbor   iterations   time   scores
0.835393559737079 2041.209359525368 0.3684210526315789 0.835393559737079 2041.209359525368 0.3684210526315789 0 0 0 3.0 3.0 3.0 3.0 3.0 3.0 3.0
0.835393559737079 2041.209359525368 0.3684210526315789 0.835393559737079 2041.209359525368 0.3684210526315789 t_move_k 100 2.2891526222229004 3.9699999999999998 3.0 3.0 3.0 3.0 3.0 3.0
0.835393559737079 2041.209359525368 0.3684210526315789 0.835393559737079 2041.209359525368 0.3684210526315789 move_t 100 9.06004810333252 3.9699999999999998 3.9699999999999998 3.0 3.0 3.0 3.0 3.0
0.835393559737079 2041.209359525368 0.3684210526315789 0.8537399025779305 2113.281015089672 0.3684210526315789 move_t 100 20.804895162582397 3.9699999999999998 4.9403 3.0 3.0 3.0 3.0 3.0
0.835393559737079 2041.209359525368 0.3684210526315789 0.8489091044930724 2094.3037388721286 0.3684210526315789 f_swap_t 100 32.126622676849365 3.9699999999999998 4.9403 3.0 3.9699999999999998 3.0 3.0 3.0
0.835393559737079 2041.209359525368 0.3684210526315789 0.8449537999192985 2078.7657457491505 0.3684210526315789 t_multiswap_k 100 48.22888469696045 3.9699999999999998 4.9403 3.0 3.9699999999999998 3.0 3.0 3.9699999999999998
0.835393559737079 2041.209359525368 0.3684210526315789 0.9183330528520126 2315.338943097403 0.34210526315789475 f_swap_t 100 53.902859687805176 3.9699999999999998 4.9403 3.0 4.9703 3.0 3.0 3.9699999999999998
0.835393559737079 2041.209359525368 0.3684210526315789 0.9075471671315181 2275.8683045778016 0.3684210526315789 swap_t 100 67.5049877166748 3.9699999999999998 4.9403 3.0 4.9703 4.0 3.0 3.9699999999999998
0.835393559737079 2041.209359525368 0.3684210526315789 0.8968679416453542 2282.7049271900164 0.3684210526315789 swap_t 100 78.15721225738525 3.9699999999999998 4.9403 3.0 4.9703 4.99 3.0 3.9699999999999998
0.835393559737079 2041.209359525368 0.3684210526315789 0.9053615094929771 2316.0710046549416 0.3684210526315789 f_swap_t 100 96.26723742485046 3.9699999999999998 4.9403 3.0 5.960597 4.99 3.0 3.9699999999999998
0.835393559737079 2041.209359525368 0.3684210526315789 0.8787535293936842 2469.991332790274 0.5 t_multiswap_k 100 103.42250871658325 3.9699999999999998 4.9403 3.0 5.960597 4.99 3.0 4.9703
0.835393559737079 2041.209359525368 0.3684210526315789 0.8664504004393838 2441.5722995968335 0.5116279069767442 move_t 100 113.74515962600708 3.9699999999999998 5.950896999999999 3.0 5.960597 4.99 3.0 4.9703
0.835393559737079 2041.209359525368 0.3684210526315789 0.8543356395171284 2396.90774838653 0.5116279069767442 move_t 100 131.8603172302246 3.9699999999999998 6.89138803 3.0 5.960597 4.99 3.0 4.9703
0.835393559737079 2041.209359525368 0.3684210526315789 0.8543356395171284 2396.90774838653 0.5116279069767442 move_t 100 139.1212043762207 3.9699999999999998 7.8224741497 3.0 5.960597 4.99 3.0 4.9703
0.835393559737079 2041.209359525368 0.3684210526315789 0.8543356395171284 2396.90774838653 0.5116279069767442 t_swap_r_k 100 182.18021368980408 3.9699999999999998 7.8224741497 3.0 5.960597 4.99 4.01 4.9703
0.835393559737079 2041.209359525368 0.3684210526315789 0.8543356395171284 2396.90774838653 0.5116279069767442 t_swap_r_k 100 214.16235256195068 3.9699999999999998 7.8224741497 3.0 5.960597 4.99 5.0099 4.9703
0.835393559737079 2041.209359525368 0.3684210526315789 0.8900038617159061 2565.8764554436634 0.5263157894736842 move_t 100 228.28698754310608 3.9699999999999998 8.814249408203 3.0 5.960597 4.99 5.0099 4.9703
0.835393559737079 2041.209359525368 0.3684210526315789 0.8873785264945238 2446.103222161508 0.47058823529411764 t_swap_r_k 100 256.23401641845703 3.9699999999999998 8.814249408203 3.0 5.960597 4.99 6.089801 4.9703
0.835393559737079 2041.209359525368 0.3684210526315789 0.8828505119010275 2428.315398669736 0.47058823529411764 t_swap_r_k 100 282.3960521221161 3.9699999999999998 8.814249408203 3.0 5.960597 4.99 7.06890299 4.9703
0.835393559737079 2041.209359525368 0.3684210526315789 0.905885620374755 2553.737367407326 0.4883720930232558 t_move_k 100 306.8392593860626 5.0403 8.814249408203 3.0 5.960597 4.99 7.06890299 4.9703
0.835393559737079 2041.209359525368 0.3684210526315789 1.0026974192134017 2844.6857873220165 0.46511627906976744 swap_t 100 314.6971101760864 5.0403 8.814249408203 3.0 5.960597 6.0001 7.06890299 4.9703
0.835393559737079 2041.209359525368 0.3684210526315789 0.9537705829125581 2760.6353456704937 0.4883720930232558 swap_t 100 325.988228559494 5.0403 8.814249408203 3.0 5.960597 7.060098999999999 7.06890299 4.9703
0.835393559737079 2041.209359525368 0.3684210526315789 0.9318861621128844 2678.7172264346523 0.5 swap_t 100 335.7740910053253 5.0403 8.814249408203 3.0 5.960597 7.989498009999999 7.06890299 4.9703
0.835393559737079 2041.209359525368 0.3684210526315789 0.9274901203500586 2661.4478441645683 0.5 move_t 100 344.5630226135254 5.0403 9.75610691412097 3.0 5.960597 7.989498009999999 7.06890299 4.9703
0.835393559737079 2041.209359525368 0.3684210526315789 0.9404399732623941 2712.31996330038 0.5 t_swap_k 100 362.0092978477478 5.0403 9.75610691412097 4.01 5.960597 7.989498009999999 7.06890299 4.9703
0.835393559737079 2041.209359525368 0.3684210526315789 0.9354756946777321 2692.8183231433923 0.5 move_t 100 371.8361964225769 5.0403 10.658545844979761 4.01 5.960597 7.989498009999999 7.06890299 4.9703
0.835393559737079 2041.209359525368 0.3684210526315789 0.9354756946777321 2692.8183231433923 0.5 f_swap_t 100 386.89303708076477 5.0403 10.658545844979761 4.01 6.90099103 7.989498009999999 7.06890299 4.9703
0.835393559737079 2041.209359525368 0.3684210526315789 0.9722929755641416 2775.8785512205704 0.46153846153846156 swap_t 100 399.94499921798706 5.0403 10.658545844979761 4.01 6.90099103 8.9896030299 7.06890299 4.9703
0.835393559737079 2041.209359525368 0.3684210526315789 0.9626080824964349 2723.8589909326147 0.46153846153846156 swap_t 100 408.22769355773926 5.0403 10.658545844979761 4.01 6.90099103 9.899706999601 7.06890299 4.9703
0.835393559737079 2041.209359525368 0.3684210526315789 0.9626080824964349 2723.8589909326147 0.46153846153846156 t_swap_r_k 100 435.1176471710205 5.0403 10.658545844979761 4.01 6.90099103 9.899706999601 8.0382139601 4.9703
0.835393559737079 2041.209359525368 0.3684210526315789 0.9587351435558347 2732.501203652525 0.47368421052631576 move_t 100 447.0475151538849 5.0403 11.581960386529964 4.01 6.90099103 9.899706999601 8.0382139601 4.9703
0.835393559737079 2041.209359525368 0.3684210526315789 0.9622243698542418 2797.8976471724955 0.5 swap_t 100 460.5516278743744 5.0403 11.581960386529964 4.01 6.90099103 10.96070992960499 8.0382139601 4.9703
0.835393559737079 2041.209359525368 0.3684210526315789 0.9416369256468458 2738.691088338804 0.5 move_t 100 472.6922583580017 5.0403 12.496140782664664 4.01 6.90099103 10.96070992960499 8.0382139601 4.9703
0.835393559737079 2041.209359525368 0.3684210526315789 0.9353904748593881 2715.3230437554234 0.5116279069767442 swap_t 100 482.72608041763306 5.0403 12.496140782664664 4.01 6.90099103 11.88110283030894 8.0382139601 4.9703
0.835393559737079 2041.209359525368 0.3684210526315789 0.9573777369598279 2732.462904342891 0.5116279069767442 swap_t 100 488.14282298088074 5.0403 12.496140782664664 4.01 6.90099103 12.772291802005851 8.0382139601 4.9703
0.835393559737079 2041.209359525368 0.3684210526315789 0.9711093936205062 2890.5720114870733 0.5294117647058824 f_swap_t 100 503.24484491348267 5.0403 12.496140782664664 4.01 7.9119811197 12.772291802005851 8.0382139601 4.9703
0.835393559737079 2041.209359525368 0.3684210526315789 0.974837562109824 2905.2177246724555 0.5294117647058824 move_t 100 513.0894453525543 5.0403 13.501179374838017 4.01 7.9119811197 12.772291802005851 8.0382139601 4.9703
0.835393559737079 2041.209359525368 0.3684210526315789 0.9662872461930352 2871.6287184565344 0.5294117647058824 t_swap_r_k 100 534.8008098602295 5.0403 13.501179374838017 4.01 7.9119811197 12.772291802005851 8.997831820499 4.9703
0.835393559737079 2041.209359525368 0.3684210526315789 0.962661501775578 2857.3853673382227 0.5294117647058824 f_swap_t 100 548.6938059329987 5.0403 13.501179374838017 4.01 8.832861308503 12.772291802005851 8.997831820499 4.9703
0.835393559737079 2041.209359525368 0.3684210526315789 0.9459170251811961 2791.6064728640786 0.5294117647058824 t_multiswap_k 100 572.1977779865265 5.0403 13.501179374838017 4.01 8.832861308503 12.772291802005851 8.997831820499 6.040597
0.835393559737079 2041.209359525368 0.3684210526315789 0.9434148588820586 2781.7769788204755 0.5294117647058824 t_swap_r_k 100 605.0906114578247 5.0403 13.501179374838017 4.01 8.832861308503 12.772291802005851 9.94785350229401 6.040597
0.835393559737079 2041.209359525368 0.3684210526315789 0.9434148588820586 2781.7769788204755 0.5294117647058824 swap_t 100 620.3519325256348 5.0403 13.501179374838017 4.01 8.832861308503 13.644568883985793 9.94785350229401 6.040597
0.835393559737079 2041.209359525368 0.3684210526315789 0.9434148588820586 2781.7769788204755 0.5294117647058824 t_swap_r_k 100 650.8948266506195 5.0403 13.501179374838017 4.01 8.832861308503 13.644568883985793 10.88837496727107 6.040597
0.835393559737079 2041.209359525368 0.3684210526315789 0.9434148588820586 2781.7769788204755 0.5294117647058824 swap_t 100 658.7459149360657 5.0403 13.501179374838017 4.01 8.832861308503 14.508123195145934 10.88837496727107 6.040597
0.835393559737079 2041.209359525368 0.3684210526315789 0.9434148588820586 2781.7769788204755 0.5294117647058824 f_swap_t 100 678.8387997150421 5.0403 13.501179374838017 4.01 9.74453269541797 14.508123195145934 10.88837496727107 6.040597
0.835393559737079 2041.209359525368 0.3684210526315789 0.9434148588820586 2781.7769788204755 0.5294117647058824 move_t 100 690.7197015285492 5.0403 14.366167581089638 4.01 9.74453269541797 14.508123195145934 10.88837496727107 6.040597
0.835393559737079 2041.209359525368 0.3684210526315789 0.9434148588820586 2781.7769788204755 0.5294117647058824 swap_t 100 698.0406684875488 5.0403 14.366167581089638 4.01 9.74453269541797 15.363041963194474 10.88837496727107 6.040597
0.835393559737079 2041.209359525368 0.3684210526315789 0.9413379296688265 2773.6179834181767 0.5294117647058824 move_t 100 706.0564103126526 5.0403 15.252505905278742 4.01 9.74453269541797 15.363041963194474 10.88837496727107 6.040597
0.835393559737079 2041.209359525368 0.3684210526315789 0.9413379296688265 2773.6179834181767 0.5294117647058824 swap_t 100 713.0312502384186 5.0403 15.252505905278742 4.01 9.74453269541797 16.20941154356253 10.88837496727107 6.040597
0.835393559737079 2041.209359525368 0.3684210526315789 0.9413379296688265 2773.6179834181767 0.5294117647058824 f_swap_t 100 739.1674799919128 5.0403 15.252505905278742 4.01 10.64708736846379 16.20941154356253 10.88837496727107 6.040597
0.835393559737079 2041.209359525368 0.3684210526315789 0.9648007653315189 2865.78923657268 0.5294117647058824 f_swap_t 100 761.1352777481079 5.0403 15.252505905278742 4.01 11.590616494779152 16.20941154356253 10.88837496727107 6.040597
0.835393559737079 2041.209359525368 0.3684210526315789 0.9770014641802789 2798.177395830937 0.47058823529411764 t_swap_r_k 100 789.397570848465 5.0403 15.252505905278742 4.01 11.590616494779152 16.20941154356253 11.819491217598358 6.040597
0.835393559737079 2041.209359525368 0.3684210526315789 1.0162781699052768 3019.9051006456834 0.4883720930232558 swap_t 100 802.6273531913757 5.0403 15.252505905278742 4.01 11.590616494779152 17.127317428126904 11.819491217598358 6.040597
0.835393559737079 2041.209359525368 0.3684210526315789 0.9782433649882778 2918.5970588593914 0.5294117647058824 swap_t 100 807.9574880599976 5.0403 15.252505905278742 4.01 11.590616494779152 18.176044253845635 11.819491217598358 6.040597
0.835393559737079 2041.209359525368 0.3684210526315789 0.9830988044452282 2937.671136085042 0.5294117647058824 f_swap_t 100 833.0942480564117 5.0403 15.252505905278742 4.01 12.48471032983136 18.176044253845635 11.819491217598358 6.040597
0.835393559737079 2041.209359525368 0.3684210526315789 0.991199008790639 2911.7214329612484 0.5 swap_t 100 843.3273773193359 5.0403 15.252505905278742 4.01 12.48471032983136 19.00428381130718 11.819491217598358 6.040597
0.835393559737079 2041.209359525368 0.3684210526315789 0.968195833111799 2896.9019356623908 0.5384615384615384 t_move_k 100 858.9240248203278 6.109897 15.252505905278742 4.01 12.48471032983136 19.00428381130718 11.819491217598358 6.040597
0.835393559737079 2041.209359525368 0.3684210526315789 0.9579848164755675 2895.4405008667545 0.5581395348837209 move_t 100 866.4769694805145 6.109897 16.229980846225956 4.01 12.48471032983136 19.00428381130718 11.819491217598358 6.040597
0.835393559737079 2041.209359525368 0.3684210526315789 0.947481342793453 2891.073295256782 0.5769230769230769 move_t 100 887.049134016037 6.109897 17.157681037763698 4.01 12.48471032983136 19.00428381130718 11.819491217598358 6.040597
0.835393559737079 2041.209359525368 0.3684210526315789 0.9426822558298757 2872.2205928047206 0.5769230769230769 swap_t 100 892.2960436344147 6.109897 17.157681037763698 4.01 12.48471032983136 19.814240973194106 11.819491217598358 6.040597
0.835393559737079 2041.209359525368 0.3684210526315789 0.9426212623497215 2871.9809864084227 0.5769230769230769 swap_t 100 903.1428406238556 6.109897 17.157681037763698 4.01 12.48471032983136 20.646098563462164 11.819491217598358 6.040597
0.835393559737079 2041.209359525368 0.3684210526315789 0.9398879304163112 2861.243382769565 0.5769230769230769 f_swap_t 100 919.0348007678986 6.109897 17.157681037763698 4.01 13.389863226533047 20.646098563462164 11.819491217598358 6.040597
0.835393559737079 2041.209359525368 0.3684210526315789 0.9574974681762769 2818.476472956847 0.5384615384615384 swap_t 100 933.7000486850739 6.109897 17.157681037763698 4.01 13.389863226533047 21.509637577827544 11.819491217598358 6.040597
0.835393559737079 2041.209359525368 0.3684210526315789 0.9049305099248488 2723.9168762863637 0.5769230769230769 t_multiswap_k 100 952.0434648990631 6.109897 17.157681037763698 4.01 13.389863226533047 21.509637577827544 11.819491217598358 7.16019103
0.835393559737079 2041.209359525368 0.3684210526315789 0.9562043149405265 2929.3166699701624 0.5789473684210527 f_swap_t 100 970.3637406826019 6.109897 17.157681037763698 4.01 14.295964594267716 21.509637577827544 11.819491217598358 7.16019103
0.835393559737079 2041.209359525368 0.3684210526315789 0.968424645010967 2873.9441576420295 0.5263157894736842 f_swap_t 100 987.8638119697571 6.109897 17.157681037763698 4.01 15.283004948325038 21.509637577827544 11.819491217598358 7.16019103
0.835393559737079 2041.209359525368 0.3684210526315789 0.9413185360931855 2780.8125345913254 0.5263157894736842 move_t 100 1008.9083442687988 6.109897 18.04610422738606 4.01 15.283004948325038 21.509637577827544 11.819491217598358 7.16019103
0.835393559737079 2041.209359525368 0.3684210526315789 0.9784336509965952 2913.2634725700705 0.5263157894736842 t_multiswap_k 100 1017.1893768310547 6.109897 18.04610422738606 4.01 15.283004948325038 21.509637577827544 11.819491217598358 8.2185891197
0.835393559737079 2041.209359525368 0.3684210526315789 0.9753999872443859 2925.202688557939 0.5384615384615384 t_swap_k 100 1038.8282058238983 6.109897 18.04610422738606 5.0999 15.283004948325038 21.509637577827544 11.819491217598358 8.2185891197
0.835393559737079 2041.209359525368 0.3684210526315789 0.9502450170139677 2901.9300953417214 0.5769230769230769 f_swap_t 100 1070.2163803577423 6.109897 18.04610422738606 5.0999 16.250174898841788 21.509637577827544 11.819491217598358 8.2185891197
0.835393559737079 2041.209359525368 0.3684210526315789 0.9278386894284136 2813.9092217422576 0.5769230769230769 t_multiswap_k 100 1083.8412721157074 6.109897 18.04610422738606 5.0999 16.250174898841788 21.509637577827544 11.819491217598358 9.166403228503
0.835393559737079 2041.209359525368 0.3684210526315789 0.9272124959673894 2811.4492873656327 0.5769230769230769 swap_t 100 1097.3804025650024 6.109897 18.04610422738606 5.0999 16.250174898841788 22.294541202049267 11.819491217598358 9.166403228503
0.835393559737079 2041.209359525368 0.3684210526315789 0.9516813164224587 2907.5724447273155 0.5769230769230769 f_swap_t 100 1120.626879453659 6.109897 18.04610422738606 5.0999 17.21767314985337 22.294541202049267 11.819491217598358 9.166403228503
0.835393559737079 2041.209359525368 0.3684210526315789 0.9348111832073597 2841.2999215901586 0.5769230769230769 t_swap_r_k 100 1144.6393637657166 6.109897 18.04610422738606 5.0999 17.21767314985337 22.294541202049267 12.741296305422374 9.166403228503
0.835393559737079 2041.209359525368 0.3684210526315789 0.9312656591265884 2827.371707528046 0.5769230769230769 t_multiswap_k 100 1154.7073471546173 6.109897 18.04610422738606 5.0999 17.21767314985337 22.294541202049267 12.741296305422374 10.07473919621797
0.835393559737079 2041.209359525368 0.3684210526315789 0.9255112147179987 2804.765985015528 0.5769230769230769 t_multiswap_k 100 1178.572006702423 6.109897 18.04610422738606 5.0999 17.21767314985337 22.294541202049267 12.741296305422374 11.003991804255792
0.835393559737079 2041.209359525368 0.3684210526315789 0.97156214866009 2938.608819528583 0.5769230769230769 swap_t 100 1191.976832151413 6.109897 18.04610422738606 5.0999 17.21767314985337 23.111595790028773 12.741296305422374 11.003991804255792
0.835393559737079 2041.209359525368 0.3684210526315789 0.9759046204757718 2909.4095499143978 0.5294117647058824 t_swap_r_k 100 1217.5719063282013 6.109897 18.04610422738606 5.0999 17.21767314985337 23.111595790028773 13.68388334236815 11.003991804255792
0.835393559737079 2041.209359525368 0.3684210526315789 0.9624418512375544 2953.8201675592427 0.5789473684210527 t_move_k 100 1241.7828946113586 7.23879803 18.04610422738606 5.0999 17.21767314985337 23.111595790028773 13.68388334236815 11.003991804255792
0.835393559737079 2041.209359525368 0.3684210526315789 0.9523095560698864 2914.0152285333725 0.5789473684210527 swap_t 100 1248.1585822105408 7.23879803 18.04610422738606 5.0999 17.21767314985337 23.910479832128484 13.68388334236815 11.003991804255792
0.835393559737079 2041.209359525368 0.3684210526315789 0.9533702659508552 2936.4267239657465 0.5882352941176471 t_move_k 100 1260.43510556221 8.2664100497 18.04610422738606 5.0999 17.21767314985337 23.910479832128484 13.68388334236815 11.003991804255792
0.835393559737079 2041.209359525368 0.3684210526315789 0.9664482569159931 2987.8022198064614 0.5882352941176471 f_swap_t 100 1275.8856961727142 8.2664100497 18.04610422738606 5.0999 18.115496418354834 23.910479832128484 13.68388334236815 11.003991804255792
0.835393559737079 2041.209359525368 0.3684210526315789 0.9385973115897281 2911.8388202224055 0.6052631578947368 t_swap_r_k 100 1308.619410276413 8.2664100497 18.04610422738606 5.0999 18.115496418354834 23.910479832128484 14.617044508944469 11.003991804255792
0.835393559737079 2041.209359525368 0.3684210526315789 0.9353650230513171 2899.1411186561795 0.6052631578947368 swap_t 100 1317.1980414390564 8.2664100497 18.04610422738606 5.0999 18.115496418354834 24.671375033807198 14.617044508944469 11.003991804255792
0.835393559737079 2041.209359525368 0.3684210526315789 0.9301769134539402 2878.7601821842295 0.6052631578947368 t_swap_r_k 100 1339.090321779251 8.2664100497 18.04610422738606 5.0999 18.115496418354834 24.671375033807198 15.510874063855024 11.003991804255792
0.835393559737079 2041.209359525368 0.3684210526315789 0.9286599173588848 2872.800824452628 0.6052631578947368 f_swap_t 100 1354.0927708148956 8.2664100497 18.04610422738606 5.0999 18.934341454171285 24.671375033807198 15.510874063855024 11.003991804255792
0.835393559737079 2041.209359525368 0.3684210526315789 0.9234355035624552 2872.157805146036 0.6153846153846154 t_move_k 100 1371.4179618358612 9.263745949202999 18.04610422738606 5.0999 18.934341454171285 24.671375033807198 15.510874063855024 11.003991804255792
0.835393559737079 2041.209359525368 0.3684210526315789 0.9315598548709562 2904.073454726392 0.6153846153846154 move_t 100 1385.2824592590332 9.263745949202999 18.9056431851122 5.0999 18.934341454171285 24.671375033807198 15.510874063855024 11.003991804255792
0.835393559737079 2041.209359525368 0.3684210526315789 0.9238650725502158 2873.8453212028085 0.6153846153846154 f_swap_t 100 1400.674191236496 9.263745949202999 18.9056431851122 5.0999 19.74499803962957 24.671375033807198 15.510874063855024 11.003991804255792
0.835393559737079 2041.209359525368 0.3684210526315789 0.920772719045357 2861.697339525011 0.6153846153846154 t_multiswap_k 100 1415.6858582496643 9.263745949202999 18.9056431851122 5.0999 19.74499803962957 24.671375033807198 15.510874063855024 11.893951886213234
0.835393559737079 2041.209359525368 0.3684210526315789 0.920772719045357 2861.697339525011 0.6153846153846154 t_swap_r_k 100 1440.2871799468994 9.263745949202999 18.9056431851122 5.0999 19.74499803962957 24.671375033807198 16.395765323216473 11.893951886213234
0.835393559737079 2041.209359525368 0.3684210526315789 0.9322035166905142 2938.4108666476254 0.631578947368421 move_t 100 1453.3809118270874 9.263745949202999 19.82658675326108 5.0999 19.74499803962957 24.671375033807198 16.395765323216473 11.893951886213234
0.835393559737079 2041.209359525368 0.3684210526315789 0.933705021298542 2892.619978415861 0.6052631578947368 t_move_k 100 1468.114584684372 10.39110848971097 19.82658675326108 5.0999 19.74499803962957 24.671375033807198 16.395765323216473 11.893951886213234
0.835393559737079 2041.209359525368 0.3684210526315789 0.9763970384041021 2853.57346741707 0.5 t_swap_r_k 100 1517.0920314788818 10.39110848971097 19.82658675326108 5.0999 19.74499803962957 24.671375033807198 17.27180766998431 11.893951886213234
0.835393559737079 2041.209359525368 0.3684210526315789 0.9896214714110516 2905.524245235732 0.5 swap_t 100 1524.6908402442932 10.39110848971097 19.82658675326108 5.0999 19.74499803962957 25.464661283469127 17.27180766998431 11.893951886213234
0.835393559737079 2041.209359525368 0.3684210526315789 0.965313952205477 2861.7241319732384 0.5263157894736842 f_swap_t 100 1536.6655888557434 10.39110848971097 19.82658675326108 5.0999 20.577548059233276 25.464661283469127 17.27180766998431 11.893951886213234
0.835393559737079 2041.209359525368 0.3684210526315789 0.958635201467092 2859.344011619882 0.5384615384615384 f_swap_t 100 1547.166607618332 10.39110848971097 19.82658675326108 5.0999 21.401772578640944 25.464661283469127 17.27180766998431 11.893951886213234
0.835393559737079 2041.209359525368 0.3684210526315789 0.9565037741479876 2850.970926207961 0.5384615384615384 f_swap_t 100 1574.582287311554 10.39110848971097 19.82658675326108 5.0999 22.187754852854535 25.464661283469127 17.27180766998431 11.893951886213234
0.835393559737079 2041.209359525368 0.3684210526315789 0.9641325780621183 2956.4859011049207 0.5769230769230769 t_move_k 100 1594.8911445140839 11.63719740481386 19.82658675326108 5.0999 22.187754852854535 25.464661283469127 17.27180766998431 11.893951886213234
0.835393559737079 2041.209359525368 0.3684210526315789 0.9773902562844243 2960.853996778945 0.5526315789473685 f_swap_t 100 1605.2606329917908 11.63719740481386 19.82658675326108 5.0999 23.02587730432599 25.464661283469127 17.27180766998431 11.893951886213234
0.835393559737079 2041.209359525368 0.3684210526315789 0.9593522063818154 2889.993437216208 0.5526315789473685 swap_t 100 1618.0784647464752 11.63719740481386 19.82658675326108 5.0999 23.02587730432599 26.210014670634436 17.27180766998431 11.893951886213234
0.835393559737079 2041.209359525368 0.3684210526315789 0.9729706688092192 2995.1815069884146 0.5789473684210527 move_t 100 1638.479472875595 11.63719740481386 20.698320885728467 5.0999 23.02587730432599 26.210014670634436 17.27180766998431 11.893951886213234
0.835393559737079 2041.209359525368 0.3684210526315789 0.9722850455854005 2988.512002243119 0.5769230769230769 f_swap_t 100 1663.225290775299 11.63719740481386 20.698320885728467 5.0999 23.95561853128273 26.210014670634436 17.27180766998431 11.893951886213234
0.835393559737079 2041.209359525368 0.3684210526315789 0.9492960530368361 2898.2021913394874 0.5769230769230769 move_t 100 1690.014607667923 11.63719740481386 21.55133767687118 5.0999 23.95561853128273 26.210014670634436 17.27180766998431 11.893951886213234
0.835393559737079 2041.209359525368 0.3684210526315789 0.9976791127197546 2879.4073377514846 0.47058823529411764 t_swap_r_k 100 1715.8861899375916 11.63719740481386 21.55133767687118 5.0999 23.95561853128273 26.210014670634436 18.139089593284467 11.893951886213234
0.835393559737079 2041.209359525368 0.3684210526315789 0.9735557949475742 2901.1207035094085 0.5294117647058824 move_t 100 1726.2398858070374 11.63719740481386 22.45582430010247 5.0999 23.95561853128273 26.210014670634436 18.139089593284467 11.893951886213234
0.835393559737079 2041.209359525368 0.3684210526315789 0.9661432837068678 2871.063177149079 0.5294117647058824 swap_t 100 1734.2137804031372 11.63719740481386 22.45582430010247 5.0999 23.95561853128273 26.94791452392809 18.139089593284467 11.893951886213234
0.835393559737079 2041.209359525368 0.3684210526315789 0.9644533674623721 2864.4245210113218 0.5294117647058824 move_t 100 1739.6102566719055 11.63719740481386 23.361266057101446 5.0999 23.95561853128273 26.94791452392809 18.139089593284467 11.893951886213234
0.835393559737079 2041.209359525368 0.3684210526315789 0.9288914173467815 2818.044751345825 0.5769230769230769 f_swap_t 100 1756.4694182872772 11.63719740481386 23.361266057101446 5.0999 24.866062345969905 26.94791452392809 18.139089593284467 11.893951886213234
0.835393559737079 2041.209359525368 0.3684210526315789 0.9189325222888133 2778.922291864651 0.5769230769230769 move_t 100 1767.8733222484589 11.63719740481386 24.12765339653043 5.0999 24.866062345969905 26.94791452392809 18.139089593284467 11.893951886213234
0.835393559737079 2041.209359525368 0.3684210526315789 0.933229060946718 2778.9537448914366 0.5769230769230769 swap_t 100 1778.1885316371918 11.63719740481386 24.12765339653043 5.0999 24.866062345969905 27.68843537868881 18.139089593284467 11.893951886213234
0.835393559737079 2041.209359525368 0.3684210526315789 0.9416094682887626 2868.006261107799 0.5769230769230769 f_swap_t 100 1795.7058429718018 11.63719740481386 24.12765339653043 5.0999 25.687401722510206 27.68843537868881 18.139089593284467 11.893951886213234
0.835393559737079 2041.209359525368 0.3684210526315789 0.9447179506557664 2843.3230302582 0.5581395348837209 t_move_k 100 1809.417397737503 12.70082543076572 24.12765339653043 5.0999 25.687401722510206 27.68843537868881 18.139089593284467 11.893951886213234
0.835393559737079 2041.209359525368 0.3684210526315789 0.9178261655114999 2774.5760869955143 0.5769230769230769 t_move_k 100 1824.2172002792358 13.633817176458063 24.12765339653043 5.0999 25.687401722510206 27.68843537868881 18.139089593284467 11.893951886213234
0.835393559737079 2041.209359525368 0.3684210526315789 0.9014384511139042 2710.198694847375 0.5769230769230769 t_move_k 100 1851.1224505901337 14.557479004693482 24.12765339653043 5.0999 25.687401722510206 27.68843537868881 18.139089593284467 11.893951886213234
0.835393559737079 2041.209359525368 0.3684210526315789 0.9065402937459365 2730.2407407258793 0.5769230769230769 swap_t 100 1872.37881565094 14.557479004693482 24.12765339653043 5.0999 25.687401722510206 28.51155102490192 18.139089593284467 11.893951886213234
0.835393559737079 2041.209359525368 0.3684210526315789 0.8881955288443011 2658.175283927873 0.5769230769230769 t_multiswap_k 100 1886.389281988144 14.557479004693482 24.12765339653043 5.0999 25.687401722510206 28.51155102490192 18.139089593284467 12.775012367351101
0.835393559737079 2041.209359525368 0.3684210526315789 0.8832629492526372 2638.798169891699 0.5769230769230769 t_move_k 100 1896.1704323291779 15.501904214646547 24.12765339653043 5.0999 25.687401722510206 28.51155102490192 18.139089593284467 12.775012367351101
0.835393559737079 2041.209359525368 0.3684210526315789 0.8817099792109421 2632.6974923388134 0.5769230769230769 swap_t 100 1901.9789457321167 15.501904214646547 24.12765339653043 5.0999 25.687401722510206 29.226435514652902 18.139089593284467 12.775012367351101
0.835393559737079 2041.209359525368 0.3684210526315789 0.8814098893419788 2631.5186212219987 0.5769230769230769 f_swap_t 100 1924.1880571842194 15.501904214646547 24.12765339653043 5.0999 26.430527705285105 29.226435514652902 18.139089593284467 12.775012367351101
0.835393559737079 2041.209359525368 0.3684210526315789 0.9320156632707617 2819.1071922977576 0.5526315789473685 swap_t 100 1931.525232076645 15.501904214646547 24.12765339653043 5.0999 26.430527705285105 30.004171159506374 18.139089593284467 12.775012367351101
0.835393559737079 2041.209359525368 0.3684210526315789 0.9228810140665158 2746.7202392077825 0.5526315789473685 t_swap_r_k 100 1958.9482843875885 15.501904214646547 24.12765339653043 5.0999 26.430527705285105 30.004171159506374 18.997698697351623 12.775012367351101
0.835393559737079 2041.209359525368 0.3684210526315789 0.918300886146292 2731.192041138229 0.5526315789473685 swap_t 100 1978.270390510559 15.501904214646547 24.12765339653043 5.0999 26.430527705285105 30.73412944791131 18.997698697351623 12.775012367351101
0.835393559737079 2041.209359525368 0.3684210526315789 0.917706907742905 2726.394313106695 0.5526315789473685 t_multiswap_k 100 1988.3353776931763 15.501904214646547 24.12765339653043 5.0999 26.430527705285105 30.73412944791131 18.997698697351623 13.64726224367759
0.835393559737079 2041.209359525368 0.3684210526315789 0.917706907742905 2726.394313106695 0.5526315789473685 t_swap_r_k 100 2009.1563110351562 15.501904214646547 24.12765339653043 5.0999 26.430527705285105 30.73412944791131 19.847721710378107 13.64726224367759
0.835393559737079 2041.209359525368 0.3684210526315789 0.917706907742905 2726.394313106695 0.5526315789473685 t_swap_r_k 100 2048.7823781967163 15.501904214646547 24.12765339653043 5.0999 26.430527705285105 30.73412944791131 20.689244493274327 13.64726224367759
0.835393559737079 2041.209359525368 0.3684210526315789 0.8878605517130151 2699.1950218722573 0.6052631578947368 move_t 100 2066.3374152183533 15.501904214646547 25.066376862565125 5.0999 26.430527705285105 30.73412944791131 20.689244493274327 13.64726224367759
0.835393559737079 2041.209359525368 0.3684210526315789 0.8822354900054188 2690.4274017485227 0.6052631578947368 swap_t 100 2084.406441926956 15.501904214646547 25.066376862565125 5.0999 26.430527705285105 31.4267881534322 20.689244493274327 13.64726224367759
0.835393559737079 2041.209359525368 0.3684210526315789 0.8845077634187412 2698.151707232702 0.6046511627906976 f_swap_t 100 2102.321029663086 15.501904214646547 25.066376862565125 5.0999 27.206222428232255 31.4267881534322 20.689244493274327 13.64726224367759
0.835393559737079 2041.209359525368 0.3684210526315789 0.878029947227177 2672.7042956467963 0.6046511627906976 f_swap_t 100 2131.036059617996 15.501904214646547 25.066376862565125 5.0999 27.964160203949934 31.4267881534322 20.689244493274327 13.64726224367759
0.835393559737079 2041.209359525368 0.3684210526315789 0.8752174650540657 2661.6557587138727 0.6046511627906976 t_swap_r_k 100 2162.7000591754913 15.501904214646547 25.066376862565125 5.0999 27.964160203949934 31.4267881534322 21.522352048341585 13.64726224367759
0.835393559737079 2041.209359525368 0.3684210526315789 0.8928298978390055 2685.1653315211333 0.5813953488372093 f_swap_t 100 2179.835931301117 15.501904214646547 25.066376862565125 5.0999 28.724518601910436 31.4267881534322 21.522352048341585 13.64726224367759
0.835393559737079 2041.209359525368 0.3684210526315789 0.8670475382688031 2675.240065922703 0.627906976744186 t_move_k 100 2207.590929031372 16.55688517250008 25.066376862565125 5.0999 28.724518601910436 31.4267881534322 21.522352048341585 13.64726224367759
0.835393559737079 2041.209359525368 0.3684210526315789 0.8631837405170333 2660.0615476124694 0.627906976744186 t_swap_r_k 100 2238.9144098758698 16.55688517250008 25.066376862565125 5.0999 28.724518601910436 31.4267881534322 22.347128527858168 13.64726224367759
0.835393559737079 2041.209359525368 0.3684210526315789 0.8419546816780996 2622.344444207452 0.6511627906976745 f_swap_t 100 2258.0348110198975 16.55688517250008 25.066376862565125 5.0999 29.46727341589133 31.4267881534322 22.347128527858168 13.64726224367759
0.835393559737079 2041.209359525368 0.3684210526315789 0.9339313687432618 2611.2055725231007 0.46153846153846156 t_swap_r_k 100 2285.9068892002106 16.55688517250008 25.066376862565125 5.0999 29.46727341589133 31.4267881534322 23.163657242579585 13.64726224367759
0.835393559737079 2041.209359525368 0.3684210526315789 0.9665232725032755 2739.2393982481 0.46153846153846156 t_move_k 100 2303.955644607544 17.52131632077508 25.066376862565125 5.0999 29.46727341589133 31.4267881534322 23.163657242579585 13.64726224367759
0.835393559737079 2041.209359525368 0.3684210526315789 0.9454205980801424 2717.0559493136216 0.5 swap_t 100 2312.822524547577 17.52131632077508 25.066376862565125 5.0999 29.46727341589133 32.14252027189788 23.163657242579585 13.64726224367759
0.835393559737079 2041.209359525368 0.3684210526315789 0.9103715714523135 2669.7454769755427 0.5384615384615384 swap_t 100 2319.947287797928 17.52131632077508 25.066376862565125 5.0999 29.46727341589133 32.8510950691789 23.163657242579585 13.64726224367759
0.835393559737079 2041.209359525368 0.3684210526315789 0.897756768446627 2620.189565744398 0.5384615384615384 swap_t 100 2335.144562959671 17.52131632077508 25.066376862565125 5.0999 29.46727341589133 33.52258411848712 23.163657242579585 13.64726224367759
0.835393559737079 2041.209359525368 0.3684210526315789 0.8888551703636589 2660.766615442359 0.5769230769230769 f_swap_t 100 2350.8274538517 17.52131632077508 25.066376862565125 5.0999 30.202600681732417 33.52258411848712 23.163657242579585 13.64726224367759
0.835393559737079 2041.209359525368 0.3684210526315789 0.8856644118630858 2648.2320602104505 0.5769230769230769 swap_t 100 2358.1994915008545 17.52131632077508 25.066376862565125 5.0999 30.202600681732417 34.187358277302245 23.163657242579585 13.64726224367759
0.835393559737079 2041.209359525368 0.3684210526315789 0.8856644118630858 2648.2320602104505 0.5769230769230769 t_swap_r_k 100 2394.214597940445 17.52131632077508 25.066376862565125 5.0999 30.202600681732417 34.187358277302245 23.97202067015379 13.64726224367759
0.835393559737079 2041.209359525368 0.3684210526315789 0.889761173621028 2686.545173570575 0.5882352941176471 f_swap_t 100 2401.0020241737366 17.52131632077508 25.066376862565125 5.0999 30.94057467491509 34.187358277302245 23.97202067015379 13.64726224367759
0.835393559737079 2041.209359525368 0.3684210526315789 0.9325423198841585 2854.6063542030934 0.5882352941176471 swap_t 100 2409.698447227478 17.52131632077508 25.066376862565125 5.0999 30.94057467491509 34.86548469452922 23.97202067015379 13.64726224367759
0.835393559737079 2041.209359525368 0.3684210526315789 0.878859042712927 2697.043922205333 0.6153846153846154 t_move_k 100 2426.184731245041 18.556103157567332 25.066376862565125 5.0999 30.94057467491509 34.86548469452922 23.97202067015379 13.64726224367759
0.835393559737079 2041.209359525368 0.3684210526315789 0.8636453092213235 2637.2783891197714 0.6153846153846154 swap_t 100 2447.1750316619873 18.556103157567332 25.066376862565125 5.0999 30.94057467491509 35.54682984758393 23.97202067015379 13.64726224367759
0.835393559737079 2041.209359525368 0.3684210526315789 0.8537033723304346 2598.2225479934023 0.6153846153846154 f_swap_t 100 2461.2470202445984 18.556103157567332 25.066376862565125 5.0999 31.66116892816594 35.54682984758393 23.97202067015379 13.64726224367759
0.835393559737079 2041.209359525368 0.3684210526315789 0.8498184671919375 2582.9611115605076 0.6153846153846154 f_swap_t 100 2478.6968355178833 18.556103157567332 25.066376862565125 5.0999 32.34455723888428 35.54682984758393 23.97202067015379 13.64726224367759
0.835393559737079 2041.209359525368 0.3684210526315789 0.8498184671919375 2582.9611115605076 0.6153846153846154 t_multiswap_k 100 2483.818434715271 18.556103157567332 25.066376862565125 5.0999 32.34455723888428 35.54682984758393 23.97202067015379 14.510789621240814
0.835393559737079 2041.209359525368 0.3684210526315789 0.8498184671919375 2582.9611115605076 0.6153846153846154 swap_t 100 2495.0184574127197 18.556103157567332 25.066376862565125 5.0999 32.34455723888428 36.19136154910809 23.97202067015379 14.510789621240814
0.835393559737079 2041.209359525368 0.3684210526315789 0.8666956659047175 2628.178777584292 0.6046511627906976 t_multiswap_k 100 2502.1440885066986 18.556103157567332 25.066376862565125 5.0999 32.34455723888428 36.19136154910809 23.97202067015379 15.495681725028406
0.835393559737079 2041.209359525368 0.3684210526315789 0.8597920272721061 2601.058567851697 0.6046511627906976 t_swap_r_k 100 2536.783322572708 18.556103157567332 25.066376862565125 5.0999 32.34455723888428 36.19136154910809 24.77230046345225 15.495681725028406
0.835393559737079 2041.209359525368 0.3684210526315789 0.8592648276288295 2553.3085249540536 0.5813953488372093 t_multiswap_k 100 2547.8123552799225 18.556103157567332 25.066376862565125 5.0999 32.34455723888428 36.19136154910809 24.77230046345225 16.380724907778124
0.835393559737079 2041.209359525368 0.3684210526315789 0.8542711882126546 2533.6915438948367 0.5813953488372093 t_swap_r_k 100 2572.7086951732635 18.556103157567332 25.066376862565125 5.0999 32.34455723888428 36.19136154910809 25.564577458817727 16.380724907778124
0.835393559737079 2041.209359525368 0.3684210526315789 0.8542711882126546 2533.6915438948367 0.5813953488372093 t_multiswap_k 100 2580.4970922470093 18.556103157567332 25.066376862565125 5.0999 32.34455723888428 36.19136154910809 25.564577458817727 17.216917658700343
0.835393559737079 2041.209359525368 0.3684210526315789 0.8565073241697209 2533.6915438948367 0.5769230769230769 t_swap_r_k 100 2610.2022833824158 18.556103157567332 25.066376862565125 5.0999 32.34455723888428 36.19136154910809 26.348931684229548 17.216917658700343
0.835393559737079 2041.209359525368 0.3684210526315789 0.9048756749993685 2686.8068900707376 0.5581395348837209 swap_t 100 2622.9918484687805 18.556103157567332 25.066376862565125 5.0999 32.34455723888428 36.87944793361701 26.348931684229548 17.216917658700343
0.835393559737079 2041.209359525368 0.3684210526315789 0.9385911798512314 2590.8596871203654 0.4418604651162791 t_swap_r_k 100 2657.9499745368958 18.556103157567332 25.066376862565125 5.0999 32.34455723888428 36.87944793361701 27.12544236738725 17.216917658700343
0.835393559737079 2041.209359525368 0.3684210526315789 0.9240895099268277 2625.249410385518 0.4883720930232558 move_t 100 2682.1097342967987 18.556103157567332 25.875713093939474 5.0999 32.34455723888428 36.87944793361701 27.12544236738725 17.216917658700343
0.835393559737079 2041.209359525368 0.3684210526315789 0.9119660417384742 2577.6236556999447 0.4883720930232558 swap_t 100 2690.232237815857 18.556103157567332 25.875713093939474 5.0999 32.34455723888428 37.51065345428084 27.12544236738725 17.216917658700343
0.835393559737079 2041.209359525368 0.3684210526315789 0.9104510339701586 2565.180476669183 0.4883720930232558 move_t 100 2701.8670506477356 18.556103157567332 26.646955963000078 5.0999 32.34455723888428 37.51065345428084 27.12544236738725 17.216917658700343
0.835393559737079 2041.209359525368 0.3684210526315789 0.9008796661522717 2534.072008941979 0.4883720930232558 move_t 100 2715.020983695984 18.556103157567332 27.410486403370076 5.0999 32.34455723888428 37.51065345428084 27.12544236738725 17.216917658700343
0.835393559737079 2041.209359525368 0.3684210526315789 0.9091974339620577 2519.3590382234443 0.46153846153846156 swap_t 100 2731.0102174282074 18.556103157567332 27.410486403370076 5.0999 32.34455723888428 38.14554691973803 27.12544236738725 17.216917658700343
0.835393559737079 2041.209359525368 0.3684210526315789 0.998232572351657 2825.1545509498383 0.4418604651162791 f_swap_t 100 2742.2415475845337 18.556103157567332 27.410486403370076 5.0999 33.07111166649543 38.14554691973803 27.12544236738725 17.216917658700343
0.835393559737079 2041.209359525368 0.3684210526315789 0.9480267266133607 2673.6052237121303 0.46511627906976744 f_swap_t 100 2765.6415033340454 18.556103157567332 27.410486403370076 5.0999 33.80040054983048 38.14554691973803 27.12544236738725 17.216917658700343
0.835393559737079 2041.209359525368 0.3684210526315789 0.9211937285374437 2613.8736413455713 0.4883720930232558 swap_t 100 2775.175064086914 18.556103157567332 27.410486403370076 5.0999 33.80040054983048 38.82409145054065 27.12544236738725 17.216917658700343
0.835393559737079 2041.209359525368 0.3684210526315789 0.9108468728701096 2573.227119894484 0.4883720930232558 swap_t 100 2785.2047822475433 18.556103157567332 27.410486403370076 5.0999 33.80040054983048 39.43585053603524 27.12544236738725 17.216917658700343
0.835393559737079 2041.209359525368 0.3684210526315789 0.9094986189075247 2567.9306476739685 0.4883720930232558 swap_t 100 2797.325837612152 18.556103157567332 27.410486403370076 5.0999 33.80040054983048 40.04149203067489 27.12544236738725 17.216917658700343
0.835393559737079 2041.209359525368 0.3684210526315789 0.9197972230074473 2608.3876179770646 0.4883720930232558 move_t 100 2805.8295617103577 18.556103157567332 28.176381539336376 5.0999 33.80040054983048 40.04149203067489 27.12544236738725 17.216917658700343
0.835393559737079 2041.209359525368 0.3684210526315789 0.9124214760307728 2579.4127808531953 0.4883720930232558 t_swap_r_k 100 2821.9905540943146 18.556103157567332 28.176381539336376 5.0999 33.80040054983048 40.04149203067489 27.89418794371338 17.216917658700343
0.835393559737079 2041.209359525368 0.3684210526315789 0.9457104917890883 2664.506141682043 0.46511627906976744 move_t 100 2833.3758733272552 18.556103157567332 28.94461772394301 5.0999 33.80040054983048 40.04149203067489 27.89418794371338 17.216917658700343
0.835393559737079 2041.209359525368 0.3684210526315789 0.9953696742182437 2853.3013950118143 0.47368421052631576 move_t 100 2848.4596648216248 18.556103157567332 29.755171546703583 5.0999 33.80040054983048 40.04149203067489 27.89418794371338 17.216917658700343
0.835393559737079 2041.209359525368 0.3684210526315789 0.9721073560793235 2834.0117712803635 0.5 move_t 100 2862.0954468250275 18.556103157567332 30.547619831236545 5.0999 33.80040054983048 40.04149203067489 27.89418794371338 17.216917658700343
0.835393559737079 2041.209359525368 0.3684210526315789 0.9604372174922824 2790.8770092944515 0.5 t_swap_r_k 100 2893.1710138320923 18.556103157567332 30.547619831236545 5.0999 33.80040054983048 40.04149203067489 28.655246064276245 17.216917658700343
0.835393559737079 2041.209359525368 0.3684210526315789 0.9946944261457324 2969.1292183321707 0.5384615384615384 swap_t 100 2907.637569665909 18.556103157567332 30.547619831236545 5.0999 33.80040054983048 40.681077110368136 28.655246064276245 17.216917658700343
0.835393559737079 2041.209359525368 0.3684210526315789 0.952802015785372 2911.974992917747 0.5769230769230769 t_multiswap_k 100 2920.2461743354797 18.556103157567332 30.547619831236545 5.0999 33.80040054983048 40.681077110368136 28.655246064276245 18.19474848211334
0.835393559737079 2041.209359525368 0.3684210526315789 0.9485913854417368 2879.4950972055613 0.5581395348837209 swap_t 100 2930.666123151779 18.556103157567332 30.547619831236545 5.0999 33.80040054983048 41.38426633926446 28.655246064276245 18.19474848211334
0.835393559737079 2041.209359525368 0.3684210526315789 0.9053959904068387 2917.2458697799025 0.6744186046511628 t_multiswap_k 100 2939.984927177429 18.556103157567332 30.547619831236545 5.0999 33.80040054983048 41.38426633926446 28.655246064276245 19.202800997292208
0.835393559737079 2041.209359525368 0.3684210526315789 0.8796906035568133 2837.9690833298973 0.6744186046511628 swap_t 100 2953.1077542304993 18.556103157567332 30.547619831236545 5.0999 33.80040054983048 42.03042367587181 28.655246064276245 19.202800997292208
0.835393559737079 2041.209359525368 0.3684210526315789 0.9088617377769307 2898.4045613550766 0.6578947368421053 t_move_k 100 2969.454364299774 19.590542125991657 30.547619831236545 5.0999 33.80040054983048 42.03042367587181 28.655246064276245 19.202800997292208
0.835393559737079 2041.209359525368 0.3684210526315789 0.8977781460955494 2833.5799846865175 0.6470588235294118 swap_t 100 2977.320819377899 19.590542125991657 30.547619831236545 5.0999 33.80040054983048 42.63011943911309 28.655246064276245 19.202800997292208
0.835393559737079 2041.209359525368 0.3684210526315789 0.9659885178318114 2812.684701948797 0.5 t_swap_r_k 100 3014.0864250659943 19.590542125991657 30.547619831236545 5.0999 33.80040054983048 42.63011943911309 29.408693603633484 19.202800997292208
0.835393559737079 2041.209359525368 0.3684210526315789 0.9552242635511379 2822.0878637668366 0.5263157894736842 t_move_k 100 3027.6814846992493 20.48463670473174 30.547619831236545 5.0999 33.80040054983048 42.63011943911309 29.408693603633484 19.202800997292208
0.835393559737079 2041.209359525368 0.3684210526315789 0.9430786964048006 2774.3752956764365 0.5263157894736842 f_swap_t 100 3063.0004670619965 20.48463670473174 30.547619831236545 5.0999 34.592396544332175 42.63011943911309 29.408693603633484 19.202800997292208
0.835393559737079 2041.209359525368 0.3684210526315789 0.9532589782773615 2814.367449700344 0.5263157894736842 move_t 100 3090.1433622837067 20.48463670473174 31.44214363292418 5.0999 34.592396544332175 42.63011943911309 29.408693603633484 19.202800997292208
0.835393559737079 2041.209359525368 0.3684210526315789 0.9378042899815378 2753.6553513070817 0.5263157894736842 f_swap_t 100 3104.138197660446 20.48463670473174 31.44214363292418 5.0999 35.246472578888856 42.63011943911309 29.408693603633484 19.202800997292208
0.835393559737079 2041.209359525368 0.3684210526315789 0.9541958985220125 2818.0480411811345 0.5263157894736842 f_swap_t 100 3120.9224801063538 20.48463670473174 31.44214363292418 5.0999 35.91400785309997 42.63011943911309 29.408693603633484 19.202800997292208
0.835393559737079 2041.209359525368 0.3684210526315789 0.9445413185670581 2780.1210511991244 0.5263157894736842 f_swap_t 100 3134.4159536361694 20.48463670473174 31.44214363292418 5.0999 36.55486777456897 42.63011943911309 29.408693603633484 19.202800997292208
0.835393559737079 2041.209359525368 0.3684210526315789 0.939142035118055 2758.910540722665 0.5263157894736842 move_t 100 3149.615885734558 20.48463670473174 32.15772219659494 5.0999 36.55486777456897 42.63011943911309 29.408693603633484 19.202800997292208
0.835393559737079 2041.209359525368 0.3684210526315789 0.9382425532748022 2755.3770220178408 0.5263157894736842 t_multiswap_k 100 3158.645968437195 20.48463670473174 32.15772219659494 5.0999 36.55486777456897 42.63011943911309 29.408693603633484 20.040772987319286
0.835393559737079 2041.209359525368 0.3684210526315789 0.9571437618338596 2829.628408511294 0.5263157894736842 f_swap_t 100 3179.846961259842 20.48463670473174 32.15772219659494 5.0999 37.24931909682328 42.63011943911309 29.408693603633484 20.040772987319286
0.835393559737079 2041.209359525368 0.3684210526315789 0.9438594817298498 2777.442527740329 0.5263157894736842 t_swap_r_k 100 3201.911854982376 20.48463670473174 32.15772219659494 5.0999 37.24931909682328 42.63011943911309 30.15460666759715 20.040772987319286
0.835393559737079 2041.209359525368 0.3684210526315789 0.9372146590145949 2751.3390487977376 0.5263157894736842 swap_t 100 3210.7807722091675 20.48463670473174 32.15772219659494 5.0999 37.24931909682328 43.20381824472196 30.15460666759715 20.040772987319286
0.835393559737079 2041.209359525368 0.3684210526315789 0.9240153038597629 2761.9948853470178 0.5581395348837209 t_move_k 100 3229.7924180030823 21.399790337684426 32.15772219659494 5.0999 37.24931909682328 43.20381824472196 30.15460666759715 20.040772987319286
0.835393559737079 2041.209359525368 0.3684210526315789 0.9570934570926344 2881.1201809935296 0.5526315789473685 swap_t 100 3239.9792051315308 21.399790337684426 32.15772219659494 5.0999 37.24931909682328 43.84178006227474 30.15460666759715 20.040772987319286
0.835393559737079 2041.209359525368 0.3684210526315789 0.9401530818483823 2825.39042890893 0.5581395348837209 move_t 100 3251.607719182968 21.399790337684426 32.92614497462899 5.0999 37.24931909682328 43.84178006227474 30.15460666759715 20.040772987319286
0.835393559737079 2041.209359525368 0.3684210526315789 0.9636811756932896 2803.620553888385 0.5 t_swap_r_k 100 3279.213059902191 21.399790337684426 32.92614497462899 5.0999 37.24931909682328 43.84178006227474 30.92306060092118 20.040772987319286
0.835393559737079 2041.209359525368 0.3684210526315789 0.9525226915725163 2759.7856364256304 0.5 move_t 100 3290.5275201797485 21.399790337684426 33.7768835248827 5.0999 37.24931909682328 43.84178006227474 30.92306060092118 20.040772987319286
0.835393559737079 2041.209359525368 0.3684210526315789 0.9320907779498695 2830.613099022089 0.5769230769230769 t_multiswap_k 100 3300.389312982559 21.399790337684426 33.7768835248827 5.0999 37.24931909682328 43.84178006227474 30.92306060092118 20.930365257446095
0.835393559737079 2041.209359525368 0.3684210526315789 0.9240249827701363 2798.9274809624753 0.5769230769230769 swap_t 100 3310.96724152565 21.399790337684426 33.7768835248827 5.0999 37.24931909682328 44.40336226165199 30.92306060092118 20.930365257446095
0.835393559737079 2041.209359525368 0.3684210526315789 0.9139726516216877 2759.437967742647 0.5769230769230769 f_swap_t 100 3341.2518332004547 21.399790337684426 33.7768835248827 5.0999 37.906825905855044 44.40336226165199 30.92306060092118 20.930365257446095
0.835393559737079 2041.209359525368 0.3684210526315789 0.9000611772218122 2759.2516382755257 0.6046511627906976 t_move_k 100 3369.8256583213806 22.275792434307583 33.7768835248827 5.0999 37.906825905855044 44.40336226165199 30.92306060092118 20.930365257446095
0.835393559737079 2041.209359525368 0.3684210526315789 0.9161195118475532 2822.3350970401625 0.6046511627906976 f_swap_t 100 3388.1125552654266 22.275792434307583 33.7768835248827 5.0999 38.53775764679649 44.40336226165199 30.92306060092118 20.930365257446095
0.835393559737079 2041.209359525368 0.3684210526315789 0.9074601559243048 2788.317738762118 0.6046511627906976 t_swap_r_k 100 3425.6214389801025 22.275792434307583 33.7768835248827 5.0999 38.53775764679649 44.40336226165199 31.653829994911966 20.930365257446095
0.835393559737079 2041.209359525368 0.3684210526315789 0.9430374040362473 2929.281250915821 0.6052631578947368 move_t 100 3439.8349330425262 22.275792434307583 34.55911468963387 5.0999 38.53775764679649 44.40336226165199 31.653829994911966 20.930365257446095
0.835393559737079 2041.209359525368 0.3684210526315789 0.9221198053436124 2891.5856067311397 0.627906976744186 move_t 100 3453.4063727855682 22.275792434307583 35.32352354273753 5.0999 38.53775764679649 44.40336226165199 31.653829994911966 20.930365257446095
0.835393559737079 2041.209359525368 0.3684210526315789 0.9438212195927376 2839.8003177007677 0.5581395348837209 t_swap_r_k 100 3478.807608604431 22.275792434307583 35.32352354273753 5.0999 38.53775764679649 44.40336226165199 32.37729169496285 20.930365257446095
0.835393559737079 2041.209359525368 0.3684210526315789 0.980464054379921 2938.0687996952 0.5348837209302325 f_swap_t 100 3493.1865286827087 22.275792434307583 35.32352354273753 5.0999 39.32238007032853 44.40336226165199 32.37729169496285 20.930365257446095
0.835393559737079 2041.209359525368 0.3684210526315789 0.9489812717194284 2814.392038184973 0.5348837209302325 t_swap_k 100 3513.9987359046936 22.275792434307583 35.32352354273753 6.208901 39.32238007032853 44.40336226165199 32.37729169496285 20.930365257446095
0.835393559737079 2041.209359525368 0.3684210526315789 0.9554739073214786 2786.3043332602065 0.5348837209302325 move_t 100 3522.1224327087402 22.275792434307583 35.98028830731016 6.208901 39.32238007032853 44.40336226165199 32.37729169496285 20.930365257446095
0.835393559737079 2041.209359525368 0.3684210526315789 0.9443908803225556 2796.3591740588267 0.5348837209302325 move_t 100 3537.9078063964844 22.275792434307583 36.65048542423706 6.208901 39.32238007032853 44.40336226165199 32.37729169496285 20.930365257446095
0.835393559737079 2041.209359525368 0.3684210526315789 0.9404902488199443 2781.0359582779956 0.5348837209302325 t_swap_k 100 3561.707346200943 22.275792434307583 36.65048542423706 7.17681199 39.32238007032853 44.40336226165199 32.37729169496285 20.930365257446095
0.835393559737079 2041.209359525368 0.3684210526315789 0.9531767842329262 2935.666651625796 0.5882352941176471 t_move_k 100 3575.082623720169 23.28303450996451 36.65048542423706 7.17681199 39.32238007032853 44.40336226165199 32.37729169496285 20.930365257446095
0.835393559737079 2041.209359525368 0.3684210526315789 0.9604041381278745 2964.05854231903 0.5882352941176471 f_swap_t 100 3590.7348840236664 23.28303450996451 36.65048542423706 7.17681199 39.969156269625245 44.40336226165199 32.37729169496285 20.930365257446095
0.835393559737079 2041.209359525368 0.3684210526315789 0.9288735853283604 2925.329585638773 0.631578947368421 t_multiswap_k 100 3598.225424528122 23.28303450996451 36.65048542423706 7.17681199 39.969156269625245 44.40336226165199 32.37729169496285 21.821061604871634
0.835393559737079 2041.209359525368 0.3684210526315789 0.9218799292329103 2928.261275003057 0.6470588235294118 t_move_k 100 3610.2095901966095 24.180204164864865 36.65048542423706 7.17681199 39.969156269625245 44.40336226165199 32.37729169496285 21.821061604871634