20
4 184 4 60

Solution history:
B_obj   B_dis   B_sim   C_obj   C_dis   C_sim   neighbor   iterations   time   scores
0.9966102432461997 9355.032511978372 0.010869565217391304 0.9966102432461997 9355.032511978372 0.010869565217391304 0 0 0 3.0 3.0 3.0 3.0 3.0 3.0 3.0
0.9966102432461997 9355.032511978372 0.010869565217391304 1.0268012100963828 9917.606508146511 0.010869565217391304 t_move_k 100 110.25979399681091 4.02 3.0 3.0 3.0 3.0 3.0 3.0
0.9966102432461997 9355.032511978372 0.010869565217391304 1.0120058759396904 9743.183379638373 0.021739130434782608 t_swap_k 100 240.59868025779724 4.02 3.0 3.9699999999999998 3.0 3.0 3.0 3.0
0.9966102432461997 9355.032511978372 0.010869565217391304 1.0096613179927638 9699.495234770555 0.021739130434782608 swap_t 100 339.16120767593384 4.02 3.0 3.9699999999999998 3.0 3.9699999999999998 3.0 3.0
0.9966102432461997 9355.032511978372 0.010869565217391304 1.052837133013044 10323.543962386615 0.010869565217391304 move_t 100 424.4588098526001 4.02 3.99 3.9699999999999998 3.0 3.9699999999999998 3.0 3.0
0.9966102432461997 9355.032511978372 0.010869565217391304 1.2108113133731673 13536.306465571613 0.03125 f_swap_t 100 593.7715713977814 4.02 3.99 3.9699999999999998 4.1 3.9699999999999998 3.0 3.0
0.9966102432461997 9355.032511978372 0.010869565217391304 1.1691654102721856 12680.877269489798 0.022727272727272728 t_move_k 100 710.1702871322632 5.0198 3.99 3.9699999999999998 4.1 3.9699999999999998 3.0 3.0
0.9966102432461997 9355.032511978372 0.010869565217391304 1.1461373676436704 12234.130447532798 0.020833333333333332 swap_t 100 808.6164066791534 5.0198 3.99 3.9699999999999998 4.1 4.9303 3.0 3.0
0.9966102432461997 9355.032511978372 0.010869565217391304 1.1848442204394525 12516.638674871987 0.021739130434782608 move_t 100 906.1941015720367 5.0198 4.960100000000001 3.9699999999999998 4.1 4.9303 3.0 3.0
0.9966102432461997 9355.032511978372 0.010869565217391304 1.2745491837730678 14644.582866725732 0.022727272727272728 move_t 100 1005.8156065940857 5.0198 5.980499000000001 3.9699999999999998 4.1 4.9303 3.0 3.0
0.9966102432461997 9355.032511978372 0.010869565217391304 1.344386944354036 15835.451952908617 0.010869565217391304 f_swap_t 100 1160.4615149497986 5.0198 5.980499000000001 3.9699999999999998 5.279 4.9303 3.0 3.0
0.9966102432461997 9355.032511978372 0.010869565217391304 1.317330062966829 15335.881264393565 0.011363636363636364 move_t 100 1289.0470831394196 5.0198 6.970694010000001 3.9699999999999998 5.279 4.9303 3.0 3.0
0.9966102432461997 9355.032511978372 0.010869565217391304 1.3331359771449993 15722.854409951335 0.02128623188405797 t_swap_k 100 1409.7037847042084 5.0198 6.970694010000001 5.0903 5.279 4.9303 3.0 3.0
0.9966102432461997 9355.032511978372 0.010869565217391304 1.3219045519334038 15513.569699219637 0.02128623188405797 move_t 100 1526.3199305534363 5.0198 8.0109870699 5.0903 5.279 4.9303 3.0 3.0
0.9966102432461997 9355.032511978372 0.010869565217391304 1.344188744898475 15928.81004411989 0.02128623188405797 t_swap_k 100 1655.9206290245056 5.0198 8.0109870699 6.159397 5.279 4.9303 3.0 3.0
0.9966102432461997 9355.032511978372 0.010869565217391304 1.410637950614893 17145.951461323963 0.02128623188405797 swap_t 100 1778.0265262126923 5.0198 8.0109870699 6.159397 5.279 6.050997 3.0 3.0
0.9966102432461997 9355.032511978372 0.010869565217391304 1.3713763066744973 16334.148103170874 0.010416666666666666 swap_t 100 1871.0887339115143 5.0198 8.0109870699 6.159397 5.279 6.99048703 3.0 3.0
0.9966102432461997 9355.032511978372 0.010869565217391304 1.360005038432773 16236.954581432254 0.022727272727272728 swap_t 100 1976.6381180286407 5.0198 8.0109870699 6.159397 5.279 7.9505821597 3.0 3.0
0.9966102432461997 9355.032511978372 0.010869565217391304 1.446371350602188 17832.865555653207 0.02128623188405797 t_swap_k 100 2086.669928073883 5.0198 8.0109870699 7.16780303 5.279 7.9505821597 3.0 3.0
0.9966102432461997 9355.032511978372 0.010869565217391304 1.3900629874820183 16787.843495213987 0.021739130434782608 move_t 100 2153.7760848999023 5.0198 8.930877199201001 7.16780303 5.279 7.9505821597 3.0 3.0
0.9966102432461997 9355.032511978372 0.010869565217391304 1.4505408954903154 18035.35389575298 0.022727272727272728 move_t 100 2246.4867854118347 5.0198 9.881568427208991 7.16780303 5.279 7.9505821597 3.0 3.0
0.9966102432461997 9355.032511978372 0.010869565217391304 1.4322154620319174 17476.638742421335 0.011363636363636364 t_move_k 100 2347.87455201149 6.139602 9.881568427208991 7.16780303 5.279 7.9505821597 3.0 3.0
0.9966102432461997 9355.032511978372 0.010869565217391304 1.3867046578722062 16721.04525742256 0.02128623188405797 t_swap_r_k 100 2453.589685678482 6.139602 9.881568427208991 7.16780303 5.279 7.9505821597 4.07 3.0
0.9966102432461997 9355.032511978372 0.010869565217391304 1.3838834964246627 16571.42484319387 0.010869565217391304 t_swap_r_k 100 2547.195525407791 6.139602 9.881568427208991 7.16780303 5.279 7.9505821597 5.0693 3.0
0.9966102432461997 9355.032511978372 0.010869565217391304 1.3832637621257438 16559.876806231838 0.010869565217391304 f_swap_t 100 2691.0893630981445 6.139602 9.881568427208991 7.16780303 6.22621 7.9505821597 5.0693 3.0
0.9966102432461997 9355.032511978372 0.010869565217391304 1.3918206107236724 16719.323853232032 0.010869565217391304 move_t 100 2796.944257736206 6.139602 10.792752742936901 7.16780303 6.22621 7.9505821597 5.0693 3.0
0.9966102432461997 9355.032511978372 0.010869565217391304 1.384302546198398 16579.233354493736 0.010869565217391304 f_swap_t 100 2948.977807998657 6.139602 10.792752742936901 7.16780303 7.1639479 7.9505821597 5.0693 3.0
0.9966102432461997 9355.032511978372 0.010869565217391304 1.4403994475694109 17717.36637853338 0.020833333333333332 f_swap_t 100 3117.927554130554 6.139602 10.792752742936901 7.16780303 8.212308421 7.9505821597 5.0693 3.0
0.9966102432461997 9355.032511978372 0.010869565217391304 1.40724942049825 17099.653693310393 0.020833333333333332 move_t 100 3232.0269339084625 6.139602 11.754825215507532 7.16780303 8.212308421 7.9505821597 5.0693 3.0
0.9966102432461997 9355.032511978372 0.010869565217391304 1.3861650026885826 16706.7697806181 0.020833333333333332 f_swap_t 100 3394.865467309952 6.139602 11.754825215507532 7.16780303 9.160185336789999 7.9505821597 5.0693 3.0
0.9966102432461997 9355.032511978372 0.010869565217391304 1.372238108519177 16451.477723508095 0.02128623188405797 t_move_k 100 3504.2971172332764 7.10820598 11.754825215507532 7.16780303 9.160185336789999 7.9505821597 5.0693 3.0
0.9966102432461997 9355.032511978372 0.010869565217391304 1.366783553106753 16349.838347369023 0.02128623188405797 t_swap_r_k 100 3601.0667877197266 7.10820598 11.754825215507532 7.16780303 9.160185336789999 7.9505821597 6.058607 3.0