20
4 184 4 60

Solution history:
B_obj   B_dis   B_sim   C_obj   C_dis   C_sim   neighbor   iterations   time   scores
0.7623189984576352 9355.032511978372 0.4794520547945205 0.7623189984576352 9355.032511978372 0.4794520547945205 0 0 0 3.0 3.0 3.0 3.0 3.0 3.0 3.0
0.7623189984576352 9355.032511978372 0.4794520547945205 0.8317734248271362 10521.606865821743 0.4657534246575342 t_move_k 100 48.953914165496826 4.0 3.0 3.0 3.0 3.0 3.0 3.0
0.7623189984576352 9355.032511978372 0.4794520547945205 0.8481190385678647 10826.188606697217 0.4657534246575342 f_swap_t 100 109.15415644645691 4.0 3.0 3.0 4.01 3.0 3.0 3.0
0.7623189984576352 9355.032511978372 0.4794520547945205 0.8198311841338285 10552.53757283207 0.49295774647887325 t_swap_r_k 100 180.85320520401 4.0 3.0 3.0 4.01 3.0 4.07 3.0
0.7623189984576352 9355.032511978372 0.4794520547945205 0.9278671877014536 12696.888738654066 0.5070422535211268 t_swap_k 100 251.79913759231567 4.0 3.0 4.07 4.01 3.0 4.07 3.0
0.7623189984576352 9355.032511978372 0.4794520547945205 0.9396502993146671 13209.184638521327 0.5384615384615384 t_move_k 100 324.6542823314667 5.12 3.0 4.07 4.01 3.0 4.07 3.0
0.7623189984576352 9355.032511978372 0.4794520547945205 0.972724054099734 13706.028310569833 0.5256410256410257 t_move_k 100 401.31179690361023 6.1088000000000005 3.0 4.07 4.01 3.0 4.07 3.0
0.7623189984576352 9355.032511978372 0.4794520547945205 0.9697565053442658 13161.089818649401 0.5205479452054794 swap_t 100 427.7781000137329 6.1088000000000005 3.0 4.07 4.01 3.98 4.07 3.0
0.7623189984576352 9355.032511978372 0.4794520547945205 0.9522176427738367 13443.362651637843 0.5384615384615384 t_move_k 100 483.7910852432251 7.247712 3.0 4.07 4.01 3.98 4.07 3.0
0.7623189984576352 9355.032511978372 0.4794520547945205 0.9703966178498042 13870.465597529343 0.547945205479452 t_swap_k 100 548.2912147045135 7.247712 3.0 5.0793 4.01 3.98 4.07 3.0
0.7623189984576352 9355.032511978372 0.4794520547945205 1.139614214174589 16815.834788128264 0.5256410256410257 f_swap_t 100 592.7702448368073 7.247712 3.0 5.0793 5.1799 3.98 4.07 3.0
0.7623189984576352 9355.032511978372 0.4794520547945205 1.0836448423344565 15772.909818703747 0.5256410256410257 move_t 100 626.501528263092 7.247712 3.9699999999999998 5.0793 5.1799 3.98 4.07 3.0
0.7623189984576352 9355.032511978372 0.4794520547945205 1.0639128568304692 15405.22692890446 0.5256410256410257 t_swap_k 100 670.9616072177887 7.247712 3.9699999999999998 6.158507 5.1799 3.98 4.07 3.0
0.7623189984576352 9355.032511978372 0.4794520547945205 1.037017984210798 14904.071863511459 0.5256410256410257 t_swap_r_k 100 740.7591466903687 7.247712 3.9699999999999998 6.158507 5.1799 3.98 5.0693 3.0
0.7623189984576352 9355.032511978372 0.4794520547945205 1.0315564303327336 14802.30207900217 0.5256410256410257 t_multiswap_k 100 776.149218082428 7.247712 3.9699999999999998 6.158507 5.1799 3.98 5.0693 3.9699999999999998
0.7623189984576352 9355.032511978372 0.4794520547945205 1.0308153662212984 14788.493200318166 0.5256410256410257 t_swap_r_k 100 865.3086888790131 7.247712 3.9699999999999998 6.158507 5.1799 3.98 6.058607 3.9699999999999998
0.7623189984576352 9355.032511978372 0.4794520547945205 1.0330866399939551 14919.981013064846 0.5352112676056338 t_move_k 100 937.2199490070343 8.28523488 3.9699999999999998 6.158507 5.1799 3.98 6.058607 3.9699999999999998
0.7623189984576352 9355.032511978372 0.4794520547945205 1.0273166586201232 14812.464036367805 0.5352112676056338 t_swap_k 100 1016.36954164505 8.28523488 3.9699999999999998 7.10692193 5.1799 3.98 6.058607 3.9699999999999998
0.7623189984576352 9355.032511978372 0.4794520547945205 1.0142380731695755 14568.759615848512 0.5352112676056338 swap_t 100 1055.2932670116425 8.28523488 3.9699999999999998 7.10692193 5.1799 4.9402 6.058607 3.9699999999999998
0.7623189984576352 9355.032511978372 0.4794520547945205 1.0527944829847051 15278.22606861574 0.5342465753424658 t_move_k 100 1146.0716495513916 9.4223825312 3.9699999999999998 7.10692193 5.1799 4.9402 6.058607 3.9699999999999998
0.7623189984576352 9355.032511978372 0.4794520547945205 1.0567072669001374 15390.406802113039 0.5384615384615384 t_swap_k 100 1218.9836249351501 9.4223825312 3.9699999999999998 8.2158527107 5.1799 4.9402 6.058607 3.9699999999999998
0.7623189984576352 9355.032511978372 0.4794520547945205 1.0391299120624007 15062.872980417265 0.5384615384615384 swap_t 100 1265.0310111045837 9.4223825312 3.9699999999999998 8.2158527107 5.1799 5.890798 6.058607 3.9699999999999998
0.7623189984576352 9355.032511978372 0.4794520547945205 1.1643818481280745 17277.351203882186 0.5256410256410257 f_swap_t 100 1334.4439933300018 9.4223825312 3.9699999999999998 8.2158527107 6.228101 5.890798 6.058607 3.9699999999999998
0.7623189984576352 9355.032511978372 0.4794520547945205 1.1007863952912147 16092.322972819175 0.5256410256410257 f_swap_t 100 1420.1927580833435 9.4223825312 3.9699999999999998 8.2158527107 7.22581999 5.890798 6.058607 3.9699999999999998
0.7623189984576352 9355.032511978372 0.4794520547945205 1.0835006807721945 16105.659042809455 0.5616438356164384 t_multiswap_k 100 1471.5688028335571 9.4223825312 3.9699999999999998 8.2158527107 7.22581999 5.890798 6.058607 5.000299999999999
0.7623189984576352 9355.032511978372 0.4794520547945205 1.1570968630601444 17586.789842848855 0.5616438356164384 swap_t 100 1512.5916376113892 9.4223825312 3.9699999999999998 8.2158527107 7.22581999 6.96189002 6.058607 5.000299999999999
0.7623189984576352 9355.032511978372 0.4794520547945205 1.119201296366652 16515.640774890606 0.5342465753424658 t_swap_r_k 100 1609.507312297821 9.4223825312 3.9699999999999998 8.2158527107 7.22581999 6.96189002 7.06802093 5.000299999999999
0.7623189984576352 9355.032511978372 0.4794520547945205 1.113114593288877 16560.94031832071 0.5512820512820513 f_swap_t 100 1699.7378859519958 9.4223825312 3.9699999999999998 8.2158527107 8.3235617901 6.96189002 7.06802093 5.000299999999999
0.7623189984576352 9355.032511978372 0.4794520547945205 1.1031065961854032 16470.99276124505 0.5616438356164384 t_move_k 100 1766.9589517116547 10.448158705888 3.9699999999999998 8.2158527107 8.3235617901 6.96189002 7.06802093 5.000299999999999
0.7623189984576352 9355.032511978372 0.4794520547945205 1.097601408303991 15859.691018047597 0.5070422535211268 t_multiswap_k 100 1825.957675933838 10.448158705888 3.9699999999999998 8.2158527107 8.3235617901 6.96189002 7.06802093 6.210296999999999
0.7623189984576352 9355.032511978372 0.4794520547945205 1.054206367617009 15182.298576486191 0.5211267605633803 t_move_k 100 1904.4509603977203 11.43367711882912 3.9699999999999998 8.2158527107 8.3235617901 6.96189002 7.06802093 6.210296999999999
0.7623189984576352 9355.032511978372 0.4794520547945205 1.0989137574244845 16015.36944390976 0.5211267605633803 move_t 100 1957.387954711914 11.43367711882912 5.0503 8.2158527107 8.3235617901 6.96189002 7.06802093 6.210296999999999
0.7623189984576352 9355.032511978372 0.4794520547945205 1.0569582813751541 15483.442790544357 0.547945205479452 t_move_k 100 2030.6067399978638 12.53934034764083 5.0503 8.2158527107 8.3235617901 6.96189002 7.06802093 6.210296999999999
0.7623189984576352 9355.032511978372 0.4794520547945205 1.0408515704895775 15183.312730020354 0.547945205479452 swap_t 100 2071.6985898017883 12.53934034764083 5.0503 8.2158527107 8.3235617901 7.8922711198 7.06802093 6.210296999999999
0.7623189984576352 9355.032511978372 0.4794520547945205 1.0851374371797098 15102.542001304193 0.4507042253521127 t_swap_r_k 100 2147.5738389492035 12.53934034764083 5.0503 8.2158527107 8.3235617901 7.8922711198 8.0673407207 6.210296999999999
0.7623189984576352 9355.032511978372 0.4794520547945205 1.0846651385420187 15093.741258575115 0.4507042253521127 swap_t 100 2203.41451048851 12.53934034764083 5.0503 8.2158527107 8.3235617901 8.813348408602 8.0673407207 6.210296999999999
0.7623189984576352 9355.032511978372 0.4794520547945205 1.0846651385420187 15093.741258575115 0.4507042253521127 t_move_k 100 2280.134567260742 13.41394694416442 5.0503 8.2158527107 8.3235617901 8.813348408602 8.0673407207 6.210296999999999
0.7623189984576352 9355.032511978372 0.4794520547945205 1.052663907524822 15673.40674365927 0.5769230769230769 t_multiswap_k 100 2351.864120721817 13.41394694416442 5.0503 8.2158527107 8.3235617901 8.813348408602 8.0673407207 7.238194029999999
0.7623189984576352 9355.032511978372 0.4794520547945205 1.0745881756939482 16081.94030332208 0.5769230769230769 t_move_k 100 2422.989360332489 14.409807474722776 5.0503 8.2158527107 8.3235617901 8.813348408602 8.0673407207 7.238194029999999
0.7623189984576352 9355.032511978372 0.4794520547945205 1.0482055349528827 15590.330090743559 0.5769230769230769 t_swap_k 100 2498.5861020088196 14.409807474722776 5.0503 9.143694183593 8.3235617901 8.813348408602 8.0673407207 7.238194029999999
0.7623189984576352 9355.032511978372 0.4794520547945205 1.035726216643897 15362.83941394766 0.5774647887323944 t_swap_r_k 100 2603.3302772045135 14.409807474722776 5.0503 9.143694183593 8.3235617901 8.813348408602 9.056667313493001 7.238194029999999
0.7623189984576352 9355.032511978372 0.4794520547945205 1.0434929622719424 15507.563799452542 0.5774647887323944 move_t 100 2660.4676551818848 14.409807474722776 6.009797 9.143694183593 8.3235617901 8.813348408602 9.056667313493001 7.238194029999999
0.7623189984576352 9355.032511978372 0.4794520547945205 1.0578256512341262 15774.636998707892 0.5774647887323944 t_multiswap_k 100 2714.8400495052338 14.409807474722776 6.009797 9.143694183593 8.3235617901 8.813348408602 9.056667313493001 8.2358120897
0.7623189984576352 9355.032511978372 0.4794520547945205 1.0445299491459394 15526.88685898135 0.5774647887323944 swap_t 100 2754.5018842220306 14.409807474722776 6.009797 9.143694183593 8.3235617901 9.72521492451598 9.056667313493001 8.2358120897
0.7623189984576352 9355.032511978372 0.4794520547945205 1.040259404683608 15447.310167187763 0.5774647887323944 swap_t 100 2809.919143676758 14.409807474722776 6.009797 9.143694183593 8.3235617901 10.62796277527082 9.056667313493001 8.2358120897
0.7623189984576352 9355.032511978372 0.4794520547945205 1.040114341390477 15444.607079309888 0.5774647887323944 t_move_k 100 2886.654262304306 15.265709399975547 6.009797 9.143694183593 8.3235617901 10.62796277527082 9.056667313493001 8.2358120897
0.7623189984576352 9355.032511978372 0.4794520547945205 1.040114341390477 15444.607079309888 0.5774647887323944 swap_t 100 2930.1028230190277 15.265709399975547 6.009797 9.143694183593 8.3235617901 11.521683147518113 9.056667313493001 8.2358120897
0.7623189984576352 9355.032511978372 0.4794520547945205 1.0823678625172377 15444.607079309888 0.49295774647887325 t_swap_r_k 100 3034.9450335502625 15.265709399975547 6.009797 9.143694183593 8.3235617901 11.521683147518113 10.00610064035807 8.2358120897
0.7623189984576352 9355.032511978372 0.4794520547945205 1.1063696821098403 16023.077730998233 0.5070422535211268 t_move_k 100 3120.775946855545 16.24305230597579 6.009797 9.143694183593 8.3235617901 11.521683147518113 10.00610064035807 8.2358120897
0.7623189984576352 9355.032511978372 0.4794520547945205 1.2173730300665433 17960.273337646402 0.49295774647887325 f_swap_t 100 3207.892165184021 16.24305230597579 6.009797 9.143694183593 9.290326172198998 11.521683147518113 10.00610064035807 8.2358120897
0.7623189984576352 9355.032511978372 0.4794520547945205 1.1634604000876485 16955.673390858774 0.49295774647887325 swap_t 100 3246.528990983963 16.24305230597579 6.009797 9.143694183593 9.290326172198998 12.406466316042932 10.00610064035807 8.2358120897
0.7623189984576352 9355.032511978372 0.4794520547945205 1.1975663625688155 17459.97452756414 0.4788732394366197 t_move_k 100 3327.522046327591 17.240621782916033 6.009797 9.143694183593 9.290326172198998 12.406466316042932 10.00610064035807 8.2358120897
0.7623189984576352 9355.032511978372 0.4794520547945205 1.1571807535761227 16838.659389616514 0.49295774647887325 t_multiswap_k 100 3387.4414479732513 17.240621782916033 6.009797 9.143694183593 9.290326172198998 12.406466316042932 10.00610064035807 9.213453968803
0.7623189984576352 9355.032511978372 0.4794520547945205 1.1267563905436933 16637.894470836236 0.532258064516129 t_multiswap_k 100 3432.8182067871094 17.240621782916033 6.009797 9.143694183593 9.290326172198998 12.406466316042932 10.00610064035807 10.18131942911497
0.7623189984576352 9355.032511978372 0.4794520547945205 1.1166173881181964 16467.49261202193 0.5342465753424658 t_move_k 100 3515.513007879257 18.09821556508687 6.009797 9.143694183593 9.290326172198998 12.406466316042932 10.00610064035807 10.18131942911497
0.7623189984576352 9355.032511978372 0.4794520547945205 1.1595997333833532 17140.79013482974 0.5205479452054794 f_swap_t 100 3615.805327653885 18.09821556508687 6.009797 9.143694183593 10.277422910477009 12.406466316042932 10.00610064035807 10.18131942911497