28

Similarity 1
0.42424242424242425

Similarity combination matrix:
0.2916666666666667 0.2916666666666667 0.5 0.4166666666666667 0.2916666666666667 0.3333333333333333
0.4583333333333333 0.2916666666666667 0.375 0.5 0.20833333333333334 0.16666666666666666
0.42424242424242425 0.24242424242424243 0.3333333333333333 0.42424242424242425 0.18181818181818182 0.3333333333333333
0.2903225806451613 0.41935483870967744 0.16129032258064516 0.3870967741935484 0.6451612903225806 0.25806451612903225
0.2608695652173913 0.4782608695652174 0.30434782608695654 0.34782608695652173 0.43478260869565216 0.43478260869565216
0.38461538461538464 0.3076923076923077 0.23076923076923078 0.38461538461538464 0.46153846153846156 0.46153846153846156

Similarity combination pairings:
(np.int64(0), np.int64(2)) (np.int64(1), np.int64(3)) (np.int64(2), np.int64(0)) (np.int64(3), np.int64(4)) (np.int64(4), np.int64(1)) (np.int64(5), np.int64(5))
0.5 0.5 0.42424242424242425 0.6451612903225806 0.4782608695652174 0.46153846153846156

Similarity 2
0.0

Similarity combination matrix:
0.027777777777777776 0.0 0.018518518518518517 0.0 0.0 0.0
0.0 0.0 0.027777777777777776 0.0 0.0 0.0
0.03935185185185185 0.0 0.0 0.0 0.0 0.0
0.027777777777777776 0.0 0.0 0.018518518518518517 0.05555555555555555 0.018518518518518517
0.0 0.061111111111111116 0.03333333333333333 0.0 0.0 0.0
0.0 0.0 0.0 0.020833333333333332 0.0 0.0

Similarity combination pairings:
(np.int64(0), np.int64(5)) (np.int64(1), np.int64(2)) (np.int64(2), np.int64(0)) (np.int64(3), np.int64(4)) (np.int64(4), np.int64(1)) (np.int64(5), np.int64(3))
0.0 0.027777777777777776 0.03935185185185185 0.05555555555555555 0.061111111111111116 0.020833333333333332

Similarity 3
0.0

Similarity combination matrix:
0.03333333333333333 0.0 0.020833333333333332 0.0 0.0 0.0
0.0 0.0 0.03333333333333333 0.0 0.0 0.0
0.044642857142857144 0.0 0.0 0.0 0.0 0.0
0.03333333333333333 0.0 0.0 0.020833333333333332 0.0625 0.020833333333333332
0.0 0.075 0.041666666666666664 0.0 0.0 0.0
0.0 0.0 0.0 0.047619047619047616 0.0 0.0

Similarity combination pairings:
(np.int64(0), np.int64(5)) (np.int64(1), np.int64(2)) (np.int64(2), np.int64(0)) (np.int64(3), np.int64(4)) (np.int64(4), np.int64(1)) (np.int64(5), np.int64(3))
0.0 0.03333333333333333 0.044642857142857144 0.0625 0.075 0.047619047619047616
