4
5 75 2 140

1191.564504632046

993.4081416937352
89.78125
4 500 7200 720
3 4 17 9 1

Assigned customers matrix:
Vehicle 0:
0 68 63 42 64 22 61 28 62 73 0 0 0 0 0 0 0 0 0 0
0 75 26 10 31 25 55 18 44 0 0 0 0 0 0 0 0 0 0 0

Vehicle 1:
0 4 1 43 41 56 23 33 0 0 0 0 0 0 0 0 0 0 0 0
0 30 48 47 36 71 60 70 20 29 0 0 0 0 0 0 0 0 0 0

Vehicle 2:
0 17 3 32 9 39 72 58 0 0 0 0 0 0 0 0 0 0 0 0
0 67 46 52 57 5 21 0 0 0 0 0 0 0 0 0 0 0 0 0

Vehicle 3:
0 12 38 65 66 59 35 8 0 0 0 0 0 0 0 0 0 0 0 0
0 45 27 13 54 19 14 53 0 0 0 0 0 0 0 0 0 0 0 0

Vehicle 4:
0 6 51 16 49 24 50 40 0 0 0 0 0 0 0 0 0 0 0 0
0 34 7 11 15 37 69 74 2 0 0 0 0 0 0 0 0 0 0 0

Transported demand matrix:
140 140
140 135
126 139
136 134
137 137

Routes distance matrix:
119.16800620552658 122.26602902915302
93.3398394145933 93.63696954254081
69.50031825193503 84.48116254728991
100.16653892717247 82.70047071348782
86.01925227680984 142.12955478522636