26
3 51 6 20

5095.500142759081

4430.249680919488
44.203125
4 500 7200 720
34 8 4 1 0

Assigned customers matrix:
Vehicle 0:
0 3 24 9 27 4 0 0 0 0 0 0 0
0 44 4 3 23 22 8 0 0 0 0 0 0
0 3 26 4 29 10 31 0 0 0 0 0 0
0 3 25 9 4 0 0 0 0 0 0 0 0
0 4 3 8 0 0 0 0 0 0 0 0 0
0 43 42 3 4 28 10 0 0 0 0 0 0

Vehicle 1:
0 5 6 0 0 0 0 0 0 0 0 0 0
0 5 32 11 35 6 12 0 0 0 0 0 0
0 14 45 30 5 6 0 0 0 0 0 0 0
0 46 5 6 0 0 0 0 0 0 0 0 0
0 5 33 11 6 37 12 0 0 0 0 0 0
0 14 47 5 34 6 0 0 0 0 0 0 0

Vehicle 2:
0 48 49 36 39 38 1 2 0 0 0 0 0
0 50 51 1 16 7 2 0 0 0 0 0 0
0 15 1 19 2 40 13 0 0 0 0 0 0
0 2 1 0 0 0 0 0 0 0 0 0 0
0 41 2 18 7 17 1 0 0 0 0 0 0
0 15 1 2 21 20 13 0 0 0 0 0 0

Transported demand matrix:
17 19 19 15 13 19
10 20 17 12 20 17
20 19 20 10 19 20

Routes distance matrix:
233.2276260798244 288.590495174147 299.9947228080602 232.08459540718633 273.20504038169383 283.1540357156948
173.2035403818687 333.22757384385886 233.80075165484834 175.89855395861352 333.2278661023108 202.55500181722232
250.84046746552693 240.88872196449012 215.3713360858661 173.20504038169383 235.92221622681154 251.85209546977057