28
6 102 6 20

33794.612677890844

29573.10401564446
258.15625
4 500 7200 720
93 18 16 0 0

Assigned customers matrix:
Vehicle 0:
0 6 12 88 27 89 0 0 0 0 0 0 0
0 6 49 47 17 12 0 0 0 0 0 0 0
0 6 12 85 26 84 0 0 0 0 0 0 0
0 63 6 99 12 87 27 0 0 0 0 0 0
0 6 50 17 12 0 0 0 0 0 0 0 0
0 6 12 86 26 83 0 0 0 0 0 0 0

Vehicle 1:
0 44 16 29 80 79 10 4 0 0 0 0 0
0 20 4 41 40 15 10 0 0 0 0 0 0
0 62 60 4 10 77 76 24 0 0 0 0 0
0 4 43 16 29 96 10 0 0 0 0 0 0
0 20 59 4 42 15 10 0 0 0 0 0 0
0 4 95 10 78 24 75 0 0 0 0 0 0

Vehicle 2:
0 5 11 82 25 0 0 0 0 0 0 0 0
0 5 11 0 0 0 0 0 0 0 0 0 0
0 5 11 0 0 0 0 0 0 0 0 0 0
0 61 5 11 81 25 0 0 0 0 0 0 0
0 5 45 46 97 98 11 0 0 0 0 0 0
0 5 48 11 0 0 0 0 0 0 0 0 0

Vehicle 3:
0 1 51 52 101 7 0 0 0 0 0 0 0
0 21 65 1 32 31 13 7 0 0 0 0 0
0 1 53 18 30 102 7 0 0 0 0 0 0
0 1 7 68 67 0 0 0 0 0 0 0 0
0 21 64 66 1 34 13 7 0 0 0 0 0
0 1 54 18 30 100 90 7 0 0 0 0 0

Vehicle 4:
0 2 33 8 23 0 0 0 0 0 0 0 0
0 56 55 2 8 0 0 0 0 0 0 0 0
0 2 14 28 92 8 69 22 0 0 0 0 0
0 2 8 23 0 0 0 0 0 0 0 0 0
0 2 8 0 0 0 0 0 0 0 0 0 0
0 2 14 28 91 8 70 22 0 0 0 0 0

Vehicle 5:
0 3 9 0 0 0 0 0 0 0 0 0 0
0 19 57 3 9 0 0 0 0 0 0 0 0
0 3 38 36 35 93 9 0 0 0 0 0 0
0 3 39 9 0 0 0 0 0 0 0 0 0
0 19 58 3 37 94 9 0 0 0 0 0 0
0 3 9 74 73 72 71 0 0 0 0 0 0

Transported demand matrix:
16 16 16 18 14 16
20 18 20 18 18 18
14 10 10 16 18 12
16 20 18 14 20 20
14 14 20 12 10 20
10 14 18 12 18 18

Routes distance matrix:
1131.637025064704 632.3218606924733 1131.63591473403 1100.3859989095045 613.4542003852403 1093.9013532726915
863.1243160583332 645.1377886112837 1211.850202613729 661.0658028783987 626.8750991874238 1146.258940407262
1083.0677852009317 577.3497018943544 577.3497018943544 1085.7631910086402 640.5327508664982 588.5073324981593
644.1943568340627 638.4220135518472 661.0658028783987 857.2448464807125 668.5293173112993 896.9457739974152
1088.5086343361663 586.1546060950122 1165.639722631789 1077.3497018943544 577.3497018943544 1165.6399864719551
577.3497018943544 590.770007770532 667.4476353146906 588.5086343361664 611.8539052373549 1099.9107005359886