30
9 153 6 20

125606.57424333305

99820.0595572918
2697.03125
4 500 7200 720
157 25 60 1 0

Assigned customers matrix:
Vehicle 0:
0 112 113 11 98 99 17 132 133 0 0 0 0
0 62 23 11 96 44 148 17 0 0 0 0 0
0 26 60 11 17 0 0 0 0 0 0 0 0
0 76 77 11 17 135 134 0 0 0 0 0 0
0 63 23 11 97 44 149 17 0 0 0 0 0
0 26 61 11 17 0 0 0 0 0 0 0 0

Vehicle 1:
0 25 70 8 84 28 14 0 0 0 0 0 0
0 51 34 106 8 14 121 37 0 0 0 0 0
0 71 8 14 0 0 0 0 0 0 0 0 0
0 25 50 8 85 82 28 14 0 0 0 0 0
0 53 34 107 8 14 120 37 0 0 0 0 0
0 49 8 87 86 143 14 0 0 0 0 0 0

Vehicle 2:
0 21 9 91 30 15 0 0 0 0 0 0 0
0 9 15 124 123 122 38 142 0 0 0 0 0
0 54 9 89 29 43 144 15 0 0 0 0 0
0 21 9 90 30 15 0 0 0 0 0 0 0
0 109 108 9 15 125 38 0 0 0 0 0 0
0 9 88 29 43 145 15 0 0 0 0 0 0

Vehicle 3:
0 4 10 16 128 127 39 0 0 0 0 0 0
0 74 4 35 111 10 16 0 0 0 0 0 0
0 75 4 110 10 93 92 16 0 0 0 0 0
0 4 10 16 129 39 126 0 0 0 0 0 0
0 4 35 10 16 131 130 0 0 0 0 0 0
0 4 10 94 95 146 147 16 0 0 0 0 0

Vehicle 4:
0 5 0 0 0 0 0 0 0 0 0 0 0
0 5 22 31 40 41 42 0 0 0 0 0 0
0 5 67 24 36 105 33 0 0 0 0 0 0
0 5 0 0 0 0 0 0 0 0 0 0 0
0 5 22 31 40 41 42 0 0 0 0 0 0
0 5 64 65 24 36 103 33 0 0 0 0 0

Vehicle 5:
0 6 66 114 115 12 18 0 0 0 0 0 0
0 6 12 18 137 136 0 0 0 0 0 0 0
0 27 6 12 101 32 18 0 0 0 0 0 0
0 6 12 18 151 150 102 79 0 0 0 0 0
0 78 6 12 18 138 139 0 0 0 0 0 0
0 27 6 12 100 32 18 0 0 0 0 0 0

Vehicle 6:
0 0 0 0 0 0 0 0 0 0 0 0 0
0 0 0 0 0 0 0 0 0 0 0 0 0
0 0 0 0 0 0 0 0 0 0 0 0 0
0 0 0 0 0 0 0 0 0 0 0 0 0
0 0 0 0 0 0 0 0 0 0 0 0 0
0 73 55 56 57 58 59 0 0 0 0 0 0

Vehicle 7:
0 1 7 104 45 152 13 0 0 0 0 0 0
0 1 7 83 13 118 119 0 0 0 0 0 0
0 1 69 116 117 7 13 0 0 0 0 0 0
0 1 47 7 45 153 13 0 0 0 0 0 0
0 80 81 1 68 7 13 0 0 0 0 0 0
0 1 7 13 141 140 0 0 0 0 0 0 0

Vehicle 8:
0 2 3 0 0 0 0 0 0 0 0 0 0
0 2 48 19 20 3 0 0 0 0 0 0 0
0 2 3 0 0 0 0 0 0 0 0 0 0
0 72 3 2 0 0 0 0 0 0 0 0 0
0 2 46 19 20 52 3 0 0 0 0 0 0
0 2 3 0 0 0 0 0 0 0 0 0 0

Transported demand matrix:
20 20 13 16 20 13
18 20 10 20 20 16
16 19 20 16 17 18
19 19 20 19 19 20
4 19 17 4 19 19
18 16 20 20 18 20
0 0 0 0 0 12
19 18 18 19 18 16
8 16 8 10 18 8

Routes distance matrix:
2849.2905383315347 2034.923258541965 1740.1002194720672 2574.8226624923836 2030.3397355441707 1738.614411068655
1956.7971142705792 3317.2660458535074 1732.835205078909 2049.9936925325096 3317.26578201247 1877.6217191021465
1968.585334330587 3917.277143688977 2020.683977161814 1968.5849420996233 3293.2274325276617 2016.42534178065
3532.2141919869996 1812.3353378989 1930.0410990974724 3394.9080904950215 2759.501316046896 2012.8102150487025
115.46954038186868 6015.470006072341 1088.5159642915096 115.46954038186868 6015.470006072341 1146.3330120284977
1793.1230338323394 2571.733059634427 1961.9070786614789 1883.4339591731025 2687.6340378486248 1961.9067389764054
0.0 0.0 0.0 0.0 0.0 246.12134493711415
2001.13369009821 2747.527792848694 1793.1223827805811 2011.7845518930412 1752.0122532280116 2684.9363511117904
173.2035403818687 332.08387141676536 173.2035403818687 180.78142121279907 348.0144928002177 173.2035403818687