29
6 102 6 20

Solution history:
B_obj   B_dis   B_sim   C_obj   C_dis   C_sim   neighbor   iterations   time   scores
0.7830236065469386 25968.996980270927 0.4 0.7830236065469386 25968.996980270927 0.4 0 0 0 3.0 3.0 3.0 3.0 3.0 3.0 3.0
0.7830236065469386 25968.996980270927 0.4 0.7830236065469386 25968.996980270927 0.4 t_move_k 100 32.60865783691406 3.9699999999999998 3.0 3.0 3.0 3.0 3.0 3.0
0.7830235875925853 25968.995961220233 0.4 0.7830235875925853 25968.995961220233 0.4 t_swap_k 100 84.21744132041931 3.9699999999999998 3.0 3.9699999999999998 3.0 3.0 3.0 3.0
0.7830235875925853 25968.995961220233 0.4 0.8182316958497526 27861.903977761616 0.4 t_swap_k 100 110.96871495246887 3.9699999999999998 3.0 4.9803 3.0 3.0 3.0 3.0
0.7830235875925853 25968.995961220233 0.4 0.8129602573746528 27578.49346120284 0.4 t_move_k 100 150.8482747077942 4.9303 3.0 4.9803 3.0 3.0 3.0 3.0
0.7830235875925853 25968.995961220233 0.4 0.8129602573746528 27578.49346120284 0.4 t_move_k 100 167.76320695877075 5.880997 3.0 4.9803 3.0 3.0 3.0 3.0
0.7830235875925853 25968.995961220233 0.4 0.8129602573746528 27578.49346120284 0.4 t_move_k 100 187.26945662498474 6.82218703 3.0 4.9803 3.0 3.0 3.0 3.0
0.7830235875925853 25968.995961220233 0.4 0.8129602573746528 27578.49346120284 0.4 t_swap_r_k 100 246.03621292114258 6.82218703 3.0 4.9803 3.0 3.0 4.01 3.0
0.7830235875925853 25968.995961220233 0.4 0.8129602573746528 27578.49346120284 0.4 t_swap_r_k 100 343.29637932777405 6.82218703 3.0 4.9803 3.0 3.0 5.0099 3.0
0.7830235875925853 25968.995961220233 0.4 0.8550222420286007 28212.467359446488 0.4 swap_t 100 361.8462612628937 6.82218703 3.0 4.9803 3.0 3.98 5.0099 3.0
0.7830235875925853 25968.995961220233 0.4 0.8544224819749369 28864.79519376828 0.36666666666666664 swap_t 100 379.5314793586731 6.82218703 3.0 4.9803 3.0 4.9502 5.0099 3.0
0.7830235875925853 25968.995961220233 0.4 0.8444341870147065 28374.582435385502 0.36666666666666664 t_swap_k 100 429.0995490550995 6.82218703 3.0 6.000496999999999 3.0 4.9502 5.0099 3.0
0.7830235875925853 25968.995961220233 0.4 0.8334294387539832 27782.929624885455 0.36666666666666664 t_swap_k 100 473.4464621543884 6.82218703 3.0 6.970492029999999 3.0 4.9502 5.0099 3.0
0.7830235875925853 25968.995961220233 0.4 0.8334294387539832 27782.929624885455 0.36666666666666664 t_swap_r_k 100 572.2239320278168 6.82218703 3.0 6.970492029999999 3.0 4.9502 5.999801 3.0
0.7830235875925853 25968.995961220233 0.4 0.8330450419607609 27861.82501523431 0.37037037037037035 swap_t 100 593.1213762760162 6.82218703 3.0 6.970492029999999 3.0 5.930698 5.999801 3.0
0.7830235875925853 25968.995961220233 0.4 0.8164982342949891 27768.70717066789 0.4 t_move_k 100 630.3283956050873 7.843965159700001 3.0 6.970492029999999 3.0 5.930698 5.999801 3.0
0.7830235875925853 25968.995961220233 0.4 0.8144110734900425 27656.494285197394 0.4 f_swap_t 100 681.284083366394 7.843965159700001 3.0 6.970492029999999 3.9699999999999998 5.930698 5.999801 3.0
0.7830235875925853 25968.995961220233 0.4 0.8144110734900425 27656.494285197394 0.4 swap_t 100 718.6042783260345 7.843965159700001 3.0 6.970492029999999 3.9699999999999998 6.871391019999999 5.999801 3.0
0.7830235875925853 25968.995961220233 0.4 0.8144110734900425 27656.494285197394 0.4 t_move_k 100 740.6325061321259 8.765525508103 3.0 6.970492029999999 3.9699999999999998 6.871391019999999 5.999801 3.0
0.7830235875925853 25968.995961220233 0.4 0.8144110734900425 27656.494285197394 0.4 f_swap_t 100 792.1474423408508 8.765525508103 3.0 6.970492029999999 4.9303 6.871391019999999 5.999801 3.0
0.7830235875925853 25968.995961220233 0.4 0.8144110734900425 27656.494285197394 0.4 t_swap_r_k 100 891.4524123668671 8.765525508103 3.0 6.970492029999999 4.9303 6.871391019999999 6.97980299 3.0
0.7830235875925853 25968.995961220233 0.4 0.8144110734900425 27656.494285197394 0.4 t_move_k 100 911.0503256320953 9.67787025302197 3.0 6.970492029999999 4.9303 6.871391019999999 6.97980299 3.0
0.7830235875925853 25968.995961220233 0.4 0.8332943028262685 27775.664256379274 0.36666666666666664 t_swap_k 100 962.4629616737366 9.67787025302197 3.0 7.940787109699999 4.9303 6.871391019999999 6.97980299 3.0
0.7830235875925853 25968.995961220233 0.4 0.8458753841203993 28452.06610860236 0.36666666666666664 t_move_k 100 984.5063033103943 10.67109155049175 3.0 7.940787109699999 4.9303 6.871391019999999 6.97980299 3.0
0.7830235875925853 25968.995961220233 0.4 0.8356525692879133 28798.50956717252 0.4 t_move_k 100 1014.2155923843384 11.654380634986833 3.0 7.940787109699999 4.9303 6.871391019999999 6.97980299 3.0
0.7830235875925853 25968.995961220233 0.4 0.8327736263573424 28643.72777336985 0.4 t_swap_r_k 100 1089.463876247406 11.654380634986833 3.0 7.940787109699999 4.9303 6.871391019999999 7.950004960099999 3.0
0.7830235875925853 25968.995961220233 0.4 0.831565510557523 28578.77534634126 0.4 swap_t 100 1102.7778882980347 11.654380634986833 3.0 7.940787109699999 4.9303 7.802677109799999 7.950004960099999 3.0
0.7830235875925853 25968.995961220233 0.4 0.8252214254145688 28436.81943219279 0.4074074074074074 t_move_k 100 1129.6138935089111 12.627836828636964 3.0 7.940787109699999 4.9303 7.802677109799999 7.950004960099999 3.0
0.7830235875925853 25968.995961220233 0.4 0.8097659661347835 28302.814326753694 0.43333333333333335 t_swap_k 100 1155.4789361953735 12.627836828636964 3.0 8.891379238603 4.9303 7.802677109799999 7.950004960099999 3.0
0.7830235875925853 25968.995961220233 0.4 0.8082128039690814 28219.311029928656 0.43333333333333335 t_swap_k 100 1212.1834473609924 12.627836828636964 3.0 9.802465446216969 4.9303 7.802677109799999 7.950004960099999 3.0
0.7830235875925853 25968.995961220233 0.4 0.8074217436984772 28176.780930985064 0.43333333333333335 swap_t 100 1238.446983575821 12.627836828636964 3.0 9.802465446216969 4.9303 8.724650338701998 7.950004960099999 3.0
0.7830235875925853 25968.995961220233 0.4 0.8074217436984772 28176.780930985064 0.43333333333333335 move_t 100 1254.9016540050507 12.627836828636964 3.9699999999999998 9.802465446216969 4.9303 8.724650338701998 7.950004960099999 3.0
0.7830235875925853 25968.995961220233 0.4 0.8074217436984772 28176.780930985064 0.43333333333333335 t_move_k 100 1288.8152463436127 13.501558460350594 3.9699999999999998 9.802465446216969 4.9303 8.724650338701998 7.950004960099999 3.0
0.7830235875925853 25968.995961220233 0.4 0.8074217436984772 28176.780930985064 0.43333333333333335 t_swap_k 100 1331.0373361110687 13.501558460350594 3.9699999999999998 10.704440791754799 4.9303 8.724650338701998 7.950004960099999 3.0
0.7830235875925853 25968.995961220233 0.4 0.8074217436984772 28176.780930985064 0.43333333333333335 t_move_k 100 1384.3608920574188 14.366542875747088 3.9699999999999998 10.704440791754799 4.9303 8.724650338701998 7.950004960099999 3.0
0.7830235875925853 25968.995961220233 0.4 0.8074217436984772 28176.780930985064 0.43333333333333335 t_swap_r_k 100 1533.6199564933777 14.366542875747088 3.9699999999999998 10.704440791754799 4.9303 8.724650338701998 8.910504910499 3.0
0.7830235875925853 25968.995961220233 0.4 0.8074217436984772 28176.780930985064 0.43333333333333335 t_swap_r_k 100 1666.796903848648 14.366542875747088 3.9699999999999998 10.704440791754799 4.9303 8.724650338701998 9.86139986139401 3.0
0.7830235875925853 25968.995961220233 0.4 0.8074217436984772 28176.780930985064 0.43333333333333335 t_swap_r_k 100 1802.7218933105469 14.366542875747088 3.9699999999999998 10.704440791754799 4.9303 8.724650338701998 10.802785862780071 3.0
0.7830235875925853 25968.995961220233 0.4 0.8153116805627102 28600.97085426138 0.43333333333333335 t_swap_k 100 1841.9151437282562 14.366542875747088 3.9699999999999998 11.607396383837251 4.9303 8.724650338701998 10.802785862780071 3.0
0.7830235875925853 25968.995961220233 0.4 0.8159551805634626 28934.253229781567 0.4444444444444444 t_swap_k 100 1883.9934113025665 14.366542875747088 3.9699999999999998 12.681322419998878 4.9303 8.724650338701998 10.802785862780071 3.0
0.7830235875925853 25968.995961220233 0.4 0.8112135358344731 28679.326232467865 0.4444444444444444 t_swap_k 100 1926.4647133350372 14.366542875747088 3.9699999999999998 13.55450919579889 4.9303 8.724650338701998 10.802785862780071 3.0
0.7830235875925853 25968.995961220233 0.4 0.810931683360533 28664.17288189571 0.4444444444444444 t_move_k 100 1958.0075242519379 15.252877446989617 3.9699999999999998 13.55450919579889 4.9303 8.724650338701998 10.802785862780071 3.0
0.7830235875925853 25968.995961220233 0.4 0.8104200742913901 28636.667032923586 0.4444444444444444 t_move_k 100 2017.2811305522919 16.13034867251972 3.9699999999999998 13.55450919579889 4.9303 8.724650338701998 10.802785862780071 3.0
0.7830235875925853 25968.995961220233 0.4 0.8099629086905964 28612.088250550263 0.4444444444444444 move_t 100 2068.458975791931 16.13034867251972 4.9303 13.55450919579889 4.9303 8.724650338701998 10.802785862780071 3.0
0.7830235875925853 25968.995961220233 0.4 0.8137368852593947 28814.990106257417 0.4444444444444444 t_multiswap_k 100 2093.1642837524414 16.13034867251972 4.9303 13.55450919579889 4.9303 8.724650338701998 10.802785862780071 3.98
0.7830235875925853 25968.995961220233 0.4 0.8117658476522505 28709.020400068835 0.4444444444444444 t_swap_k 100 2134.0696682929993 16.13034867251972 4.9303 14.418964103840901 4.9303 8.724650338701998 10.802785862780071 3.98
0.7830235875925853 25968.995961220233 0.4 0.8014391607102395 28153.822479349346 0.4444444444444444 move_t 100 2164.0845375061035 16.13034867251972 5.910997 14.418964103840901 4.9303 8.724650338701998 10.802785862780071 3.98
0.7830235875925853 25968.995961220233 0.4 0.7936118834451861 27733.00134989558 0.4444444444444444 t_swap_k 100 2201.1153798103333 16.13034867251972 5.910997 15.314774462802491 4.9303 8.724650338701998 10.802785862780071 3.98
0.7830235875925853 25968.995961220233 0.4 0.788357883019885 27450.528362385958 0.4444444444444444 move_t 100 2222.3713047504425 16.13034867251972 6.85188703 15.314774462802491 4.9303 8.724650338701998 10.802785862780071 3.98
0.7830235875925853 25968.995961220233 0.4 0.788357883019885 27450.528362385958 0.4444444444444444 f_swap_t 100 2246.664942741394 16.13034867251972 6.85188703 15.314774462802491 5.880997 8.724650338701998 10.802785862780071 3.98
0.7830235875925853 25968.995961220233 0.4 0.7939134385754405 27450.528362385958 0.43333333333333335 t_swap_r_k 100 2366.1069779396057 16.13034867251972 6.85188703 15.314774462802491 5.880997 8.724650338701998 11.73475800415227 3.98
0.7830235875925853 25968.995961220233 0.4 0.8023328996086779 28304.867973040517 0.4482758620689655 t_swap_k 100 2433.8715353012085 16.13034867251972 6.85188703 16.261626718174465 5.880997 8.724650338701998 11.73475800415227 3.98
0.7830235875925853 25968.995961220233 0.4 0.8056547239739844 28081.77992219902 0.43333333333333335 t_swap_r_k 100 2597.532346010208 16.13034867251972 6.85188703 16.261626718174465 5.880997 8.724650338701998 12.657410424110749 3.98
0.7830235875925853 25968.995961220233 0.4 0.8084061956407924 28631.389087496536 0.4482758620689655 t_swap_k 100 2680.2471170425415 16.13034867251972 6.85188703 17.169010450992722 5.880997 8.724650338701998 12.657410424110749 3.98
0.7830235875925853 25968.995961220233 0.4 0.8050989510921908 28453.580337506784 0.4482758620689655 swap_t 100 2702.036851167679 16.13034867251972 6.85188703 17.169010450992722 5.880997 9.637403835314979 12.657410424110749 3.98
0.7830235875925853 25968.995961220233 0.4 0.8050989510921908 28453.580337506784 0.4482758620689655 t_swap_r_k 100 2858.5774188041687 16.13034867251972 6.85188703 17.169010450992722 5.880997 9.637403835314979 13.570836319869642 3.98
0.7830235875925853 25968.995961220233 0.4 0.8050989510921908 28453.580337506784 0.4482758620689655 t_swap_k 100 2907.686309814453 16.13034867251972 6.85188703 17.997320346482795 5.880997 9.637403835314979 13.570836319869642 3.98
0.7830235875925853 25968.995961220233 0.4 0.8121945149081833 28835.062055611845 0.4482758620689655 t_move_k 100 2953.656402349472 17.009045185794523 6.85188703 17.997320346482795 5.880997 9.637403835314979 13.570836319869642 3.98
0.7830235875925853 25968.995961220233 0.4 0.8082563933825042 28623.3352070228 0.4482758620689655 t_multiswap_k 100 3002.827029943466 17.009045185794523 6.85188703 17.997320346482795 5.880997 9.637403835314979 13.570836319869642 4.9402
0.7830235875925853 25968.995961220233 0.4 0.8082563933825042 28623.3352070228 0.4482758620689655 t_swap_k 100 3035.9350657463074 17.009045185794523 6.85188703 18.817347143017965 5.880997 9.637403835314979 13.570836319869642 4.9402
0.7830235875925853 25968.995961220233 0.4 0.8062656856043772 28516.307965335058 0.4482758620689655 t_swap_k 100 3081.7854709625244 17.009045185794523 6.85188703 19.659173671587787 5.880997 9.637403835314979 13.570836319869642 4.9402
0.7830235875925853 25968.995961220233 0.4 0.8146861511221174 28567.340257467255 0.43333333333333335 t_swap_k 100 3125.599421262741 17.009045185794523 6.85188703 20.50258193487191 5.880997 9.637403835314979 13.570836319869642 4.9402
0.7830235875925853 25968.995961220233 0.4 0.8132261942106384 28787.533613193205 0.4444444444444444 t_move_k 100 3186.1868245601654 17.898954733936577 6.85188703 20.50258193487191 5.880997 9.637403835314979 13.570836319869642 4.9402
0.7830235875925853 25968.995961220233 0.4 0.8128347327201151 28766.487307945383 0.4444444444444444 swap_t 100 3220.033328294754 17.898954733936577 6.85188703 20.50258193487191 5.880997 10.54102979696183 13.570836319869642 4.9402
0.7830235875925853 25968.995961220233 0.4 0.8128347327201151 28766.487307945383 0.4444444444444444 t_swap_r_k 100 3337.915323972702 17.898954733936577 6.85188703 20.50258193487191 5.880997 10.54102979696183 14.475127956670946 4.9402
0.7830235875925853 25968.995961220233 0.4 0.8190270377567793 29202.401793914225 0.4482758620689655 t_move_k 100 3352.9963800907135 18.78996518659721 6.85188703 20.50258193487191 5.880997 10.54102979696183 14.475127956670946 4.9402
0.7830235875925853 25968.995961220233 0.4 0.8118160019881722 29192.104066119744 0.4666666666666667 move_t 100 3355.925834417343 18.78996518659721 7.8133681597 20.50258193487191 5.880997 10.54102979696183 14.475127956670946 4.9402
0.7830235875925853 25968.995961220233 0.4 0.8101381858311678 29218.882987812496 0.4666666666666667 move_t 100 3373.934417247772 18.78996518659721 8.825234478103 20.50258193487191 5.880997 10.54102979696183 14.475127956670946 4.9402
0.7830235875925853 25968.995961220233 0.4 0.8343516005515628 29507.223121282386 0.4666666666666667 move_t 100 3396.6614005565643 18.78996518659721 9.77698213332197 20.50258193487191 5.880997 10.54102979696183 14.475127956670946 4.9402
0.7830235875925853 25968.995961220233 0.4 0.8148843444479937 28979.676468344474 0.4482758620689655 t_swap_k 100 3431.409746170044 18.78996518659721 9.77698213332197 21.38755611552319 5.880997 10.54102979696183 14.475127956670946 4.9402
0.7830235875925853 25968.995961220233 0.4 0.8114673695255853 28795.968239100686 0.4482758620689655 t_swap_r_k 100 3594.1281802654266 18.78996518659721 9.77698213332197 21.38755611552319 5.880997 10.54102979696183 15.370376677104236 4.9402
0.7830235875925853 25968.995961220233 0.4 0.8114673695255853 28795.968239100686 0.4482758620689655 t_swap_r_k 100 3779.2322504520416 18.78996518659721 9.77698213332197 21.38755611552319 5.880997 10.54102979696183 16.256672910333194 4.9402