5

Similarity 1
0.5833333333333334

Similarity combination matrix:
0.5833333333333334 0.375 0.375 0.16666666666666666 0.25 0.20833333333333334
0.2 0.2 0.72 0.28 0.0 0.08
0.3888888888888889 0.3333333333333333 0.2777777777777778 0.6666666666666666 0.3333333333333333 0.2777777777777778
0.4 0.6 0.3 0.4 0.2 0.25
0.3888888888888889 0.16666666666666666 0.0 0.2222222222222222 0.6666666666666666 0.2777777777777778
0.6666666666666666 0.3333333333333333 0.0 0.16666666666666666 0.4166666666666667 0.5833333333333334

Similarity combination pairings:
(np.int64(0), np.int64(0)) (np.int64(1), np.int64(2)) (np.int64(2), np.int64(3)) (np.int64(3), np.int64(1)) (np.int64(4), np.int64(4)) (np.int64(5), np.int64(5))
0.5833333333333334 0.72 0.6666666666666666 0.6 0.6666666666666666 0.5833333333333334

Similarity 2
0.0

Similarity combination matrix:
0.0 0.0 0.02857142857142857 0.0 0.0 0.0
0.0 0.02 0.04857142857142857 0.0 0.0 0.0
0.0 0.02857142857142857 0.03333333333333333 0.05 0.0 0.05714285714285714
0.0 0.04722222222222222 0.0 0.09166666666666666 0.0 0.0
0.0 0.0 0.0 0.0 0.02857142857142857 0.0
0.0 0.0 0.0 0.0 0.0 0.0

Similarity combination pairings:
(np.int64(0), np.int64(2)) (np.int64(1), np.int64(1)) (np.int64(2), np.int64(5)) (np.int64(3), np.int64(3)) (np.int64(4), np.int64(4)) (np.int64(5), np.int64(0))
0.02857142857142857 0.02 0.05714285714285714 0.09166666666666666 0.02857142857142857 0.0

Similarity 3
0.0

Similarity combination matrix:
0.0 0.0 0.03333333333333333 0.0 0.0 0.0
0.0 0.02222222222222222 0.05555555555555556 0.0 0.0 0.0
0.0 0.03333333333333333 0.04 0.06666666666666667 0.0 0.06666666666666667
0.0 0.05357142857142857 0.0 0.10857142857142858 0.0 0.0
0.0 0.0 0.0 0.0 0.06666666666666667 0.0
0.0 0.0 0.0 0.0 0.0 0.0

Similarity combination pairings:
(np.int64(0), np.int64(1)) (np.int64(1), np.int64(2)) (np.int64(2), np.int64(5)) (np.int64(3), np.int64(3)) (np.int64(4), np.int64(4)) (np.int64(5), np.int64(0))
0.0 0.05555555555555556 0.06666666666666667 0.10857142857142858 0.06666666666666667 0.0
