3
1 50 5 160

767.1346913653886
100 15
Neighbourhoods:
t_move_k move_t t_swap_k f_swap_t swap_t t_swap_r_k t_multiswap_k
0.0 600.0 0.0 800.0 800.0 0.0 900.0
0.0 0.0 0.0 0.0 0.0 0.0 0.0
0.0 0.0 0.0 0.0 0.0 0.0 0.0
0.0 -10579453499.478235 0.0 -14105937995.122023 -14105937998.278273 0.0 -15869180231.193916
0.0 -17632422.49913039 0.0 -17632422.493902527 -17632422.49784784 0.0 -17632422.47910435
0.0 0.0 0.0 0.0 0.0 0.0 0.0
0.0 0.0 0.0 0.0 0.0 0.0 0.0

Assigned customers matrix:
Vehicle 0:
0 11 12 47 17 13 18 6 0 0 0 0 0 0 0 0 0 0 0 0 0 0 0 0 0 0 0 0 0 0 0 0 0 0 0 0 0 0 0 0 0 0 0 0 0 0 0 0 0 0 0 0 0 0 0 0 0 0
0 27 32 35 38 5 37 44 42 19 41 0 0 0 0 0 0 0 0 0 0 0 0 0 0 0 0 0 0 0 0 0 0 0 0 0 0 0 0 0 0 0 0 0 0 0 0 0 0 0 0 0 0 0 0 0 0 0
0 43 26 31 28 22 3 20 2 29 21 16 9 49 0 0 0 0 0 0 0 0 0 0 0 0 0 0 0 0 0 0 0 0 0 0 0 0 0 0 0 0 0 0 0 0 0 0 0 0 0 0 0 0 0 0 0 0
0 14 24 23 7 48 8 1 0 0 0 0 0 0 0 0 0 0 0 0 0 0 0 0 0 0 0 0 0 0 0 0 0 0 0 0 0 0 0 0 0 0 0 0 0 0 0 0 0 0 0 0 0 0 0 0 0 0
0 25 4 40 15 45 33 39 10 30 34 50 36 46 0 0 0 0 0 0 0 0 0 0 0 0 0 0 0 0 0 0 0 0 0 0 0 0 0 0 0 0 0 0 0 0 0 0 0 0 0 0 0 0 0 0 0 0

Transported demand matrix:
160 160 160 160 138

Routes distance matrix:
103.94871060541996 158.39779369395083 177.8516283107391 90.48544428831671 236.451114466962

Solution history:
1.0 767.1346913653886 1.0 1.0 0 0 0 0.0 3.0 0.0 3.0 3.0 0.0 3.0
1.0 767.1346913653886 1.0 1.0 swap_t 100 -1763242256.1656435 0.0 3.0 0.0 3.0 3.9699999999999998 0.0 3.0
1.0 767.1346913653886 1.0 1.0 move_t 100 -1763242255.8687685 0.0 3.9699999999999998 0.0 3.0 3.9699999999999998 0.0 3.0
1.0 767.1346913653886 1.0 1.0 f_swap_t 100 -1763242255.0718935 0.0 3.9699999999999998 0.0 3.9699999999999998 3.9699999999999998 0.0 3.0
1.0 767.1346913653886 1.0 1.0 f_swap_t 100 -1763242254.1343935 0.0 3.9699999999999998 0.0 4.9303 3.9699999999999998 0.0 3.0
1.0 767.1346913653886 1.0 1.0 move_t 100 -1763242253.6968935 0.0 4.9303 0.0 4.9303 3.9699999999999998 0.0 3.0
1.0 767.1346913653886 1.0 1.0 f_swap_t 100 -1763242252.9156435 0.0 4.9303 0.0 5.880997 3.9699999999999998 0.0 3.0
1.0 767.1346913653886 1.0 1.0 swap_t 100 -1763242252.4000185 0.0 4.9303 0.0 5.880997 4.9303 0.0 3.0
1.0 767.1346913653886 1.0 1.0 t_multiswap_k 100 -1763242252.3375185 0.0 4.9303 0.0 5.880997 4.9303 0.0 3.9699999999999998
1.0 767.1346913653886 1.0 1.0 t_multiswap_k 100 -1763242252.2593935 0.0 4.9303 0.0 5.880997 4.9303 0.0 4.9303
1.0 767.1346913653886 1.0 1.0 t_multiswap_k 100 -1763242252.1812685 0.0 4.9303 0.0 5.880997 4.9303 0.0 5.880997
1.0 767.1346913653886 1.0 1.0 swap_t 100 -1763242251.6343935 0.0 4.9303 0.0 5.880997 5.880997 0.0 5.880997
1.0 767.1346913653886 1.0 1.0 swap_t 100 -1763242251.1031435 0.0 4.9303 0.0 5.880997 6.82218703 0.0 5.880997
1.0 767.1346913653886 1.0 1.0 move_t 100 -1763242250.8375185 0.0 5.880997 0.0 5.880997 6.82218703 0.0 5.880997
1.0 767.1346913653886 1.0 1.0 f_swap_t 100 -1763242250.0093935 0.0 5.880997 0.0 6.82218703 6.82218703 0.0 5.880997
1.0 767.1346913653886 1.0 1.0 swap_t 100 -1763242249.4312685 0.0 5.880997 0.0 6.82218703 7.7539651597 0.0 5.880997
1.0 767.1346913653886 1.0 1.0 f_swap_t 100 -1763242248.6812685 0.0 5.880997 0.0 7.7539651597 7.7539651597 0.0 5.880997
1.0 767.1346913653886 1.0 1.0 t_multiswap_k 100 -1763242248.5875185 0.0 5.880997 0.0 7.7539651597 7.7539651597 0.0 6.82218703
1.0 767.1346913653886 1.0 1.0 t_multiswap_k 100 -1763242248.5093935 0.0 5.880997 0.0 7.7539651597 7.7539651597 0.0 7.7539651597
1.0 767.1346913653886 1.0 1.0 move_t 100 -1763242248.1500185 0.0 6.82218703 0.0 7.7539651597 7.7539651597 0.0 7.7539651597
1.0 767.1346913653886 1.0 1.0 f_swap_t 100 -1763242247.1968935 0.0 6.82218703 0.0 8.676425508103 7.7539651597 0.0 7.7539651597
1.0 767.1346913653886 1.0 1.0 move_t 100 -1763242246.8531435 0.0 7.7539651597 0.0 8.676425508103 7.7539651597 0.0 7.7539651597
1.0 767.1346913653886 1.0 1.0 swap_t 100 -1763242246.4312685 0.0 7.7539651597 0.0 8.676425508103 8.676425508103 0.0 7.7539651597
1.0 767.1346913653886 1.0 1.0 t_multiswap_k 100 -1763242246.3687685 0.0 7.7539651597 0.0 8.676425508103 8.676425508103 0.0 8.676425508103
1.0 767.1346913653886 1.0 1.0 swap_t 100 -1763242245.7750185 0.0 7.7539651597 0.0 8.676425508103 9.58966125302197 0.0 8.676425508103
1.0 767.1346913653886 1.0 1.0 swap_t 100 -1763242245.3375185 0.0 7.7539651597 0.0 8.676425508103 10.493764640491749 0.0 8.676425508103
1.0 767.1346913653886 1.0 1.0 f_swap_t 100 -1763242244.4625185 0.0 7.7539651597 0.0 9.58966125302197 10.493764640491749 0.0 8.676425508103
1.0 767.1346913653886 1.0 1.0 t_multiswap_k 100 -1763242244.4000185 0.0 7.7539651597 0.0 9.58966125302197 10.493764640491749 0.0 9.58966125302197
1.0 767.1346913653886 1.0 1.0 move_t 100 -1763242244.0718935 0.0 8.676425508103 0.0 9.58966125302197 10.493764640491749 0.0 9.58966125302197
1.0 767.1346913653886 1.0 1.0 t_multiswap_k 100 -1763242243.9781435 0.0 8.676425508103 0.0 9.58966125302197 10.493764640491749 0.0 10.493764640491749
1.0 767.1346913653886 1.0 1.0 f_swap_t 100 -1763242242.6500185 0.0 8.676425508103 0.0 10.493764640491749 10.493764640491749 0.0 10.493764640491749
1.0 767.1346913653886 1.0 1.0 t_multiswap_k 100 -1763242242.5718935 0.0 8.676425508103 0.0 10.493764640491749 10.493764640491749 0.0 11.388826994086832