3
1 50 5 160

767.1346913653886
100 15
Neighbourhoods:
t_move_k move_t t_swap_k f_swap_t swap_t t_swap_r_k t_multiswap_k
0.0 100.0 1200.0 600.0 1600.0 0.0 3200.0
0.0 0.0 0.0 0.0 0.0 0.0 0.0
0.0 0.0 0.0 0.0 0.0 0.0 0.0
0.0 -1763242254.2733412 -21158907037.9051 -10579453496.327549 -28211876046.93597 0.0 -56423752106.403145
0.0 -17632422.542733412 -17632422.531587586 -17632422.493879247 -17632422.52933498 0.0 -17632422.533250984
0.0 0.0 0.0 0.0 0.0 0.0 0.0
0.0 0.0 0.0 0.0 0.0 0.0 0.0

Assigned customers matrix:
Vehicle 0:
0 11 12 47 17 13 18 6 0 0 0 0 0 0 0 0 0 0 0 0 0 0 0 0 0 0 0 0 0 0 0 0 0 0 0 0 0 0 0 0 0 0 0 0 0 0 0 0 0 0 0 0 0 0 0 0 0 0
0 27 32 35 38 5 37 44 42 19 41 0 0 0 0 0 0 0 0 0 0 0 0 0 0 0 0 0 0 0 0 0 0 0 0 0 0 0 0 0 0 0 0 0 0 0 0 0 0 0 0 0 0 0 0 0 0 0
0 43 26 31 28 22 3 20 2 29 21 16 9 49 0 0 0 0 0 0 0 0 0 0 0 0 0 0 0 0 0 0 0 0 0 0 0 0 0 0 0 0 0 0 0 0 0 0 0 0 0 0 0 0 0 0 0 0
0 14 24 23 7 48 8 1 0 0 0 0 0 0 0 0 0 0 0 0 0 0 0 0 0 0 0 0 0 0 0 0 0 0 0 0 0 0 0 0 0 0 0 0 0 0 0 0 0 0 0 0 0 0 0 0 0 0
0 25 4 40 15 45 33 39 10 30 34 50 36 46 0 0 0 0 0 0 0 0 0 0 0 0 0 0 0 0 0 0 0 0 0 0 0 0 0 0 0 0 0 0 0 0 0 0 0 0 0 0 0 0 0 0 0 0

Transported demand matrix:
160 160 160 160 138

Routes distance matrix:
103.94871060541996 158.39779369395083 177.8516283107391 90.48544428831671 236.451114466962

Solution history:
1.0 767.1346913653886 1.0 1.0 0 0 0 0.0 3.0 0.0 3.0 3.0 0.0 3.0
1.0 767.1346913653886 1.0 1.0 t_swap_k 100 -1763242258.8202162 0.0 3.0 1.0 3.0 3.0 0.0 3.0
1.0 767.1346913653886 1.0 1.0 t_multiswap_k 100 -1763242258.7264662 0.0 3.0 1.0 3.0 3.0 0.0 3.9699999999999998
1.0 767.1346913653886 1.0 1.0 swap_t 100 -1763242258.3827162 0.0 3.0 1.0 3.0 3.9699999999999998 0.0 3.9699999999999998
1.0 767.1346913653886 1.0 1.0 t_multiswap_k 100 -1763242258.3045912 0.0 3.0 1.0 3.0 3.9699999999999998 0.0 4.9303
1.0 767.1346913653886 1.0 1.0 t_multiswap_k 100 -1763242258.2577162 0.0 3.0 1.0 3.0 3.9699999999999998 0.0 5.880997
1.0 767.1346913653886 1.0 1.0 t_multiswap_k 100 -1763242258.1952162 0.0 3.0 1.0 3.0 3.9699999999999998 0.0 6.82218703
1.0 767.1346913653886 1.0 1.0 swap_t 100 -1763242257.7577162 0.0 3.0 1.0 3.0 4.9303 0.0 6.82218703
1.0 767.1346913653886 1.0 1.0 swap_t 100 -1763242257.3670912 0.0 3.0 1.0 3.0 5.880997 0.0 6.82218703
1.0 767.1346913653886 1.0 1.0 swap_t 100 -1763242257.0077162 0.0 3.0 1.0 3.0 6.82218703 0.0 6.82218703
1.0 767.1346913653886 1.0 1.0 swap_t 100 -1763242256.7108412 0.0 3.0 1.0 3.0 7.7539651597 0.0 6.82218703
1.0 767.1346913653886 1.0 1.0 t_multiswap_k 100 -1763242256.6170912 0.0 3.0 1.0 3.0 7.7539651597 0.0 7.7539651597
1.0 767.1346913653886 1.0 1.0 t_multiswap_k 100 -1763242256.5389662 0.0 3.0 1.0 3.0 7.7539651597 0.0 8.676425508103
1.0 767.1346913653886 1.0 1.0 t_swap_k 100 -1763242256.4608412 0.0 3.0 1.99 3.0 7.7539651597 0.0 8.676425508103
1.0 767.1346913653886 1.0 1.0 t_multiswap_k 100 -1763242256.3670912 0.0 3.0 1.99 3.0 7.7539651597 0.0 9.58966125302197
1.0 767.1346913653886 1.0 1.0 t_swap_k 100 -1763242256.2733412 0.0 3.0 2.9701 3.0 7.7539651597 0.0 9.58966125302197
1.0 767.1346913653886 1.0 1.0 t_multiswap_k 100 -1763242256.1795912 0.0 3.0 2.9701 3.0 7.7539651597 0.0 10.493764640491749
1.0 767.1346913653886 1.0 1.0 t_swap_k 100 -1763242256.1014662 0.0 3.0 3.940399 3.0 7.7539651597 0.0 10.493764640491749
1.0 767.1346913653886 1.0 1.0 t_multiswap_k 100 -1763242256.0233412 0.0 3.0 3.940399 3.0 7.7539651597 0.0 11.388826994086832
1.0 767.1346913653886 1.0 1.0 t_multiswap_k 100 -1763242255.9452162 0.0 3.0 3.940399 3.0 7.7539651597 0.0 12.274938724145963
1.0 767.1346913653886 1.0 1.0 t_swap_k 100 -1763242255.8827162 0.0 3.0 4.90099501 3.0 7.7539651597 0.0 12.274938724145963
1.0 767.1346913653886 1.0 1.0 t_multiswap_k 100 -1763242255.7889662 0.0 3.0 4.90099501 3.0 7.7539651597 0.0 13.152189336904504
1.0 767.1346913653886 1.0 1.0 f_swap_t 100 -1763242255.3983412 0.0 3.0 4.90099501 3.9699999999999998 7.7539651597 0.0 13.152189336904504
1.0 767.1346913653886 1.0 1.0 t_swap_k 100 -1763242255.3358412 0.0 3.0 5.8519850599 3.9699999999999998 7.7539651597 0.0 13.152189336904504
1.0 767.1346913653886 1.0 1.0 t_multiswap_k 100 -1763242255.2889662 0.0 3.0 5.8519850599 3.9699999999999998 7.7539651597 0.0 14.020667443535459
1.0 767.1346913653886 1.0 1.0 swap_t 100 -1763242254.8670912 0.0 3.0 5.8519850599 3.9699999999999998 8.676425508103 0.0 14.020667443535459
1.0 767.1346913653886 1.0 1.0 t_multiswap_k 100 -1763242254.7889662 0.0 3.0 5.8519850599 3.9699999999999998 8.676425508103 0.0 14.880460769100104
1.0 767.1346913653886 1.0 1.0 t_swap_k 100 -1763242254.7264662 0.0 3.0 6.793465209301 3.9699999999999998 8.676425508103 0.0 14.880460769100104
1.0 767.1346913653886 1.0 1.0 t_multiswap_k 100 -1763242254.6327162 0.0 3.0 6.793465209301 3.9699999999999998 8.676425508103 0.0 15.731656161409102
1.0 767.1346913653886 1.0 1.0 t_multiswap_k 100 -1763242254.5545912 0.0 3.0 6.793465209301 3.9699999999999998 8.676425508103 0.0 16.57433959979501
1.0 767.1346913653886 1.0 1.0 t_swap_k 100 -1763242254.4608412 0.0 3.0 7.72553055720799 3.9699999999999998 8.676425508103 0.0 16.57433959979501
1.0 767.1346913653886 1.0 1.0 move_t 100 -1763242254.2733412 0.0 3.9699999999999998 7.72553055720799 3.9699999999999998 8.676425508103 0.0 16.57433959979501
1.0 767.1346913653886 1.0 1.0 t_multiswap_k 100 -1763242254.2108412 0.0 3.9699999999999998 7.72553055720799 3.9699999999999998 8.676425508103 0.0 17.40859620379706
1.0 767.1346913653886 1.0 1.0 t_multiswap_k 100 -1763242254.1483412 0.0 3.9699999999999998 7.72553055720799 3.9699999999999998 8.676425508103 0.0 18.23451024175909
1.0 767.1346913653886 1.0 1.0 swap_t 100 -1763242253.8045912 0.0 3.9699999999999998 7.72553055720799 3.9699999999999998 9.58966125302197 0.0 18.23451024175909
1.0 767.1346913653886 1.0 1.0 swap_t 100 -1763242253.4139662 0.0 3.9699999999999998 7.72553055720799 3.9699999999999998 10.493764640491749 0.0 18.23451024175909
1.0 767.1346913653886 1.0 1.0 t_multiswap_k 100 -1763242253.3514662 0.0 3.9699999999999998 7.72553055720799 3.9699999999999998 10.493764640491749 0.0 19.052165139341497
1.0 767.1346913653886 1.0 1.0 swap_t 100 -1763242253.0545912 0.0 3.9699999999999998 7.72553055720799 3.9699999999999998 11.388826994086832 0.0 19.052165139341497
1.0 767.1346913653886 1.0 1.0 swap_t 100 -1763242252.7108412 0.0 3.9699999999999998 7.72553055720799 3.9699999999999998 12.274938724145963 0.0 19.052165139341497
1.0 767.1346913653886 1.0 1.0 swap_t 100 -1763242252.3045912 0.0 3.9699999999999998 7.72553055720799 3.9699999999999998 13.152189336904504 0.0 19.052165139341497
1.0 767.1346913653886 1.0 1.0 swap_t 100 -1763242251.9920912 0.0 3.9699999999999998 7.72553055720799 3.9699999999999998 14.020667443535459 0.0 19.052165139341497
1.0 767.1346913653886 1.0 1.0 t_multiswap_k 100 -1763242251.9139662 0.0 3.9699999999999998 7.72553055720799 3.9699999999999998 14.020667443535459 0.0 19.861643487948083
1.0 767.1346913653886 1.0 1.0 t_multiswap_k 100 -1763242251.8514662 0.0 3.9699999999999998 7.72553055720799 3.9699999999999998 14.020667443535459 0.0 20.663027053068603
1.0 767.1346913653886 1.0 1.0 t_multiswap_k 100 -1763242251.7733412 0.0 3.9699999999999998 7.72553055720799 3.9699999999999998 14.020667443535459 0.0 21.45639678253792
1.0 767.1346913653886 1.0 1.0 f_swap_t 100 -1763242251.0389662 0.0 3.9699999999999998 7.72553055720799 4.9303 14.020667443535459 0.0 21.45639678253792
1.0 767.1346913653886 1.0 1.0 t_multiswap_k 100 -1763242250.9452162 0.0 3.9699999999999998 7.72553055720799 4.9303 14.020667443535459 0.0 22.241832814712538
1.0 767.1346913653886 1.0 1.0 t_multiswap_k 100 -1763242250.8202162 0.0 3.9699999999999998 7.72553055720799 4.9303 14.020667443535459 0.0 23.019414486565413
1.0 767.1346913653886 1.0 1.0 t_multiswap_k 100 -1763242250.6952162 0.0 3.9699999999999998 7.72553055720799 4.9303 14.020667443535459 0.0 23.78922034169976
1.0 767.1346913653886 1.0 1.0 t_multiswap_k 100 -1763242250.5389662 0.0 3.9699999999999998 7.72553055720799 4.9303 14.020667443535459 0.0 24.551328138282763
1.0 767.1346913653886 1.0 1.0 f_swap_t 100 -1763242249.8045912 0.0 3.9699999999999998 7.72553055720799 5.880997 14.020667443535459 0.0 24.551328138282763
1.0 767.1346913653886 1.0 1.0 t_swap_k 100 -1763242249.6952162 0.0 3.9699999999999998 8.64827525163591 5.880997 14.020667443535459 0.0 24.551328138282763
1.0 767.1346913653886 1.0 1.0 t_multiswap_k 100 -1763242249.5858412 0.0 3.9699999999999998 8.64827525163591 5.880997 14.020667443535459 0.0 25.305814856899936
1.0 767.1346913653886 1.0 1.0 t_multiswap_k 100 -1763242249.4764662 0.0 3.9699999999999998 8.64827525163591 5.880997 14.020667443535459 0.0 26.052756708330936
1.0 767.1346913653886 1.0 1.0 t_multiswap_k 100 -1763242249.3670912 0.0 3.9699999999999998 8.64827525163591 5.880997 14.020667443535459 0.0 26.792229141247628
1.0 767.1346913653886 1.0 1.0 t_multiswap_k 100 -1763242249.2733412 0.0 3.9699999999999998 8.64827525163591 5.880997 14.020667443535459 0.0 27.524306849835153
1.0 767.1346913653886 1.0 1.0 swap_t 100 -1763242248.8514662 0.0 3.9699999999999998 8.64827525163591 5.880997 14.880460769100104 0.0 27.524306849835153
1.0 767.1346913653886 1.0 1.0 t_multiswap_k 100 -1763242248.7420912 0.0 3.9699999999999998 8.64827525163591 5.880997 14.880460769100104 0.0 28.2490637813368
1.0 767.1346913653886 1.0 1.0 t_swap_k 100 -1763242248.6483412 0.0 3.9699999999999998 9.561792499119552 5.880997 14.880460769100104 0.0 28.2490637813368
1.0 767.1346913653886 1.0 1.0 f_swap_t 100 -1763242247.9764662 0.0 3.9699999999999998 9.561792499119552 6.82218703 14.880460769100104 0.0 28.2490637813368
1.0 767.1346913653886 1.0 1.0 swap_t 100 -1763242247.5077162 0.0 3.9699999999999998 9.561792499119552 6.82218703 15.731656161409102 0.0 28.2490637813368
1.0 767.1346913653886 1.0 1.0 t_multiswap_k 100 -1763242247.4139662 0.0 3.9699999999999998 9.561792499119552 6.82218703 15.731656161409102 0.0 28.966573143523433
1.0 767.1346913653886 1.0 1.0 f_swap_t 100 -1763242246.7108412 0.0 3.9699999999999998 9.561792499119552 7.7539651597 15.731656161409102 0.0 28.966573143523433
1.0 767.1346913653886 1.0 1.0 t_swap_k 100 -1763242246.5858412 0.0 3.9699999999999998 10.466174574128356 7.7539651597 15.731656161409102 0.0 28.966573143523433
1.0 767.1346913653886 1.0 1.0 swap_t 100 -1763242246.1952162 0.0 3.9699999999999998 10.466174574128356 7.7539651597 16.57433959979501 0.0 28.966573143523433
1.0 767.1346913653886 1.0 1.0 t_multiswap_k 100 -1763242246.0858412 0.0 3.9699999999999998 10.466174574128356 7.7539651597 16.57433959979501 0.0 29.676907412088198
1.0 767.1346913653886 1.0 1.0 f_swap_t 100 -1763242245.3983412 0.0 3.9699999999999998 10.466174574128356 8.676425508103 16.57433959979501 0.0 29.676907412088198
1.0 767.1346913653886 1.0 1.0 swap_t 100 -1763242245.0077162 0.0 3.9699999999999998 10.466174574128356 8.676425508103 17.40859620379706 0.0 29.676907412088198
1.0 767.1346913653886 1.0 1.0 t_swap_k 100 -1763242244.9139662 0.0 3.9699999999999998 11.361512828387072 8.676425508103 17.40859620379706 0.0 29.676907412088198