3
1 50 5 160

767.1346913653886
100 15
Neighbourhoods:
t_move_k move_t t_swap_k f_swap_t swap_t t_swap_r_k t_multiswap_k
200.0 400.0 0.0 600.0 400.0 0.0 400.0
0.0 0.0 0.0 0.0 0.0 0.0 0.0
0.0 0.0 0.0 0.0 0.0 0.0 0.0
-3526484494.366255 -7052968975.748135 0.0 -10579453455.348766 -7052968981.873135 0.0 -7052968997.04501
-17632422.471831273 -17632422.439370338 0.0 -17632422.425581276 -17632422.45468284 0.0 -17632422.492612526
0.0 0.0 0.0 0.0 0.0 0.0 0.0
0.0 0.0 0.0 0.0 0.0 0.0 0.0

Assigned customers matrix:
Vehicle 0:
0 11 12 47 17 13 18 6 0 0 0 0 0 0 0 0 0 0 0 0 0 0 0 0 0 0 0 0 0 0 0 0 0 0 0 0 0 0 0 0 0 0 0 0 0 0 0 0 0 0 0 0 0 0 0 0 0 0
0 27 32 35 38 5 37 44 42 19 41 0 0 0 0 0 0 0 0 0 0 0 0 0 0 0 0 0 0 0 0 0 0 0 0 0 0 0 0 0 0 0 0 0 0 0 0 0 0 0 0 0 0 0 0 0 0 0
0 43 26 31 28 22 3 20 2 29 21 16 9 49 0 0 0 0 0 0 0 0 0 0 0 0 0 0 0 0 0 0 0 0 0 0 0 0 0 0 0 0 0 0 0 0 0 0 0 0 0 0 0 0 0 0 0 0
0 14 24 23 7 48 8 1 0 0 0 0 0 0 0 0 0 0 0 0 0 0 0 0 0 0 0 0 0 0 0 0 0 0 0 0 0 0 0 0 0 0 0 0 0 0 0 0 0 0 0 0 0 0 0 0 0 0
0 25 4 40 15 45 33 39 10 30 34 50 36 46 0 0 0 0 0 0 0 0 0 0 0 0 0 0 0 0 0 0 0 0 0 0 0 0 0 0 0 0 0 0 0 0 0 0 0 0 0 0 0 0 0 0 0 0

Transported demand matrix:
160 160 160 160 138

Routes distance matrix:
103.94871060541996 158.39779369395083 177.8516283107391 90.48544428831671 236.451114466962

Solution history:
1.0 767.1346913653886 1.0 1.0 0 0 0 0.0 3.0 0.0 3.0 3.0 0.0 3.0
1.0 767.1346913653886 1.0 1.0 t_move_k 100 -1763242252.1831274 1.0 3.0 0.0 3.0 3.0 0.0 3.0
1.0 767.1346913653886 1.0 1.0 t_multiswap_k 100 -1763242251.8393774 1.0 3.0 0.0 3.0 3.0 0.0 3.9699999999999998
1.0 767.1346913653886 1.0 1.0 t_multiswap_k 100 -1763242251.5112524 1.0 3.0 0.0 3.0 3.0 0.0 4.9303
1.0 767.1346913653886 1.0 1.0 swap_t 100 -1763242249.6050024 1.0 3.0 0.0 3.0 3.9699999999999998 0.0 4.9303
1.0 767.1346913653886 1.0 1.0 t_multiswap_k 100 -1763242249.2456274 1.0 3.0 0.0 3.0 3.9699999999999998 0.0 5.880997
1.0 767.1346913653886 1.0 1.0 move_t 100 -1763242248.1050024 1.0 3.9699999999999998 0.0 3.0 3.9699999999999998 0.0 5.880997
1.0 767.1346913653886 1.0 1.0 swap_t 100 -1763242246.5112524 1.0 3.9699999999999998 0.0 3.0 4.9303 0.0 5.880997
1.0 767.1346913653886 1.0 1.0 f_swap_t 100 -1763242244.5737524 1.0 3.9699999999999998 0.0 3.9699999999999998 4.9303 0.0 5.880997
1.0 767.1346913653886 1.0 1.0 t_multiswap_k 100 -1763242244.4487524 1.0 3.9699999999999998 0.0 3.9699999999999998 4.9303 0.0 6.82218703
1.0 767.1346913653886 1.0 1.0 move_t 100 -1763242244.1050024 1.0 4.9303 0.0 3.9699999999999998 4.9303 0.0 6.82218703
1.0 767.1346913653886 1.0 1.0 swap_t 100 -1763242243.8237524 1.0 4.9303 0.0 3.9699999999999998 5.880997 0.0 6.82218703
1.0 767.1346913653886 1.0 1.0 f_swap_t 100 -1763242243.3862524 1.0 4.9303 0.0 4.9303 5.880997 0.0 6.82218703
1.0 767.1346913653886 1.0 1.0 f_swap_t 100 -1763242242.7612524 1.0 4.9303 0.0 5.880997 5.880997 0.0 6.82218703
1.0 767.1346913653886 1.0 1.0 f_swap_t 100 -1763242242.4175024 1.0 4.9303 0.0 6.82218703 5.880997 0.0 6.82218703
1.0 767.1346913653886 1.0 1.0 move_t 100 -1763242242.2456274 1.0 5.880997 0.0 6.82218703 5.880997 0.0 6.82218703
1.0 767.1346913653886 1.0 1.0 t_move_k 100 -1763242242.1831274 1.99 5.880997 0.0 6.82218703 5.880997 0.0 6.82218703
1.0 767.1346913653886 1.0 1.0 swap_t 100 -1763242241.9331274 1.99 5.880997 0.0 6.82218703 6.82218703 0.0 6.82218703
1.0 767.1346913653886 1.0 1.0 f_swap_t 100 -1763242241.4643774 1.99 5.880997 0.0 7.7539651597 6.82218703 0.0 6.82218703
1.0 767.1346913653886 1.0 1.0 move_t 100 -1763242241.2925024 1.99 6.82218703 0.0 7.7539651597 6.82218703 0.0 6.82218703
1.0 767.1346913653886 1.0 1.0 f_swap_t 100 -1763242240.7456274 1.99 6.82218703 0.0 8.676425508103 6.82218703 0.0 6.82218703