1
3 51 2 160

699.9420712391357

599.8957160052271
21.515625
4 500 7200 7200
2 1 4 4 2

Assigned customers matrix:
Vehicle 0:
0 46 12 37 15 45 33 39 30 34 16 0 0 0 0 0 0 0 0 0 0 0
0 27 48 8 23 24 14 25 13 0 0 0 0 0 0 0 0 0 0 0 0 0

Vehicle 1:
0 51 0 0 0 0 0 0 0 0 0 0 0 0 0 0 0 0 0 0 0 0
0 1 22 20 35 36 29 21 50 9 49 10 5 38 0 0 0 0 0 0 0 0

Vehicle 2:
0 32 11 2 3 28 31 26 7 43 6 0 0 0 0 0 0 0 0 0 0 0
0 47 4 17 44 42 19 41 40 18 0 0 0 0 0 0 0 0 0 0 0 0

Transported demand matrix:
160 153
160 160
154 150

Routes distance matrix:
107.01881480672682 110.54839892112827
0.0 142.52990200265782
126.16051629004876 113.63808398466551