10
4 100 5 200

2325.5420319370764

1991.279003837079
157.3125
4 500 7200 7200
80 6 23 0 1

Assigned customers matrix:
Vehicle 0:
0 94 59 98 16 86 38 14 42 87 0 0 0 0 0 0 0 0 0 0 0 0 0 0 0 0 0 0 0 0 0 0 0 0 0 0 0
0 13 94 95 59 96 0 0 0 0 0 0 0 0 0 0 0 0 0 0 0 0 0 0 0 0 0 0 0 0 0 0 0 0 0 0 0
0 58 87 37 91 16 44 14 38 86 17 45 83 0 0 0 0 0 0 0 0 0 0 0 0 0 0 0 0 0 0 0 0 0 0 0 0
0 13 94 95 59 99 96 0 0 0 0 0 0 0 0 0 0 0 0 0 0 0 0 0 0 0 0 0 0 0 0 0 0 0 0 0 0
0 58 2 57 87 44 86 45 83 60 0 0 0 0 0 0 0 0 0 0 0 0 0 0 0 0 0 0 0 0 0 0 0 0 0 0 0

Vehicle 1:
0 26 4 39 24 29 81 0 0 0 0 0 0 0 0 0 0 0 0 0 0 0 0 0 0 0 0 0 0 0 0 0 0 0 0 0 0
0 68 79 33 81 9 71 35 34 65 66 0 0 0 0 0 0 0 0 0 0 0 0 0 0 0 0 0 0 0 0 0 0 0 0 0 0
0 28 26 12 54 4 39 75 0 0 0 0 0 0 0 0 0 0 0 0 0 0 0 0 0 0 0 0 0 0 0 0 0 0 0 0 0
0 1 33 81 9 71 66 65 34 78 79 68 0 0 0 0 0 0 0 0 0 0 0 0 0 0 0 0 0 0 0 0 0 0 0 0 0
0 28 12 68 54 39 56 75 74 73 40 0 0 0 0 0 0 0 0 0 0 0 0 0 0 0 0 0 0 0 0 0 0 0 0 0 0

Vehicle 2:
0 6 5 84 61 85 100 43 15 41 23 0 0 0 0 0 0 0 0 0 0 0 0 0 0 0 0 0 0 0 0 0 0 0 0 0 0
0 53 21 72 22 23 67 25 55 80 77 3 76 0 0 0 0 0 0 0 0 0 0 0 0 0 0 0 0 0 0 0 0 0 0 0 0
0 89 5 61 85 93 100 97 0 0 0 0 0 0 0 0 0 0 0 0 0 0 0 0 0 0 0 0 0 0 0 0 0 0 0 0 0
0 53 21 72 22 23 67 77 3 76 0 0 0 0 0 0 0 0 0 0 0 0 0 0 0 0 0 0 0 0 0 0 0 0 0 0 0
0 89 5 93 85 92 97 0 0 0 0 0 0 0 0 0 0 0 0 0 0 0 0 0 0 0 0 0 0 0 0 0 0 0 0 0 0

Vehicle 3:
0 27 31 10 63 64 49 47 46 8 18 0 0 0 0 0 0 0 0 0 0 0 0 0 0 0 0 0 0 0 0 0 0 0 0 0 0
0 52 7 48 47 49 11 32 30 70 50 0 0 0 0 0 0 0 0 0 0 0 0 0 0 0 0 0 0 0 0 0 0 0 0 0 0
0 27 69 31 10 62 19 82 18 0 0 0 0 0 0 0 0 0 0 0 0 0 0 0 0 0 0 0 0 0 0 0 0 0 0 0 0
0 50 51 20 30 32 90 11 49 36 47 48 0 0 0 0 0 0 0 0 0 0 0 0 0 0 0 0 0 0 0 0 0 0 0 0 0
0 31 88 62 19 48 82 0 0 0 0 0 0 0 0 0 0 0 0 0 0 0 0 0 0 0 0 0 0 0 0 0 0 0 0 0 0

Transported demand matrix:
186 109 190 118 141
105 194 138 199 170
156 176 146 162 118
157 181 129 189 124

Routes distance matrix:
95.8922062245511 41.241368685309034 124.0328385783563 42.551226980140235 107.1117377218992
107.95095749529906 146.37266633227134 88.16119992323003 131.00435413059063 89.39315910488993
125.78426767830591 118.33872152719786 65.91223662578888 117.73665798894758 56.98660522509377
120.1995295350965 122.62377531898045 81.11043065899989 133.91153149017765 74.96353261195365