13
9 417 7 2000

6334.130293291694

5344.540741327503
7229.09375
4 500 7200 7200
89 84 24 0 0

Assigned customers matrix:
Vehicle 0:
0 10 20 96 353 359 83 201 272 0 0 0 0 0 0 0 0 0
0 182 226 290 238 374 406 371 372 50 32 0 0 0 0 0 0 0
0 129 24 17 68 70 338 340 362 0 0 0 0 0 0 0 0 0
0 10 128 134 357 397 393 392 0 0 0 0 0 0 0 0 0 0
0 175 292 48 55 32 390 20 119 0 0 0 0 0 0 0 0 0
0 67 316 0 0 0 0 0 0 0 0 0 0 0 0 0 0 0
0 53 24 17 104 72 102 114 89 0 0 0 0 0 0 0 0 0

Vehicle 1:
0 144 79 93 57 5 74 33 30 0 0 0 0 0 0 0 0 0
0 195 248 276 46 379 44 388 408 0 0 0 0 0 0 0 0 0
0 142 124 21 411 210 198 312 273 239 0 0 0 0 0 0 0 0
0 30 13 33 91 417 31 376 367 252 0 0 0 0 0 0 0 0
0 132 56 5 350 333 355 320 0 0 0 0 0 0 0 0 0 0
0 281 194 196 190 207 220 204 200 192 0 0 0 0 0 0 0 0
0 71 116 13 415 21 103 31 82 47 0 0 0 0 0 0 0 0

Vehicle 2:
0 11 123 160 169 162 149 165 0 0 0 0 0 0 0 0 0 0
0 159 167 158 148 171 172 36 35 112 0 0 0 0 0 0 0 0
0 284 197 236 234 22 105 16 360 0 0 0 0 0 0 0 0 0
0 11 282 278 156 106 126 63 0 0 0 0 0 0 0 0 0 0
0 133 75 36 35 76 95 69 344 0 0 0 0 0 0 0 0 0
0 308 387 109 64 22 122 0 0 0 0 0 0 0 0 0 0 0
0 179 191 317 297 314 16 0 0 0 0 0 0 0 0 0 0 0

Vehicle 3:
0 54 9 7 339 330 319 329 322 341 0 0 0 0 0 0 0 0
0 42 120 66 78 59 58 4 0 0 0 0 0 0 0 0 0 0
0 222 286 253 412 370 365 18 0 0 0 0 0 0 0 0 0 0
0 9 7 111 336 337 354 356 0 0 0 0 0 0 0 0 0 0
0 135 65 152 170 146 139 0 0 0 0 0 0 0 0 0 0 0
0 4 351 352 326 324 327 328 323 325 0 0 0 0 0 0 0 0
0 235 233 206 254 211 18 0 0 0 0 0 0 0 0 0 0 0

Vehicle 4:
0 117 157 153 155 168 154 150 0 0 0 0 0 0 0 0 0 0
0 221 315 99 85 6 97 404 0 0 0 0 0 0 0 0 0 0
0 208 209 291 259 283 43 45 0 0 0 0 0 0 0 0 0 0
0 227 288 28 143 402 368 1 0 0 0 0 0 0 0 0 0 0
0 304 218 224 285 176 107 118 6 0 0 0 0 0 0 0 0 0
0 300 193 299 265 302 381 369 0 0 0 0 0 0 0 0 0 0
0 110 28 1 385 366 313 187 237 0 0 0 0 0 0 0 0 0

Vehicle 5:
0 229 289 409 394 413 0 0 0 0 0 0 0 0 0 0 0 0
0 27 80 49 380 38 39 377 0 0 0 0 0 0 0 0 0 0
0 203 268 287 311 215 275 188 0 0 0 0 0 0 0 0 0 0
0 41 73 164 335 334 94 138 25 0 0 0 0 0 0 0 0 0
0 274 216 39 389 378 391 27 0 0 0 0 0 0 0 0 0 0
0 38 363 386 382 295 256 262 0 0 0 0 0 0 0 0 0 0
0 86 101 25 88 121 51 0 0 0 0 0 0 0 0 0 0 0

Vehicle 6:
0 34 29 52 40 358 321 0 0 0 0 0 0 0 0 0 0 0
0 293 213 219 212 232 185 214 255 383 298 0 0 0 0 0 0 0
0 0 0 0 0 0 0 0 0 0 0 0 0 0 0 0 0 0
0 15 29 331 349 345 361 348 342 0 0 0 0 0 0 0 0 0
0 34 141 40 343 403 395 145 347 332 0 0 0 0 0 0 0 0
0 267 223 247 180 177 230 0 0 0 0 0 0 0 0 0 0 0
0 84 136 90 15 108 0 0 0 0 0 0 0 0 0 0 0 0

Vehicle 7:
0 303 19 147 166 151 163 161 0 0 0 0 0 0 0 0 0 0
0 260 364 249 401 410 23 113 12 0 0 0 0 0 0 0 0 0
0 310 228 225 217 307 231 280 294 0 0 0 0 0 0 0 0 0
0 127 8 2 346 384 405 398 396 0 0 0 0 0 0 0 0 0
0 173 189 174 258 296 184 140 130 19 0 0 0 0 0 0 0 0
0 77 12 100 416 23 137 375 414 0 0 0 0 0 0 0 0 0
0 181 243 301 309 373 399 407 400 8 2 0 0 0 0 0 0 0

Vehicle 8:
0 279 242 277 263 244 305 0 0 0 0 0 0 0 0 0 0 0
0 3 37 264 271 250 306 0 0 0 0 0 0 0 0 0 0 0
0 266 240 241 251 318 202 14 81 0 0 0 0 0 0 0 0 0
0 26 62 125 131 0 0 0 0 0 0 0 0 0 0 0 0 0
0 3 37 270 199 186 261 178 0 0 0 0 0 0 0 0 0 0
0 98 14 183 205 257 245 246 269 0 0 0 0 0 0 0 0 0
0 26 92 87 61 115 60 0 0 0 0 0 0 0 0 0 0 0

Transported demand matrix:
1930 1939 2000 1971 1946 780 1976
1977 1896 1992 1815 1975 1819 1970
2000 1927 1963 1705 1839 1880 1622
1985 1981 1907 1863 1812 1848 1760
2000 1815 1949 1980 1812 1845 1982
1957 1801 1830 1951 1988 1895 1970
1805 1809 0 1993 1943 1266 1399
1961 1985 1905 1965 1955 1898 1990
1919 1983 2000 1375 2000 2000 1970

Routes distance matrix:
113.00096486220062 89.69159325616869 99.28521257825577 117.6410224409592 85.94576906874528 12.321583063859935 81.50637375583074
73.78616830212904 109.23286125092618 111.20117216175294 70.53514575623281 152.63970111654777 27.70087350452976 55.63974989004368
83.59183603612975 105.53906340668331 124.5126901314805 70.23686790798916 97.13084039199285 56.64202343953848 114.84698905567207
126.253059756987 60.336919105776644 108.19952391358454 98.50817216483173 52.03293576428942 177.5850219284132 61.058614318365386
83.12527459674712 110.31144244511816 73.68268941212565 69.95241350558135 75.04374495682552 63.824708538192155 80.73829608430985
123.05855724065583 65.91523845667467 62.458997061073504 119.15511315174018 83.98144999710203 84.44410712066336 40.72698091269789
146.910051266018 55.49835616402929 0.0 139.0723707611959 151.14928333196426 41.60763841699524 40.92067168838149
85.18100058997419 82.60679342560951 37.07397452894597 122.68344378928899 83.33997973450315 67.15499302207243 143.78424531501278
74.10973147656648 85.27545925546985 107.25977456393124 30.338094605707262 70.18095881634784 73.94918579834604 33.42297296771943