23
6 168 4 40

6836.870593098069

6836.870593098069
6.171875
4 500 7200 7200
0 0 0 0 0

Assigned customers matrix:
Vehicle 0:
0 34 115 46 58 139 70 82 94 24 165 18 12 6 0 0 0 0 0 0 0 0 0 0 0 0 0 0 0 0 0 0 0 0 0 0 0 0 0 0 0 0 0
0 6 117 12 18 24 95 166 83 71 142 59 47 35 0 0 0 0 0 0 0 0 0 0 0 0 0 0 0 0 0 0 0 0 0 0 0 0 0 0 0 0 0
0 34 46 58 70 82 163 94 24 18 140 12 116 6 0 0 0 0 0 0 0 0 0 0 0 0 0 0 0 0 0 0 0 0 0 0 0 0 0 0 0 0 0
0 6 12 141 18 164 24 95 83 71 59 47 118 35 0 0 0 0 0 0 0 0 0 0 0 0 0 0 0 0 0 0 0 0 0 0 0 0 0 0 0 0 0

Vehicle 1:
0 4 10 132 16 22 90 155 78 66 54 42 107 30 0 0 0 0 0 0 0 0 0 0 0 0 0 0 0 0 0 0 0 0 0 0 0 0 0 0 0 0 0
0 31 43 55 133 67 79 91 22 156 16 10 109 4 0 0 0 0 0 0 0 0 0 0 0 0 0 0 0 0 0 0 0 0 0 0 0 0 0 0 0 0 0
0 30 42 54 131 66 78 90 22 157 16 10 108 4 0 0 0 0 0 0 0 0 0 0 0 0 0 0 0 0 0 0 0 0 0 0 0 0 0 0 0 0 0
0 31 110 43 55 134 67 79 158 91 22 16 10 4 0 0 0 0 0 0 0 0 0 0 0 0 0 0 0 0 0 0 0 0 0 0 0 0 0 0 0 0 0

Vehicle 2:
0 5 57 69 81 93 23 160 17 137 11 44 111 32 0 0 0 0 0 0 0 0 0 0 0 0 0 0 0 0 0 0 0 0 0 0 0 0 0 0 0 0 0
0 5 56 68 80 92 23 161 17 136 11 45 113 33 0 0 0 0 0 0 0 0 0 0 0 0 0 0 0 0 0 0 0 0 0 0 0 0 0 0 0 0 0
0 5 32 112 44 11 17 23 93 162 81 69 138 57 0 0 0 0 0 0 0 0 0 0 0 0 0 0 0 0 0 0 0 0 0 0 0 0 0 0 0 0 0
0 5 56 135 68 80 159 92 23 17 11 45 114 33 0 0 0 0 0 0 0 0 0 0 0 0 0 0 0 0 0 0 0 0 0 0 0 0 0 0 0 0 0

Vehicle 3:
0 1 97 7 121 13 19 85 146 73 61 49 37 25 0 0 0 0 0 0 0 0 0 0 0 0 0 0 0 0 0 0 0 0 0 0 0 0 0 0 0 0 0
0 1 36 119 48 60 72 84 96 19 145 13 144 7 0 0 0 0 0 0 0 0 0 0 0 0 0 0 0 0 0 0 0 0 0 0 0 0 0 0 0 0 0
0 1 25 7 13 168 19 85 73 61 122 49 37 98 0 0 0 0 0 0 0 0 0 0 0 0 0 0 0 0 0 0 0 0 0 0 0 0 0 0 0 0 0
0 1 36 120 7 13 19 96 167 84 72 143 60 48 0 0 0 0 0 0 0 0 0 0 0 0 0 0 0 0 0 0 0 0 0 0 0 0 0 0 0 0 0

Vehicle 4:
0 26 99 38 8 14 148 20 87 75 63 125 51 2 0 0 0 0 0 0 0 0 0 0 0 0 0 0 0 0 0 0 0 0 0 0 0 0 0 0 0 0 0
0 2 27 101 39 8 50 62 74 86 20 149 14 124 0 0 0 0 0 0 0 0 0 0 0 0 0 0 0 0 0 0 0 0 0 0 0 0 0 0 0 0 0
0 2 26 38 14 20 87 150 75 63 126 51 8 100 0 0 0 0 0 0 0 0 0 0 0 0 0 0 0 0 0 0 0 0 0 0 0 0 0 0 0 0 0
0 2 27 102 39 8 14 20 86 147 74 62 123 50 0 0 0 0 0 0 0 0 0 0 0 0 0 0 0 0 0 0 0 0 0 0 0 0 0 0 0 0 0

Vehicle 5:
0 3 28 103 40 9 52 127 64 76 88 21 153 15 0 0 0 0 0 0 0 0 0 0 0 0 0 0 0 0 0 0 0 0 0 0 0 0 0 0 0 0 0
0 3 29 41 53 130 65 77 154 89 21 15 9 105 0 0 0 0 0 0 0 0 0 0 0 0 0 0 0 0 0 0 0 0 0 0 0 0 0 0 0 0 0
0 3 28 40 52 64 76 151 88 21 15 128 9 104 0 0 0 0 0 0 0 0 0 0 0 0 0 0 0 0 0 0 0 0 0 0 0 0 0 0 0 0 0
0 3 29 106 41 53 65 77 89 21 152 15 129 9 0 0 0 0 0 0 0 0 0 0 0 0 0 0 0 0 0 0 0 0 0 0 0 0 0 0 0 0 0

Transported demand matrix:
35 35 35 35
35 35 35 35
35 35 35 35
35 35 35 35
35 35 35 35
35 35 35 35

Routes distance matrix:
282.4200301214376 285.4405912484043 283.8313609794544 280.8098605522601
284.16334411886913 282.08752522930644 282.08891804701847 285.7736694658381
283.6718494132456 283.67212767424206 288.7539750682992 288.6340755792624
283.83123647682714 281.1100770286747 282.9968145141575 285.90965148928257
285.28038875315417 286.9599905131886 290.59242164970686 288.7516114795635
289.2250943916231 285.6829576619055 284.073836344038 281.1091852983082