27
6 102 6 20

33794.612677890844

28280.02176299733
534.84375
4 500 7200 7200
105 16 23 2 3

Assigned customers matrix:
Vehicle 0:
0 6 12 87 27 26 11 0 0 0 0 0 0
0 6 18 30 99 12 11 0 0 0 0 0 0
0 6 49 50 47 48 11 12 0 0 0 0 0
0 6 12 88 27 26 11 0 0 0 0 0 0
0 6 52 18 30 12 11 0 0 0 0 0 0
0 6 12 85 86 83 84 11 0 0 0 0 0

Vehicle 1:
0 20 43 10 80 24 9 0 0 0 0 0 0
0 40 39 15 10 9 0 0 0 0 0 0 0
0 61 62 16 29 96 10 9 0 0 0 0 0
0 20 60 10 78 24 75 9 0 0 0 0 0
0 41 42 15 10 77 76 9 0 0 0 0 0
0 44 16 29 95 10 9 94 0 0 0 0 0

Vehicle 2:
0 5 17 82 25 79 0 0 0 0 0 0 0
0 5 0 0 0 0 0 0 0 0 0 0 0
0 5 0 0 0 0 0 0 0 0 0 0 0
0 5 45 46 17 97 98 81 25 0 0 0 0
0 5 0 0 0 0 0 0 0 0 0 0 0
0 5 0 0 0 0 0 0 0 0 0 0 0

Vehicle 3:
0 1 54 51 101 102 7 0 0 0 0 0 0
0 1 31 13 7 89 90 100 0 0 0 0 0
0 21 65 1 7 0 0 0 0 0 0 0 0
0 1 53 7 68 67 0 0 0 0 0 0 0
0 1 34 13 7 0 0 0 0 0 0 0 0
0 21 64 63 66 1 32 7 0 0 0 0 0

Vehicle 4:
0 2 36 35 8 72 23 0 0 0 0 0 0
0 55 2 33 8 0 0 0 0 0 0 0 0
0 2 14 28 8 69 22 0 0 0 0 0 0
0 56 2 92 91 8 71 23 0 0 0 0 0
0 2 8 0 0 0 0 0 0 0 0 0 0
0 2 14 28 8 70 22 0 0 0 0 0 0

Vehicle 5:
0 3 4 0 0 0 0 0 0 0 0 0 0
0 19 58 3 4 0 0 0 0 0 0 0 0
0 3 4 0 0 0 0 0 0 0 0 0 0
0 3 4 0 0 0 0 0 0 0 0 0 0
0 19 57 3 4 0 0 0 0 0 0 0 0
0 59 4 3 38 37 93 74 73 0 0 0 0

Transported demand matrix:
20 20 20 20 20 20
18 15 20 20 19 20
14 4 4 20 4 4
16 19 13 14 13 19
17 12 19 19 8 19
8 13 8 8 13 20

Routes distance matrix:
1660.4178793249512 948.5968810248003 929.7149387284378 1660.4174870939873 946.7153232953168 1134.4080845923922
1421.1598894179065 899.2301692264869 937.90732533262 1173.8395607061693 999.285518064936 948.769096473053
1150.8331669588952 115.46954038186868 115.46954038186868 1132.812423801827 115.46954038186868 115.46954038186868
666.4628621987706 944.9599277393402 590.7703829725149 868.402841024304 628.2418006385196 637.4777285496725
1105.7706848287908 596.0865151670969 1162.6144617546179 1130.9341539245374 577.3497018943544 1162.6148539855817
173.20504038169383 186.62547465905476 173.20504038169383 173.20504038169383 186.62534625787123 909.4840006879786