23
6 168 4 40

Solution history:
B_obj   B_dis   B_sim   C_obj   C_dis   C_sim   neighbor   iterations   time   scores
1.016348561093223 7161.3418100036015 0.016666666666666666 1.016348561093223 7161.3418100036015 0.016666666666666666 0 0 0 3.0 3.0 3.0 3.0 3.0 3.0 3.0
1.016348561093223 7161.3418100036015 0.016666666666666666 1.0611217219536526 7772.447152577403 0.016666666666666666 t_swap_k 100 76.77971410751343 3.0 3.0 3.99 3.0 3.0 3.0 3.0
1.016348561093223 7161.3418100036015 0.016666666666666666 1.0526728758847852 7657.1295187082305 0.016666666666666666 swap_t 100 142.99501085281372 3.0 3.0 3.99 3.0 3.9699999999999998 3.0 3.0
1.016348561093223 7161.3418100036015 0.016666666666666666 1.1054373826068782 8377.308110893355 0.016666666666666666 f_swap_t 100 252.86510920524597 3.0 3.0 3.99 4.02 3.9699999999999998 3.0 3.0
1.016348561093223 7161.3418100036015 0.016666666666666666 1.0923837755834405 8199.140457804297 0.016666666666666666 t_swap_r_k 100 353.4777944087982 3.0 3.0 3.99 4.02 3.9699999999999998 4.04 3.0
1.016348561093223 7161.3418100036015 0.016666666666666666 1.089880312038175 8164.9708812533 0.016666666666666666 t_swap_r_k 100 457.25812315940857 3.0 3.0 3.99 4.02 3.9699999999999998 5.0396 3.0
1.016348561093223 7161.3418100036015 0.016666666666666666 1.080602461106266 8038.338225368961 0.016666666666666666 t_swap_k 100 526.2091889381409 3.0 3.0 5.0101 4.02 3.9699999999999998 5.0396 3.0
1.016348561093223 7161.3418100036015 0.016666666666666666 1.074524308272841 7955.3779965599015 0.016666666666666666 t_swap_k 100 591.7058191299438 3.0 3.0 5.959999000000001 4.02 3.9699999999999998 5.0396 3.0
1.016348561093223 7161.3418100036015 0.016666666666666666 1.0736607184578344 7943.590927262114 0.016666666666666666 t_swap_r_k 100 710.192244052887 3.0 3.0 5.959999000000001 4.02 3.9699999999999998 6.029204 3.0
1.016348561093223 7161.3418100036015 0.016666666666666666 1.104835066861677 8337.732779596116 0.016666666666666666 move_t 100 787.7974722385406 3.0 4.05 5.959999000000001 4.02 3.9699999999999998 6.029204 3.0
1.016348561093223 7161.3418100036015 0.016666666666666666 1.090973061205915 8179.88572848914 0.016666666666666666 t_swap_r_k 100 894.4128892421722 3.0 4.05 5.959999000000001 4.02 3.9699999999999998 7.00891196 3.0
1.016348561093223 7161.3418100036015 0.016666666666666666 1.08488188302747 8096.747717772848 0.016666666666666666 t_swap_r_k 100 1001.0390326976776 3.0 4.05 5.959999000000001 4.02 3.9699999999999998 7.9788228403999994 3.0
1.016348561093223 7161.3418100036015 0.016666666666666666 1.0835860769475736 8079.06136275242 0.016666666666666666 f_swap_t 100 1093.8735435009003 3.0 4.05 5.959999000000001 4.979799999999999 3.9699999999999998 7.9788228403999994 3.0
1.016348561093223 7161.3418100036015 0.016666666666666666 1.0835860769475736 8079.06136275242 0.016666666666666666 t_swap_r_k 100 1205.2351615428925 3.0 4.05 5.959999000000001 4.979799999999999 3.9699999999999998 8.939034611996 3.0
1.016348561093223 7161.3418100036015 0.016666666666666666 1.1887468534934278 8924.695946693806 0.016666666666666666 move_t 100 1277.8670654296875 3.0 5.1395 5.959999000000001 4.979799999999999 3.9699999999999998 8.939034611996 3.0
1.016348561093223 7161.3418100036015 0.016666666666666666 1.1493496924049476 8976.66376518831 0.016666666666666666 t_move_k 100 1334.934600353241 4.0600000000000005 5.1395 5.959999000000001 4.979799999999999 3.9699999999999998 8.939034611996 3.0
1.016348561093223 7161.3418100036015 0.016666666666666666 1.1440404573024 8904.198433864902 0.016666666666666666 t_swap_k 100 1407.5189616680145 4.0600000000000005 5.1395 6.940399010000001 4.979799999999999 3.9699999999999998 8.939034611996 3.0
1.016348561093223 7161.3418100036015 0.016666666666666666 1.1422577723834366 8879.866707956602 0.016666666666666666 t_swap_r_k 100 1508.7798328399658 4.0600000000000005 5.1395 6.940399010000001 4.979799999999999 3.9699999999999998 9.88964426587604 3.0
1.016348561093223 7161.3418100036015 0.016666666666666666 1.1409344626806808 8861.80495815621 0.016666666666666666 t_swap_r_k 100 1591.9413051605225 4.0600000000000005 5.1395 6.940399010000001 4.979799999999999 3.9699999999999998 10.83074782321728 3.0
1.016348561093223 7161.3418100036015 0.016666666666666666 1.1399164672953033 8847.91041940209 0.016666666666666666 move_t 100 1663.7718069553375 4.0600000000000005 6.088105 6.940399010000001 4.979799999999999 3.9699999999999998 10.83074782321728 3.0
1.016348561093223 7161.3418100036015 0.016666666666666666 1.1397885452877454 8846.164422006574 0.016666666666666666 f_swap_t 100 1790.7232925891876 4.0600000000000005 6.088105 6.940399010000001 5.930001999999999 3.9699999999999998 10.83074782321728 3.0
1.016348561093223 7161.3418100036015 0.016666666666666666 1.1581460809308965 9096.72497865321 0.016666666666666666 t_multiswap_k 100 1847.7443687915802 4.0600000000000005 6.088105 6.940399010000001 5.930001999999999 3.9699999999999998 10.83074782321728 3.98
1.016348561093223 7161.3418100036015 0.016666666666666666 1.1533200381366353 9030.854701049704 0.016666666666666666 t_swap_r_k 100 1954.0461194515228 4.0600000000000005 6.088105 6.940399010000001 5.930001999999999 3.9699999999999998 11.762440344985107 3.98
1.016348561093223 7161.3418100036015 0.016666666666666666 1.1533200381366353 9030.854701049704 0.016666666666666666 t_swap_r_k 100 2058.585701227188 4.0600000000000005 6.088105 6.940399010000001 5.930001999999999 3.9699999999999998 12.684815941535255 3.98
1.016348561093223 7161.3418100036015 0.016666666666666666 1.1471297378700844 9053.206114066656 0.016666666666666666 move_t 100 2127.4745140075684 4.0600000000000005 7.087223949999999 6.940399010000001 5.930001999999999 3.9699999999999998 12.684815941535255 3.98
1.016348561093223 7161.3418100036015 0.016666666666666666 1.185852803291343 9255.605410125583 0.016666666666666666 move_t 100 2192.5797135829926 4.0600000000000005 8.0763517105 6.940399010000001 5.930001999999999 3.9699999999999998 12.684815941535255 3.98
1.016348561093223 7161.3418100036015 0.016666666666666666 1.1646451800146003 9185.430669644036 0.016666666666666666 t_swap_r_k 100 2308.391371011734 4.0600000000000005 8.0763517105 6.940399010000001 5.930001999999999 3.9699999999999998 13.597967782119904 3.98
1.016348561093223 7161.3418100036015 0.016666666666666666 1.1604766354489475 9128.534533524265 0.016666666666666666 t_swap_r_k 100 2415.166401386261 4.0600000000000005 8.0763517105 6.940399010000001 5.930001999999999 3.9699999999999998 14.501988104298704 3.98
1.016348561093223 7161.3418100036015 0.016666666666666666 1.1596600238553136 9117.388666266132 0.016666666666666666 t_multiswap_k 100 2483.260990381241 4.0600000000000005 8.0763517105 6.940399010000001 5.930001999999999 3.9699999999999998 14.501988104298704 4.9402
1.016348561093223 7161.3418100036015 0.016666666666666666 1.1596600238553136 9117.388666266132 0.016666666666666666 t_swap_r_k 100 2585.7072944641113 4.0600000000000005 8.0763517105 6.940399010000001 5.930001999999999 3.9699999999999998 15.396968223255717 4.9402
1.016348561093223 7161.3418100036015 0.016666666666666666 1.1596600238553136 9117.388666266132 0.016666666666666666 move_t 100 2666.077356338501 4.0600000000000005 8.995588193395 6.940399010000001 5.930001999999999 3.9699999999999998 15.396968223255717 4.9402
1.016348561093223 7161.3418100036015 0.016666666666666666 1.2202299893680681 9830.362340437065 0.0 f_swap_t 100 2790.8356137275696 4.0600000000000005 8.995588193395 6.940399010000001 6.890701979999999 3.9699999999999998 15.396968223255717 4.9402
1.016348561093223 7161.3418100036015 0.016666666666666666 1.2656386144312362 10563.882093461843 0.016666666666666666 f_swap_t 100 2940.8782184123993 4.0600000000000005 8.995588193395 6.940399010000001 7.941794960199999 3.9699999999999998 15.396968223255717 4.9402
1.016348561093223 7161.3418100036015 0.016666666666666666 1.23196081757426 10104.216499389337 0.016666666666666666 t_swap_r_k 100 3069.7492337226868 4.0600000000000005 8.995588193395 6.940399010000001 7.941794960199999 3.9699999999999998 16.28299854102316 4.9402
1.016348561093223 7161.3418100036015 0.016666666666666666 1.23196081757426 10104.216499389337 0.016666666666666666 t_swap_k 100 3183.236127614975 4.0600000000000005 8.995588193395 7.8709950199000005 7.941794960199999 3.9699999999999998 16.28299854102316 4.9402
1.016348561093223 7161.3418100036015 0.016666666666666666 1.2402941509075933 10104.216499389337 0.0 t_swap_r_k 100 3314.7750568389893 4.0600000000000005 8.995588193395 7.8709950199000005 7.941794960199999 3.9699999999999998 17.16016855561293 4.9402
1.016348561093223 7161.3418100036015 0.016666666666666666 1.2247385989349027 10005.641006595662 0.016666666666666666 swap_t 100 3377.9165523052216 4.0600000000000005 8.995588193395 7.8709950199000005 7.941794960199999 4.9303 17.16016855561293 4.9402
1.016348561093223 7161.3418100036015 0.016666666666666666 1.2238962168584557 9994.143400049412 0.016666666666666666 move_t 100 3452.649139404297 4.0600000000000005 9.90563231146105 7.8709950199000005 7.941794960199999 4.9303 17.16016855561293 4.9402
1.016348561093223 7161.3418100036015 0.016666666666666666 1.2238962168584557 9994.143400049412 0.016666666666666666 t_swap_r_k 100 3575.951649904251 4.0600000000000005 9.90563231146105 7.8709950199000005 7.941794960199999 4.9303 18.0285668700568 4.9402
1.016348561093223 7161.3418100036015 0.016666666666666666 1.2341542647677148 10134.15468719681 0.016666666666666666 f_swap_t 100 3724.3222227096558 4.0600000000000005 9.90563231146105 7.8709950199000005 8.872377010597999 4.9303 18.0285668700568 4.9402