23

Similarity 1
0.4523809523809524

Similarity combination matrix:
0.4473684210526316 0.5263157894736842 0.05263157894736842 0.2894736842105263 0.34210526315789475 0.2631578947368421
0.2708333333333333 0.3541666666666667 0.4583333333333333 0.4583333333333333 0.2708333333333333 0.1875
0.28846153846153844 0.21153846153846154 0.3269230769230769 0.6153846153846154 0.34615384615384615 0.36538461538461536
0.5576923076923077 0.38461538461538464 0.28846153846153844 0.1346153846153846 0.5769230769230769 0.25
0.16666666666666666 0.19047619047619047 0.40476190476190477 0.6190476190476191 0.16666666666666666 0.4523809523809524
0.5526315789473685 0.34210526315789475 0.15789473684210525 0.10526315789473684 0.5 0.34210526315789475

Similarity combination pairings:
(np.int64(0), np.int64(1)) (np.int64(1), np.int64(2)) (np.int64(2), np.int64(3)) (np.int64(3), np.int64(4)) (np.int64(4), np.int64(5)) (np.int64(5), np.int64(0))
0.5263157894736842 0.4583333333333333 0.6153846153846154 0.5769230769230769 0.4523809523809524 0.5526315789473685

Similarity 2
0.016666666666666666

Similarity combination matrix:
0.0 0.05 0.016666666666666666 0.0 0.03333333333333333 0.0
0.0 0.016666666666666666 0.016666666666666666 0.0 0.016666666666666666 0.0
0.03333333333333333 0.0 0.03333333333333333 0.016666666666666666 0.0 0.03333333333333333
0.016666666666666666 0.0 0.0 0.03333333333333333 0.0 0.016666666666666666
0.0 0.0 0.016666666666666666 0.0 0.0 0.06666666666666667
0.03333333333333333 0.0 0.016666666666666666 0.0 0.016666666666666666 0.016666666666666666

Similarity combination pairings:
(np.int64(0), np.int64(1)) (np.int64(1), np.int64(4)) (np.int64(2), np.int64(2)) (np.int64(3), np.int64(3)) (np.int64(4), np.int64(5)) (np.int64(5), np.int64(0))
0.05 0.016666666666666666 0.03333333333333333 0.03333333333333333 0.06666666666666667 0.03333333333333333

Similarity 3
0.017857142857142856

Similarity combination matrix:
0.0 0.07142857142857142 0.017857142857142856 0.0 0.03571428571428571 0.0
0.0 0.017857142857142856 0.017857142857142856 0.0 0.017857142857142856 0.0
0.03571428571428571 0.0 0.03571428571428571 0.03571428571428571 0.0 0.03571428571428571
0.017857142857142856 0.0 0.0 0.03571428571428571 0.0 0.017857142857142856
0.0 0.0 0.017857142857142856 0.0 0.0 0.08928571428571429
0.05357142857142857 0.0 0.017857142857142856 0.0 0.017857142857142856 0.017857142857142856

Similarity combination pairings:
(np.int64(0), np.int64(1)) (np.int64(1), np.int64(4)) (np.int64(2), np.int64(2)) (np.int64(3), np.int64(3)) (np.int64(4), np.int64(5)) (np.int64(5), np.int64(0))
0.07142857142857142 0.017857142857142856 0.03571428571428571 0.03571428571428571 0.08928571428571429 0.05357142857142857
