2
3 50 5 160

Solution history:
B_obj   B_dis   B_sim   C_obj   C_dis   C_sim   neighbor   iterations   time   scores
0.9804570294943096 1530.7858608322153 0.04444444444444444 0.9804570294943096 1530.7858608322153 0.04444444444444444 0 0 0 3.0
0.9804570294943096 1530.7858608322153 0.04444444444444444 0.9976867105268666 1587.484130130861 0.04722222222222222 f_swap_t 100 0.616278886795044 4.01
0.9804570294943096 1530.7858608322153 0.04444444444444444 0.9869252697691812 1554.7128126400446 0.04722222222222222 f_swap_t 100 1.419895887374878 4.9699
0.9781942243121493 1532.3540830442832 0.05 0.9781942243121493 1532.3540830442832 0.05 f_swap_t 100 2.097625255584717 5.9202010000000005
0.9781942243121493 1532.3540830442832 0.05 1.0149459844607716 1640.0429982680132 0.04722222222222222 f_swap_t 100 2.829857110977173 6.87099899
0.9781942243121493 1532.3540830442832 0.05 1.0490564744319517 1773.524728095657 0.06666666666666667 f_swap_t 100 3.413884401321411 7.8422890001
0.9781942243121493 1532.3540830442832 0.05 1.0656889380437273 1798.7976854418418 0.05 f_swap_t 100 4.07442307472229 8.813866110099
0.9781942243121493 1532.3540830442832 0.05 1.0976095265259054 1857.938304745389 0.025 f_swap_t 100 4.672669172286987 9.73572744899801
0.9781942243121493 1532.3540830442832 0.05 1.057910966324444 1813.177459625653 0.075 f_swap_t 100 5.348324775695801 10.768370174508028
0.9781942243121493 1532.3540830442832 0.05 1.0357954581315874 1716.223492669655 0.05555555555555556 f_swap_t 100 5.9922096729278564 11.690686472762948
0.9781942243121493 1532.3540830442832 0.05 1.0091898854594101 1685.957002192034 0.08888888888888888 f_swap_t 100 6.552767276763916 12.573779608035318
0.9781942243121493 1532.3540830442832 0.05 1.0091898854594101 1685.957002192034 0.08888888888888888 f_swap_t 100 7.170333385467529 13.448041811954965
0.9781942243121493 1532.3540830442832 0.05 1.0981993670282397 1865.172471798752 0.02857142857142857 f_swap_t 100 7.873931169509888 14.423561393835415
0.9781942243121493 1532.3540830442832 0.05 1.0712870150328242 1811.615731158627 0.04722222222222222 f_swap_t 100 8.2749764919281 15.309325779897062
0.9781942243121493 1532.3540830442832 0.05 1.1299109540261152 1979.1437498681123 0.04 f_swap_t 100 8.937188386917114 16.236232522098092
0.9781942243121493 1532.3540830442832 0.05 1.1173130806605074 1940.7800291480407 0.04 f_swap_t 100 9.707881927490234 17.15387019687711
0.9781942243121493 1532.3540830442832 0.05 1.1436867825436627 2021.0946428956258 0.04 f_swap_t 100 10.252679347991943 18.152331494908342
0.9781942243121493 1532.3540830442832 0.05 1.071729000433227 1774.8960173535684 0.02222222222222222 f_swap_t 100 10.837631464004517 19.12080817995926
0.9781942243121493 1532.3540830442832 0.05 1.0697018877214781 1772.9524638833502 0.025 f_swap_t 100 11.279198169708252 19.939600098159666
0.9781942243121493 1532.3540830442832 0.05 1.0614112504346926 1747.7053698515954 0.025 f_swap_t 100 12.06037974357605 20.74020409717807
0.9781942243121493 1532.3540830442832 0.05 1.0614112504346926 1747.7053698515954 0.025 f_swap_t 100 12.660850524902344 21.53280205620629
0.9781942243121493 1532.3540830442832 0.05 1.0614112504346926 1747.7053698515954 0.025 f_swap_t 100 13.190929412841797 22.317474035644228
0.9781942243121493 1532.3540830442832 0.05 1.0501160679326647 1713.3086733287507 0.025 f_swap_t 100 13.60264801979065 23.124299295287784
0.9781942243121493 1532.3540830442832 0.05 1.0824127192922592 1849.7258424872814 0.05 f_swap_t 100 14.262829065322876 24.003056302334905
0.9781942243121493 1532.3540830442832 0.05 1.0553952264743105 1742.0736076748603 0.03333333333333333 f_swap_t 100 14.746138334274292 24.793025739311556
0.9781942243121493 1532.3540830442832 0.05 1.0475529863729176 1728.3428425701002 0.04 f_swap_t 100 15.214795351028442 25.60509548191844
0.9781942243121493 1532.3540830442832 0.05 1.0383566126968256 1700.337551430234 0.04 f_swap_t 100 15.825325012207031 26.379044527099257
0.9781942243121493 1532.3540830442832 0.05 1.048532404596189 1746.5516881529052 0.05 f_swap_t 100 16.538123607635498 27.245254081828264
0.9781942243121493 1532.3540830442832 0.05 1.035643105188661 1698.8414630860516 0.04444444444444444 f_swap_t 100 17.087339162826538 28.002801541009983
0.9781942243121493 1532.3540830442832 0.05 1.0295931387195458 1680.417780195211 0.04444444444444444 f_swap_t 100 17.63977885246277 28.752773525599885
0.9781942243121493 1532.3540830442832 0.05 1.0295931387195458 1680.417780195211 0.04444444444444444 f_swap_t 100 18.26077914237976 29.465245790343886
0.9781942243121493 1532.3540830442832 0.05 1.0295931387195458 1680.417780195211 0.04444444444444444 f_swap_t 100 18.86372971534729 30.170593332440447
0.9781942243121493 1532.3540830442832 0.05 1.0955518908809396 1889.7379536343362 0.05 f_swap_t 100 19.41832160949707 31.068887399116043
0.9781942243121493 1532.3540830442832 0.05 1.0450211159154956 1735.8589232389938 0.05 f_swap_t 100 20.167317152023315 31.848198525124882
0.9781942243121493 1532.3540830442832 0.05 1.030585332680578 1729.9639721433819 0.075 f_swap_t 100 20.869425296783447 32.559716539873634
0.9781942243121493 1532.3540830442832 0.05 1.030585332680578 1729.9639721433819 0.075 f_swap_t 100 21.41735529899597 33.2341193744749
0.9781942243121493 1532.3540830442832 0.05 1.0301154768112903 1728.5331418099663 0.075 f_swap_t 100 21.994510650634766 33.93177818073015
0.9781942243121493 1532.3540830442832 0.05 1.0301154768112903 1728.5331418099663 0.075 f_swap_t 100 22.616584539413452 34.592460398922846
0.9781942243121493 1532.3540830442832 0.05 1.0301154768112903 1728.5331418099663 0.075 f_swap_t 100 23.270533323287964 35.24653579493362
0.9781942243121493 1532.3540830442832 0.05 1.0628176689578792 1790.0539425794657 0.05 f_swap_t 100 23.90344524383545 35.91407043698428
0.9781942243121493 1532.3540830442832 0.05 1.0270646589712176 1719.2426274360178 0.075 f_swap_t 100 24.46153473854065 36.61492973261444
0.9781942243121493 1532.3540830442832 0.05 1.0589229398065312 1816.2591756356662 0.075 f_swap_t 100 25.03589105606079 37.2987804352883
0.9781942243121493 1532.3540830442832 0.05 1.1327746272991273 2000.9154489210093 0.04857142857142857 f_swap_t 100 25.769219636917114 38.02579263093542
0.9781942243121493 1532.3540830442832 0.05 1.111452128955897 1929.6991746587964 0.04444444444444444 f_swap_t 100 26.28528618812561 38.70553470462607
0.9781942243121493 1532.3540830442832 0.05 1.1368069011769997 2015.3699271722237 0.05 f_swap_t 100 27.00426959991455 39.50847935757981
0.9781942243121493 1532.3540830442832 0.05 1.0789807327032375 1801.2089010735228 0.025 f_swap_t 100 27.705292224884033 40.29339456400401
0.9781942243121493 1532.3540830442832 0.05 1.0671784799368917 1794.874680323073 0.04444444444444444 f_swap_t 100 28.334572315216064 40.92046061836397
0.9781942243121493 1532.3540830442832 0.05 1.1698941016060647 2073.8336567914566 0.02222222222222222 f_swap_t 100 29.11577296257019 41.721256012180326
0.9781942243121493 1532.3540830442832 0.05 1.2079238144605715 2193.8733003544526 0.025 f_swap_t 100 30.03535223007202 42.434043452058525
0.9781942243121493 1532.3540830442832 0.05 1.1501529530123187 2064.4710792685405 0.05555555555555556 f_swap_t 100 30.860783100128174 43.06970301753794
0.9781942243121493 1532.3540830442832 0.05 1.1328545399568908 1999.1044654128573 0.04722222222222222 f_swap_t 100 31.6607723236084 43.66900598736256
0.9781942243121493 1532.3540830442832 0.05 1.1328545399568908 1999.1044654128573 0.04722222222222222 f_swap_t 100 32.40704035758972 44.23231592748893
0.9781942243121493 1532.3540830442832 0.05 1.1328545399568908 1999.1044654128573 0.04722222222222222 f_swap_t 100 33.181376934051514 44.78999276821404
0.9781942243121493 1532.3540830442832 0.05 1.0977532776098902 1939.9453593173419 0.07857142857142857 f_swap_t 100 33.753178119659424 45.5020928405319
0.9781942243121493 1532.3540830442832 0.05 1.0701445154668148 1825.0546063236347 0.05833333333333333 f_swap_t 100 34.415560483932495 46.107071912126585
0.9781942243121493 1532.3540830442832 0.05 1.0455290576506244 1805.078039567138 0.09444444444444444 f_swap_t 100 35.09147596359253 46.64600119300532
0.9781942243121493 1532.3540830442832 0.05 1.0381192903900978 1790.9724563677066 0.1 f_swap_t 100 35.692819118499756 47.20954118107527
0.9781942243121493 1532.3540830442832 0.05 1.036196839835123 1785.118106665276 0.1 f_swap_t 100 36.3938729763031 47.73744576926451
0.9781942243121493 1532.3540830442832 0.05 1.027444852118176 1758.4660835202378 0.1 f_swap_t 100 36.99676299095154 48.290071311571864
0.9781942243121493 1532.3540830442832 0.05 1.025435376557135 1752.3467205944246 0.1 f_swap_t 100 37.585092544555664 48.807170598456146
0.9781942243121493 1532.3540830442832 0.05 1.109564069521611 1940.8676308620818 0.05555555555555556 f_swap_t 100 38.26058268547058 49.38909889247159
0.9781942243121493 1532.3540830442832 0.05 1.1790309569428281 2118.575775704656 0.03333333333333333 f_swap_t 100 38.9431312084198 50.02520790354687
0.9781942243121493 1532.3540830442832 0.05 1.0870832681970042 1825.8831774205075 0.025 f_swap_t 100 39.86327290534973 50.584955824511404
0.9781942243121493 1532.3540830442832 0.05 1.1484866925431894 2025.560740942778 0.03333333333333333 f_swap_t 100 40.478877544403076 51.259106266266286
0.9781942243121493 1532.3540830442832 0.05 1.1340154388103625 1974.2414975988117 0.02857142857142857 f_swap_t 100 41.226346015930176 51.85651520360362
0.9781942243121493 1532.3540830442832 0.05 1.1163073112398179 1920.3157562553258 0.02857142857142857 f_swap_t 100 41.85672640800476 52.33795005156758
0.9781942243121493 1532.3540830442832 0.05 1.1005267894470006 1904.8877819950565 0.05 f_swap_t 100 42.39051699638367 52.84457055105191
0.9781942243121493 1532.3540830442832 0.05 1.1005267894470006 1904.8877819950565 0.05 f_swap_t 100 43.04976963996887 53.31612484554139
0.9781942243121493 1532.3540830442832 0.05 1.1005267894470006 1904.8877819950565 0.05 f_swap_t 100 43.77357625961304 53.782963597085974
0.9781942243121493 1532.3540830442832 0.05 1.1005267894470006 1904.8877819950565 0.05 f_swap_t 100 44.382495641708374 54.245133961115116
0.9781942243121493 1532.3540830442832 0.05 1.1005267894470006 1904.8877819950565 0.05 f_swap_t 100 44.87945032119751 54.70268262150397
0.9781942243121493 1532.3540830442832 0.05 1.1005267894470006 1904.8877819950565 0.05 f_swap_t 100 45.492199182510376 55.15565579528893
0.9781942243121493 1532.3540830442832 0.05 1.1005267894470006 1904.8877819950565 0.05 f_swap_t 100 46.133538007736206 55.60409923733604
0.9781942243121493 1532.3540830442832 0.05 1.1340085987137565 2032.2255005150075 0.06666666666666667 f_swap_t 100 46.92223286628723 56.14805824496268
0.9781942243121493 1532.3540830442832 0.05 1.106223323439349 1922.235173321553 0.05 f_swap_t 100 47.40337634086609 56.58657766251305
0.9781942243121493 1532.3540830442832 0.05 1.1024305764695121 1910.68529650584 0.05 f_swap_t 100 48.01360106468201 57.02071188588792
0.9781942243121493 1532.3540830442832 0.05 1.1024305764695121 1910.68529650584 0.05 f_swap_t 100 48.5801203250885 57.45050476702904
0.9781942243121493 1532.3540830442832 0.05 1.0909779504167443 1875.8091444245485 0.05 f_swap_t 100 49.325480937957764 57.915999719358744
0.9781942243121493 1532.3540830442832 0.05 1.0843277337999426 1880.9346618653396 0.06666666666666667 f_swap_t 100 49.818453550338745 58.396839722165154
0.9781942243121493 1532.3540830442832 0.05 1.068514422254316 1832.7791160688507 0.06666666666666667 f_swap_t 100 50.42389392852783 58.8128713249435
0.9781942243121493 1532.3540830442832 0.05 1.0648599849846507 1821.6504273819814 0.06666666666666667 f_swap_t 100 51.102837562561035 59.22474261169407
0.9781942243121493 1532.3540830442832 0.05 1.0648599849846507 1821.6504273819814 0.06666666666666667 f_swap_t 100 51.56684637069702 59.63249518557713
0.9781942243121493 1532.3540830442832 0.05 1.0648599849846507 1821.6504273819814 0.06666666666666667 f_swap_t 100 52.06225252151489 60.03617023372136
0.9781942243121493 1532.3540830442832 0.05 1.0648599849846507 1821.6504273819814 0.06666666666666667 f_swap_t 100 52.626479625701904 60.43580853138415
0.9781942243121493 1532.3540830442832 0.05 1.0755733900748168 1854.2754640776318 0.06666666666666667 f_swap_t 100 53.239521980285645 60.871450446070305
0.9781942243121493 1532.3540830442832 0.05 1.1191142813954071 1986.8685253070178 0.06666666666666667 f_swap_t 100 53.8263418674469 61.342735941609604
0.9781942243121493 1532.3540830442832 0.05 1.1386513069959423 2046.3637251782889 0.06666666666666667 f_swap_t 100 54.445512771606445 61.79930858219351
0.9781942243121493 1532.3540830442832 0.05 1.110144027460536 1990.0043633416383 0.08666666666666667 f_swap_t 100 55.196125507354736 62.211315496371576
0.9781942243121493 1532.3540830442832 0.05 1.0975924969910416 1951.7817684983124 0.08666666666666667 f_swap_t 100 55.79620289802551 62.64920234140786
0.9781942243121493 1532.3540830442832 0.05 1.0975924969910416 1951.7817684983124 0.08666666666666667 f_swap_t 100 56.40404915809631 63.02271031799378
0.9781942243121493 1532.3540830442832 0.05 1.1214076852574493 2010.7705981649601 0.07777777777777777 f_swap_t 100 56.95920014381409 63.40248321481384
0.9781942243121493 1532.3540830442832 0.05 1.116072841156471 1995.7330783408777 0.07857142857142857 f_swap_t 100 57.557295083999634 63.8684583826657
0.9781942243121493 1532.3540830442832 0.05 1.0961433317999023 1935.0426658518368 0.07857142857142857 f_swap_t 100 58.114755392074585 64.28977379883905
0.9781942243121493 1532.3540830442832 0.05 1.0799055374695814 1885.5944622765403 0.07857142857142857 f_swap_t 100 58.679394483566284 64.70687606085066
0.9781942243121493 1532.3540830442832 0.05 1.101840391067426 1974.8685294635213 0.09333333333333334 f_swap_t 100 59.517635345458984 65.09980730024215
0.9781942243121493 1532.3540830442832 0.05 1.0699017835278313 1817.0648218904591 0.05357142857142857 f_swap_t 100 60.0474853515625 65.53880922723972
0.9781942243121493 1532.3540830442832 0.05 1.0699017835278313 1817.0648218904591 0.05357142857142857 f_swap_t 100 60.64265489578247 65.88342113496732
0.9781942243121493 1532.3540830442832 0.05 1.0699017835278313 1817.0648218904591 0.05357142857142857 f_swap_t 100 61.08107662200928 66.22458692361765
0.9781942243121493 1532.3540830442832 0.05 1.0879307309117001 1910.0332124530967 0.07857142857142857 f_swap_t 100 61.568591356277466 66.63234105438147
0.9781942243121493 1532.3540830442832 0.05 1.0688431460572938 1821.0916062892952 0.05833333333333333 f_swap_t 100 62.18392324447632 67.05601764383765
0.9781942243121493 1532.3540830442832 0.05 1.0622576473070628 1831.852159123878 0.07857142857142857 f_swap_t 100 62.78509473800659 67.47545746739927
0.9781942243121493 1532.3540830442832 0.05 1.0449688592757318 1778.8408828671093 0.07833333333333332 f_swap_t 100 63.388747215270996 67.80070289272527
0.9781942243121493 1532.3540830442832 0.05 1.0446150781724657 1777.7635296466217 0.07833333333333332 f_swap_t 100 63.91353130340576 68.12269586379801
0.9781942243121493 1532.3540830442832 0.05 1.0446150781724657 1777.7635296466217 0.07833333333333332 f_swap_t 100 64.51506066322327 68.44146890516004
0.9781942243121493 1532.3540830442832 0.05 1.0446150781724657 1777.7635296466217 0.07833333333333332 f_swap_t 100 64.96766877174377 68.75705421610843
0.9781942243121493 1532.3540830442832 0.05 1.0851438088286172 1904.5674126534361 0.08055555555555556 f_swap_t 100 65.50122451782227 69.10948367394734
0.9781942243121493 1532.3540830442832 0.05 1.0441301867742645 1829.5788523980887 0.11333333333333333 f_swap_t 100 65.96220111846924 69.53838883720786
0.9781942243121493 1532.3540830442832 0.05 1.0492778276654309 1854.5596668864343 0.11944444444444444 f_swap_t 100 66.65702176094055 69.88300494883578
0.9781942243121493 1532.3540830442832 0.05 1.1029711576258678 1941.9381366634193 0.06944444444444445 f_swap_t 100 67.3928804397583 70.36417489934742
0.9781942243121493 1532.3540830442832 0.05 1.181941789490381 2120.1893952527025 0.02857142857142857 f_swap_t 100 68.07241249084473 70.87053315035395
0.9781942243121493 1532.3540830442832 0.05 1.14025316648739 2000.4875650995891 0.03333333333333333 f_swap_t 100 68.79327964782715 71.19182781885041
0.9781942243121493 1532.3540830442832 0.05 1.106350067916679 1928.0590954824456 0.05357142857142857 f_swap_t 100 69.23119688034058 71.47990954066191
0.9781942243121493 1532.3540830442832 0.05 1.1265989093027382 1989.3594248172762 0.05333333333333333 f_swap_t 100 69.83407163619995 71.95511044525529
0.9781942243121493 1532.3540830442832 0.05 1.1030260107461658 1917.5739678165924 0.05333333333333333 f_swap_t 100 70.44818830490112 72.26555934080274
0.9781942243121493 1532.3540830442832 0.05 1.0874052415677051 1919.3088702137616 0.08571428571428572 f_swap_t 100 71.11783647537231 72.5729037473947
0.9781942243121493 1532.3540830442832 0.05 1.07006175938983 1858.6387455074787 0.08055555555555556 f_swap_t 100 71.70188784599304 72.87717470992075
0.9781942243121493 1532.3540830442832 0.05 1.0689481527543165 1817.181859269557 0.05555555555555556 f_swap_t 100 72.29167819023132 73.14840296282155
0.9781942243121493 1532.3540830442832 0.05 1.0498155803629239 1796.1380897162219 0.08 f_swap_t 100 72.92613983154297 73.44691893319333
0.9781942243121493 1532.3540830442832 0.05 1.0474051357415086 1788.7976742680382 0.08 f_swap_t 100 73.51720809936523 73.7124497438614
0.9781942243121493 1532.3540830442832 0.05 1.1088021905746481 1887.793287512701 0.02222222222222222 f_swap_t 100 74.27020287513733 74.02532524642278
0.9781942243121493 1532.3540830442832 0.05 1.0838843910433575 1808.5286505733536 0.02 f_swap_t 100 74.86635684967041 74.31507199395855
0.9781942243121493 1532.3540830442832 0.05 1.0705264016056981 1818.9669424151355 0.05357142857142857 f_swap_t 100 75.3948347568512 74.60192127401896
0.9781942243121493 1532.3540830442832 0.05 1.1571509173814396 2044.6948997618335 0.02857142857142857 f_swap_t 100 75.96787428855896 74.92590206127878
0.9781942243121493 1532.3540830442832 0.05 1.1245417304730414 1932.3405646825777 0.02 f_swap_t 100 76.52593803405762 75.236643040666
0.9781942243121493 1532.3540830442832 0.05 1.0871880343455527 1849.041619817685 0.04 f_swap_t 100 77.04785943031311 75.57427661025933
0.9781942243121493 1532.3540830442832 0.05 1.1072726917199551 1910.2044973850539 0.04 f_swap_t 100 77.56093287467957 75.91853384415674
0.9781942243121493 1532.3540830442832 0.05 1.0874327173896816 1870.0884332288717 0.05333333333333333 f_swap_t 100 78.21551823616028 76.21934850571517
0.9781942243121493 1532.3540830442832 0.05 1.079068412805054 1839.5415807191227 0.05 f_swap_t 100 78.67859768867493 76.48715502065802
0.9781942243121493 1532.3540830442832 0.05 1.053724727796711 1767.8015827602749 0.05357142857142857 f_swap_t 100 79.1938087940216 76.78228347045145
0.9781942243121493 1532.3540830442832 0.05 1.0434529289700452 1760.6900294917104 0.06944444444444445 f_swap_t 100 79.79399991035461 77.04446063574693
0.9781942243121493 1532.3540830442832 0.05 1.0856208385427126 1874.7216481619985 0.06 f_swap_t 100 80.53962874412537 77.28401602938946
0.9781942243121493 1532.3540830442832 0.05 1.0459205018094606 1753.8240500733264 0.06 f_swap_t 100 81.03742265701294 77.54117586909557
0.9781942243121493 1532.3540830442832 0.05 1.0432965642607606 1745.8334944943153 0.06 f_swap_t 100 81.47274541854858 77.76576411040462
0.9781942243121493 1532.3540830442832 0.05 1.0775325756708196 1840.3025200439988 0.05357142857142857 f_swap_t 100 82.31453347206116 78.06810646930057
0.9781942243121493 1532.3540830442832 0.05 1.1631107867133514 2100.9098854999684 0.05357142857142857 f_swap_t 100 82.96908593177795 78.41742540460757
0.9781942243121493 1532.3540830442832 0.05 1.0993686458801206 1906.7988940606201 0.05357142857142857 f_swap_t 100 83.71727728843689 78.7532511505615
0.9781942243121493 1532.3540830442832 0.05 1.0755972936486502 1803.5940278721532 0.03333333333333333 f_swap_t 100 84.31787753105164 78.99571863905588
0.9781942243121493 1532.3540830442832 0.05 1.0569199264137603 1756.8675515665857 0.04 f_swap_t 100 84.8890027999878 79.26576145266532
0.9781942243121493 1532.3540830442832 0.05 1.0379162988497623 1729.449221241427 0.06 f_swap_t 100 85.49246072769165 79.47310383813867
0.9781942243121493 1532.3540830442832 0.05 1.0646717123207958 1780.4737064300853 0.04 f_swap_t 100 86.16132831573486 79.71837279975728
0.9781942243121493 1532.3540830442832 0.05 1.10208576149298 1894.408978820356 0.04 f_swap_t 100 86.79944014549255 80.08118907175971
0.9781942243121493 1532.3540830442832 0.05 1.0569046463949965 1780.5063267371618 0.05555555555555556 f_swap_t 100 87.52354860305786 80.31037718104211
0.9781942243121493 1532.3540830442832 0.05 1.0569046463949965 1780.5063267371618 0.05555555555555556 f_swap_t 100 88.13943457603455 80.50727340923169
0.9781942243121493 1532.3540830442832 0.05 1.0517308812812418 1764.7508992824617 0.05555555555555556 f_swap_t 100 88.72520565986633 80.73220067513937
0.9781942243121493 1532.3540830442832 0.05 1.0840158616527733 1829.2307033966747 0.03333333333333333 f_swap_t 100 89.41203165054321 80.96487866838797
0.9781942243121493 1532.3540830442832 0.05 1.0586678073377844 1792.642829642669 0.06 f_swap_t 100 90.03381419181824 81.21522988170409
0.9781942243121493 1532.3540830442832 0.05 1.1509798471219868 2033.1530291962908 0.03333333333333333 f_swap_t 100 90.684330701828 81.52307758288705
0.9781942243121493 1532.3540830442832 0.05 1.0826174238596105 1863.0377769954853 0.05833333333333333 f_swap_t 100 91.416255235672 81.82784680705818
0.9781942243121493 1532.3540830442832 0.05 1.1025980042310966 1895.9688879237162 0.04 f_swap_t 100 92.16604471206665 82.0895683389876
0.9781942243121493 1532.3540830442832 0.05 1.0996523160175453 1869.5970701121782 0.02857142857142857 f_swap_t 100 92.77038264274597 82.30867265559773
0.9781942243121493 1532.3540830442832 0.05 1.1010424736220399 1868.3924996575574 0.025 f_swap_t 100 93.46806979179382 82.55558592904175
0.9781942243121493 1532.3540830442832 0.05 1.087061295008757 1825.8162634872763 0.025 f_swap_t 100 94.17981767654419 82.73003006975134
0.9781942243121493 1532.3540830442832 0.05 1.0880591812467233 1821.2419459668486 0.02 f_swap_t 100 94.78000903129578 83.02272976905383
0.9781942243121493 1532.3540830442832 0.05 1.0642949780342221 1756.4870520490947 0.025 f_swap_t 100 95.38008284568787 83.19250247136328
0.9781942243121493 1532.3540830442832 0.05 1.0712437396657397 1815.7134657404476 0.05 f_swap_t 100 95.94077110290527 83.43057744664965
0.9781942243121493 1532.3540830442832 0.05 1.0543040259614278 1776.8162967441065 0.05833333333333333 f_swap_t 100 96.56956458091736 83.62627167218315
0.9781942243121493 1532.3540830442832 0.05 1.1091571206088067 1885.4905242757552 0.02 f_swap_t 100 97.27063465118408 84.00000895546133
0.9781942243121493 1532.3540830442832 0.05 1.0837194930879064 1838.4790316527922 0.04 f_swap_t 100 97.83279418945312 84.1900088659067
0.9781942243121493 1532.3540830442832 0.05 1.0775561054020053 1819.709952379703 0.04 f_swap_t 100 98.32472324371338 84.37810877724763
0.9781942243121493 1532.3540830442832 0.05 1.0684773248835109 1822.5152994319167 0.06 f_swap_t 100 98.96797513961792 84.66432768947516
0.9781942243121493 1532.3540830442832 0.05 1.0481151062580847 1780.8088688936132 0.07333333333333333 f_swap_t 100 99.44843363761902 84.8176844125804
0.9781942243121493 1532.3540830442832 0.05 1.0457982806162658 1773.7535469912289 0.07333333333333333 f_swap_t 100 100.14899349212646 84.9695075684546
0.9781942243121493 1532.3540830442832 0.05 1.0410209240621668 1789.657821368683 0.09333333333333334 f_swap_t 100 100.78344321250916 85.17981249277005
0.9781942243121493 1532.3540830442832 0.05 1.039564288850576 1782.6842861405032 0.09166666666666666 f_swap_t 100 101.46269536018372 85.35801436784236
0.9781942243121493 1532.3540830442832 0.05 1.103541022388046 1919.504839139098 0.05357142857142857 f_swap_t 100 102.17913961410522 85.59443422416393
0.9781942243121493 1532.3540830442832 0.05 1.067604382735532 1810.0686535833179 0.05357142857142857 f_swap_t 100 102.77095556259155 85.76848988192229
0.9781942243121493 1532.3540830442832 0.05 1.0272331186069323 1747.6704555271338 0.09333333333333334 f_swap_t 100 103.48923063278198 85.94080498310306
0.9781942243121493 1532.3540830442832 0.05 1.1388658671347476 2021.640000912671 0.05 f_swap_t 100 104.20214343070984 86.15139693327204
0.9781942243121493 1532.3540830442832 0.05 1.0914069096346224 1912.6433941349758 0.07333333333333333 f_swap_t 100 104.88055515289307 86.37988296393932
0.9781942243121493 1532.3540830442832 0.05 1.0759066722936552 1865.441238724598 0.07333333333333333 f_swap_t 100 105.65879106521606 86.51608413429993
0.9781942243121493 1532.3540830442832 0.05 1.067072023216317 1838.537490764397 0.07333333333333333 f_swap_t 100 106.52661180496216 86.71092329295693
0.9781942243121493 1532.3540830442832 0.05 1.0577405528795305 1810.1207960161064 0.07333333333333333 f_swap_t 100 107.02593517303467 86.90381406002737
0.9781942243121493 1532.3540830442832 0.05 1.0478520064576629 1810.4602004394274 0.09333333333333334 f_swap_t 100 108.02675294876099 87.06477591942709
0.9781942243121493 1532.3540830442832 0.05 1.046584104072106 1806.5991159842838 0.09333333333333334 f_swap_t 100 108.70568299293518 87.22412816023282
0.9781942243121493 1532.3540830442832 0.05 1.0638462788326046 1829.0768108875127 0.07357142857142858 f_swap_t 100 109.25960278511047 87.42188687863049
0.9781942243121493 1532.3540830442832 0.05 1.048782007171545 1813.2922885721944 0.09333333333333334 f_swap_t 100 109.86225867271423 87.61766800984418
0.9781942243121493 1532.3540830442832 0.05 1.037279649332342 1778.2646905833008 0.09333333333333334 f_swap_t 100 110.50472950935364 87.74149132974574
0.9781942243121493 1532.3540830442832 0.05 1.037279649332342 1778.2646905833008 0.09333333333333334 f_swap_t 100 111.00566506385803 87.86407641644828
0.9781942243121493 1532.3540830442832 0.05 1.037279649332342 1778.2646905833008 0.09333333333333334 f_swap_t 100 111.52254152297974 87.9854356522838
0.9781942243121493 1532.3540830442832 0.05 1.0537610749753048 1858.9073505110805 0.11333333333333333 f_swap_t 100 112.38089752197266 88.23558129576097
0.9781942243121493 1532.3540830442832 0.05 1.0392081280501952 1811.2063195192077 0.11111111111111112 f_swap_t 100 112.91428256034851 88.41322548280336
0.9781942243121493 1532.3540830442832 0.05 1.025720012820555 1773.5152016952502 0.11333333333333333 f_swap_t 100 113.37802648544312 88.55909322797532
0.9781942243121493 1532.3540830442832 0.05 1.0235186393881217 1766.8114610628822 0.11333333333333333 f_swap_t 100 113.9784483909607 88.70350229569557
0.9781942243121493 1532.3540830442832 0.05 1.0278677747497416 1780.0556816979665 0.11333333333333333 f_swap_t 100 114.7009265422821 88.85646727273861
0.9781942243121493 1532.3540830442832 0.05 1.0278677747497416 1780.0556816979665 0.11333333333333333 f_swap_t 100 115.17657685279846 88.96790260001123
0.9781942243121493 1532.3540830442832 0.05 1.0275414948746349 1779.0620766948118 0.11333333333333333 f_swap_t 100 115.78287863731384 89.10822357401112
0.9781942243121493 1532.3540830442832 0.05 1.0275414948746349 1779.0620766948118 0.11333333333333333 f_swap_t 100 116.48766875267029 89.217141338271
0.9781942243121493 1532.3540830442832 0.05 1.0275414948746349 1779.0620766948118 0.11333333333333333 f_swap_t 100 117.30669593811035 89.3249699248883
0.9781942243121493 1532.3540830442832 0.05 1.0283083097778296 1781.3972226306703 0.11333333333333333 f_swap_t 100 117.86840438842773 89.44172022563941
0.9781942243121493 1532.3540830442832 0.05 1.0283083097778296 1781.3972226306703 0.11333333333333333 f_swap_t 100 118.32878065109253 89.54730302338302
0.9781942243121493 1532.3540830442832 0.05 1.0283083097778296 1781.3972226306703 0.11333333333333333 f_swap_t 100 118.9917106628418 89.65182999314919
0.9781942243121493 1532.3540830442832 0.05 1.0799752521145065 1923.8724325477253 0.10357142857142856 f_swap_t 100 119.6068983078003 89.9053116932177
0.9781942243121493 1532.3540830442832 0.05 1.0650690596488073 1866.2741109461692 0.09555555555555556 f_swap_t 100 120.23582887649536 90.00625857628552
0.9781942243121493 1532.3540830442832 0.05 1.0650690596488073 1866.2741109461692 0.09555555555555556 f_swap_t 100 120.85923910140991 90.10619599052266
0.9781942243121493 1532.3540830442832 0.05 1.0867680951893415 1932.3531796280747 0.09555555555555556 f_swap_t 100 121.41239547729492 90.27513403061744
0.9781942243121493 1532.3540830442832 0.05 1.071664405843471 1898.5637970315227 0.10357142857142856 f_swap_t 100 122.13655734062195 90.46238269031126
0.9781942243121493 1532.3540830442832 0.05 1.1288801904113992 2029.2967532220534 0.075 f_swap_t 100 122.64797043800354 90.73775886340815
0.9781942243121493 1532.3540830442832 0.05 1.136517230139657 2002.6451520161522 0.042222222222222223 f_swap_t 100 123.37651181221008 91.12038127477406
0.9781942243121493 1532.3540830442832 0.05 1.129766732087437 1982.0881727164747 0.042222222222222223 f_swap_t 100 124.10987973213196 91.24917746202632
0.9781942243121493 1532.3540830442832 0.05 1.1010050387810928 1906.3441725583848 0.05 f_swap_t 100 124.7329957485199 91.36668568740606
0.9781942243121493 1532.3540830442832 0.05 1.0779115560893684 1869.8548109382152 0.07222222222222222 f_swap_t 100 125.2368791103363 91.483018830532
0.9781942243121493 1532.3540830442832 0.05 1.0998434425290455 1936.6429696867444 0.07222222222222222 f_swap_t 100 126.09009075164795 91.66818864222668
0.9781942243121493 1532.3540830442832 0.05 1.0804092635283575 1943.4414610545352 0.11555555555555555 f_swap_t 100 126.76847243309021 91.91150675580441
0.9781942243121493 1532.3540830442832 0.05 1.0606905131367956 1883.392863087527 0.11555555555555555 f_swap_t 100 127.59313225746155 92.05239168824636
0.9781942243121493 1532.3540830442832 0.05 1.052742830698685 1859.1901535842012 0.11555555555555555 f_swap_t 100 128.34726190567017 92.1318677713639
0.9781942243121493 1532.3540830442832 0.05 1.0508038673038316 1853.2855180947167 0.11555555555555555 f_swap_t 100 129.21486520767212 92.21054909365026
0.9781942243121493 1532.3540830442832 0.05 1.0468622129287195 1841.2821804492803 0.11555555555555555 f_swap_t 100 129.78322339057922 92.31844360271376
0.9781942243121493 1532.3540830442832 0.05 1.0468622129287195 1841.2821804492803 0.11555555555555555 f_swap_t 100 130.50021648406982 92.39525916668661
0.9781942243121493 1532.3540830442832 0.05 1.0468622129287195 1841.2821804492803 0.11555555555555555 f_swap_t 100 131.31365585327148 92.47130657501975
0.9781942243121493 1532.3540830442832 0.05 1.0468622129287195 1841.2821804492803 0.11555555555555555 f_swap_t 100 132.05652284622192 92.54659350926956
0.9781942243121493 1532.3540830442832 0.05 1.0468622129287195 1841.2821804492803 0.11555555555555555 f_swap_t 100 132.68745112419128 92.62112757417687
0.9781942243121493 1532.3540830442832 0.05 1.0468622129287195 1841.2821804492803 0.11555555555555555 f_swap_t 100 133.5783064365387 92.6949162984351
0.9781942243121493 1532.3540830442832 0.05 1.0468622129287195 1841.2821804492803 0.11555555555555555 f_swap_t 100 134.2574234008789 92.76796713545075
0.9781942243121493 1532.3540830442832 0.05 1.0857677828959824 1979.5778299427864 0.12857142857142856 f_swap_t 100 135.1695957183838 92.89028746409623
0.9781942243121493 1532.3540830442832 0.05 1.128569891700732 2008.8960272691838 0.06222222222222222 f_swap_t 100 135.94679403305054 93.20138458945527
0.9781942243121493 1532.3540830442832 0.05 1.0892472925395573 1914.0424766468273 0.07857142857142857 f_swap_t 100 136.43786001205444 93.29937074356071
0.9781942243121493 1532.3540830442832 0.05 1.1357036443152988 2037.3873444372425 0.06666666666666667 f_swap_t 100 137.0040020942688 93.3763770361251
0.9781942243121493 1532.3540830442832 0.05 1.1145529102272245 1991.1045030257294 0.07857142857142857 f_swap_t 100 137.47203636169434 93.47261326576385
0.9781942243121493 1532.3540830442832 0.05 1.1043225250757143 1975.6600267966915 0.08888888888888888 f_swap_t 100 138.05553221702576 93.56788713310621
0.9781942243121493 1532.3540830442832 0.05 1.1157654756070006 1994.797072258212 0.07857142857142857 f_swap_t 100 138.66666865348816 93.64220826177515
0.9781942243121493 1532.3540830442832 0.05 1.0914095516345375 1958.6927756870411 0.10357142857142856 f_swap_t 100 139.2598934173584 93.7357861791574
0.9781942243121493 1532.3540830442832 0.05 1.0914095516345375 1958.6927756870411 0.10357142857142856 f_swap_t 100 139.7105302810669 93.79842831736583
0.9781942243121493 1532.3540830442832 0.05 1.0914095516345375 1958.6927756870411 0.10357142857142856 f_swap_t 100 140.2496383190155 93.86044403419217
0.9781942243121493 1532.3540830442832 0.05 1.0914095516345375 1958.6927756870411 0.10357142857142856 f_swap_t 100 140.79835414886475 93.92183959385025
0.9781942243121493 1532.3540830442832 0.05 1.0914095516345375 1958.6927756870411 0.10357142857142856 f_swap_t 100 141.32445740699768 93.98262119791175
0.9781942243121493 1532.3540830442832 0.05 1.09017504006376 1954.9333747347898 0.10357142857142856 f_swap_t 100 141.93421864509583 94.07279498593263
0.9781942243121493 1532.3540830442832 0.05 1.09017504006376 1954.9333747347898 0.10357142857142856 f_swap_t 100 142.5139136314392 94.13206703607331
0.9781942243121493 1532.3540830442832 0.05 1.135983713684904 2018.3010654702775 0.05357142857142857 f_swap_t 100 143.2161099910736 94.37074636571258
0.9781942243121493 1532.3540830442832 0.05 1.115760228408651 1951.2774686485552 0.05 f_swap_t 100 144.00519847869873 94.59703890205544
0.9781942243121493 1532.3540830442832 0.05 1.0886826207491542 1873.8947060828912 0.05333333333333333 f_swap_t 100 144.66488575935364 94.77106851303489
0.9781942243121493 1532.3540830442832 0.05 1.089685010852156 1871.8718154068426 0.05 f_swap_t 100 145.34405326843262 94.83335782790454
0.9781942243121493 1532.3540830442832 0.05 1.1086807837133996 1914.4924947650045 0.04 f_swap_t 100 146.08843064308167 94.9550242496255
0.9781942243121493 1532.3540830442832 0.05 1.091505178786522 1888.2905947183006 0.05714285714285714 f_swap_t 100 146.81096029281616 95.00547400712924
0.9781942243121493 1532.3540830442832 0.05 1.091505178786522 1888.2905947183006 0.05714285714285714 f_swap_t 100 147.5251908302307 95.05541926705794
0.9781942243121493 1532.3540830442832 0.05 1.0826452586504083 1861.309889972377 0.05714285714285714 f_swap_t 100 148.18159914016724 95.13486507438736
0.9781942243121493 1532.3540830442832 0.05 1.100600347800449 1915.9876919843118 0.05714285714285714 f_swap_t 100 149.08347034454346 95.25351642364349
0.9781942243121493 1532.3540830442832 0.05 1.0692496804134426 1807.4658681582043 0.04857142857142857 f_swap_t 100 149.80606150627136 95.42098125940706
0.9781942243121493 1532.3540830442832 0.05 1.0442443457106494 1718.2671922879779 0.04 f_swap_t 100 150.4804458618164 95.49677144681299
0.9781942243121493 1532.3540830442832 0.05 1.0435407132487362 1693.2850500227498 0.025 f_swap_t 100 151.086975812912 95.54180373234486
0.9781942243121493 1532.3540830442832 0.05 1.0435407132487362 1693.2850500227498 0.025 f_swap_t 100 151.7124044895172 95.5863856950214
0.9781942243121493 1532.3540830442832 0.05 1.0435407132487362 1693.2850500227498 0.025 f_swap_t 100 152.3370304107666 95.63052183807119
0.9781942243121493 1532.3540830442832 0.05 1.0770322626482183 1833.3409868812596 0.05 f_swap_t 100 153.0092568397522 95.68421661969047
0.9781942243121493 1532.3540830442832 0.05 1.141949761252119 1992.9655694536314 0.025 f_swap_t 100 153.7360553741455 95.82737445349358
0.9781942243121493 1532.3540830442832 0.05 1.106977847665899 1899.1557767023487 0.03333333333333333 f_swap_t 100 154.32696080207825 95.89910070895864
0.9781942243121493 1532.3540830442832 0.05 1.0782867172025963 1811.7840049521926 0.03333333333333333 f_swap_t 100 154.91215991973877 96.00010970186905
0.9781942243121493 1532.3540830442832 0.05 1.1174930222955084 1918.4885941875905 0.025 f_swap_t 100 155.739426612854 96.11010860485035
0.9781942243121493 1532.3540830442832 0.05 1.10397293323466 1869.7033583938353 0.02 f_swap_t 100 156.4800591468811 96.14900751880185
0.9781942243121493 1532.3540830442832 0.05 1.10397293323466 1869.7033583938353 0.02 f_swap_t 100 157.08201837539673 96.18751744361383
0.9781942243121493 1532.3540830442832 0.05 1.1155490341816567 1904.9555228559996 0.02 f_swap_t 100 157.98408317565918 96.26564226917769
0.9781942243121493 1532.3540830442832 0.05 1.103489119350393 1875.8431566612815 0.025 f_swap_t 100 158.5854618549347 96.33298584648591
0.9781942243121493 1532.3540830442832 0.05 1.1152671097977631 1911.7101258753164 0.025 f_swap_t 100 159.11255931854248 96.37965598802106
0.9781942243121493 1532.3540830442832 0.05 1.0922562311442414 1854.324719237786 0.03333333333333333 f_swap_t 100 159.5678427219391 96.41585942814085
0.9781942243121493 1532.3540830442832 0.05 1.1076037650877277 1901.0618540590572 0.03333333333333333 f_swap_t 100 160.33267998695374 96.52170083385944
0.9781942243121493 1532.3540830442832 0.05 1.0874954783105835 1827.1384618019588 0.025 f_swap_t 100 160.86855387687683 96.61648382552085
0.9781942243121493 1532.3540830442832 0.05 1.0745415991889637 1787.6906132293516 0.025 f_swap_t 100 161.46690702438354 96.68031898726564
0.9781942243121493 1532.3540830442832 0.05 1.0704197142314187 1775.1384277324553 0.025 f_swap_t 100 162.14533376693726 96.75351579739298
0.9781942243121493 1532.3540830442832 0.05 1.1639005045274018 2059.81115205092 0.025 f_swap_t 100 162.77615213394165 96.85598063941904
0.9781942243121493 1532.3540830442832 0.05 1.1307618410750353 1951.2823796268597 0.02 f_swap_t 100 163.49987936019897 96.94742083302485
0.9781942243121493 1532.3540830442832 0.05 1.1100153905154566 1908.4058653620596 0.03333333333333333 f_swap_t 100 164.0264492034912 96.9779466246946
0.9781942243121493 1532.3540830442832 0.05 1.0755767756824974 1790.842988296268 0.025 f_swap_t 100 164.7313952445984 97.03816715844765
0.9781942243121493 1532.3540830442832 0.05 1.0810061234639234 1807.3767298202458 0.025 f_swap_t 100 165.38841581344604 97.07778548686318
0.9781942243121493 1532.3540830442832 0.05 1.0775760994590053 1796.9314364624754 0.025 f_swap_t 100 166.01206922531128 97.14700763199454
0.9781942243121493 1532.3540830442832 0.05 1.11507397861772 1911.1219924310049 0.025 f_swap_t 100 166.7254674434662 97.19553755567459
0.9781942243121493 1532.3540830442832 0.05 1.0973720891425585 1857.215247670685 0.025 f_swap_t 100 167.38951659202576 97.22358218011784
0.9781942243121493 1532.3540830442832 0.05 1.0920399041656403 1879.0430630279452 0.05 f_swap_t 100 167.87683129310608 97.28134635831667
0.9781942243121493 1532.3540830442832 0.05 1.086057774110345 1860.8259592285835 0.05 f_swap_t 100 168.43780660629272 97.3085328947335
0.9781942243121493 1532.3540830442832 0.05 1.1323179974544055 1976.3229620897635 0.03333333333333333 f_swap_t 100 169.08422875404358 97.34544756578617
0.9781942243121493 1532.3540830442832 0.05 1.0992066906160742 1900.8677461205248 0.05 f_swap_t 100 169.7050895690918 97.40199309012831
0.9781942243121493 1532.3540830442832 0.05 1.0909578376637463 1875.7478959886794 0.05 f_swap_t 100 170.19064831733704 97.42797315922704
0.9781942243121493 1532.3540830442832 0.05 1.0909578376637463 1875.7478959886794 0.05 f_swap_t 100 170.77146100997925 97.45369342763476
0.9781942243121493 1532.3540830442832 0.05 1.1293032740615483 1916.388135812842 0.0 f_swap_t 100 171.42101407051086 97.64915649335842
0.9781942243121493 1532.3540830442832 0.05 1.0944970588318652 1840.8469166264708 0.02 f_swap_t 100 171.91601729393005 97.83266492842483
0.9781942243121493 1532.3540830442832 0.05 1.0648696942545524 1796.3028802459617 0.05 f_swap_t 100 172.5884940624237 97.93433827914059
0.9781942243121493 1532.3540830442832 0.05 1.0426043252164354 1766.5648538637074 0.075 f_swap_t 100 173.36873412132263 97.95499489634918
0.9781942243121493 1532.3540830442832 0.05 1.060279372182133 1807.7012992091022 0.06666666666666667 f_swap_t 100 173.90166020393372 97.98544494738569
0.9781942243121493 1532.3540830442832 0.05 1.0524266771501376 1773.6370047270025 0.06 f_swap_t 100 174.70261645317078 98.00559049791183
0.9781942243121493 1532.3540830442832 0.05 1.052076097137029 1772.5693996382224 0.06 f_swap_t 100 175.4832010269165 98.0255345929327
0.9781942243121493 1532.3540830442832 0.05 1.1362487921113182 1975.6046719748151 0.025 f_swap_t 100 176.11619091033936 98.18527924700338
0.9781942243121493 1532.3540830442832 0.05 1.1176144411089908 1918.8583452809235 0.025 f_swap_t 100 176.7088804244995 98.23342645453334
0.9781942243121493 1532.3540830442832 0.05 1.1017893561699896 1893.506349408142 0.04 f_swap_t 100 177.44386458396912 98.38109218998801
0.9781942243121493 1532.3540830442832 0.05 1.0915753982354606 1877.6285246164957 0.05 f_swap_t 100 178.10889768600464 98.53728126808814
0.9781942243121493 1532.3540830442832 0.05 1.0749711394926167 1837.9402500658678 0.05714285714285714 f_swap_t 100 178.94925498962402 98.55190845540726
0.9781942243121493 1532.3540830442832 0.05 1.0718040568046416 1830.1083307547442 0.05833333333333333 f_swap_t 100 179.5676393508911 98.56638937085319
0.9781942243121493 1532.3540830442832 0.05 1.0680720500386482 1816.930772247382 0.05714285714285714 f_swap_t 100 180.2995421886444 98.64072547714466
0.9781942243121493 1532.3540830442832 0.05 1.1018842768421204 1870.956004044305 0.025 f_swap_t 100 181.03252458572388 98.82431822237321
0.9781942243121493 1532.3540830442832 0.05 1.0814197794835538 1808.6364173524762 0.025 f_swap_t 100 181.6429488658905 98.86607504014948
0.9781942243121493 1532.3540830442832 0.05 1.0700129903039532 1811.9655216691192 0.05 f_swap_t 100 182.36104464530945 99.00741428974798
0.9781942243121493 1532.3540830442832 0.05 1.0516869062361822 1768.8465031673263 0.05833333333333333 f_swap_t 100 183.08866548538208 99.1373401468505
0.9781942243121493 1532.3540830442832 0.05 1.1449264636769019 2014.7189407466703 0.03333333333333333 f_swap_t 100 183.84946537017822 99.275966745382
0.9781942243121493 1532.3540830442832 0.05 1.1121752376789245 1948.8193004044822 0.05555555555555556 f_swap_t 100 184.46643233299255 99.28320707792817
0.9781942243121493 1532.3540830442832 0.05 1.0656569503844167 1803.7756977686188 0.05333333333333333 f_swap_t 100 185.23220086097717 99.35037500714888
0.9781942243121493 1532.3540830442832 0.05 1.0478018737830381 1749.4024593424592 0.05333333333333333 f_swap_t 100 185.99882650375366 99.3568712570774
0.9781942243121493 1532.3540830442832 0.05 1.0742281403567282 1833.2607611528979 0.05555555555555556 f_swap_t 100 186.57878184318542 99.41330254450662
0.9781942243121493 1532.3540830442832 0.05 1.0906278621429513 1880.180989876669 0.05357142857142857 f_swap_t 100 187.45462679862976 99.56916951906156
0.9781942243121493 1532.3540830442832 0.05 1.0880493663928936 1834.263144614531 0.02857142857142857 f_swap_t 100 188.14888644218445 99.57347782387095
0.9781942243121493 1532.3540830442832 0.05 1.0858060256195161 1827.431602781069 0.02857142857142857 f_swap_t 100 188.83238863945007 99.57774304563223
0.9781942243121493 1532.3540830442832 0.05 1.0879028045714114 1879.1331022652514 0.05833333333333333 f_swap_t 100 189.5655882358551 99.63196561517591
0.9781942243121493 1532.3540830442832 0.05 1.0694548085949367 1853.7693413031393 0.07857142857142857 f_swap_t 100 190.16678857803345 99.75564595902415
0.9781942243121493 1532.3540830442832 0.05 1.0694548085949367 1853.7693413031393 0.07857142857142857 f_swap_t 100 190.89174056053162 99.75808949943391
0.9781942243121493 1532.3540830442832 0.05 1.0631133780967694 1834.458076493828 0.07857142857142857 f_swap_t 100 191.69934821128845 99.79050860443957
0.9781942243121493 1532.3540830442832 0.05 1.0619526520967981 1830.9233713254941 0.07857142857142857 f_swap_t 100 192.47699308395386 99.82260351839517
0.9781942243121493 1532.3540830442832 0.05 1.0601055293083341 1786.8702120900787 0.05333333333333333 f_swap_t 100 193.15394735336304 99.82437748321122
0.9781942243121493 1532.3540830442832 0.05 1.0852792209847013 1863.5304902924167 0.05333333333333333 f_swap_t 100 193.9334535598755 99.84613370837911
0.9781942243121493 1532.3540830442832 0.05 1.057488552591202 1817.3290557033963 0.07857142857142857 f_swap_t 100 194.64126420021057 99.87767237129532
0.9781942243121493 1532.3540830442832 0.05 1.0404334005353952 1794.6358936507038 0.09777777777777777 f_swap_t 100 195.41334915161133 99.93889564758237
0.9781942243121493 1532.3540830442832 0.05 1.0734691735634931 1807.2642079985383 0.04 f_swap_t 100 196.2818992137909 100.09950669110654
0.9781942243121493 1532.3540830442832 0.05 1.1352837817658596 1972.6659706312835 0.025 f_swap_t 100 197.04945921897888 100.21851162419547
0.9781942243121493 1532.3540830442832 0.05 1.081476443426229 1831.648376328318 0.04 f_swap_t 100 197.649151802063 100.52632650795351
0.9781942243121493 1532.3540830442832 0.05 1.088662003256018 1873.8319205852379 0.05333333333333333 f_swap_t 100 198.23330402374268 100.60106324287398
0.9781942243121493 1532.3540830442832 0.05 1.146225380017411 2005.9859134003284 0.025 f_swap_t 100 198.98156929016113 100.69505261044523
0.9781942243121493 1532.3540830442832 0.05 1.098055638532944 1902.8004535533516 0.05357142857142857 f_swap_t 100 199.49867415428162 100.81810208434078
0.9781942243121493 1532.3540830442832 0.05 1.0913684043655065 1885.457213872942 0.05555555555555556 f_swap_t 100 199.9916877746582 100.87992106349738
0.9781942243121493 1532.3540830442832 0.05 1.1804714486925625 2122.962438562947 0.03333333333333333 f_swap_t 100 200.75484418869019 100.9311218528624
0.9781942243121493 1532.3540830442832 0.05 1.1330919607317667 1978.679876638637 0.03333333333333333 f_swap_t 100 201.40930557250977 101.07181063433379
0.9781942243121493 1532.3540830442832 0.05 1.0899522184586332 1878.123483434175 0.05357142857142857 f_swap_t 100 201.89008951187134 101.12109252799044
0.9781942243121493 1532.3540830442832 0.05 1.0947674237639315 1854.7213338091863 0.02857142857142857 f_swap_t 100 202.694561958313 101.14988160271054
0.9781942243121493 1532.3540830442832 0.05 1.0893722395879522 1870.9193475512802 0.05 f_swap_t 100 203.3041214942932 101.19838278668342
0.9781942243121493 1532.3540830442832 0.05 1.1256301610525536 1986.4093406054765 0.05333333333333333 f_swap_t 100 204.17847108840942 101.4063989588166
0.9781942243121493 1532.3540830442832 0.05 1.0898450950681546 1863.9002743522242 0.04444444444444444 f_swap_t 100 204.83056807518005 101.48233496922843
0.9781942243121493 1532.3540830442832 0.05 1.0777587964519986 1831.3239475949306 0.04722222222222222 f_swap_t 100 205.49912095069885 101.46751161953615
0.9781942243121493 1532.3540830442832 0.05 1.0694834119974286 1806.1233023072077 0.04722222222222222 f_swap_t 100 206.05505323410034 101.48283650334079
0.9781942243121493 1532.3540830442832 0.05 1.071946399104563 1823.2911950797454 0.05357142857142857 f_swap_t 100 206.81317257881165 101.56800813830739
0.9781942243121493 1532.3540830442832 0.05 1.0965346677918562 1898.1687117473264 0.05357142857142857 f_swap_t 100 207.47911930084229 101.59232805692432
0.9781942243121493 1532.3540830442832 0.05 1.0545472330868872 1770.3063200542092 0.05357142857142857 f_swap_t 100 208.21107840538025 101.71640477635508
0.9781942243121493 1532.3540830442832 0.05 1.0268284090069033 1685.5329377293522 0.05333333333333333 f_swap_t 100 208.88754963874817 101.86924072859152
0.9781942243121493 1532.3540830442832 0.05 1.0094930094211367 1633.1047778724062 0.05357142857142857 f_swap_t 100 209.45615792274475 101.8905483213056
0.9781942243121493 1532.3540830442832 0.05 1.0242271969709664 1677.974117307264 0.05357142857142857 f_swap_t 100 210.2389199733734 101.92164283809255
0.9781942243121493 1532.3540830442832 0.05 1.0237725382025826 1645.774498605677 0.03333333333333333 f_swap_t 100 210.9647822380066 101.93242640971162
0.9781942243121493 1532.3540830442832 0.05 1.0192225612126178 1662.7337316511328 0.05357142857142857 f_swap_t 100 211.67809057235718 101.9431021456145
0.9781942243121493 1532.3540830442832 0.05 1.0116484735313784 1639.6687129706263 0.05357142857142857 f_swap_t 100 212.32631397247314 101.98367112415836
0.9781942243121493 1532.3540830442832 0.05 1.0116484735313784 1639.6687129706263 0.05357142857142857 f_swap_t 100 213.07061076164246 101.96383441291678
0.9781942243121493 1532.3540830442832 0.05 1.0684385193933128 1812.60881134271 0.05357142857142857 f_swap_t 100 213.8156177997589 101.95419606878761
0.9781942243121493 1532.3540830442832 0.05 1.059502362369485 1785.395945930938 0.05357142857142857 f_swap_t 100 214.55353021621704 101.96465410809974
0.9781942243121493 1532.3540830442832 0.05 1.0840302046145613 1880.0286100070002 0.06666666666666667 f_swap_t 100 215.17155170440674 102.01500756701874
0.9781942243121493 1532.3540830442832 0.05 1.0739938475085435 1849.4653562031235 0.06666666666666667 f_swap_t 100 215.7769980430603 102.02485749134856
0.9781942243121493 1532.3540830442832 0.05 1.0512804631082229 1754.920223557134 0.05 f_swap_t 100 216.53190636634827 102.06460891643508
0.9781942243121493 1532.3540830442832 0.05 1.04288887678458 1729.3657140954444 0.05 f_swap_t 100 217.31444382667542 102.04396282727073
0.9781942243121493 1532.3540830442832 0.05 1.04288887678458 1729.3657140954444 0.05 f_swap_t 100 218.03276419639587 102.02352319899802
0.9781942243121493 1532.3540830442832 0.05 1.0707572171389408 1814.2318812062604 0.05 f_swap_t 100 218.58855438232422 102.07328796700804
0.9781942243121493 1532.3540830442832 0.05 1.0644619036131 1783.2184009261696 0.042222222222222223 f_swap_t 100 219.14729619026184 102.15255508733796
0.9781942243121493 1532.3540830442832 0.05 1.0307816428219247 1692.4961148419786 0.05 f_swap_t 100 219.81275391578674 102.19102953646458
0.9781942243121493 1532.3540830442832 0.05 1.0158721801516686 1672.4701325210647 0.06666666666666667 f_swap_t 100 220.47721457481384 102.16911924109993
0.9781942243121493 1532.3540830442832 0.05 1.0158721801516686 1672.4701325210647 0.06666666666666667 f_swap_t 100 221.01104021072388 102.14742804868894
0.9781942243121493 1532.3540830442832 0.05 1.0158721801516686 1672.4701325210647 0.06666666666666667 f_swap_t 100 221.59236431121826 102.13595376820204
0.9781942243121493 1532.3540830442832 0.05 1.014616281690934 1685.5636792801633 0.07777777777777777 f_swap_t 100 222.38080406188965 102.14459423052003
0.9781942243121493 1532.3540830442832 0.05 1.022656037354591 1693.1286988984864 0.06666666666666667 f_swap_t 100 223.06787753105164 102.16314828821483
0.9781942243121493 1532.3540830442832 0.05 1.0738445132740337 1815.1744431350212 0.04444444444444444 f_swap_t 100 223.92141795158386 102.15151680533268
0.9781942243121493 1532.3540830442832 0.05 1.0565729974865006 1776.475286626265 0.05357142857142857 f_swap_t 100 224.5994896888733 102.13000163727935
0.9781942243121493 1532.3540830442832 0.05 1.071804804546373 1741.2907076759893 0.0 f_swap_t 100 225.20884895324707 102.19870162090656
0.9781942243121493 1532.3540830442832 0.05 1.0484513587003732 1746.3048828372498 0.05 f_swap_t 100 225.7882251739502 102.2767146046975
0.9781942243121493 1532.3540830442832 0.05 1.009752496446652 1653.8341429583056 0.06666666666666667 f_swap_t 100 226.45962524414062 102.28394745865053
0.9781942243121493 1532.3540830442832 0.05 1.009752496446652 1653.8341429583056 0.06666666666666667 f_swap_t 100 227.08825731277466 102.26110798406403
0.9781942243121493 1532.3540830442832 0.05 1.0429238087006218 1704.0949763163892 0.03333333333333333 f_swap_t 100 227.60773730278015 102.33849690422339
0.9781942243121493 1532.3540830442832 0.05 0.9963261765530413 1623.4609683028937 0.07357142857142858 f_swap_t 100 228.30457162857056 102.31511193518115
0.9781942243121493 1532.3540830442832 0.05 0.9963261765530413 1623.4609683028937 0.07357142857142858 f_swap_t 100 228.90949273109436 102.29196081582934
0.9781942243121493 1532.3540830442832 0.05 0.9963261765530413 1623.4609683028937 0.07357142857142858 f_swap_t 100 229.47855305671692 102.26904120767105
0.9781942243121493 1532.3540830442832 0.05 0.9963261765530413 1623.4609683028937 0.07357142857142858 f_swap_t 100 230.34557461738586 102.24635079559434
0.9781942243121493 1532.3540830442832 0.05 1.09298018398693 1805.7751106718804 0.0 f_swap_t 100 231.07063388824463 102.30388728763839
0.9781942243121493 1532.3540830442832 0.05 1.0223134797816575 1671.7838327144468 0.05333333333333333 f_swap_t 100 231.8116626739502 102.40084841476201
0.9781942243121493 1532.3540830442832 0.05 0.9987057588112056 1638.3205343224947 0.07857142857142857 f_swap_t 100 232.41159749031067 102.4068399306144
0.9781942243121493 1532.3540830442832 0.05 0.9972136500511154 1615.650174338375 0.06666666666666667 f_swap_t 100 233.19011163711548 102.38277153130825
0.9781942243121493 1532.3540830442832 0.05 0.9972136500511154 1615.650174338375 0.06666666666666667 f_swap_t 100 233.93239402770996 102.35894381599516
0.9781942243121493 1532.3540830442832 0.05 0.9972136500511154 1615.650174338375 0.06666666666666667 f_swap_t 100 234.54384851455688 102.33535437783522
0.9781942243121493 1532.3540830442832 0.05 1.0775953216752097 1860.4327588036076 0.06666666666666667 f_swap_t 100 235.23240756988525 102.38200083405687
0.9781942243121493 1532.3540830442832 0.05 1.0340207322985138 1740.425635606687 0.075 f_swap_t 100 235.9114854335785 102.4581808257163
0.9781942243121493 1532.3540830442832 0.05 1.04766183345573 1711.2728597301061 0.02857142857142857 f_swap_t 100 236.53172326087952 102.47359901745914
0.9781942243121493 1532.3540830442832 0.05 1.1133687272745258 1943.9947409254953 0.05 f_swap_t 100 236.9692723751068 102.57886302728454
0.9781942243121493 1532.3540830442832 0.05 1.0472935796131957 1773.2316889576193 0.06999999999999999 f_swap_t 100 237.61884593963623 102.67307439701169
0.9781942243121493 1532.3540830442832 0.05 1.0384525012799115 1746.3083622818385 0.06999999999999999 f_swap_t 100 238.20348191261292 102.67634365304157
0.9781942243121493 1532.3540830442832 0.05 1.0722174045216828 1811.0653879663305 0.045 f_swap_t 100 238.76768445968628 102.72958021651115
0.9781942243121493 1532.3540830442832 0.05 1.1035235657889229 1914.013726295773 0.05 f_swap_t 100 239.42643284797668 102.85228441434604
0.9781942243121493 1532.3540830442832 0.05 1.0658462358355885 1799.2766971275223 0.05 f_swap_t 100 240.06614756584167 102.88376157020258
0.9781942243121493 1532.3540830442832 0.05 1.0658462358355885 1799.2766971275223 0.05 f_swap_t 100 240.63745951652527 102.85492395450055
0.9781942243121493 1532.3540830442832 0.05 1.0658462358355885 1799.2766971275223 0.05 f_swap_t 100 241.27922582626343 102.82637471495555
0.9781942243121493 1532.3540830442832 0.05 1.0652637040924904 1797.5027401703262 0.05 f_swap_t 100 241.95502257347107 102.828110967806
0.9781942243121493 1532.3540830442832 0.05 1.0652637040924904 1797.5027401703262 0.05 f_swap_t 100 242.4356038570404 102.79982985812794
0.9781942243121493 1532.3540830442832 0.05 1.0569862740191303 1797.672979780673 0.06666666666666667 f_swap_t 100 242.99364566802979 102.83183155954666
0.9781942243121493 1532.3540830442832 0.05 1.0477046447839617 1769.4080638324506 0.06666666666666667 f_swap_t 100 243.58849358558655 102.86351324395119
0.9781942243121493 1532.3540830442832 0.05 1.0586123549249429 1853.3790373593429 0.1 f_swap_t 100 244.2199878692627 102.90487811151168
0.9781942243121493 1532.3540830442832 0.05 1.0586123549249429 1853.3790373593429 0.1 f_swap_t 100 244.7674515247345 102.87582933039656
0.9781942243121493 1532.3540830442832 0.05 1.0876805860909942 1865.7678334481466 0.05 f_swap_t 100 245.38859367370605 102.8570710370926
0.9781942243121493 1532.3540830442832 0.05 1.0940637613013922 1885.2062214976338 0.05 f_swap_t 100 245.95819783210754 103.02850032672167
0.9781942243121493 1532.3540830442832 0.05 1.0918556435359468 1853.1048283337789 0.03333333333333333 f_swap_t 100 246.60991883277893 103.03821532345445
0.9781942243121493 1532.3540830442832 0.05 1.079752687891666 1841.6253719715537 0.05 f_swap_t 100 247.33365535736084 103.09783317021991
0.9781942243121493 1532.3540830442832 0.05 1.0740458792323742 1815.7876535685684 0.04444444444444444 f_swap_t 100 247.85366654396057 103.15685483851772
0.9781942243121493 1532.3540830442832 0.05 1.0711097697309773 1806.846455189591 0.04444444444444444 f_swap_t 100 248.53763031959534 103.18528629013254
0.9781942243121493 1532.3540830442832 0.05 1.0568894200039662 1814.2961109483113 0.07777777777777777 f_swap_t 100 249.1530122756958 103.18343342723121
0.9781942243121493 1532.3540830442832 0.05 1.0568894200039662 1814.2961109483113 0.07777777777777777 f_swap_t 100 249.6490068435669 103.15159909295889
0.9781942243121493 1532.3540830442832 0.05 1.0561655056536114 1862.8458367331395 0.11111111111111112 f_swap_t 100 250.3034267425537 103.1500831020293
0.9781942243121493 1532.3540830442832 0.05 1.0561655056536114 1862.8458367331395 0.11111111111111112 f_swap_t 100 251.07519936561584 103.118582271009
0.9781942243121493 1532.3540830442832 0.05 1.1125210147255893 1932.9542030243051 0.04444444444444444 f_swap_t 100 251.65587329864502 103.18739644829891
0.9781942243121493 1532.3540830442832 0.05 1.1268971643288164 1947.1265926899907 0.025 f_swap_t 100 252.36928367614746 103.31552248381593
0.9781942243121493 1532.3540830442832 0.05 1.0846898428170069 1894.725932859444 0.075 f_swap_t 100 253.25177574157715 103.38236725897777
0.9781942243121493 1532.3540830442832 0.05 1.0846898428170069 1894.725932859444 0.075 f_swap_t 100 253.98825931549072 103.34854358638799
0.9781942243121493 1532.3540830442832 0.05 1.1760906859223381 2092.7038282266503 0.02222222222222222 f_swap_t 100 254.67532539367676 103.53505815052411
0.9781942243121493 1532.3540830442832 0.05 1.1198862835286403 1969.2803064180655 0.05357142857142857 f_swap_t 100 255.3407380580902 103.65970756901886
0.9781942243121493 1532.3540830442832 0.05 1.10083937382359 1943.9053522198624 0.075 f_swap_t 100 256.08060240745544 103.76311049332867
0.9781942243121493 1532.3540830442832 0.05 1.102728844682578 1917.0315519609067 0.05357142857142857 f_swap_t 100 256.814400434494 103.84547938839538
0.9781942243121493 1532.3540830442832 0.05 1.0922804114752651 1841.7097973176171 0.025 f_swap_t 100 257.3798260688782 103.80702459451142
0.9781942243121493 1532.3540830442832 0.05 1.1193790845175913 1886.1664606945003 0.0 f_swap_t 100 258.0758674144745 103.7889543485663
0.9781942243121493 1532.3540830442832 0.05 1.09284415681599 1805.3608734236689 0.0 f_swap_t 100 258.57850980758667 103.75106480508065
0.9781942243121493 1532.3540830442832 0.05 1.088664151672757 1792.6316972151492 0.0 f_swap_t 100 259.16269850730896 103.71355415702983
0.9781942243121493 1532.3540830442832 0.05 1.088664151672757 1792.6316972151492 0.0 f_swap_t 100 259.7803716659546 103.67641861545954
0.9781942243121493 1532.3540830442832 0.05 1.0975118298880775 1853.4112746413116 0.02222222222222222 f_swap_t 100 260.42225217819214 103.74965442930494
0.9781942243121493 1532.3540830442832 0.05 1.0948139051588863 1811.359256890675 0.0 f_swap_t 100 261.1256957054138 103.71215788501189
0.9781942243121493 1532.3540830442832 0.05 1.081798183196316 1856.313462264321 0.05555555555555556 f_swap_t 100 261.78448939323425 103.79503630616178
0.9781942243121493 1532.3540830442832 0.05 1.0906507839342081 1829.1340336894852 0.02 f_swap_t 100 262.51113414764404 103.77708594310016
0.9781942243121493 1532.3540830442832 0.05 1.0772274032668006 1788.2564337884185 0.02 f_swap_t 100 263.1779217720032 103.76931508366916
0.9781942243121493 1532.3540830442832 0.05 1.0312180217743099 1767.7811612206167 0.09857142857142856 f_swap_t 100 263.9033477306366 103.73162193283247
0.9781942243121493 1532.3540830442832 0.05 1.0312180217743099 1767.7811612206167 0.09857142857142856 f_swap_t 100 264.71484422683716 103.69430571350415
0.9781942243121493 1532.3540830442832 0.05 1.1064389129915169 1928.3296512770241 0.05357142857142857 f_swap_t 100 265.38593769073486 103.78736265636911
0.9781942243121493 1532.3540830442832 0.05 1.1400263840568188 1987.1083978963036 0.025 f_swap_t 100 266.13087248802185 103.86948902980542
0.9781942243121493 1532.3540830442832 0.05 1.1032744866927482 1913.2552172517837 0.05 f_swap_t 100 266.95707607269287 103.89079413950736
0.9781942243121493 1532.3540830442832 0.05 1.0617308371013627 1812.1213781526105 0.06666666666666667 f_swap_t 100 267.756395816803 103.97188619811229
0.9781942243121493 1532.3540830442832 0.05 1.055050373590658 1766.400557474654 0.05 f_swap_t 100 268.40872263908386 104.00216733613117
0.9781942243121493 1532.3540830442832 0.05 1.054153790890882 1763.6702356736307 0.05 f_swap_t 100 269.0482451915741 103.99214566276986
0.9781942243121493 1532.3540830442832 0.05 1.0462145067982545 1739.4931012631223 0.05 f_swap_t 100 269.56629252433777 103.95222420614216
0.9781942243121493 1532.3540830442832 0.05 1.0515591820707881 1710.0901877271485 0.02 f_swap_t 100 270.1368763446808 103.92270196408074
0.9781942243121493 1532.3540830442832 0.05 1.0297997659227343 1727.5717220524125 0.075 f_swap_t 100 270.6931662559509 103.94347494443994
0.9781942243121493 1532.3540830442832 0.05 1.0297997659227343 1727.5717220524125 0.075 f_swap_t 100 271.3542673587799 103.90404019499555
0.9781942243121493 1532.3540830442832 0.05 1.022701122565305 1723.7185319956498 0.08666666666666667 f_swap_t 100 271.8634910583496 103.92499979304559
0.9781942243121493 1532.3540830442832 0.05 1.022701122565305 1723.7185319956498 0.08666666666666667 f_swap_t 100 272.40270924568176 103.88574979511513
0.9781942243121493 1532.3540830442832 0.05 1.0321330070019865 1709.2999188003948 0.05833333333333333 f_swap_t 100 272.96955013275146 103.96689229716398
0.9781942243121493 1532.3540830442832 0.05 0.9967121404774706 1657.2640447987478 0.095 f_swap_t 100 273.61973237991333 103.92722337419234
0.9781942243121493 1532.3540830442832 0.05 1.009002051718915 1694.689942714852 0.095 f_swap_t 100 274.28883600234985 103.92795114045042
0.9781942243121493 1532.3540830442832 0.05 0.9967121404774706 1657.2640447987478 0.095 f_swap_t 100 275.0432412624359 103.88867162904592
0.9781942243121493 1532.3540830442832 0.05 0.9958646144717168 1654.683113077645 0.095 f_swap_t 100 275.5745680332184 103.84978491275545
0.9781942243121493 1532.3540830442832 0.05 0.9950050444462383 1652.0655042606818 0.095 f_swap_t 100 276.30910444259644 103.8412870636279
0.9781942243121493 1532.3540830442832 0.05 0.9950050444462383 1652.0655042606818 0.095 f_swap_t 100 277.11995482444763 103.80287419299162
0.9781942243121493 1532.3540830442832 0.05 1.0374744061040675 1781.395485799358 0.095 f_swap_t 100 277.6991755962372 103.77484545106171
0.9781942243121493 1532.3540830442832 0.05 1.0654538097300192 1828.5341972616015 0.06999999999999999 f_swap_t 100 278.52982449531555 103.8070969965511
0.9781942243121493 1532.3540830442832 0.05 1.0499545804128738 1781.3351115395155 0.06999999999999999 f_swap_t 100 279.33346462249756 103.79902602658558
0.9781942243121493 1532.3540830442832 0.05 1.0364615634975993 1753.2965389634546 0.07857142857142857 f_swap_t 100 280.0422215461731 103.76103576631972
0.9781942243121493 1532.3540830442832 0.05 1.0364615634975993 1753.2965389634546 0.07857142857142857 f_swap_t 100 280.91980814933777 103.72342540865652
0.9781942243121493 1532.3540830442832 0.05 1.1338974751242867 2011.947939734512 0.05357142857142857 f_swap_t 100 281.599666595459 103.85619115456996
0.9781942243121493 1532.3540830442832 0.05 1.024283741394497 1703.1608935449544 0.06999999999999999 f_swap_t 100 282.31301760673523 103.99762924302425
0.9781942243121493 1532.3540830442832 0.05 0.99720159476171 1658.7545572781848 0.095 f_swap_t 100 283.01014947891235 103.95765295059401
0.9781942243121493 1532.3540830442832 0.05 1.030890764957067 1705.5169765930123 0.05833333333333333 f_swap_t 100 283.77519965171814 104.04807642108807
0.9781942243121493 1532.3540830442832 0.05 1.0177527300214089 1665.5083268428002 0.05833333333333333 f_swap_t 100 284.46609258651733 104.00759565687719
0.9781942243121493 1532.3540830442832 0.05 1.032198352173662 1709.4989114274679 0.05833333333333333 f_swap_t 100 285.0415201187134 104.0075197003084
0.9781942243121493 1532.3540830442832 0.05 1.014663652192684 1656.1013010961142 0.05833333333333333 f_swap_t 100 285.69885993003845 103.99744450330532
0.9781942243121493 1532.3540830442832 0.05 1.1629320913196939 2107.616316781064 0.05833333333333333 f_swap_t 100 286.32009077072144 104.05747005827226
0.9781942243121493 1532.3540830442832 0.05 1.106293388088087 1920.273356725735 0.04857142857142857 f_swap_t 100 286.998407125473 104.16689535768954
0.9781942243121493 1532.3540830442832 0.05 1.0747461964566214 1839.0678924722115 0.05833333333333333 f_swap_t 100 287.8826229572296 104.12522640411264
0.9781942243121493 1532.3540830442832 0.05 1.073432468531471 1835.0672576221884 0.05833333333333333 f_swap_t 100 288.61984944343567 104.08397414007152
0.9781942243121493 1532.3540830442832 0.05 1.073432468531471 1835.0672576221884 0.05833333333333333 f_swap_t 100 289.30751752853394 104.0431343986708
0.9781942243121493 1532.3540830442832 0.05 1.1086705510193 1942.376159374168 0.05833333333333333 f_swap_t 100 290.05119252204895 104.0127030546841
0.9781942243121493 1532.3540830442832 0.05 1.0889987887071464 1869.7820948675846 0.05 f_swap_t 100 290.8455979824066 104.00257602413726
0.9781942243121493 1532.3540830442832 0.05 1.1218835152199933 1944.5473162579542 0.03333333333333333 f_swap_t 100 291.49565029144287 104.04255026389588
0.9781942243121493 1532.3540830442832 0.05 1.104030739122035 1915.5581977746901 0.05 f_swap_t 100 292.2190132141113 104.06212476125691
0.9781942243121493 1532.3540830442832 0.05 1.0927207855987313 1893.805076907519 0.05833333333333333 f_swap_t 100 292.8577170372009 104.08150351364434
0.9781942243121493 1532.3540830442832 0.05 1.0878994697873159 1879.1229470015812 0.05833333333333333 f_swap_t 100 293.69121074676514 104.04068847850789
0.9781942243121493 1532.3540830442832 0.05 1.1333310843586974 1966.7195115897375 0.025 f_swap_t 100 294.50839591026306 104.18028159372281
0.9781942243121493 1532.3540830442832 0.05 1.092010513760125 1853.5764474599443 0.03333333333333333 f_swap_t 100 295.1574938297272 104.16847877778558
0.9781942243121493 1532.3540830442832 0.05 1.0784702451158157 1812.3428940124932 0.03333333333333333 f_swap_t 100 295.78709864616394 104.12679399000773
0.9781942243121493 1532.3540830442832 0.05 1.0744223784195688 1838.0817843905472 0.05833333333333333 f_swap_t 100 296.34368896484375 104.14552605010765
0.9781942243121493 1532.3540830442832 0.05 1.0606607174326144 1775.8723436272248 0.045 f_swap_t 100 297.010169506073 104.16407078960657
0.9781942243121493 1532.3540830442832 0.05 1.1255649585206535 1943.069687998002 0.025 f_swap_t 100 297.88750290870667 104.2924300817105
0.9781942243121493 1532.3540830442832 0.05 1.09825978415101 1890.371041388206 0.045 f_swap_t 100 298.509516954422 104.2795057808934
0.9781942243121493 1532.3540830442832 0.05 1.0910160912250535 1868.3121585650144 0.045 f_swap_t 100 299.3795599937439 104.23671072308447
0.9781942243121493 1532.3540830442832 0.05 1.090363668267495 1866.3253651270472 0.045 f_swap_t 100 300.13244700431824 104.19434361585363