20
4 184 4 60

Solution history:
B_obj   B_dis   B_sim   C_obj   C_dis   C_sim   neighbor   iterations   time   scores
0.9906813894912591 9355.032511978372 0.022727272727272728 0.9906813894912591 9355.032511978372 0.022727272727272728 0 0 0 3.0 3.0 3.0 3.0 3.0 3.0 3.0
0.9906813894912591 9355.032511978372 0.022727272727272728 1.127709988228621 11797.92570573964 0.010869565217391304 f_swap_t 100 76.33159303665161 3.0 3.0 3.0 4.07 3.0 3.0 3.0
0.9906813894912591 9355.032511978372 0.022727272727272728 1.1743845217723985 12739.62681816524 0.05681818181818182 swap_t 100 124.53628063201904 3.0 3.0 3.0 4.07 4.04 3.0 3.0
0.9906813894912591 9355.032511978372 0.022727272727272728 1.287663045827716 15183.550975774055 0.05434782608695652 f_swap_t 100 206.69686245918274 3.0 3.0 3.0 5.1593 4.04 3.0 3.0
0.9906813894912591 9355.032511978372 0.022727272727272728 1.24209681747377 14521.695779261552 0.04397233201581027 swap_t 100 251.10061073303223 3.0 3.0 3.0 5.1593 5.0896 3.0 3.0
0.9906813894912591 9355.032511978372 0.022727272727272728 1.3100749200923563 15200.690008680664 0.011363636363636364 f_swap_t 100 336.05309796333313 3.0 3.0 3.0 6.267707 5.0896 3.0 3.0
0.9906813894912591 9355.032511978372 0.022727272727272728 1.2623369668031785 14522.896384772126 0.03409090909090909 t_move_k 100 406.7311005592346 3.9699999999999998 3.0 3.0 6.267707 5.0896 3.0 3.0
0.9906813894912591 9355.032511978372 0.022727272727272728 1.2568198270302138 14314.216664085972 0.022727272727272728 t_swap_r_k 100 511.3661525249481 3.9699999999999998 3.0 3.0 6.267707 5.0896 4.01 3.0
0.9906813894912591 9355.032511978372 0.022727272727272728 1.2541079477670256 14273.767161352996 0.023809523809523808 swap_t 100 551.7071042060852 3.9699999999999998 3.0 3.0 6.267707 6.038704 4.01 3.0
0.9906813894912591 9355.032511978372 0.022727272727272728 1.2483250881067829 14166.010212578016 0.023809523809523808 t_move_k 100 626.295074224472 4.9703 3.0 3.0 6.267707 6.038704 4.01 3.0
0.9906813894912591 9355.032511978372 0.022727272727272728 1.2460620436977485 14123.840978879274 0.023809523809523808 swap_t 100 664.6021456718445 4.9703 3.0 3.0 6.267707 6.97831696 4.01 3.0
0.9906813894912591 9355.032511978372 0.022727272727272728 1.280583220481833 14502.30256632823 0.023809523809523808 swap_t 100 698.5651726722717 4.9703 3.0 3.0 6.267707 7.9185337904 4.01 3.0
0.9906813894912591 9355.032511978372 0.022727272727272728 1.2580224023102453 14437.896206049256 0.03359683794466403 t_multiswap_k 100 760.1342542171478 4.9703 3.0 3.0 6.267707 7.9185337904 4.01 4.03
0.9906813894912591 9355.032511978372 0.022727272727272728 1.2471271859716047 14234.876361565264 0.03359683794466403 t_multiswap_k 100 810.9635541439056 4.9703 3.0 3.0 6.267707 7.9185337904 4.01 4.9897
0.9906813894912591 9355.032511978372 0.022727272727272728 1.2885056108616832 14794.167476992387 0.010869565217391304 f_swap_t 100 891.129745721817 4.9703 3.0 3.0 7.255029929999999 7.9185337904 4.01 4.9897
0.9906813894912591 9355.032511978372 0.022727272727272728 1.259075746079315 14347.046676462476 0.021739130434782608 t_swap_r_k 100 967.6864140033722 4.9703 3.0 3.0 7.255029929999999 7.9185337904 5.039899999999999 4.9897
0.9906813894912591 9355.032511978372 0.022727272727272728 1.2547896018669775 14267.179301242166 0.021739130434782608 swap_t 100 993.5783083438873 4.9703 3.0 3.0 7.255029929999999 8.839348452495999 5.039899999999999 4.9897
0.9906813894912591 9355.032511978372 0.022727272727272728 1.3174923095032072 15334.301318064941 0.010869565217391304 swap_t 100 1026.2383785247803 4.9703 3.0 3.0 7.255029929999999 9.79095496797104 5.039899999999999 4.9897
0.9906813894912591 9355.032511978372 0.022727272727272728 1.2994044139683927 15117.814790885717 0.023809523809523808 t_move_k 100 1104.23517203331 6.010597 3.0 3.0 7.255029929999999 9.79095496797104 5.039899999999999 4.9897
0.9906813894912591 9355.032511978372 0.022727272727272728 1.2625899725330447 14417.13347492713 0.022233201581027668 f_swap_t 100 1183.8805487155914 6.010597 3.0 3.0 8.212479630699999 9.79095496797104 5.039899999999999 4.9897
0.9906813894912591 9355.032511978372 0.022727272727272728 1.2491699532678753 14167.066827372448 0.022233201581027668 t_swap_r_k 100 1302.4093778133392 6.010597 3.0 3.0 8.212479630699999 9.79095496797104 6.029501 4.9897
0.9906813894912591 9355.032511978372 0.022727272727272728 1.2491699532678753 14167.066827372448 0.022233201581027668 t_swap_r_k 100 1405.5351362228394 6.010597 3.0 3.0 8.212479630699999 9.79095496797104 7.00920599 4.9897
0.9906813894912591 9355.032511978372 0.022727272727272728 1.3199240736425346 15379.6144501812 0.010869565217391304 f_swap_t 100 1504.405531167984 6.010597 3.0 3.0 9.240354834392999 9.79095496797104 7.00920599 4.9897
0.9906813894912591 9355.032511978372 0.022727272727272728 1.3248037718056453 15480.186872369597 0.011904761904761904 f_swap_t 100 1596.4726464748383 6.010597 3.0 3.0 10.16795128604907 9.79095496797104 7.00920599 4.9897
0.9906813894912591 9355.032511978372 0.022727272727272728 1.2842032103686687 14815.268117298781 0.021739130434782608 t_swap_r_k 100 1695.6405148506165 6.010597 3.0 3.0 10.16795128604907 9.79095496797104 7.9791139301 4.9897
0.9906813894912591 9355.032511978372 0.022727272727272728 1.3819727563275297 16545.465246492146 0.011904761904761904 f_swap_t 100 1764.4009294509888 6.010597 3.0 3.0 11.19627177318858 9.79095496797104 7.9791139301 4.9897
0.9906813894912591 9355.032511978372 0.022727272727272728 1.332537136948282 15715.915332782888 0.021739130434782608 f_swap_t 100 1827.355665922165 6.010597 3.0 3.0 12.084309055456693 9.79095496797104 7.9791139301 4.9897
0.9906813894912591 9355.032511978372 0.022727272727272728 1.3262072299866963 15501.297077335257 0.011363636363636364 swap_t 100 1876.3589589595795 6.010597 3.0 3.0 12.084309055456693 10.693045418291328 7.9791139301 4.9897
0.9906813894912591 9355.032511978372 0.022727272727272728 1.3534855531161905 16009.597302627057 0.011363636363636364 f_swap_t 100 1970.3615663051605 6.010597 3.0 3.0 13.033465964902126 10.693045418291328 7.9791139301 4.9897
0.9906813894912591 9355.032511978372 0.022727272727272728 1.33021030460411 15672.557484166455 0.021739130434782608 t_swap_r_k 100 2067.805366039276 6.010597 3.0 3.0 13.033465964902126 10.693045418291328 8.969322790799 4.9897
0.9906813894912591 9355.032511978372 0.022727272727272728 1.3527827615043042 16218.488499077599 0.021739130434782608 swap_t 100 2102.5518493652344 6.010597 3.0 3.0 13.033465964902126 11.626114964108416 8.969322790799 4.9897
0.9906813894912591 9355.032511978372 0.022727272727272728 1.3866208641572588 16386.73624278544 0.021739130434782608 swap_t 100 2132.7504303455353 6.010597 3.0 3.0 13.033465964902126 12.529853814467332 8.969322790799 4.9897
0.9906813894912591 9355.032511978372 0.022727272727272728 1.34768838643254 15896.970534689659 0.010869565217391304 f_swap_t 100 2203.021384716034 6.010597 3.0 3.0 13.943131305253104 12.529853814467332 8.969322790799 4.9897
0.9906813894912591 9355.032511978372 0.022727272727272728 1.3348252535494218 15661.884049551563 0.011363636363636364 t_swap_r_k 100 2311.9954648017883 6.010597 3.0 3.0 13.943131305253104 12.529853814467332 9.919629562891009 4.9897
0.9906813894912591 9355.032511978372 0.022727272727272728 1.3743527436458614 16398.43343441883 0.011363636363636364 t_move_k 100 2398.670763015747 7.23049103 3.0 3.0 13.943131305253104 12.529853814467332 9.919629562891009 4.9897
0.9906813894912591 9355.032511978372 0.022727272727272728 1.343346175430816 15921.932576095647 0.022233201581027668 t_swap_r_k 100 2517.899204015732 7.23049103 3.0 3.0 13.943131305253104 12.529853814467332 10.9204332672621 4.9897
0.9906813894912591 9355.032511978372 0.022727272727272728 1.406196128120108 16996.83996190424 0.011904761904761904 f_swap_t 100 2609.109449863434 7.23049103 3.0 3.0 14.923699992200573 12.529853814467332 10.9204332672621 4.9897
0.9906813894912591 9355.032511978372 0.022727272727272728 1.3489262605710595 16127.181987203747 0.033102766798418976 t_multiswap_k 100 2630.6833193302155 7.23049103 3.0 3.0 14.923699992200573 12.529853814467332 10.9204332672621 6.029803
0.9906813894912591 9355.032511978372 0.022727272727272728 1.337848322348031 15824.089621803429 0.022727272727272728 swap_t 100 2655.736358165741 7.23049103 3.0 3.0 14.923699992200573 13.40455527632266 10.9204332672621 6.029803
0.9906813894912591 9355.032511978372 0.022727272727272728 1.3181390527569667 15558.1009496032 0.03359683794466403 t_multiswap_k 100 2685.5956315994263 7.23049103 3.0 3.0 14.923699992200573 13.40455527632266 10.9204332672621 7.16950497
0.9906813894912591 9355.032511978372 0.022727272727272728 1.3538617206592294 15590.422501976695 0.022233201581027668 swap_t 100 2714.5036334991455 7.23049103 3.0 3.0 14.923699992200573 14.290509723559433 10.9204332672621 7.16950497
0.9906813894912591 9355.032511978372 0.022727272727272728 1.3321427161676338 15563.550381612142 0.022233201581027668 swap_t 100 2740.39150595665 7.23049103 3.0 3.0 14.923699992200573 15.157604626323838 10.9204332672621 7.16950497
0.9906813894912591 9355.032511978372 0.022727272727272728 1.3755954794045833 15907.428297835313 0.011363636363636364 swap_t 100 2761.6467938423157 7.23049103 3.0 3.0 14.923699992200573 16.0160285800606 10.9204332672621 7.16950497
0.9906813894912591 9355.032511978372 0.022727272727272728 1.3396176289439188 15862.100244876205 0.023268398268398268 t_multiswap_k 100 2787.723737478256 7.23049103 3.0 3.0 14.923699992200573 16.0160285800606 10.9204332672621 8.1278099203
0.9906813894912591 9355.032511978372 0.022727272727272728 1.4232163936083637 16836.86451777603 0.022233201581027668 move_t 100 2821.558929681778 7.23049103 3.99 3.0 14.923699992200573 16.0160285800606 10.9204332672621 8.1278099203
0.9906813894912591 9355.032511978372 0.022727272727272728 1.3780405161889375 16674.295930256463 0.03359683794466403 move_t 100 2845.157410144806 7.23049103 4.9501 3.0 14.923699992200573 16.0160285800606 10.9204332672621 8.1278099203
0.9906813894912591 9355.032511978372 0.022727272727272728 1.383925515770601 16666.151610714664 0.03359683794466403 swap_t 100 2871.6446368694305 7.23049103 4.9501 3.0 14.923699992200573 16.865868294259993 10.9204332672621 8.1278099203
0.9906813894912591 9355.032511978372 0.022727272727272728 1.407030173137121 17108.61073911649 0.022233201581027668 f_swap_t 100 2913.252347946167 7.23049103 4.9501 3.0 15.994462992278567 16.865868294259993 10.9204332672621 8.1278099203
0.9906813894912591 9355.032511978372 0.022727272727272728 1.4392732612527506 17317.738651248852 0.0 swap_t 100 2929.9830021858215 7.23049103 4.9501 3.0 15.994462992278567 17.717209611317394 10.9204332672621 8.1278099203
0.9906813894912591 9355.032511978372 0.022727272727272728 1.483791775073605 18538.975038741883 0.022233201581027668 f_swap_t 100 2978.8314514160156 7.23049103 4.9501 3.0 17.054518362355783 17.717209611317394 10.9204332672621 8.1278099203
0.9906813894912591 9355.032511978372 0.022727272727272728 1.4332718738631471 17602.19792058053 0.022727272727272728 t_swap_r_k 100 3026.830471277237 7.23049103 4.9501 3.0 17.054518362355783 17.717209611317394 11.881228934589478 8.1278099203
0.9906813894912591 9355.032511978372 0.022727272727272728 1.417891988719199 17311.00819885912 0.022233201581027668 swap_t 100 3045.0863683223724 7.23049103 4.9501 3.0 17.054518362355783 18.54003751520422 11.881228934589478 8.1278099203
0.9906813894912591 9355.032511978372 0.022727272727272728 1.4176449531460764 17311.00819885912 0.022727272727272728 t_swap_r_k 100 3099.764811038971 7.23049103 4.9501 3.0 17.054518362355783 18.54003751520422 12.832416645243583 8.1278099203
0.9906813894912591 9355.032511978372 0.022727272727272728 1.4543123340697235 17883.78535274868 0.010869565217391304 swap_t 100 3118.4791176319122 7.23049103 4.9501 3.0 17.054518362355783 19.424637140052177 12.832416645243583 8.1278099203
0.9906813894912591 9355.032511978372 0.022727272727272728 1.4066049369040738 16994.812793392 0.010869565217391304 t_multiswap_k 100 3153.85080575943 7.23049103 4.9501 3.0 17.054518362355783 19.424637140052177 12.832416645243583 9.316531821097001
0.9906813894912591 9355.032511978372 0.022727272727272728 1.3569542387453053 16170.899984349697 0.021739130434782608 t_multiswap_k 100 3183.0395550727844 7.23049103 4.9501 3.0 17.054518362355783 19.424637140052177 12.832416645243583 10.253366502886031
0.9906813894912591 9355.032511978372 0.022727272727272728 1.3446514521228379 15941.651684069993 0.021739130434782608 t_swap_r_k 100 3242.030104637146 7.23049103 4.9501 3.0 17.054518362355783 19.424637140052177 13.744092478791147 10.253366502886031
0.9906813894912591 9355.032511978372 0.022727272727272728 1.336114491640536 15792.220079993573 0.022774327122153208 t_move_k 100 3277.1765053272247 8.1581861197 4.9501 3.0 17.054518362355783 19.424637140052177 13.744092478791147 10.253366502886031
0.9906813894912591 9355.032511978372 0.022727272727272728 1.336114491640536 15792.220079993573 0.022774327122153208 t_swap_r_k 100 3334.1934790611267 8.1581861197 4.9501 3.0 17.054518362355783 19.424637140052177 14.646651554003236 10.253366502886031
0.9906813894912591 9355.032511978372 0.022727272727272728 1.336114491640536 15792.220079993573 0.022774327122153208 f_swap_t 100 3376.5994956493378 8.1581861197 4.9501 3.0 17.883973178732226 19.424637140052177 14.646651554003236 10.253366502886031
0.9906813894912591 9355.032511978372 0.022727272727272728 1.3289508128651275 15658.733152730027 0.022774327122153208 t_multiswap_k 100 3398.8773913383484 8.1581861197 4.9501 3.0 17.883973178732226 19.424637140052177 14.646651554003236 11.240832837857171
0.9906813894912591 9355.032511978372 0.022727272727272728 1.3133606731159677 15368.228802106642 0.022774327122153208 f_swap_t 100 3439.516538619995 8.1581861197 4.9501 3.0 18.705133446944906 19.424637140052177 14.646651554003236 11.240832837857171
0.9906813894912591 9355.032511978372 0.022727272727272728 1.3090396144029897 15287.710835262447 0.022774327122153208 swap_t 100 3465.5170443058014 8.1581861197 4.9501 3.0 18.705133446944906 20.230390768651656 14.646651554003236 11.240832837857171
0.9906813894912591 9355.032511978372 0.022727272727272728 1.3090396144029897 15287.710835262447 0.022774327122153208 swap_t 100 3482.3114347457886 8.1581861197 4.9501 3.0 18.705133446944906 21.02808686096514 14.646651554003236 11.240832837857171
0.9906813894912591 9355.032511978372 0.022727272727272728 1.3269889196862272 15617.133899847831 0.022233201581027668 t_move_k 100 3509.4268906116486 9.126604258503 4.9501 3.0 18.705133446944906 21.02808686096514 14.646651554003236 11.240832837857171
0.9906813894912591 9355.032511978372 0.022727272727272728 1.3190200247090569 15367.371760720307 0.011363636363636364 t_swap_r_k 100 3570.5998957157135 9.126604258503 4.9501 3.0 18.705133446944906 21.02808686096514 15.540185038463203 11.240832837857171
0.9906813894912591 9355.032511978372 0.022727272727272728 1.3146018489183335 15285.04412866087 0.011363636363636364 f_swap_t 100 3612.339945793152 9.126604258503 4.9501 3.0 19.518082112475458 21.02808686096514 15.540185038463203 11.240832837857171