27
6 102 6 20

Solution history:
B_obj   B_dis   B_sim   C_obj   C_dis   C_sim   neighbor   iterations   time   scores
0.766946053555575 24172.293533179916 0.3870967741935484 0.766946053555575 24172.293533179916 0.3870967741935484 0 0 0 3.0 3.0 3.0 3.0 3.0 3.0 3.0
0.766946053555575 24172.293533179916 0.3870967741935484 0.7708681741457337 24378.173652044195 0.3870967741935484 t_move_k 100 44.14362955093384 3.98 3.0 3.0 3.0 3.0 3.0 3.0
0.7566612914893163 24479.071209721278 0.41935483870967744 0.7566612914893163 24479.071209721278 0.41935483870967744 t_multiswap_k 1 45.45841932296753 3.98 3.0 3.0 3.0 3.0 3.0 8.0
0.7561595725368004 24452.734957378703 0.41935483870967744 0.7561595725368004 24452.734957378703 0.41935483870967744 f_swap_t 73 74.28918528556824 3.98 3.0 3.0 4.054794520547945 3.0 3.0 8.0
0.7561595725368004 24452.734957378703 0.41935483870967744 0.7561595725368004 24452.734957378703 0.41935483870967744 t_swap_k 100 109.86377191543579 3.98 3.0 3.9699999999999998 4.054794520547945 3.0 3.0 8.0
0.7561595725368004 24452.734957378703 0.41935483870967744 0.7588820376796324 24595.642712080717 0.41935483870967744 f_swap_t 100 121.39327788352966 3.98 3.0 3.9699999999999998 5.024246575342466 3.0 3.0 8.0
0.7561595725368004 24452.734957378703 0.41935483870967744 0.7635589191642542 24841.14177153955 0.41935483870967744 t_move_k 100 136.95978569984436 4.9802 3.0 3.9699999999999998 5.024246575342466 3.0 3.0 8.0
0.7561595725368004 24452.734957378703 0.41935483870967744 0.7726605935186026 25318.907244288916 0.41935483870967744 f_swap_t 100 141.4909098148346 4.9802 3.0 3.9699999999999998 6.014004109589042 3.0 3.0 8.0
0.7561595725368004 24452.734957378703 0.41935483870967744 0.7700917601584827 25184.063935582126 0.41935483870967744 t_multiswap_k 100 153.09017539024353 4.9802 3.0 3.9699999999999998 6.014004109589042 3.0 3.0 8.92
0.7561595725368004 24452.734957378703 0.41935483870967744 0.7699116060619764 25174.607279176496 0.41935483870967744 t_move_k 100 178.83380031585693 5.960398 3.0 3.9699999999999998 6.014004109589042 3.0 3.0 8.92
0.7561595725368004 24452.734957378703 0.41935483870967744 0.7699116060619764 25174.607279176496 0.41935483870967744 t_move_k 100 207.54636335372925 6.900794019999999 3.0 3.9699999999999998 6.014004109589042 3.0 3.0 8.92
0.7561595725368004 24452.734957378703 0.41935483870967744 0.7783609074940608 25618.128365071323 0.41935483870967744 t_swap_k 100 260.8608465194702 6.900794019999999 3.0 4.9403 6.014004109589042 3.0 3.0 8.92
0.7561595725368004 24452.734957378703 0.41935483870967744 0.7758037744125321 25483.899227880105 0.41935483870967744 t_swap_r_k 100 333.6099543571472 6.900794019999999 3.0 4.9403 6.014004109589042 3.0 4.01 8.92
0.7561595725368004 24452.734957378703 0.41935483870967744 0.7757446050606702 25480.7933077753 0.41935483870967744 move_t 100 366.0132203102112 6.900794019999999 4.0 4.9403 6.014004109589042 3.0 4.01 8.92
0.7561595725368004 24452.734957378703 0.41935483870967744 0.7749758621452252 25538.130326869534 0.4230769230769231 t_multiswap_k 100 384.64500522613525 6.900794019999999 4.0 4.9403 6.014004109589042 3.0 4.01 9.8608
0.7561595725368004 24452.734957378703 0.41935483870967744 0.7744591535279908 25511.00723641654 0.4230769230769231 f_swap_t 100 422.3294975757599 6.900794019999999 4.0 4.9403 6.953864068493152 3.0 4.01 9.8608
0.7561595725368004 24452.734957378703 0.41935483870967744 0.7744591535279908 25511.00723641654 0.4230769230769231 f_swap_t 100 462.54543805122375 6.900794019999999 4.0 4.9403 7.88432542780822 3.0 4.01 9.8608
0.7561595725368004 24452.734957378703 0.41935483870967744 0.7744591535279908 25511.00723641654 0.4230769230769231 t_move_k 100 488.8153052330017 7.831786079799999 4.0 4.9403 7.88432542780822 3.0 4.01 9.8608
0.7561595725368004 24452.734957378703 0.41935483870967744 0.7857523625765871 26103.810840445978 0.4230769230769231 t_move_k 100 516.4929537773132 8.823468219001999 4.0 4.9403 7.88432542780822 3.0 4.01 9.8608
0.7561595725368004 24452.734957378703 0.41935483870967744 0.7820805958665511 25911.072307979404 0.4230769230769231 move_t 100 540.6723680496216 8.823468219001999 4.96 4.9403 7.88432542780822 3.0 4.01 9.8608
0.7561595725368004 24452.734957378703 0.41935483870967744 0.7904197653291738 26024.229806951673 0.4230769230769231 swap_t 100 566.0082657337189 8.823468219001999 4.96 4.9403 7.88432542780822 3.98 4.01 9.8608
0.7561595725368004 24452.734957378703 0.41935483870967744 0.7879559924372137 26121.793967186128 0.41935483870967744 t_swap_k 100 602.338485956192 8.823468219001999 4.96 5.890897 7.88432542780822 3.98 4.01 9.8608
0.7561595725368004 24452.734957378703 0.41935483870967744 0.8002444616333425 26766.84080871036 0.41935483870967744 t_move_k 100 638.0212645530701 9.865233536811978 4.96 5.890897 7.88432542780822 3.98 4.01 9.8608
0.7561595725368004 24452.734957378703 0.41935483870967744 0.8086722212596835 27209.231121232708 0.41935483870967744 t_multiswap_k 100 675.2085056304932 9.865233536811978 4.96 5.890897 7.88432542780822 3.98 4.01 10.802192
0.7561595725368004 24452.734957378703 0.41935483870967744 0.8057011153453013 27053.271704700182 0.41935483870967744 swap_t 100 695.1897611618042 9.865233536811978 4.96 5.890897 7.88432542780822 4.9402 4.01 10.802192
0.7561595725368004 24452.734957378703 0.41935483870967744 0.8044997340055012 27087.89864943949 0.4230769230769231 t_multiswap_k 100 714.4800925254822 9.865233536811978 4.96 5.890897 7.88432542780822 4.9402 4.01 11.72417008
0.7561595725368004 24452.734957378703 0.41935483870967744 0.8002159690763792 26863.035080734535 0.4230769230769231 t_multiswap_k 100 732.3998575210571 9.865233536811978 4.96 5.890897 7.88432542780822 4.9402 4.01 12.7069283792
0.7561595725368004 24452.734957378703 0.41935483870967744 0.8014462416730843 26927.614601588808 0.4230769230769231 t_move_k 100 759.0087213516235 10.836581201443858 4.96 5.890897 7.88432542780822 4.9402 4.01 12.7069283792
0.7561595725368004 24452.734957378703 0.41935483870967744 0.8001264771768866 26858.337468185047 0.4230769230769231 t_swap_k 100 808.9330241680145 10.836581201443858 4.96 6.83198803 7.88432542780822 4.9402 4.01 12.7069283792
0.7561595725368004 24452.734957378703 0.41935483870967744 0.8001264771768866 26858.337468185047 0.4230769230769231 f_swap_t 100 840.9041192531586 10.836581201443858 4.96 6.83198803 8.805482173530137 4.9402 4.01 12.7069283792
0.7561595725368004 24452.734957378703 0.41935483870967744 0.7966647851693867 26676.626185833386 0.4230769230769231 move_t 100 874.7493669986725 10.836581201443858 5.9404 6.83198803 8.805482173530137 4.9402 4.01 12.7069283792
0.7561595725368004 24452.734957378703 0.41935483870967744 0.7937554013199255 26523.906686526854 0.4230769230769231 swap_t 100 910.3633649349213 10.836581201443858 5.9404 6.83198803 8.805482173530137 5.890798 4.01 12.7069283792
0.7561595725368004 24452.734957378703 0.41935483870967744 0.7937554013199255 26523.906686526854 0.4230769230769231 f_swap_t 100 945.6683611869812 10.836581201443858 5.9404 6.83198803 9.717427351794836 5.890798 4.01 12.7069283792
0.7561595725368004 24452.734957378703 0.41935483870967744 0.7819385082887141 26652.569775539047 0.45161290322580644 t_multiswap_k 100 972.7403786182404 10.836581201443858 5.9404 6.83198803 9.717427351794836 5.890798 4.01 13.669859095408
0.7561595725368004 24452.734957378703 0.41935483870967744 0.7797758000083894 26539.044801590197 0.45161290322580644 t_swap_r_k 100 1058.3348672389984 10.836581201443858 5.9404 6.83198803 9.717427351794836 5.890798 5.0099 13.669859095408
0.7561595725368004 24452.734957378703 0.41935483870967744 0.7751912471264228 26558.898671080704 0.46153846153846156 f_swap_t 100 1096.627424955368 10.836581201443858 5.9404 6.83198803 10.650253078276886 5.890798 5.0099 13.669859095408
0.7561595725368004 24452.734957378703 0.41935483870967744 0.7720908124949988 26396.150526097557 0.46153846153846156 t_multiswap_k 100 1128.4282071590424 10.836581201443858 5.9404 6.83198803 10.650253078276886 5.890798 5.0099 14.56316050445392
0.7561595725368004 24452.734957378703 0.41935483870967744 0.7703527203324079 26304.914519247293 0.46153846153846156 f_swap_t 100 1157.487919807434 10.836581201443858 5.9404 6.83198803 11.543750547494117 5.890798 5.0099 14.56316050445392
0.7561595725368004 24452.734957378703 0.41935483870967744 0.7585073635638553 26269.266981026263 0.4838709677419355 t_swap_k 100 1206.0006992816925 10.836581201443858 5.9404 7.8236681497 11.543750547494117 5.890798 5.0099 14.56316050445392
0.7561595725368004 24452.734957378703 0.41935483870967744 0.7584950819349738 26268.622293246826 0.4838709677419355 f_swap_t 100 1245.2127149105072 10.836581201443858 5.9404 7.8236681497 12.428313042019175 5.890798 5.0099 14.56316050445392
0.7561595725368004 24452.734957378703 0.41935483870967744 0.7584950819349738 26268.622293246826 0.4838709677419355 t_multiswap_k 100 1265.3869564533234 10.836581201443858 5.9404 7.8236681497 12.428313042019175 5.890798 5.0099 15.417528899409382
0.7561595725368004 24452.734957378703 0.41935483870967744 0.7931897754691963 27503.678177322843 0.46153846153846156 t_swap_k 100 1308.1198797225952 10.836581201443858 5.9404 8.855431468203 12.428313042019175 5.890798 5.0099 15.417528899409382
0.7561595725368004 24452.734957378703 0.41935483870967744 0.7790660528171689 26762.295134256372 0.46153846153846156 t_move_k 100 1339.3590199947357 11.75821538942942 5.9404 8.855431468203 12.428313042019175 5.890798 5.0099 15.417528899409382
0.7561595725368004 24452.734957378703 0.41935483870967744 0.790517728547431 27363.416978000125 0.46153846153846156 t_multiswap_k 100 1363.4449512958527 11.75821538942942 5.9404 8.855431468203 12.428313042019175 5.890798 5.0099 16.363353610415288
0.7561595725368004 24452.734957378703 0.41935483870967744 0.8116127224795318 27461.27393937528 0.4230769230769231 t_move_k 100 1380.8446316719055 12.690633235535126 5.9404 8.855431468203 12.428313042019175 5.890798 5.0099 16.363353610415288
0.7561595725368004 24452.734957378703 0.41935483870967744 0.8048489938865441 27106.23201379449 0.4230769230769231 move_t 100 1410.136748790741 12.690633235535126 6.880996000000001 8.855431468203 12.428313042019175 5.890798 5.0099 16.363353610415288
0.7561595725368004 24452.734957378703 0.41935483870967744 0.7886110785369176 27263.333025512275 0.46153846153846156 t_move_k 100 1454.3258075714111 13.693726903179774 6.880996000000001 8.855431468203 12.428313042019175 5.890798 5.0099 16.363353610415288
0.7561595725368004 24452.734957378703 0.41935483870967744 0.7861822373081395 27135.838189647715 0.46153846153846156 t_move_k 100 1487.2527368068695 14.596789634147976 6.880996000000001 8.855431468203 12.428313042019175 5.890798 5.0099 16.363353610415288
0.7561595725368004 24452.734957378703 0.41935483870967744 0.7860168409478605 27127.15619695239 0.46153846153846156 t_multiswap_k 100 1512.726285457611 14.596789634147976 6.880996000000001 8.855431468203 12.428313042019175 5.890798 5.0099 17.199720074311134
0.7561595725368004 24452.734957378703 0.41935483870967744 0.8101582676835029 28394.388983817364 0.46153846153846156 t_multiswap_k 100 1523.7771713733673 14.596789634147976 6.880996000000001 8.855431468203 12.428313042019175 5.890798 5.0099 18.157722873568023
0.7561595725368004 24452.734957378703 0.41935483870967744 0.7835035115223471 28004.688749839344 0.5 t_swap_k 100 1577.3186872005463 14.596789634147976 6.880996000000001 9.85687715352097 12.428313042019175 5.890798 5.0099 18.157722873568023
0.7561595725368004 24452.734957378703 0.41935483870967744 0.7964522845194012 28231.878682529572 0.4827586206896552 t_swap_k 100 1636.387085199356 14.596789634147976 6.880996000000001 10.78830838198576 12.428313042019175 5.890798 5.0099 18.157722873568023
0.7561595725368004 24452.734957378703 0.41935483870967744 0.7890693378252316 27844.33273435597 0.4827586206896552 t_swap_r_k 100 1718.6121246814728 14.596789634147976 6.880996000000001 10.78830838198576 12.428313042019175 5.890798 5.999801 18.157722873568023
0.7561595725368004 24452.734957378703 0.41935483870967744 0.7888041987274459 27830.41504169128 0.4827586206896552 t_swap_r_k 100 1776.2447774410248 14.596789634147976 6.880996000000001 10.78830838198576 12.428313042019175 5.890798 6.97980299 18.157722873568023
0.7561595725368004 24452.734957378703 0.41935483870967744 0.8091172305039169 28339.742816432023 0.46153846153846156 t_move_k 100 1805.9410209655762 15.520821737806497 6.880996000000001 10.78830838198576 12.428313042019175 5.890798 6.97980299 18.157722873568023
0.7561595725368004 24452.734957378703 0.41935483870967744 0.8749540446698365 31535.145220674756 0.45161290322580644 f_swap_t 100 1829.0402998924255 15.520821737806497 6.880996000000001 10.78830838198576 13.344029911598984 5.890798 6.97980299 18.157722873568023
0.7561595725368004 24452.734957378703 0.41935483870967744 0.8409595975026541 29750.7072711976 0.45161290322580644 t_move_k 100 1868.3206853866577 16.42561352042843 6.880996000000001 10.78830838198576 13.344029911598984 5.890798 6.97980299 18.157722873568023
0.7561595725368004 24452.734957378703 0.41935483870967744 0.8370682104354479 30363.89157279108 0.4827586206896552 t_move_k 100 1890.9170603752136 17.381357385224145 6.880996000000001 10.78830838198576 13.344029911598984 5.890798 6.97980299 18.157722873568023
0.7561595725368004 24452.734957378703 0.41935483870967744 0.8604196513311753 30772.205234665133 0.45161290322580644 t_swap_k 100 1935.149867773056 17.381357385224145 6.880996000000001 11.900425298165901 13.344029911598984 5.890798 6.97980299 18.157722873568023
0.7561595725368004 24452.734957378703 0.41935483870967744 0.8540786903064067 30351.77118971419 0.4482758620689655 t_multiswap_k 100 1964.5584700107574 17.381357385224145 6.880996000000001 11.900425298165901 13.344029911598984 5.890798 6.97980299 19.006145644832344
0.7561595725368004 24452.734957378703 0.41935483870967744 0.8462017277288275 29938.293339025295 0.4482758620689655 t_move_k 100 1995.067757844925 18.337543811371905 6.880996000000001 11.900425298165901 13.344029911598984 5.890798 6.97980299 19.006145644832344
0.7561595725368004 24452.734957378703 0.41935483870967744 0.8627598236715998 30895.045659515505 0.45161290322580644 t_multiswap_k 100 2013.7941184043884 18.337543811371905 6.880996000000001 11.900425298165901 13.344029911598984 5.890798 6.97980299 19.866084188384022
0.7561595725368004 24452.734957378703 0.41935483870967744 0.8531337199578323 30389.751818789886 0.45161290322580644 t_swap_r_k 100 2092.4337141513824 18.337543811371905 6.880996000000001 11.900425298165901 13.344029911598984 5.890798 7.950004960099999 19.866084188384022
0.7561595725368004 24452.734957378703 0.41935483870967744 0.8489322839662932 30169.209864136796 0.45161290322580644 t_swap_r_k 100 2180.2384481430054 18.337543811371905 6.880996000000001 11.900425298165901 13.344029911598984 5.890798 8.910504910499 19.866084188384022
0.7561595725368004 24452.734957378703 0.41935483870967744 0.8487094872051127 30157.514807184827 0.45161290322580644 t_swap_r_k 100 2259.644897222519 18.337543811371905 6.880996000000001 11.900425298165901 13.344029911598984 5.890798 9.86139986139401 19.866084188384022
0.7561595725368004 24452.734957378703 0.41935483870967744 0.8486063293444271 30152.09984042602 0.45161290322580644 t_multiswap_k 100 2280.298999786377 18.337543811371905 6.880996000000001 11.900425298165901 13.344029911598984 5.890798 9.86139986139401 20.69742334650018
0.7561595725368004 24452.734957378703 0.41935483870967744 0.8479001003561665 30115.02843869163 0.45161290322580644 move_t 100 2306.3364038467407 18.337543811371905 7.8421860400000005 11.900425298165901 13.344029911598984 5.890798 9.86139986139401 20.69742334650018
0.7561595725368004 24452.734957378703 0.41935483870967744 0.8434160685447508 29879.652452384154 0.45161290322580644 t_swap_r_k 100 2374.363800048828 18.337543811371905 7.8421860400000005 11.900425298165901 13.344029911598984 5.890798 10.802785862780071 20.69742334650018
0.7561595725368004 24452.734957378703 0.41935483870967744 0.8357928137992114 29739.99865593618 0.46153846153846156 t_swap_k 100 2423.0536530017853 18.337543811371905 7.8421860400000005 12.901421045184243 13.344029911598984 5.890798 10.802785862780071 20.69742334650018
0.7561595725368004 24452.734957378703 0.41935483870967744 0.8339702144313761 29644.326693316405 0.46153846153846156 f_swap_t 100 2455.2434945106506 18.337543811371905 7.8421860400000005 12.901421045184243 14.210589612482995 5.890798 10.802785862780071 20.69742334650018
0.7561595725368004 24452.734957378703 0.41935483870967744 0.8360328892261419 29752.600705336914 0.46153846153846156 t_move_k 100 2497.0385653972626 19.254168373258185 7.8421860400000005 12.901421045184243 14.210589612482995 5.890798 10.802785862780071 20.69742334650018
0.7561595725368004 24452.734957378703 0.41935483870967744 0.8354877313433304 29723.984254839535 0.46153846153846156 t_multiswap_k 100 2533.8604352474213 19.254168373258185 7.8421860400000005 12.901421045184243 14.210589612482995 5.890798 10.802785862780071 21.49044911303518
0.7561595725368004 24452.734957378703 0.41935483870967744 0.8354877313433304 29723.984254839535 0.46153846153846156 move_t 100 2563.829255104065 19.254168373258185 8.7637641796 12.901421045184243 14.210589612482995 5.890798 10.802785862780071 21.49044911303518
0.7561595725368004 24452.734957378703 0.41935483870967744 0.8354877313433304 29723.984254839535 0.46153846153846156 f_swap_t 100 2610.0721378326416 19.254168373258185 8.7637641796 12.901421045184243 15.068483716358164 5.890798 10.802785862780071 21.49044911303518
0.7561595725368004 24452.734957378703 0.41935483870967744 0.8354877313433304 29723.984254839535 0.46153846153846156 f_swap_t 100 2651.106377840042 19.254168373258185 8.7637641796 12.901421045184243 15.917798879194583 5.890798 10.802785862780071 21.49044911303518
0.7561595725368004 24452.734957378703 0.41935483870967744 0.8314188203161841 29510.398806187335 0.46153846153846156 t_multiswap_k 100 2673.728369951248 19.254168373258185 8.7637641796 12.901421045184243 15.917798879194583 5.890798 10.802785862780071 22.30554462190483
0.7561595725368004 24452.734957378703 0.41935483870967744 0.845758983815202 29253.68092456541 0.4230769230769231 t_multiswap_k 100 2707.4753663539886 19.254168373258185 8.7637641796 12.901421045184243 15.917798879194583 5.890798 10.802785862780071 23.16248917568578
0.7561595725368004 24452.734957378703 0.41935483870967744 0.8836184815257848 29222.078576162636 0.34615384615384615 t_swap_r_k 100 2781.840712070465 19.254168373258185 8.7637641796 12.901421045184243 15.917798879194583 5.890798 11.73475800415227 23.16248917568578
0.7561595725368004 24452.734957378703 0.41935483870967744 0.8649742736043026 30262.330723788313 0.4230769230769231 f_swap_t 100 2820.2235004901886 19.254168373258185 8.7637641796 12.901421045184243 16.828620890402636 5.890798 11.73475800415227 23.16248917568578
0.7561595725368004 24452.734957378703 0.41935483870967744 0.8514102288984282 29550.32631899443 0.4230769230769231 t_swap_r_k 100 2904.0428988933563 19.254168373258185 8.7637641796 12.901421045184243 16.828620890402636 5.890798 12.657410424110749 23.16248917568578
0.7561595725368004 24452.734957378703 0.41935483870967744 0.8488624843034016 29416.590002631277 0.4230769230769231 t_move_k 100 2936.532870054245 20.071626689525605 8.7637641796 12.901421045184243 16.828620890402636 5.890798 12.657410424110749 23.16248917568578
0.7561595725368004 24452.734957378703 0.41935483870967744 0.8553752883699305 29660.770482901076 0.41935483870967744 t_multiswap_k 100 2958.2413194179535 20.071626689525605 8.7637641796 12.901421045184243 16.828620890402636 5.890798 12.657410424110749 23.980864283928923
0.7561595725368004 24452.734957378703 0.41935483870967744 0.8518427938580957 29475.34263251605 0.41935483870967744 t_move_k 100 2988.538317680359 20.930910422630348 8.7637641796 12.901421045184243 16.828620890402636 5.890798 12.657410424110749 23.980864283928923
0.7561595725368004 24452.734957378703 0.41935483870967744 0.847804126934684 29263.344758628245 0.41935483870967744 t_move_k 100 3018.724866628647 21.781601318404043 8.7637641796 12.901421045184243 16.828620890402636 5.890798 12.657410424110749 23.980864283928923
0.7561595725368004 24452.734957378703 0.41935483870967744 0.8439832694728789 29160.4700526754 0.4230769230769231 t_move_k 100 3055.189083337784 22.623785305220004 8.7637641796 12.901421045184243 16.828620890402636 5.890798 12.657410424110749 23.980864283928923
0.7561595725368004 24452.734957378703 0.41935483870967744 0.8385900766030309 29201.940698830862 0.41379310344827586 move_t 100 3091.55192899704 22.623785305220004 9.706126537804 12.901421045184243 16.828620890402636 5.890798 12.657410424110749 23.980864283928923
0.7561595725368004 24452.734957378703 0.41935483870967744 0.838357041554142 29526.509742633665 0.4482758620689655 f_swap_t 100 3136.5276443958282 22.623785305220004 9.706126537804 12.901421045184243 17.66033468149861 5.890798 12.657410424110749 23.980864283928923
0.7561595725368004 24452.734957378703 0.41935483870967744 0.8379736722941787 29506.385907326767 0.4482758620689655 t_swap_k 100 3174.3601055145264 22.623785305220004 9.706126537804 13.7724068347324 17.66033468149861 5.890798 12.657410424110749 23.980864283928923
0.7561595725368004 24452.734957378703 0.41935483870967744 0.8349861376462601 29349.564113022945 0.4482758620689655 t_swap_k 100 3239.139306306839 22.623785305220004 9.706126537804 14.694682766385077 17.66033468149861 5.890798 12.657410424110749 23.980864283928923
0.7561595725368004 24452.734957378703 0.41935483870967744 0.8343081536602021 29313.975349131302 0.4482758620689655 t_move_k 100 3281.8816854953766 23.397547452167803 9.706126537804 14.694682766385077 17.66033468149861 5.890798 12.657410424110749 23.980864283928923
0.7561595725368004 24452.734957378703 0.41935483870967744 0.8261587858018972 28973.782441327352 0.45161290322580644 t_multiswap_k 100 3321.6465277671814 23.397547452167803 9.706126537804 14.694682766385077 17.66033468149861 5.890798 12.657410424110749 24.861055641089635
0.7561595725368004 24452.734957378703 0.41935483870967744 0.8212860197013184 28718.000998374733 0.45161290322580644 t_swap_r_k 100 3390.943109035492 23.397547452167803 9.706126537804 14.694682766385077 17.66033468149861 5.890798 13.570836319869642 24.861055641089635
0.7561595725368004 24452.734957378703 0.41935483870967744 0.8144205449866533 28618.1246231567 0.46153846153846156 t_move_k 100 3417.9474551677704 24.283571977646126 9.706126537804 14.694682766385077 17.66033468149861 5.890798 13.570836319869642 24.861055641089635
0.7561595725368004 24452.734957378703 0.41935483870967744 0.8200855172311308 28915.49058431106 0.46153846153846156 t_move_k 100 3462.595251083374 25.170736257869663 9.706126537804 14.694682766385077 17.66033468149861 5.890798 13.570836319869642 24.861055641089635
0.7561595725368004 24452.734957378703 0.41935483870967744 0.8140924946975343 28600.904593592393 0.46153846153846156 t_move_k 100 3507.4601163864136 25.919028895290968 9.706126537804 14.694682766385077 17.66033468149861 5.890798 13.570836319869642 24.861055641089635
0.7561595725368004 24452.734957378703 0.41935483870967744 0.8112653344355922 28452.501178297753 0.46153846153846156 t_multiswap_k 100 3546.232932329178 25.919028895290968 9.706126537804 14.694682766385077 17.66033468149861 5.890798 13.570836319869642 25.642445084678737
0.7561595725368004 24452.734957378703 0.41935483870967744 0.8112653344355922 28452.501178297753 0.46153846153846156 t_swap_r_k 100 3614.6244049072266 25.919028895290968 9.706126537804 14.694682766385077 17.66033468149861 5.890798 14.475127956670946 25.642445084678737
0.7561595725368004 24452.734957378703 0.41935483870967744 0.8112653344355922 28452.501178297753 0.46153846153846156 t_swap_r_k 100 3688.0690903663635 25.919028895290968 9.706126537804 14.694682766385077 17.66033468149861 5.890798 15.370376677104236 25.642445084678737