27
6 102 6 20

Solution history:
B_obj   B_dis   B_sim   C_obj   C_dis   C_sim   neighbor   iterations   time   scores
0.9604944406523492 24172.293533179916 0.0 0.9604944406523492 24172.293533179916 0.0 0 0 0 3.0 3.0 3.0 3.0 3.0 3.0 3.0
0.9604944406523492 24172.293533179916 0.0 0.9604944406523492 24172.293533179916 0.0 t_swap_k 100 43.3982949256897 3.0 3.0 3.9699999999999998 3.0 3.0 3.0 3.0
0.9604944002402438 24172.29141186598 0.0 0.9604944002402438 24172.29141186598 0.0 t_swap_r_k 100 128.37957787513733 3.0 3.0 3.9699999999999998 3.0 3.0 4.01 3.0
0.9604944002402438 24172.29141186598 0.0 0.9604944002402438 24172.29141186598 0.0 f_swap_t 100 162.00349164009094 3.0 3.0 3.9699999999999998 3.9699999999999998 3.0 4.01 3.0
0.9604944002402438 24172.29141186598 0.0 0.9604944002402438 24172.29141186598 0.0 t_multiswap_k 100 180.09306979179382 3.0 3.0 3.9699999999999998 3.9699999999999998 3.0 4.01 3.9699999999999998
0.9604944002402438 24172.29141186598 0.0 0.9604944002402438 24172.29141186598 0.0 swap_t 100 212.293377161026 3.0 3.0 3.9699999999999998 3.9699999999999998 3.9699999999999998 4.01 3.9699999999999998
0.9604944002402438 24172.29141186598 0.0 0.9604944002402438 24172.29141186598 0.0 t_multiswap_k 100 233.74028062820435 3.0 3.0 3.9699999999999998 3.9699999999999998 3.9699999999999998 4.01 4.9303
0.9604944002402438 24172.29141186598 0.0 0.9683133187286688 24582.722409787413 0.0 t_multiswap_k 100 261.10390067100525 3.0 3.0 3.9699999999999998 3.9699999999999998 3.9699999999999998 4.01 5.890997
0.9604944002402438 24172.29141186598 0.0 0.9642736575535564 24370.67234559755 0.0 t_swap_k 100 301.9736177921295 3.0 3.0 4.9303 3.9699999999999998 3.9699999999999998 4.01 5.890997
0.9604944002402438 24172.29141186598 0.0 0.9841805661994595 25415.626630920277 0.0 f_swap_t 100 345.08553767204285 3.0 3.0 4.9303 5.000299999999999 3.9699999999999998 4.01 5.890997
0.9604944002402438 24172.29141186598 0.0 0.9683249684760746 24583.333928817872 0.0 t_multiswap_k 100 364.73309993743896 3.0 3.0 4.9303 5.000299999999999 3.9699999999999998 4.01 6.832087029999999
0.9604944002402438 24172.29141186598 0.0 0.9888716281208463 25661.87005046178 0.0 f_swap_t 100 406.8646788597107 3.0 3.0 4.9303 6.030296999999999 3.9699999999999998 4.01 6.832087029999999
0.9604944002402438 24172.29141186598 0.0 0.9801345913484243 25203.24514898851 0.0 t_swap_r_k 100 470.07559609413147 3.0 3.0 4.9303 6.030296999999999 3.9699999999999998 5.0099 6.832087029999999
0.9604944002402438 24172.29141186598 0.0 0.9801345913484243 25203.24514898851 0.0 t_swap_k 100 517.9490070343018 3.0 3.0 5.880997 6.030296999999999 3.9699999999999998 5.0099 6.832087029999999
0.9604944002402438 24172.29141186598 0.0 0.9801345913484243 25203.24514898851 0.0 swap_t 100 550.671108007431 3.0 3.0 5.880997 6.030296999999999 4.9303 5.0099 6.832087029999999
0.9604944002402438 24172.29141186598 0.0 1.0507058783466525 26897.16046241726 0.0 move_t 100 591.6006917953491 3.0 4.16 5.880997 6.030296999999999 4.9303 5.0099 6.832087029999999
0.9604944002402438 24172.29141186598 0.0 1.063195020140399 29563.25666814421 0.0 f_swap_t 100 644.375746011734 3.0 4.16 5.880997 7.029994029999999 4.9303 5.0099 6.832087029999999
0.9604944002402438 24172.29141186598 0.0 1.0614549968717766 29471.919293594965 0.0 t_multiswap_k 100 682.300576210022 3.0 4.16 5.880997 7.029994029999999 4.9303 5.0099 7.893766159699999
0.9604944002402438 24172.29141186598 0.0 1.056148653043707 29193.37847034775 0.0 t_swap_r_k 100 743.2956070899963 3.0 4.16 5.880997 7.029994029999999 4.9303 5.999801 7.893766159699999
0.9604944002402438 24172.29141186598 0.0 1.055964332924143 29183.703130884667 0.0 t_multiswap_k 100 777.044807434082 3.0 4.16 5.880997 7.029994029999999 4.9303 5.999801 8.844828498102999
0.9604944002402438 24172.29141186598 0.0 1.055559001467279 29162.426455014993 0.0 move_t 100 809.409833908081 3.0 5.1184 5.880997 7.029994029999999 4.9303 5.999801 8.844828498102999
0.9604944002402438 24172.29141186598 0.0 1.055231576926936 29145.239272281746 0.0 t_swap_k 100 869.9954824447632 3.0 5.1184 6.96218703 7.029994029999999 4.9303 5.999801 8.844828498102999
0.9604944002402438 24172.29141186598 0.0 1.051384560723004 28943.301536015886 0.0 t_move_k 100 910.5840287208557 4.16 5.1184 6.96218703 7.029994029999999 4.9303 5.999801 8.844828498102999
0.9604944002402438 24172.29141186598 0.0 1.047806080496053 28755.459801540215 0.0 t_move_k 100 957.283486366272 5.1784 5.1184 6.96218703 7.029994029999999 4.9303 5.999801 8.844828498102999
0.9604944002402438 24172.29141186598 0.0 1.0465426194351517 28689.13815042846 0.0 f_swap_t 100 1005.4449439048767 5.1784 5.1184 6.96218703 7.959694089699999 4.9303 5.999801 8.844828498102999
0.9604944002402438 24172.29141186598 0.0 1.0536391899493145 29061.65162812483 0.0 t_swap_k 100 1072.5009734630585 5.1784 5.1184 7.9325651597 7.959694089699999 4.9303 5.999801 8.844828498102999
0.9604944002402438 24172.29141186598 0.0 1.0540221638446874 29081.75470993704 0.0 t_move_k 100 1109.7212178707123 6.136616 5.1184 7.9325651597 7.959694089699999 4.9303 5.999801 8.844828498102999
0.9604944002402438 24172.29141186598 0.0 1.0496202109417454 28850.68721314292 0.0 swap_t 100 1150.4185049533844 6.136616 5.1184 7.9325651597 7.959694089699999 5.880997 5.999801 8.844828498102999
0.9604944002402438 24172.29141186598 0.0 1.0494973689706932 28844.238987235443 0.0 f_swap_t 100 1204.8670523166656 6.136616 5.1184 7.9325651597 8.880097148803 5.880997 5.999801 8.844828498102999
0.9604944002402438 24172.29141186598 0.0 1.0487615660594516 28805.615189892946 0.0 t_swap_r_k 100 1265.0861728191376 6.136616 5.1184 7.9325651597 8.880097148803 5.880997 6.97980299 8.844828498102999
0.9604944002402438 24172.29141186598 0.0 1.0487615660594516 28805.615189892946 0.0 t_swap_r_k 100 1352.6242580413818 6.136616 5.1184 7.9325651597 8.880097148803 5.880997 7.950004960099999 8.844828498102999
0.9604944002402438 24172.29141186598 0.0 1.0487615660594516 28805.615189892946 0.0 t_swap_r_k 100 1406.215632200241 6.136616 5.1184 7.9325651597 8.880097148803 5.880997 8.910504910499 8.844828498102999
0.9604944002402438 24172.29141186598 0.0 1.045619191617157 28640.665538594876 0.0 t_multiswap_k 100 1441.231106519699 6.136616 5.1184 7.9325651597 8.880097148803 5.880997 8.910504910499 9.816380213121969
0.9604944002402438 24172.29141186598 0.0 1.0453992193559438 28629.118745413896 0.0 t_swap_r_k 100 1513.2394695281982 6.136616 5.1184 7.9325651597 8.880097148803 5.880997 9.86139986139401 9.816380213121969
0.9604944002402438 24172.29141186598 0.0 1.0453992193559438 28629.118745413896 0.0 t_swap_r_k 100 1587.614082813263 6.136616 5.1184 7.9325651597 8.880097148803 5.880997 10.802785862780071 9.816380213121969
0.9604944002402438 24172.29141186598 0.0 1.0426436486662514 28484.473212954665 0.0 t_move_k 100 1637.8560729026794 7.1652498399999995 5.1184 7.9325651597 8.880097148803 5.880997 10.802785862780071 9.816380213121969
0.9604944002402438 24172.29141186598 0.0 1.0431413185154792 28510.596919597265 0.0 t_move_k 100 1680.9632863998413 8.1635973416 5.1184 7.9325651597 8.880097148803 5.880997 10.802785862780071 9.816380213121969
0.9604944002402438 24172.29141186598 0.0 1.042116194812684 28456.786083104464 0.0 t_swap_k 100 1729.8132429122925 8.1635973416 5.1184 8.853239508103 8.880097148803 5.880997 10.802785862780071 9.816380213121969
0.9604944002402438 24172.29141186598 0.0 1.042116194812684 28456.786083104464 0.0 t_swap_r_k 100 1802.6223289966583 8.1635973416 5.1184 8.853239508103 8.880097148803 5.880997 11.73475800415227 9.816380213121969
0.9604944002402438 24172.29141186598 0.0 1.053412313581197 29049.742424274064 0.0 t_swap_k 100 1858.0979714393616 8.1635973416 5.1184 9.84470711302197 8.880097148803 5.880997 11.73475800415227 9.816380213121969
0.9604944002402438 24172.29141186598 0.0 1.0470198174288052 28714.187247567836 0.0 t_multiswap_k 100 1900.2812945842743 8.1635973416 5.1184 9.84470711302197 8.880097148803 5.880997 11.73475800415227 10.808216410990749
0.9604944002402438 24172.29141186598 0.0 1.0452075505967344 28619.05766084968 0.0 swap_t 100 1939.4825601577759 8.1635973416 5.1184 9.84470711302197 8.880097148803 6.89218703 11.73475800415227 10.808216410990749
0.9604944002402438 24172.29141186598 0.0 1.0450431965255338 28610.43038003646 0.0 t_move_k 100 1965.7824025154114 9.131961368184 5.1184 9.84470711302197 8.880097148803 6.89218703 11.73475800415227 10.808216410990749
0.9604944002402438 24172.29141186598 0.0 1.039019278568285 28294.222625440914 0.0 t_multiswap_k 100 1997.5232944488525 9.131961368184 5.1184 9.84470711302197 8.880097148803 6.89218703 11.73475800415227 11.790134246880841
0.9604944002402438 24172.29141186598 0.0 1.0379546282340169 28238.336955347546 0.0 f_swap_t 100 2032.7871248722076 9.131961368184 5.1184 9.84470711302197 9.82129617731497 6.89218703 11.73475800415227 11.790134246880841
0.9604944002402438 24172.29141186598 0.0 1.0364488117777344 28159.293574635303 0.0 t_move_k 100 2071.7966809272766 10.070641754502159 5.1184 9.84470711302197 9.82129617731497 6.89218703 11.73475800415227 11.790134246880841
0.9604944002402438 24172.29141186598 0.0 1.0364488117777344 28159.293574635303 0.0 move_t 100 2104.084890604019 10.070641754502159 6.067216 9.84470711302197 9.82129617731497 6.89218703 11.73475800415227 11.790134246880841
0.9604944002402438 24172.29141186598 0.0 1.0374189190064205 28210.21648405684 0.0 t_move_k 100 2142.694646835327 11.009935336957136 6.067216 9.84470711302197 9.82129617731497 6.89218703 11.73475800415227 11.790134246880841
0.9604944002402438 24172.29141186598 0.0 1.0360232415736537 28136.95452559611 0.0 t_move_k 100 2167.033512353897 12.019835983587566 6.067216 9.84470711302197 9.82129617731497 6.89218703 11.73475800415227 11.790134246880841
0.9604944002402438 24172.29141186598 0.0 1.0796438387147353 30426.688744087656 0.0 f_swap_t 100 2201.6415026187897 12.019835983587566 6.067216 9.84470711302197 10.73308321554182 6.89218703 11.73475800415227 11.790134246880841
0.9604944002402438 24172.29141186598 0.0 1.0688396858413636 29859.556697363012 0.0 t_swap_r_k 100 2292.047669649124 12.019835983587566 6.067216 9.84470711302197 10.73308321554182 6.89218703 12.657410424110749 11.790134246880841
0.9604944002402438 24172.29141186598 0.0 1.0686768431532045 29851.00875213193 0.0 swap_t 100 2323.8856353759766 12.019835983587566 6.067216 9.84470711302197 10.73308321554182 7.8232651597 12.657410424110749 11.790134246880841
0.9604944002402438 24172.29141186598 0.0 1.112484652573733 32213.158470213806 0.0 move_t 100 2367.7293400764465 12.019835983587566 7.20654384 9.84470711302197 10.73308321554182 7.8232651597 12.657410424110749 11.790134246880841
0.9604944002402438 24172.29141186598 0.0 1.1034095093032765 31674.19732348607 0.0 t_swap_k 100 2431.6242134571075 12.019835983587566 7.20654384 10.91626004189175 10.73308321554182 7.8232651597 12.657410424110749 11.790134246880841
0.9604944002402438 24172.29141186598 0.0 1.0901210880121868 30976.660954565446 0.0 t_swap_k 100 2482.9585659503937 12.019835983587566 7.20654384 11.997097441472832 10.73308321554182 7.8232651597 12.657410424110749 11.790134246880841
0.9604944002402438 24172.29141186598 0.0 1.0839278353615165 30651.564476125714 0.0 t_multiswap_k 100 2515.896241903305 12.019835983587566 7.20654384 11.997097441472832 10.73308321554182 7.8232651597 12.657410424110749 12.672232904412033
0.9604944002402438 24172.29141186598 0.0 1.080082124160461 30449.695242125723 0.0 t_move_k 100 2585.3062484264374 13.06963762375169 7.20654384 11.997097441472832 10.73308321554182 7.8232651597 12.657410424110749 12.672232904412033
0.9604944002402438 24172.29141186598 0.0 1.079933409922841 30441.888928114153 0.0 t_swap_r_k 100 2733.997483253479 13.06963762375169 7.20654384 11.997097441472832 10.73308321554182 7.8232651597 13.570836319869642 12.672232904412033
0.9604944002402438 24172.29141186598 0.0 1.0834461543297693 30626.28005516232 0.0 f_swap_t 100 2800.1602330207825 13.06963762375169 7.20654384 11.997097441472832 11.665752383386401 7.8232651597 13.570836319869642 12.672232904412033
0.9604944002402438 24172.29141186598 0.0 1.0920928285865088 31080.161643664465 0.0 t_move_k 100 2888.0994193553925 13.958941247514174 7.20654384 11.997097441472832 11.665752383386401 7.8232651597 13.570836319869642 12.672232904412033
0.9604944002402438 24172.29141186598 0.0 1.0888253353677562 30908.644252293856 0.0 t_swap_k 100 2988.7973659038544 13.958941247514174 7.20654384 12.907126467058104 11.665752383386401 7.8232651597 13.570836319869642 12.672232904412033
0.9604944002402438 24172.29141186598 0.0 1.0874156253161082 30834.645693013026 0.0 swap_t 100 3042.63796710968 13.958941247514174 7.20654384 12.907126467058104 11.665752383386401 8.775032508103 13.570836319869642 12.672232904412033
0.9604944002402438 24172.29141186598 0.0 1.0815059521525208 30524.434880928027 0.0 t_move_k 100 3124.4085369110107 14.909351835039033 7.20654384 12.907126467058104 11.665752383386401 8.775032508103 13.570836319869642 12.672232904412033
0.9604944002402438 24172.29141186598 0.0 1.0717865026779692 30014.241130604027 0.0 t_move_k 100 3211.5896389484406 15.860258316688642 7.20654384 12.907126467058104 11.665752383386401 8.775032508103 13.570836319869642 12.672232904412033
0.9604944002402438 24172.29141186598 0.0 1.1156846044061566 32318.542131545382 0.0 swap_t 100 3270.1888756752014 15.860258316688642 7.20654384 12.907126467058104 11.665752383386401 9.787282183021969 13.570836319869642 12.672232904412033
0.9604944002402438 24172.29141186598 0.0 1.089576011876542 30948.04879514378 0.0 swap_t 100 3324.1262934207916 15.860258316688642 7.20654384 12.907126467058104 11.665752383386401 10.689409361191748 13.570836319869642 12.672232904412033
0.9604944002402438 24172.29141186598 0.0 1.1068198002147527 31853.210457344885 0.0 t_swap_k 100 3436.8872299194336 15.860258316688642 7.20654384 13.928055202387522 11.665752383386401 10.689409361191748 13.570836319869642 12.672232904412033
0.9604944002402438 24172.29141186598 0.0 1.09639269075259 31305.870189208446 0.0 move_t 100 3512.34396982193 15.860258316688642 8.1944784016 13.928055202387522 11.665752383386401 10.689409361191748 13.570836319869642 12.672232904412033
0.9604944002402438 24172.29141186598 0.0 1.125160846012319 32531.798001294363 0.0 swap_t 100 3561.2348527908325 15.860258316688642 8.1944784016 13.928055202387522 11.665752383386401 11.60251526757983 13.570836319869642 12.672232904412033
0.9604944002402438 24172.29141186598 0.0 1.1138365901000782 32221.536086919168 0.0 f_swap_t 100 3630.312869787216 15.860258316688642 8.1944784016 13.928055202387522 12.579094859552537 11.60251526757983 13.570836319869642 12.672232904412033