27
6 102 6 20

Solution history:
B_obj   B_dis   B_sim   C_obj   C_dis   C_sim   neighbor   iterations   time   scores
0.9604944406523492 24172.293533179916 0.0 0.9604944406523492 24172.293533179916 0.0 0 0 0 3.0 3.0 3.0 3.0 3.0 3.0 3.0
0.9604944406523492 24172.293533179916 0.0 0.9604944406523492 24172.293533179916 0.0 move_t 100 32.53536796569824 3.0 3.9699999999999998 3.0 3.0 3.0 3.0 3.0
0.9604944002402438 24172.29141186598 0.0 0.9634863176117425 24329.343264280167 0.0 t_swap_k 100 115.16381192207336 3.0 3.9699999999999998 3.98 3.0 3.0 3.0 3.0
0.9604944002402438 24172.29141186598 0.0 0.9649009553362915 24403.600487174037 0.0 t_move_k 100 183.1529984474182 4.04 3.9699999999999998 3.98 3.0 3.0 3.0 3.0
0.9604944002402438 24172.29141186598 0.0 0.9648734601849573 24402.15721053459 0.0 t_multiswap_k 100 232.7848834991455 4.04 3.9699999999999998 3.98 3.0 3.0 3.0 3.9699999999999998
0.9604944002402438 24172.29141186598 0.0 0.966778513293709 24502.157338388042 0.0 t_move_k 100 287.0989019870758 5.069599999999999 3.9699999999999998 3.98 3.0 3.0 3.0 3.9699999999999998
0.9604944002402438 24172.29141186598 0.0 0.9663584070640774 24480.105104525268 0.0 t_swap_k 100 387.35942578315735 5.069599999999999 3.9699999999999998 4.9702 3.0 3.0 3.0 3.9699999999999998
0.9604944002402438 24172.29141186598 0.0 0.9663584070640772 24480.105104525264 0.0 t_multiswap_k 100 436.9410774707794 5.069599999999999 3.9699999999999998 4.9702 3.0 3.0 3.0 4.9603
0.9604944002402438 24172.29141186598 0.0 0.9663584070640772 24480.105104525264 0.0 t_swap_r_k 100 593.05264544487 5.069599999999999 3.9699999999999998 4.9702 3.0 3.0 4.01 4.9603
0.9604944002402438 24172.29141186598 0.0 0.9663584070640772 24480.105104525264 0.0 swap_t 100 647.9967527389526 5.069599999999999 3.9699999999999998 4.9702 3.0 3.9699999999999998 4.01 4.9603
0.9604944002402438 24172.29141186598 0.0 1.0111172382439442 26829.587552020406 0.0 t_swap_k 100 748.2013337612152 5.069599999999999 3.9699999999999998 5.980498 3.0 3.9699999999999998 4.01 4.9603
0.9604944002402438 24172.29141186598 0.0 1.0524813083763678 29000.872059932277 0.0 swap_t 100 834.5814437866211 5.069599999999999 3.9699999999999998 5.980498 3.0 5.0302999999999995 4.01 4.9603
0.9604944002402438 24172.29141186598 0.0 1.058997987013575 29342.9458288508 0.0 t_multiswap_k 100 918.8764553070068 5.069599999999999 3.9699999999999998 5.980498 3.0 5.0302999999999995 4.01 5.990697
0.9604944002402438 24172.29141186598 0.0 1.0409680541036792 28396.51783275134 0.0 swap_t 100 997.212028503418 5.069599999999999 3.9699999999999998 5.980498 3.0 6.039997 4.01 5.990697
0.9604944002402438 24172.29141186598 0.0 1.0400252242215096 28347.026766949602 0.0 t_multiswap_k 100 1068.2233288288116 5.069599999999999 3.9699999999999998 5.980498 3.0 6.039997 4.01 6.94079003
0.9604944002402438 24172.29141186598 0.0 1.0351725910710847 28092.30214366264 0.0 t_move_k 100 1130.5543196201324 6.138903999999999 3.9699999999999998 5.980498 3.0 6.039997 4.01 6.94079003
0.9604944002402438 24172.29141186598 0.0 1.0345307019045324 28058.608070553546 0.0 t_swap_r_k 100 1287.9159774780273 6.138903999999999 3.9699999999999998 5.980498 3.0 6.039997 5.0099 6.94079003
0.9604944002402438 24172.29141186598 0.0 1.0343043584336997 28046.726839569452 0.0 t_swap_r_k 100 1449.6695623397827 6.138903999999999 3.9699999999999998 5.980498 3.0 6.039997 5.999801 6.94079003
0.9604944002402438 24172.29141186598 0.0 1.0355908273442949 28114.256219694344 0.0 t_swap_k 100 1561.9240374565125 6.138903999999999 3.9699999999999998 7.0206930199999995 3.0 6.039997 5.999801 6.94079003
0.9604944002402438 24172.29141186598 0.0 1.052544196176715 29004.173168991256 0.0 t_swap_k 100 1683.740184545517 6.138903999999999 3.9699999999999998 8.1004860898 3.0 6.039997 5.999801 6.94079003
0.9604944002402438 24172.29141186598 0.0 1.0345706321606318 28060.704091234973 0.0 t_multiswap_k 100 1761.989089012146 6.138903999999999 3.9699999999999998 8.1004860898 3.0 6.039997 5.999801 7.9913821297
0.9604944002402438 24172.29141186598 0.0 1.0299976068957413 27820.65665682733 0.0 t_swap_r_k 100 1915.3685050010681 6.138903999999999 3.9699999999999998 8.1004860898 3.0 6.039997 6.97980299 7.9913821297
0.9604944002402438 24172.29141186598 0.0 1.0589889695509824 29342.47248382538 0.0 swap_t 100 1993.7478499412537 6.138903999999999 3.9699999999999998 8.1004860898 3.0 7.02959703 6.97980299 7.9913821297
0.9604944002402438 24172.29141186598 0.0 1.0624840670734335 29525.937289871883 0.0 t_swap_k 100 2102.981069087982 6.138903999999999 3.9699999999999998 9.159481228902001 3.0 7.02959703 6.97980299 7.9913821297
0.9604944002402438 24172.29141186598 0.0 1.0705373481193288 29948.67045701025 0.0 f_swap_t 100 2184.02977848053 6.138903999999999 3.9699999999999998 9.159481228902001 3.98 7.02959703 6.97980299 7.9913821297
0.9604944002402438 24172.29141186598 0.0 1.06346493028762 29577.424802936384 0.0 t_swap_k 100 2299.1538276672363 6.138903999999999 3.9699999999999998 10.12788641661298 3.98 7.02959703 6.97980299 7.9913821297
0.9604944002402438 24172.29141186598 0.0 1.1464682458379263 33508.823443541136 0.0 swap_t 100 2391.2776913642883 6.138903999999999 3.9699999999999998 10.12788641661298 3.98 8.1193010597 6.97980299 7.9913821297
0.9604944002402438 24172.29141186598 0.0 1.1155047309325865 33183.96757277287 0.03333333333333333 t_move_k 100 2491.7968311309814 7.407514959999999 3.9699999999999998 10.12788641661298 3.98 8.1193010597 6.97980299 7.9913821297
0.9604944002402438 24172.29141186598 0.0 1.1081997296059276 32550.551031203184 0.023809523809523808 t_multiswap_k 100 2551.100599527359 7.407514959999999 3.9699999999999998 10.12788641661298 3.98 8.1193010597 6.97980299 9.161468308403
0.9604944002402438 24172.29141186598 0.0 1.0903328303149853 31534.56784489976 0.020833333333333332 t_multiswap_k 100 2610.7117199897766 7.407514959999999 3.9699999999999998 10.12788641661298 3.98 8.1193010597 6.97980299 10.25985362531897
0.9604944002402438 24172.29141186598 0.0 1.1074376384776756 31885.64204940981 0.0 swap_t 100 2684.500853061676 7.407514959999999 3.9699999999999998 10.12788641661298 3.98 9.078108049103 6.97980299 10.25985362531897
0.9604944002402438 24172.29141186598 0.0 1.0943471927659116 31198.497822920006 0.0 t_swap_k 100 2810.4837045669556 7.407514959999999 3.9699999999999998 11.256607552446852 3.98 9.078108049103 6.97980299 10.25985362531897
0.9604944002402438 24172.29141186598 0.0 1.114965468823804 32280.79323633145 0.0 t_move_k 100 2887.596428155899 8.543439810399999 3.9699999999999998 11.256607552446852 3.98 9.078108049103 6.97980299 10.25985362531897
0.9604944002402438 24172.29141186598 0.0 1.0965094867252327 31312.00104831332 0.0 t_move_k 100 2981.603571176529 9.518005412295999 3.9699999999999998 11.256607552446852 3.98 9.078108049103 6.97980299 10.25985362531897
0.9604944002402438 24172.29141186598 0.0 1.0980988761980661 31395.431347322898 0.0 f_swap_t 100 3102.7614681720734 9.518005412295999 3.9699999999999998 11.256607552446852 4.9602 9.078108049103 6.97980299 10.25985362531897
0.9604944002402438 24172.29141186598 0.0 1.0881933195022935 30875.46844892053 0.0 t_move_k 100 3162.7230763435364 10.512825358173039 3.9699999999999998 11.256607552446852 4.9602 9.078108049103 6.97980299 10.25985362531897
0.9604944002402438 24172.29141186598 0.0 1.085841902785663 30752.037783801745 0.0 t_move_k 100 3237.755208969116 11.46769710459131 3.9699999999999998 11.256607552446852 4.9602 9.078108049103 6.97980299 10.25985362531897
0.9604944002402438 24172.29141186598 0.0 1.079795848043528 30434.668024163555 0.0 t_move_k 100 3323.1999027729034 12.383020133545395 3.9699999999999998 11.256607552446852 4.9602 9.078108049103 6.97980299 10.25985362531897
0.9604944002402438 24172.29141186598 0.0 1.0788397254360413 30384.47919606579 0.0 move_t 100 3381.685082912445 12.383020133545395 4.9303 11.256607552446852 4.9602 9.078108049103 6.97980299 10.25985362531897
0.9604944002402438 24172.29141186598 0.0 1.093693337082668 31164.1756029138 0.0 t_move_k 100 3447.352546453476 13.309189932209941 4.9303 11.256607552446852 4.9602 9.078108049103 6.97980299 10.25985362531897
0.9604944002402438 24172.29141186598 0.0 1.0879755867717429 30864.039213277225 0.0 t_move_k 100 3519.854002714157 14.256098032887841 4.9303 11.256607552446852 4.9602 9.078108049103 6.97980299 10.25985362531897
0.9604944002402438 24172.29141186598 0.0 1.0776637667699955 30322.75072434249 0.0 t_swap_r_k 100 3676.663891553879 14.256098032887841 4.9303 11.256607552446852 4.9602 9.078108049103 7.950004960099999 10.25985362531897