6
1 75 10 140

1171.0530312246453
100 15
Neighbourhoods:
t_move_k move_t t_swap_k f_swap_t swap_t t_swap_r_k t_multiswap_k
0.0 600.0 0.0 1300.0 600.0 200.0 1300.0
0.0 0.0 0.0 0.0 0.0 0.0 0.0
0.0 0.0 0.0 0.0 0.0 0.0 0.0
0.0 -10579453521.644445 0.0 -22922149288.589012 -10579453507.394445 -3526484514.803357 -22922149250.432762
0.0 -17632422.536074076 0.0 -17632422.529683854 -17632422.512324076 -17632422.574016787 -17632422.500332896
0.0 0.0 0.0 0.0 0.0 0.0 0.0
0.0 0.0 0.0 0.0 0.0 0.0 0.0

Assigned customers matrix:
Vehicle 0:
0 1 28 21 15 52 46 4 0 0 0 0 0 0 0 0 0 0 0 0 0 0 0 0 0 0 0 0 0 0 0 0 0 0 0 0 0 0 0 0 0 0 0 0 0 0 0 0 0 0 0 0
0 68 51 3 18 50 32 0 0 0 0 0 0 0 0 0 0 0 0 0 0 0 0 0 0 0 0 0 0 0 0 0 0 0 0 0 0 0 0 0 0 0 0 0 0 0 0 0 0 0 0 0
0 61 17 9 58 12 0 0 0 0 0 0 0 0 0 0 0 0 0 0 0 0 0 0 0 0 0 0 0 0 0 0 0 0 0 0 0 0 0 0 0 0 0 0 0 0 0 0 0 0 0 0
0 63 56 41 43 22 62 74 0 0 0 0 0 0 0 0 0 0 0 0 0 0 0 0 0 0 0 0 0 0 0 0 0 0 0 0 0 0 0 0 0 0 0 0 0 0 0 0 0 0 0 0
0 30 47 69 36 37 70 20 57 13 0 0 0 0 0 0 0 0 0 0 0 0 0 0 0 0 0 0 0 0 0 0 0 0 0 0 0 0 0 0 0 0 0 0 0 0 0 0 0 0 0 0
0 26 40 39 72 10 31 55 25 23 73 0 0 0 0 0 0 0 0 0 0 0 0 0 0 0 0 0 0 0 0 0 0 0 0 0 0 0 0 0 0 0 0 0 0 0 0 0 0 0 0 0
0 7 11 65 59 14 19 54 45 75 0 0 0 0 0 0 0 0 0 0 0 0 0 0 0 0 0 0 0 0 0 0 0 0 0 0 0 0 0 0 0 0 0 0 0 0 0 0 0 0 0 0
0 27 29 5 71 48 2 0 0 0 0 0 0 0 0 0 0 0 0 0 0 0 0 0 0 0 0 0 0 0 0 0 0 0 0 0 0 0 0 0 0 0 0 0 0 0 0 0 0 0 0 0
0 67 34 8 35 53 66 38 0 0 0 0 0 0 0 0 0 0 0 0 0 0 0 0 0 0 0 0 0 0 0 0 0 0 0 0 0 0 0 0 0 0 0 0 0 0 0 0 0 0 0 0
0 6 33 16 44 24 49 42 64 60 0 0 0 0 0 0 0 0 0 0 0 0 0 0 0 0 0 0 0 0 0 0 0 0 0 0 0 0 0 0 0 0 0 0 0 0 0 0 0 0 0 0

Transported demand matrix:
140 140 140 140 140 103 140 140 140 140

Routes distance matrix:
107.77064904198164 80.19496072881063 125.32001296178584 101.42304601530513 112.74055945888895 158.7157361014809 121.59268818108701 93.90858441298907 83.56187120191916 185.82492312039705

Solution history:
1.0 1171.0530312246453 1.0 1.0 0 0 0 0.0 3.0 0.0 3.0 3.0 0.0 3.0
1.0 1171.0530312246453 1.0 1.0 t_swap_r_k 100 -1763242259.331366 0.0 3.0 0.0 3.0 3.0 1.0 3.0
1.0 1171.0530312246453 1.0 1.0 t_multiswap_k 100 -1763242259.268866 0.0 3.0 0.0 3.0 3.0 1.0 3.9699999999999998
1.0 1171.0530312246453 1.0 1.0 f_swap_t 100 -1763242258.862616 0.0 3.0 0.0 3.9699999999999998 3.0 1.0 3.9699999999999998
1.0 1171.0530312246453 1.0 1.0 move_t 100 -1763242258.581366 0.0 3.9699999999999998 0.0 3.9699999999999998 3.0 1.0 3.9699999999999998
1.0 1171.0530312246453 1.0 1.0 move_t 100 -1763242258.362616 0.0 4.9303 0.0 3.9699999999999998 3.0 1.0 3.9699999999999998
1.0 1171.0530312246453 1.0 1.0 f_swap_t 100 -1763242257.581366 0.0 4.9303 0.0 4.9303 3.0 1.0 3.9699999999999998
1.0 1171.0530312246453 1.0 1.0 t_multiswap_k 100 -1763242257.487616 0.0 4.9303 0.0 4.9303 3.0 1.0 4.9303
1.0 1171.0530312246453 1.0 1.0 f_swap_t 100 -1763242256.925116 0.0 4.9303 0.0 5.880997 3.0 1.0 4.9303
1.0 1171.0530312246453 1.0 1.0 move_t 100 -1763242256.565741 0.0 5.880997 0.0 5.880997 3.0 1.0 4.9303
1.0 1171.0530312246453 1.0 1.0 swap_t 100 -1763242256.096991 0.0 5.880997 0.0 5.880997 3.9699999999999998 1.0 4.9303
1.0 1171.0530312246453 1.0 1.0 f_swap_t 100 -1763242255.565741 0.0 5.880997 0.0 6.82218703 3.9699999999999998 1.0 4.9303
1.0 1171.0530312246453 1.0 1.0 t_swap_r_k 100 -1763242255.471991 0.0 5.880997 0.0 6.82218703 3.9699999999999998 1.99 4.9303
1.0 1171.0530312246453 1.0 1.0 f_swap_t 100 -1763242255.003241 0.0 5.880997 0.0 7.7539651597 3.9699999999999998 1.99 4.9303
1.0 1171.0530312246453 1.0 1.0 f_swap_t 100 -1763242254.112616 0.0 5.880997 0.0 8.676425508103 3.9699999999999998 1.99 4.9303
1.0 1171.0530312246453 1.0 1.0 f_swap_t 100 -1763242253.503241 0.0 5.880997 0.0 9.58966125302197 3.9699999999999998 1.99 4.9303
1.0 1171.0530312246453 1.0 1.0 swap_t 100 -1763242253.159491 0.0 5.880997 0.0 9.58966125302197 4.9303 1.99 4.9303
1.0 1171.0530312246453 1.0 1.0 t_multiswap_k 100 -1763242253.081366 0.0 5.880997 0.0 9.58966125302197 4.9303 1.99 5.880997
1.0 1171.0530312246453 1.0 1.0 f_swap_t 100 -1763242252.331366 0.0 5.880997 0.0 10.493764640491749 4.9303 1.99 5.880997
1.0 1171.0530312246453 1.0 1.0 f_swap_t 100 -1763242251.831366 0.0 5.880997 0.0 11.388826994086832 4.9303 1.99 5.880997
1.0 1171.0530312246453 1.0 1.0 t_multiswap_k 100 -1763242251.784491 0.0 5.880997 0.0 11.388826994086832 4.9303 1.99 6.82218703
1.0 1171.0530312246453 1.0 1.0 move_t 100 -1763242251.534491 0.0 6.82218703 0.0 11.388826994086832 4.9303 1.99 6.82218703
1.0 1171.0530312246453 1.0 1.0 f_swap_t 100 -1763242250.768866 0.0 6.82218703 0.0 12.274938724145963 4.9303 1.99 6.82218703
1.0 1171.0530312246453 1.0 1.0 swap_t 100 -1763242250.487616 0.0 6.82218703 0.0 12.274938724145963 5.880997 1.99 6.82218703
1.0 1171.0530312246453 1.0 1.0 swap_t 100 -1763242250.081366 0.0 6.82218703 0.0 12.274938724145963 6.82218703 1.99 6.82218703
1.0 1171.0530312246453 1.0 1.0 move_t 100 -1763242249.846991 0.0 7.7539651597 0.0 12.274938724145963 6.82218703 1.99 6.82218703
1.0 1171.0530312246453 1.0 1.0 t_multiswap_k 100 -1763242249.753241 0.0 7.7539651597 0.0 12.274938724145963 6.82218703 1.99 7.7539651597
1.0 1171.0530312246453 1.0 1.0 swap_t 100 -1763242249.346991 0.0 7.7539651597 0.0 12.274938724145963 7.7539651597 1.99 7.7539651597
1.0 1171.0530312246453 1.0 1.0 t_multiswap_k 100 -1763242249.284491 0.0 7.7539651597 0.0 12.274938724145963 7.7539651597 1.99 8.676425508103
1.0 1171.0530312246453 1.0 1.0 f_swap_t 100 -1763242248.612616 0.0 7.7539651597 0.0 13.152189336904504 7.7539651597 1.99 8.676425508103
1.0 1171.0530312246453 1.0 1.0 swap_t 100 -1763242248.221991 0.0 7.7539651597 0.0 13.152189336904504 8.676425508103 1.99 8.676425508103
1.0 1171.0530312246453 1.0 1.0 t_multiswap_k 100 -1763242248.143866 0.0 7.7539651597 0.0 13.152189336904504 8.676425508103 1.99 9.58966125302197
1.0 1171.0530312246453 1.0 1.0 f_swap_t 100 -1763242247.300116 0.0 7.7539651597 0.0 14.020667443535459 8.676425508103 1.99 9.58966125302197
1.0 1171.0530312246453 1.0 1.0 t_multiswap_k 100 -1763242247.237616 0.0 7.7539651597 0.0 14.020667443535459 8.676425508103 1.99 10.493764640491749
1.0 1171.0530312246453 1.0 1.0 t_multiswap_k 100 -1763242247.175116 0.0 7.7539651597 0.0 14.020667443535459 8.676425508103 1.99 11.388826994086832
1.0 1171.0530312246453 1.0 1.0 t_multiswap_k 100 -1763242247.112616 0.0 7.7539651597 0.0 14.020667443535459 8.676425508103 1.99 12.274938724145963
1.0 1171.0530312246453 1.0 1.0 t_multiswap_k 100 -1763242247.034491 0.0 7.7539651597 0.0 14.020667443535459 8.676425508103 1.99 13.152189336904504
1.0 1171.0530312246453 1.0 1.0 t_multiswap_k 100 -1763242246.971991 0.0 7.7539651597 0.0 14.020667443535459 8.676425508103 1.99 14.020667443535459
1.0 1171.0530312246453 1.0 1.0 move_t 100 -1763242246.753241 0.0 8.676425508103 0.0 14.020667443535459 8.676425508103 1.99 14.020667443535459
1.0 1171.0530312246453 1.0 1.0 f_swap_t 100 -1763242246.190741 0.0 8.676425508103 0.0 14.880460769100104 8.676425508103 1.99 14.020667443535459
1.0 1171.0530312246453 1.0 1.0 t_multiswap_k 100 -1763242246.096991 0.0 8.676425508103 0.0 14.880460769100104 8.676425508103 1.99 14.880460769100104