6
1 75 10 140

1171.0530312246453
100 15
Neighbourhoods:
t_move_k move_t t_swap_k f_swap_t swap_t t_swap_r_k t_multiswap_k
100.0 1000.0 0.0 1300.0 2200.0 0.0 1500.0
0.0 0.0 0.0 0.0 0.0 0.0 0.0
0.0 0.0 0.0 0.0 0.0 0.0 0.0
-1763242254.8108442 -17632422495.436565 0.0 -22922149209.1191 -38791329451.58857 0.0 -26448633749.443913
-17632422.548108444 -17632422.495436564 0.0 -17632422.468553152 -17632422.477994803 0.0 -17632422.499629274
0.0 0.0 0.0 0.0 0.0 0.0 0.0
0.0 0.0 0.0 0.0 0.0 0.0 0.0

Assigned customers matrix:
Vehicle 0:
0 1 28 21 15 52 46 4 0 0 0 0 0 0 0 0 0 0 0 0 0 0 0 0 0 0 0 0 0 0 0 0 0 0 0 0 0 0 0 0 0 0 0 0 0 0 0 0 0 0 0 0
0 68 51 3 18 50 32 0 0 0 0 0 0 0 0 0 0 0 0 0 0 0 0 0 0 0 0 0 0 0 0 0 0 0 0 0 0 0 0 0 0 0 0 0 0 0 0 0 0 0 0 0
0 61 17 9 58 12 0 0 0 0 0 0 0 0 0 0 0 0 0 0 0 0 0 0 0 0 0 0 0 0 0 0 0 0 0 0 0 0 0 0 0 0 0 0 0 0 0 0 0 0 0 0
0 63 56 41 43 22 62 74 0 0 0 0 0 0 0 0 0 0 0 0 0 0 0 0 0 0 0 0 0 0 0 0 0 0 0 0 0 0 0 0 0 0 0 0 0 0 0 0 0 0 0 0
0 30 47 69 36 37 70 20 57 13 0 0 0 0 0 0 0 0 0 0 0 0 0 0 0 0 0 0 0 0 0 0 0 0 0 0 0 0 0 0 0 0 0 0 0 0 0 0 0 0 0 0
0 26 40 39 72 10 31 55 25 23 73 0 0 0 0 0 0 0 0 0 0 0 0 0 0 0 0 0 0 0 0 0 0 0 0 0 0 0 0 0 0 0 0 0 0 0 0 0 0 0 0 0
0 7 11 65 59 14 19 54 45 75 0 0 0 0 0 0 0 0 0 0 0 0 0 0 0 0 0 0 0 0 0 0 0 0 0 0 0 0 0 0 0 0 0 0 0 0 0 0 0 0 0 0
0 27 29 5 71 48 2 0 0 0 0 0 0 0 0 0 0 0 0 0 0 0 0 0 0 0 0 0 0 0 0 0 0 0 0 0 0 0 0 0 0 0 0 0 0 0 0 0 0 0 0 0
0 67 34 8 35 53 66 38 0 0 0 0 0 0 0 0 0 0 0 0 0 0 0 0 0 0 0 0 0 0 0 0 0 0 0 0 0 0 0 0 0 0 0 0 0 0 0 0 0 0 0 0
0 6 33 16 44 24 49 42 64 60 0 0 0 0 0 0 0 0 0 0 0 0 0 0 0 0 0 0 0 0 0 0 0 0 0 0 0 0 0 0 0 0 0 0 0 0 0 0 0 0 0 0

Transported demand matrix:
140 140 140 140 140 103 140 140 140 140

Routes distance matrix:
107.77064904198164 80.19496072881063 125.32001296178584 101.42304601530513 112.74055945888895 158.7157361014809 121.59268818108701 93.90858441298907 83.56187120191916 185.82492312039705

Solution history:
1.0 1171.0530312246453 1.0 1.0 0 0 0 0.0 3.0 0.0 3.0 3.0 0.0 3.0
1.0 1171.0530312246453 1.0 1.0 t_move_k 100 -1763242254.8108442 1.0 3.0 0.0 3.0 3.0 0.0 3.0
1.0 1171.0530312246453 1.0 1.0 swap_t 100 -1763242254.5764692 1.0 3.0 0.0 3.0 3.9699999999999998 0.0 3.0
1.0 1171.0530312246453 1.0 1.0 t_multiswap_k 100 -1763242254.5295942 1.0 3.0 0.0 3.0 3.9699999999999998 0.0 3.9699999999999998
1.0 1171.0530312246453 1.0 1.0 move_t 100 -1763242254.3577192 1.0 3.9699999999999998 0.0 3.0 3.9699999999999998 0.0 3.9699999999999998
1.0 1171.0530312246453 1.0 1.0 move_t 100 -1763242254.2170942 1.0 4.9303 0.0 3.0 3.9699999999999998 0.0 3.9699999999999998
1.0 1171.0530312246453 1.0 1.0 move_t 100 -1763242254.0295942 1.0 5.880997 0.0 3.0 3.9699999999999998 0.0 3.9699999999999998
1.0 1171.0530312246453 1.0 1.0 t_multiswap_k 100 -1763242253.9983442 1.0 5.880997 0.0 3.0 3.9699999999999998 0.0 4.9303
1.0 1171.0530312246453 1.0 1.0 t_multiswap_k 100 -1763242253.9514692 1.0 5.880997 0.0 3.0 3.9699999999999998 0.0 5.880997
1.0 1171.0530312246453 1.0 1.0 swap_t 100 -1763242253.7483442 1.0 5.880997 0.0 3.0 4.9303 0.0 5.880997
1.0 1171.0530312246453 1.0 1.0 swap_t 100 -1763242253.5452192 1.0 5.880997 0.0 3.0 5.880997 0.0 5.880997
1.0 1171.0530312246453 1.0 1.0 f_swap_t 100 -1763242253.1077192 1.0 5.880997 0.0 3.9699999999999998 5.880997 0.0 5.880997
1.0 1171.0530312246453 1.0 1.0 f_swap_t 100 -1763242252.7170942 1.0 5.880997 0.0 4.9303 5.880997 0.0 5.880997
1.0 1171.0530312246453 1.0 1.0 f_swap_t 100 -1763242252.1389692 1.0 5.880997 0.0 5.880997 5.880997 0.0 5.880997
1.0 1171.0530312246453 1.0 1.0 swap_t 100 -1763242251.9202192 1.0 5.880997 0.0 5.880997 6.82218703 0.0 5.880997
1.0 1171.0530312246453 1.0 1.0 t_multiswap_k 100 -1763242251.9045942 1.0 5.880997 0.0 5.880997 6.82218703 0.0 6.82218703
1.0 1171.0530312246453 1.0 1.0 swap_t 100 -1763242251.6077192 1.0 5.880997 0.0 5.880997 7.7539651597 0.0 6.82218703
1.0 1171.0530312246453 1.0 1.0 t_multiswap_k 100 -1763242251.5608442 1.0 5.880997 0.0 5.880997 7.7539651597 0.0 7.7539651597
1.0 1171.0530312246453 1.0 1.0 move_t 100 -1763242251.2327192 1.0 6.82218703 0.0 5.880997 7.7539651597 0.0 7.7539651597
1.0 1171.0530312246453 1.0 1.0 t_multiswap_k 100 -1763242251.1858442 1.0 6.82218703 0.0 5.880997 7.7539651597 0.0 8.676425508103
1.0 1171.0530312246453 1.0 1.0 t_multiswap_k 100 -1763242251.1389692 1.0 6.82218703 0.0 5.880997 7.7539651597 0.0 9.58966125302197
1.0 1171.0530312246453 1.0 1.0 move_t 100 -1763242250.8577192 1.0 7.7539651597 0.0 5.880997 7.7539651597 0.0 9.58966125302197
1.0 1171.0530312246453 1.0 1.0 f_swap_t 100 -1763242250.4358442 1.0 7.7539651597 0.0 6.82218703 7.7539651597 0.0 9.58966125302197
1.0 1171.0530312246453 1.0 1.0 t_multiswap_k 100 -1763242250.3889692 1.0 7.7539651597 0.0 6.82218703 7.7539651597 0.0 10.493764640491749
1.0 1171.0530312246453 1.0 1.0 swap_t 100 -1763242250.1389692 1.0 7.7539651597 0.0 6.82218703 8.676425508103 0.0 10.493764640491749
1.0 1171.0530312246453 1.0 1.0 t_multiswap_k 100 -1763242250.0764692 1.0 7.7539651597 0.0 6.82218703 8.676425508103 0.0 11.388826994086832
1.0 1171.0530312246453 1.0 1.0 swap_t 100 -1763242249.8577192 1.0 7.7539651597 0.0 6.82218703 9.58966125302197 0.0 11.388826994086832
1.0 1171.0530312246453 1.0 1.0 swap_t 100 -1763242249.4983442 1.0 7.7539651597 0.0 6.82218703 10.493764640491749 0.0 11.388826994086832
1.0 1171.0530312246453 1.0 1.0 t_multiswap_k 100 -1763242249.4514692 1.0 7.7539651597 0.0 6.82218703 10.493764640491749 0.0 12.274938724145963
1.0 1171.0530312246453 1.0 1.0 t_multiswap_k 100 -1763242249.4045942 1.0 7.7539651597 0.0 6.82218703 10.493764640491749 0.0 13.152189336904504
1.0 1171.0530312246453 1.0 1.0 t_multiswap_k 100 -1763242249.3420942 1.0 7.7539651597 0.0 6.82218703 10.493764640491749 0.0 14.020667443535459
1.0 1171.0530312246453 1.0 1.0 f_swap_t 100 -1763242248.8577192 1.0 7.7539651597 0.0 7.7539651597 10.493764640491749 0.0 14.020667443535459
1.0 1171.0530312246453 1.0 1.0 swap_t 100 -1763242248.6233442 1.0 7.7539651597 0.0 7.7539651597 11.388826994086832 0.0 14.020667443535459
1.0 1171.0530312246453 1.0 1.0 swap_t 100 -1763242248.4514692 1.0 7.7539651597 0.0 7.7539651597 12.274938724145963 0.0 14.020667443535459
1.0 1171.0530312246453 1.0 1.0 swap_t 100 -1763242248.2014692 1.0 7.7539651597 0.0 7.7539651597 13.152189336904504 0.0 14.020667443535459
1.0 1171.0530312246453 1.0 1.0 move_t 100 -1763242248.0764692 1.0 8.676425508103 0.0 7.7539651597 13.152189336904504 0.0 14.020667443535459
1.0 1171.0530312246453 1.0 1.0 f_swap_t 100 -1763242247.6233442 1.0 8.676425508103 0.0 8.676425508103 13.152189336904504 0.0 14.020667443535459
1.0 1171.0530312246453 1.0 1.0 swap_t 100 -1763242247.3108442 1.0 8.676425508103 0.0 8.676425508103 14.020667443535459 0.0 14.020667443535459
1.0 1171.0530312246453 1.0 1.0 move_t 100 -1763242247.2014692 1.0 9.58966125302197 0.0 8.676425508103 14.020667443535459 0.0 14.020667443535459
1.0 1171.0530312246453 1.0 1.0 swap_t 100 -1763242246.9670942 1.0 9.58966125302197 0.0 8.676425508103 14.880460769100104 0.0 14.020667443535459
1.0 1171.0530312246453 1.0 1.0 swap_t 100 -1763242246.6545942 1.0 9.58966125302197 0.0 8.676425508103 15.731656161409102 0.0 14.020667443535459
1.0 1171.0530312246453 1.0 1.0 f_swap_t 100 -1763242246.3889692 1.0 9.58966125302197 0.0 9.58966125302197 15.731656161409102 0.0 14.020667443535459
1.0 1171.0530312246453 1.0 1.0 move_t 100 -1763242246.2483442 1.0 10.493764640491749 0.0 9.58966125302197 15.731656161409102 0.0 14.020667443535459
1.0 1171.0530312246453 1.0 1.0 swap_t 100 -1763242245.9983442 1.0 10.493764640491749 0.0 9.58966125302197 16.57433959979501 0.0 14.020667443535459
1.0 1171.0530312246453 1.0 1.0 t_multiswap_k 100 -1763242245.9514692 1.0 10.493764640491749 0.0 9.58966125302197 16.57433959979501 0.0 14.880460769100104
1.0 1171.0530312246453 1.0 1.0 f_swap_t 100 -1763242245.4670942 1.0 10.493764640491749 0.0 10.493764640491749 16.57433959979501 0.0 14.880460769100104
1.0 1171.0530312246453 1.0 1.0 f_swap_t 100 -1763242245.1545942 1.0 10.493764640491749 0.0 11.388826994086832 16.57433959979501 0.0 14.880460769100104
1.0 1171.0530312246453 1.0 1.0 swap_t 100 -1763242244.8889692 1.0 10.493764640491749 0.0 11.388826994086832 17.40859620379706 0.0 14.880460769100104
1.0 1171.0530312246453 1.0 1.0 move_t 100 -1763242244.7014692 1.0 11.388826994086832 0.0 11.388826994086832 17.40859620379706 0.0 14.880460769100104
1.0 1171.0530312246453 1.0 1.0 move_t 100 -1763242244.5139692 1.0 12.274938724145963 0.0 11.388826994086832 17.40859620379706 0.0 14.880460769100104
1.0 1171.0530312246453 1.0 1.0 t_multiswap_k 100 -1763242244.4827192 1.0 12.274938724145963 0.0 11.388826994086832 17.40859620379706 0.0 15.731656161409102
1.0 1171.0530312246453 1.0 1.0 swap_t 100 -1763242244.1389692 1.0 12.274938724145963 0.0 11.388826994086832 18.23451024175909 0.0 15.731656161409102
1.0 1171.0530312246453 1.0 1.0 swap_t 100 -1763242243.9045942 1.0 12.274938724145963 0.0 11.388826994086832 19.052165139341497 0.0 15.731656161409102
1.0 1171.0530312246453 1.0 1.0 swap_t 100 -1763242243.6702192 1.0 12.274938724145963 0.0 11.388826994086832 19.861643487948083 0.0 15.731656161409102
1.0 1171.0530312246453 1.0 1.0 swap_t 100 -1763242243.4202192 1.0 12.274938724145963 0.0 11.388826994086832 20.663027053068603 0.0 15.731656161409102
1.0 1171.0530312246453 1.0 1.0 swap_t 100 -1763242243.0920942 1.0 12.274938724145963 0.0 11.388826994086832 21.45639678253792 0.0 15.731656161409102
1.0 1171.0530312246453 1.0 1.0 f_swap_t 100 -1763242242.5764692 1.0 12.274938724145963 0.0 12.274938724145963 21.45639678253792 0.0 15.731656161409102
1.0 1171.0530312246453 1.0 1.0 f_swap_t 100 -1763242242.1389692 1.0 12.274938724145963 0.0 13.152189336904504 21.45639678253792 0.0 15.731656161409102
1.0 1171.0530312246453 1.0 1.0 t_multiswap_k 100 -1763242242.0764692 1.0 12.274938724145963 0.0 13.152189336904504 21.45639678253792 0.0 16.57433959979501
1.0 1171.0530312246453 1.0 1.0 f_swap_t 100 -1763242241.7170942 1.0 12.274938724145963 0.0 14.020667443535459 21.45639678253792 0.0 16.57433959979501
1.0 1171.0530312246453 1.0 1.0 swap_t 100 -1763242241.3733442 1.0 12.274938724145963 0.0 14.020667443535459 22.241832814712538 0.0 16.57433959979501
1.0 1171.0530312246453 1.0 1.0 f_swap_t 100 -1763242240.7952192 1.0 12.274938724145963 0.0 14.880460769100104 22.241832814712538 0.0 16.57433959979501