6
1 75 10 140

1171.0530312246453
100 15
Neighbourhoods:
t_move_k move_t t_swap_k f_swap_t swap_t t_swap_r_k t_multiswap_k
0.0 1000.0 100.0 900.0 900.0 0.0 200.0
0.0 0.0 0.0 0.0 0.0 0.0 0.0
0.0 0.0 0.0 0.0 0.0 0.0 0.0
0.0 -17632422504.406723 -1763242257.1906726 -15869180246.669176 -15869180260.481676 0.0 -3526484498.1157203
0.0 -17632422.504406724 -17632422.571906727 -17632422.496299084 -17632422.511646308 0.0 -17632422.490578603
0.0 0.0 0.0 0.0 0.0 0.0 0.0
0.0 0.0 0.0 0.0 0.0 0.0 0.0

Assigned customers matrix:
Vehicle 0:
0 1 28 21 15 52 46 4 0 0 0 0 0 0 0 0 0 0 0 0 0 0 0 0 0 0 0 0 0 0 0 0 0 0 0 0 0 0 0 0 0 0 0 0 0 0 0 0 0 0 0 0
0 68 51 3 18 50 32 0 0 0 0 0 0 0 0 0 0 0 0 0 0 0 0 0 0 0 0 0 0 0 0 0 0 0 0 0 0 0 0 0 0 0 0 0 0 0 0 0 0 0 0 0
0 61 17 9 58 12 0 0 0 0 0 0 0 0 0 0 0 0 0 0 0 0 0 0 0 0 0 0 0 0 0 0 0 0 0 0 0 0 0 0 0 0 0 0 0 0 0 0 0 0 0 0
0 63 56 41 43 22 62 74 0 0 0 0 0 0 0 0 0 0 0 0 0 0 0 0 0 0 0 0 0 0 0 0 0 0 0 0 0 0 0 0 0 0 0 0 0 0 0 0 0 0 0 0
0 30 47 69 36 37 70 20 57 13 0 0 0 0 0 0 0 0 0 0 0 0 0 0 0 0 0 0 0 0 0 0 0 0 0 0 0 0 0 0 0 0 0 0 0 0 0 0 0 0 0 0
0 26 40 39 72 10 31 55 25 23 73 0 0 0 0 0 0 0 0 0 0 0 0 0 0 0 0 0 0 0 0 0 0 0 0 0 0 0 0 0 0 0 0 0 0 0 0 0 0 0 0 0
0 7 11 65 59 14 19 54 45 75 0 0 0 0 0 0 0 0 0 0 0 0 0 0 0 0 0 0 0 0 0 0 0 0 0 0 0 0 0 0 0 0 0 0 0 0 0 0 0 0 0 0
0 27 29 5 71 48 2 0 0 0 0 0 0 0 0 0 0 0 0 0 0 0 0 0 0 0 0 0 0 0 0 0 0 0 0 0 0 0 0 0 0 0 0 0 0 0 0 0 0 0 0 0
0 67 34 8 35 53 66 38 0 0 0 0 0 0 0 0 0 0 0 0 0 0 0 0 0 0 0 0 0 0 0 0 0 0 0 0 0 0 0 0 0 0 0 0 0 0 0 0 0 0 0 0
0 6 33 16 44 24 49 42 64 60 0 0 0 0 0 0 0 0 0 0 0 0 0 0 0 0 0 0 0 0 0 0 0 0 0 0 0 0 0 0 0 0 0 0 0 0 0 0 0 0 0 0

Transported demand matrix:
140 140 140 140 140 103 140 140 140 140

Routes distance matrix:
107.77064904198164 80.19496072881063 125.32001296178584 101.42304601530513 112.74055945888895 158.7157361014809 121.59268818108701 93.90858441298907 83.56187120191916 185.82492312039705

Solution history:
1.0 1171.0530312246453 1.0 1.0 0 0 0 0.0 3.0 0.0 3.0 3.0 0.0 3.0
1.0 1171.0530312246453 1.0 1.0 t_swap_k 100 -1763242257.1906726 0.0 3.0 1.0 3.0 3.0 0.0 3.0
1.0 1171.0530312246453 1.0 1.0 move_t 100 -1763242256.8469226 0.0 3.9699999999999998 1.0 3.0 3.0 0.0 3.0
1.0 1171.0530312246453 1.0 1.0 move_t 100 -1763242256.5969226 0.0 4.9303 1.0 3.0 3.0 0.0 3.0
1.0 1171.0530312246453 1.0 1.0 swap_t 100 -1763242256.1125476 0.0 4.9303 1.0 3.0 3.9699999999999998 0.0 3.0
1.0 1171.0530312246453 1.0 1.0 f_swap_t 100 -1763242255.5969226 0.0 4.9303 1.0 3.9699999999999998 3.9699999999999998 0.0 3.0
1.0 1171.0530312246453 1.0 1.0 swap_t 100 -1763242254.9719226 0.0 4.9303 1.0 3.9699999999999998 4.9303 0.0 3.0
1.0 1171.0530312246453 1.0 1.0 swap_t 100 -1763242254.6594226 0.0 4.9303 1.0 3.9699999999999998 5.880997 0.0 3.0
1.0 1171.0530312246453 1.0 1.0 f_swap_t 100 -1763242254.0656726 0.0 4.9303 1.0 4.9303 5.880997 0.0 3.0
1.0 1171.0530312246453 1.0 1.0 swap_t 100 -1763242253.7531726 0.0 4.9303 1.0 4.9303 6.82218703 0.0 3.0
1.0 1171.0530312246453 1.0 1.0 f_swap_t 100 -1763242253.2844226 0.0 4.9303 1.0 5.880997 6.82218703 0.0 3.0
1.0 1171.0530312246453 1.0 1.0 f_swap_t 100 -1763242252.6281726 0.0 4.9303 1.0 6.82218703 6.82218703 0.0 3.0
1.0 1171.0530312246453 1.0 1.0 t_multiswap_k 100 -1763242252.5656726 0.0 4.9303 1.0 6.82218703 6.82218703 0.0 3.9699999999999998
1.0 1171.0530312246453 1.0 1.0 swap_t 100 -1763242251.8625476 0.0 4.9303 1.0 6.82218703 7.7539651597 0.0 3.9699999999999998
1.0 1171.0530312246453 1.0 1.0 move_t 100 -1763242251.3781726 0.0 5.880997 1.0 6.82218703 7.7539651597 0.0 3.9699999999999998
1.0 1171.0530312246453 1.0 1.0 swap_t 100 -1763242250.9875476 0.0 5.880997 1.0 6.82218703 8.676425508103 0.0 3.9699999999999998
1.0 1171.0530312246453 1.0 1.0 move_t 100 -1763242250.7375476 0.0 6.82218703 1.0 6.82218703 8.676425508103 0.0 3.9699999999999998
1.0 1171.0530312246453 1.0 1.0 move_t 100 -1763242250.3625476 0.0 7.7539651597 1.0 6.82218703 8.676425508103 0.0 3.9699999999999998
1.0 1171.0530312246453 1.0 1.0 move_t 100 -1763242250.0812976 0.0 8.676425508103 1.0 6.82218703 8.676425508103 0.0 3.9699999999999998
1.0 1171.0530312246453 1.0 1.0 f_swap_t 100 -1763242249.3937976 0.0 8.676425508103 1.0 7.7539651597 8.676425508103 0.0 3.9699999999999998
1.0 1171.0530312246453 1.0 1.0 f_swap_t 100 -1763242248.7531726 0.0 8.676425508103 1.0 8.676425508103 8.676425508103 0.0 3.9699999999999998
1.0 1171.0530312246453 1.0 1.0 move_t 100 -1763242248.4250476 0.0 9.58966125302197 1.0 8.676425508103 8.676425508103 0.0 3.9699999999999998
1.0 1171.0530312246453 1.0 1.0 move_t 100 -1763242248.1750476 0.0 10.493764640491749 1.0 8.676425508103 8.676425508103 0.0 3.9699999999999998
1.0 1171.0530312246453 1.0 1.0 swap_t 100 -1763242247.5969226 0.0 10.493764640491749 1.0 8.676425508103 9.58966125302197 0.0 3.9699999999999998
1.0 1171.0530312246453 1.0 1.0 move_t 100 -1763242247.2375476 0.0 11.388826994086832 1.0 8.676425508103 9.58966125302197 0.0 3.9699999999999998
1.0 1171.0530312246453 1.0 1.0 f_swap_t 100 -1763242246.3937976 0.0 11.388826994086832 1.0 9.58966125302197 9.58966125302197 0.0 3.9699999999999998
1.0 1171.0530312246453 1.0 1.0 swap_t 100 -1763242245.6281726 0.0 11.388826994086832 1.0 9.58966125302197 10.493764640491749 0.0 3.9699999999999998
1.0 1171.0530312246453 1.0 1.0 t_multiswap_k 100 -1763242245.5500476 0.0 11.388826994086832 1.0 9.58966125302197 10.493764640491749 0.0 4.9303
1.0 1171.0530312246453 1.0 1.0 swap_t 100 -1763242244.9094226 0.0 11.388826994086832 1.0 9.58966125302197 11.388826994086832 0.0 4.9303
1.0 1171.0530312246453 1.0 1.0 move_t 100 -1763242244.5656726 0.0 12.274938724145963 1.0 9.58966125302197 11.388826994086832 0.0 4.9303
1.0 1171.0530312246453 1.0 1.0 f_swap_t 100 -1763242243.5656726 0.0 12.274938724145963 1.0 10.493764640491749 11.388826994086832 0.0 4.9303
1.0 1171.0530312246453 1.0 1.0 f_swap_t 100 -1763242242.9875476 0.0 12.274938724145963 1.0 11.388826994086832 11.388826994086832 0.0 4.9303