1
3 51 2 160

699.9420712391357

626.381749097632
12.671875
4 1000 7200 720
2 1 1 2 0

Assigned customers matrix:
Vehicle 0:
0 12 17 4 19 45 33 39 30 34 16 0 0 0 0 0 0 0 0 0 0 0
0 46 11 27 48 23 43 14 25 47 0 0 0 0 0 0 0 0 0 0 0 0

Vehicle 1:
0 51 0 0 0 0 0 0 0 0 0 0 0 0 0 0 0 0 0 0 0 0
0 1 22 20 35 36 29 21 50 9 49 10 5 38 0 0 0 0 0 0 0 0

Vehicle 2:
0 32 2 3 28 31 8 26 7 24 6 0 0 0 0 0 0 0 0 0 0 0
0 18 13 41 40 42 44 15 37 0 0 0 0 0 0 0 0 0 0 0 0 0

Transported demand matrix:
157 157
160 160
157 146

Routes distance matrix:
140.20671328561008 115.08438962060609
0.0 142.52990200265782
119.66400092005883 108.89674326869921