2
3 50 5 160

1806.0337130867758

1620.4773364814034
66.0
4 1000 7200 720
20 1 9 1 0

Assigned customers matrix:
Vehicle 0:
0 12 4 41 0 0 0 0 0 0 0 0 0 0 0 0 0 0 0 0 0 0
0 12 5 38 9 39 33 15 41 0 0 0 0 0 0 0 0 0 0 0 0 0
0 12 37 44 42 19 41 14 6 0 0 0 0 0 0 0 0 0 0 0 0 0
0 12 5 38 9 10 39 33 45 41 0 0 0 0 0 0 0 0 0 0 0 0
0 12 17 44 42 41 40 14 6 0 0 0 0 0 0 0 0 0 0 0 0 0

Vehicle 1:
0 32 8 7 23 24 43 25 18 0 0 0 0 0 0 0 0 0 0 0 0 0
0 27 31 48 25 13 18 47 0 0 0 0 0 0 0 0 0 0 0 0 0 0
0 32 8 26 7 23 43 25 18 0 0 0 0 0 0 0 0 0 0 0 0 0
0 47 18 13 25 48 31 27 0 0 0 0 0 0 0 0 0 0 0 0 0 0
0 18 25 0 0 0 0 0 0 0 0 0 0 0 0 0 0 0 0 0 0 0

Vehicle 2:
0 2 20 34 30 49 0 0 0 0 0 0 0 0 0 0 0 0 0 0 0 0
0 2 20 35 29 34 50 16 11 0 0 0 0 0 0 0 0 0 0 0 0 0
0 46 49 30 34 2 20 3 28 0 0 0 0 0 0 0 0 0 0 0 0 0
0 11 16 34 21 35 36 20 2 0 0 0 0 0 0 0 0 0 0 0 0 0
0 1 22 28 3 20 2 34 0 0 0 0 0 0 0 0 0 0 0 0 0 0

Transported demand matrix:
65 150 139 155 131
160 160 157 160 69
121 151 156 149 129

Routes distance matrix:
64.52534718977027 133.03520486021182 96.00913394495177 134.91533185132278 120.24382625416192
121.40795115194192 118.40525976222133 116.99883154424636 118.40525976222133 49.03195570896274
96.77475562916946 105.05926473504232 117.71596073281513 115.81669153258284 112.13256182178166