3
1 50 5 160

707.7178259731398

614.8756740218621
7.5625
1 1000 7200 720
10 6

Assigned customers matrix:
Vehicle 0:
0 46 11 16 2 3 28 31 26 7 43 24 0 0 0 0 0 0 0 0 0 0
0 6 18 4 41 19 42 44 40 13 0 0 0 0 0 0 0 0 0 0 0 0
0 32 1 22 20 35 36 29 21 50 9 49 10 5 0 0 0 0 0 0 0 0
0 12 17 37 15 45 33 39 30 34 38 0 0 0 0 0 0 0 0 0 0 0
0 27 48 8 23 14 25 47 0 0 0 0 0 0 0 0 0 0 0 0 0 0

Transported demand matrix:
157 160 157 158 145

Routes distance matrix:
132.7876127281716 145.59642505419393 135.97990005452982 108.54353213302957 91.96820405193716