5
6 75 5 140

2803.066737056107

2496.5458336842685
258.796875
4 1000 7200 720
25 4 10 4 0

Assigned customers matrix:
Vehicle 0:
0 21 69 36 60 70 20 37 67 0 0 0 0 0 0 0 0 0 0 0
0 67 45 29 21 30 2 0 0 0 0 0 0 0 0 0 0 0 0 0
0 67 5 20 47 21 48 0 0 0 0 0 0 0 0 0 0 0 0 0
0 67 45 30 2 21 0 0 0 0 0 0 0 0 0 0 0 0 0 0
0 48 21 61 71 47 5 67 0 0 0 0 0 0 0 0 0 0 0 0

Vehicle 1:
0 53 14 0 0 0 0 0 0 0 0 0 0 0 0 0 0 0 0 0
0 6 33 62 34 8 35 14 0 0 0 0 0 0 0 0 0 0 0 0
0 7 53 14 54 13 27 52 0 0 0 0 0 0 0 0 0 0 0 0
0 6 33 62 34 8 14 0 0 0 0 0 0 0 0 0 0 0 0 0
0 52 27 15 57 54 19 14 0 0 0 0 0 0 0 0 0 0 0 0

Vehicle 2:
0 1 42 64 28 74 4 0 0 0 0 0 0 0 0 0 0 0 0 0
0 4 28 22 64 56 23 0 0 0 0 0 0 0 0 0 0 0 0 0
0 73 1 43 64 28 4 0 0 0 0 0 0 0 0 0 0 0 0 0
0 4 68 28 64 56 49 0 0 0 0 0 0 0 0 0 0 0 0 0
0 63 43 41 64 28 4 0 0 0 0 0 0 0 0 0 0 0 0 0

Vehicle 3:
0 75 0 0 0 0 0 0 0 0 0 0 0 0 0 0 0 0 0 0
0 0 0 0 0 0 0 0 0 0 0 0 0 0 0 0 0 0 0 0
0 75 46 58 10 31 44 0 0 0 0 0 0 0 0 0 0 0 0 0
0 0 0 0 0 0 0 0 0 0 0 0 0 0 0 0 0 0 0 0
0 46 58 10 31 55 44 0 0 0 0 0 0 0 0 0 0 0 0 0

Vehicle 4:
0 11 66 59 0 0 0 0 0 0 0 0 0 0 0 0 0 0 0 0
0 12 72 39 38 11 66 0 0 0 0 0 0 0 0 0 0 0 0 0
0 26 11 66 59 0 0 0 0 0 0 0 0 0 0 0 0 0 0 0
0 12 39 38 65 11 66 0 0 0 0 0 0 0 0 0 0 0 0 0
0 26 11 66 0 0 0 0 0 0 0 0 0 0 0 0 0 0 0 0

Vehicle 5:
0 17 51 3 32 9 40 0 0 0 0 0 0 0 0 0 0 0 0 0
0 40 9 32 24 16 0 0 0 0 0 0 0 0 0 0 0 0 0 0
0 17 40 32 9 50 0 0 0 0 0 0 0 0 0 0 0 0 0 0
0 16 24 32 9 40 0 0 0 0 0 0 0 0 0 0 0 0 0 0
0 32 50 18 25 9 40 0 0 0 0 0 0 0 0 0 0 0 0 0

Transported demand matrix:
138 140 140 127 136
53 140 132 130 120
126 131 129 128 131
20 0 136 0 123
98 131 116 139 92
133 136 132 136 139

Routes distance matrix:
109.81130201031621 72.72026287357417 93.99679574077093 76.00644820581915 113.28762333052762
57.474445646424954 105.72843907098634 79.65407424213453 104.72138812382448 94.26177599189087
97.19699470661723 110.77765560194699 98.11196850181639 118.76014958177878 102.2742353040461
6.0 0.0 105.97935875312258 0.0 118.7815925927292
90.11795231057786 95.68851185248046 90.64680280906147 95.99295205703439 73.19906172597751
63.729735710484974 84.29881603522111 71.60896638734647 84.29881603522111 81.41970848253725