7
4 100 2 200

1215.712237778415

925.7562745776323
228.328125
4 1000 7200 720
22 11 58 6 0

Assigned customers matrix:
Vehicle 0:
0 52 7 82 48 47 36 49 64 11 62 10 0 0 0 0 0 0 0 0 0 0 0 0 0 0 0 0 0 0 0 0 0 0 0 0 0
0 6 96 99 59 93 85 61 5 60 0 0 0 0 0 0 0 0 0 0 0 0 0 0 0 0 0 0 0 0 0 0 0 0 0 0 0

Vehicle 1:
0 26 80 3 79 33 81 78 34 35 65 20 30 70 1 69 0 0 0 0 0 0 0 0 0 0 0 0 0 0 0 0 0 0 0 0 0
0 28 12 54 55 25 67 23 75 74 72 73 21 40 0 0 0 0 0 0 0 0 0 0 0 0 0 0 0 0 0 0 0 0 0 0 0

Vehicle 2:
0 94 97 42 41 22 56 39 4 24 29 68 77 76 0 0 0 0 0 0 0 0 0 0 0 0 0 0 0 0 0 0 0 0 0 0 0
0 53 58 95 92 37 98 100 91 16 86 17 45 8 46 18 89 0 0 0 0 0 0 0 0 0 0 0 0 0 0 0 0 0 0 0 0

Vehicle 3:
0 13 87 2 57 15 43 14 44 38 84 83 0 0 0 0 0 0 0 0 0 0 0 0 0 0 0 0 0 0 0 0 0 0 0 0 0
0 27 31 88 19 63 90 32 66 71 9 51 50 0 0 0 0 0 0 0 0 0 0 0 0 0 0 0 0 0 0 0 0 0 0 0 0

Transported demand matrix:
184 156
192 195
198 199
150 184

Routes distance matrix:
120.5976515338933 59.40377587418248
135.51566264466484 103.81629616461879
133.20252641252767 118.79674044902004
127.51289832115131 126.91072317757393