9
1 100 8 200

1212.1105703506355

935.0792862302764
19.25
1 1000 7200 720
99 5

Assigned customers matrix:
Vehicle 0:
0 6 59 92 97 87 2 15 43 14 44 16 61 5 84 60 0 0 0 0 0 0 0 0 0 0 0 0 0 0 0 0 0 0 0 0 0
0 27 31 10 90 32 63 19 48 18 13 0 0 0 0 0 0 0 0 0 0 0 0 0 0 0 0 0 0 0 0 0 0 0 0 0 0
0 96 93 85 91 42 57 41 22 75 56 39 4 24 29 0 0 0 0 0 0 0 0 0 0 0 0 0 0 0 0 0 0 0 0 0 0
0 52 7 82 8 45 17 86 38 100 37 98 99 95 94 0 0 0 0 0 0 0 0 0 0 0 0 0 0 0 0 0 0 0 0 0 0
0 12 80 68 33 9 71 35 65 66 20 30 70 0 0 0 0 0 0 0 0 0 0 0 0 0 0 0 0 0 0 0 0 0 0 0 0
0 53 58 40 21 73 72 74 23 67 25 55 54 26 0 0 0 0 0 0 0 0 0 0 0 0 0 0 0 0 0 0 0 0 0 0 0
0 89 83 46 47 36 49 64 11 62 88 0 0 0 0 0 0 0 0 0 0 0 0 0 0 0 0 0 0 0 0 0 0 0 0 0 0
0 28 76 77 3 79 78 34 81 51 50 1 69 0 0 0 0 0 0 0 0 0 0 0 0 0 0 0 0 0 0 0 0 0 0 0 0

Transported demand matrix:
199 183 196 199 191 191 138 161

Routes distance matrix:
117.79277487982156 111.60132366134114 140.69166148582786 121.30813450046104 127.62027373855447 104.7392695317883 122.94983930928778 88.37600912319418