24
3 51 6 20

5108.711959155171

4351.699637062928
132.34375
4 1000 7200 720
41 11 13 2 0

Assigned customers matrix:
Vehicle 0:
0 44 4 27 9 24 3 0 0 0 0 0 0
0 14 4 3 23 8 20 40 0 0 0 0 0
0 43 42 3 4 29 10 0 0 0 0 0 0
0 3 25 9 4 0 0 0 0 0 0 0 0
0 14 45 4 26 3 22 8 0 0 0 0 0
0 47 30 31 10 28 4 3 0 0 0 0 0

Vehicle 1:
0 5 6 0 0 0 0 0 0 0 0 0 0
0 5 32 11 6 37 12 38 0 0 0 0 0
0 46 5 6 0 0 0 0 0 0 0 0 0
0 48 6 5 0 0 0 0 0 0 0 0 0
0 5 33 11 35 34 6 12 0 0 0 0 0
0 5 6 0 0 0 0 0 0 0 0 0 0

Vehicle 2:
0 2 1 0 0 0 0 0 0 0 0 0 0
0 2 18 7 17 1 0 0 0 0 0 0 0
0 15 51 1 2 21 13 0 0 0 0 0 0
0 2 1 0 0 0 0 0 0 0 0 0 0
0 49 36 39 1 16 7 2 0 0 0 0 0
0 15 50 1 19 2 41 13 0 0 0 0 0

Transported demand matrix:
17 20 17 13 20 19
8 20 10 10 20 8
8 15 18 8 19 20

Routes distance matrix:
235.92290374081372 296.9327520001855 283.1540357156948 232.08459540718633 303.7002770281088 289.6261075929446
173.2035403818687 342.9414186836659 175.89855395861352 175.89855395861352 344.77448820828226 173.2035403818687
173.20504038169383 233.2276260798244 231.79923285211916 173.20504038169383 296.94556535619483 215.9763649535565