25
3 51 6 20

5108.711959155171

4366.58985390947
113.6875
4 1000 7200 720
45 7 12 1 0

Assigned customers matrix:
Vehicle 0:
0 45 4 27 9 24 3 0 0 0 0 0 0
0 14 44 4 3 22 8 13 0 0 0 0 0
0 43 42 3 4 29 10 0 0 0 0 0 0
0 3 25 9 4 0 0 0 0 0 0 0 0
0 14 4 26 3 23 8 13 0 0 0 0 0
0 47 30 31 10 28 4 3 0 0 0 0 0

Vehicle 1:
0 5 6 0 0 0 0 0 0 0 0 0 0
0 5 32 11 6 37 12 38 0 0 0 0 0
0 46 5 6 0 0 0 0 0 0 0 0 0
0 49 6 5 0 0 0 0 0 0 0 0 0
0 5 33 11 35 34 6 12 0 0 0 0 0
0 5 6 0 0 0 0 0 0 0 0 0 0

Vehicle 2:
0 41 40 2 1 0 0 0 0 0 0 0 0
0 2 18 7 17 1 0 0 0 0 0 0 0
0 15 51 1 2 0 0 0 0 0 0 0 0
0 2 1 0 0 0 0 0 0 0 0 0 0
0 48 36 39 1 16 7 2 0 0 0 0 0
0 15 50 1 19 2 21 20 0 0 0 0 0

Transported demand matrix:
18 20 18 14 20 20
10 20 12 12 20 10
14 16 14 10 20 20

Routes distance matrix:
240.80531509262386 287.76902581401635 283.1540357156948 232.08459540718633 303.09503686883494 289.6261075929446
173.2035403818687 342.9414186836659 175.89855395861352 180.78188221860242 344.77448820828226 173.2035403818687
182.0099445823515 233.2276260798244 186.62542335420878 173.20504038169383 298.1024134835852 266.0818657036045