28
6 102 6 20

33794.612677890844

28577.1235244015
917.6875
4 1000 7200 720
110 17 34 4 0

Assigned customers matrix:
Vehicle 0:
0 6 18 100 12 88 27 89 0 0 0 0 0
0 6 49 17 12 0 0 0 0 0 0 0 0
0 63 6 12 85 26 84 0 0 0 0 0 0
0 6 18 99 12 87 90 27 0 0 0 0 0
0 6 50 17 12 0 0 0 0 0 0 0 0
0 6 12 86 26 83 0 0 0 0 0 0 0

Vehicle 1:
0 44 16 29 80 79 10 4 0 0 0 0 0
0 20 59 4 41 40 15 10 0 0 0 0 0
0 4 95 10 77 76 24 23 0 0 0 0 0
0 4 43 16 29 96 10 0 0 0 0 0 0
0 20 60 4 42 15 10 0 0 0 0 0 0
0 4 10 78 24 75 23 71 0 0 0 0 0

Vehicle 2:
0 5 11 82 25 0 0 0 0 0 0 0 0
0 5 11 0 0 0 0 0 0 0 0 0 0
0 61 62 5 11 0 0 0 0 0 0 0 0
0 5 11 81 25 0 0 0 0 0 0 0 0
0 5 45 46 97 98 11 0 0 0 0 0 0
0 5 47 48 11 0 0 0 0 0 0 0 0

Vehicle 3:
0 2 1 0 0 0 0 0 0 0 0 0 0
0 2 1 0 0 0 0 0 0 0 0 0 0
0 21 66 1 31 13 2 0 0 0 0 0 0
0 2 34 1 67 68 0 0 0 0 0 0 0
0 2 1 0 0 0 0 0 0 0 0 0 0
0 21 65 1 32 13 33 2 0 0 0 0 0

Vehicle 4:
0 54 53 7 8 0 0 0 0 0 0 0 0
0 55 35 8 7 102 30 0 0 0 0 0 0
0 38 14 92 8 69 22 7 0 0 0 0 0
0 56 8 7 0 0 0 0 0 0 0 0 0
0 64 51 52 30 101 7 8 0 0 0 0 0
0 36 14 91 8 70 22 7 0 0 0 0 0

Vehicle 5:
0 3 39 9 0 0 0 0 0 0 0 0 0
0 19 57 3 9 0 0 0 0 0 0 0 0
0 3 37 28 93 9 0 0 0 0 0 0 0
0 3 9 0 0 0 0 0 0 0 0 0 0
0 19 58 3 9 0 0 0 0 0 0 0 0
0 3 28 94 9 74 73 72 0 0 0 0 0

Transported demand matrix:
20 14 18 20 14 16
20 20 20 18 18 20
14 10 14 14 18 14
10 10 18 16 10 20
14 18 20 12 20 20
12 14 16 10 14 20

Routes distance matrix:
1191.0902978698762 613.4538606924732 1134.3309283107749 1216.9219958506915 613.4542003852403 1093.9013532726915
863.1243160583332 645.7426890777905 1692.0277449077912 661.0658028783987 626.8750991874238 1642.4717003277312
1083.0677852009317 577.3497018943544 586.155454374373 1083.0681774318955 640.5327508664982 600.0539071698156
173.20504038169383 173.20504038169383 245.50484625258483 901.6142190263689 173.20504038169383 246.64800905233938
874.284255532437 937.4411638345972 1186.631112670425 866.8103012944885 942.6151234458229 1206.5676386457749
588.5086343361664 590.770007770532 655.2757046845013 577.3497018943544 590.7701361717154 1082.0297828872353