29
6 102 6 20

34142.2540834451

29650.47309950606
831.34375
4 1000 7200 720
64 40 29 0 0

Assigned customers matrix:
Vehicle 0:
0 6 12 86 26 83 0 0 0 0 0 0 0
0 6 49 12 88 27 0 0 0 0 0 0 0
0 6 18 30 99 12 0 0 0 0 0 0 0
0 6 12 85 26 84 0 0 0 0 0 0 0
0 6 50 12 87 27 102 0 0 0 0 0 0
0 6 52 18 30 100 12 0 0 0 0 0 0

Vehicle 1:
0 4 44 16 29 96 10 0 0 0 0 0 0
0 4 41 15 10 0 0 0 0 0 0 0 0
0 20 60 4 42 10 77 0 0 0 0 0 0
0 4 43 16 29 10 0 0 0 0 0 0 0
0 4 40 15 10 0 0 0 0 0 0 0 0
0 20 59 4 10 0 0 0 0 0 0 0 0

Vehicle 2:
0 5 48 11 25 0 0 0 0 0 0 0 0
0 5 11 0 0 0 0 0 0 0 0 0 0
0 5 45 81 82 11 17 0 0 0 0 0 0
0 5 95 80 79 25 11 0 0 0 0 0 0
0 5 46 97 98 11 0 0 0 0 0 0 0
0 61 62 5 47 17 11 0 0 0 0 0 0

Vehicle 3:
0 63 64 51 1 13 7 0 0 0 0 0 0
0 1 7 89 90 0 0 0 0 0 0 0 0
0 21 65 1 53 7 0 0 0 0 0 0 0
0 1 31 34 13 7 0 0 0 0 0 0 0
0 1 54 101 7 68 67 0 0 0 0 0 0
0 21 66 1 32 7 0 0 0 0 0 0 0

Vehicle 4:
0 2 33 8 0 0 0 0 0 0 0 0 0
0 2 8 71 23 69 22 0 0 0 0 0 0
0 2 36 14 28 8 0 0 0 0 0 0 0
0 2 8 0 0 0 0 0 0 0 0 0 0
0 2 8 70 22 23 73 0 0 0 0 0 0
0 2 35 14 28 92 8 0 0 0 0 0 0

Vehicle 5:
0 3 9 76 24 0 0 0 0 0 0 0 0
0 3 9 37 55 56 19 0 0 0 0 0 0
0 3 39 9 0 0 0 0 0 0 0 0 0
0 3 9 75 24 78 0 0 0 0 0 0 0
0 58 57 3 9 38 19 0 0 0 0 0 0
0 3 94 93 9 74 72 91 0 0 0 0 0

Transported demand matrix:
17 17 18 17 19 20
20 15 19 18 15 15
15 10 19 19 16 19
19 14 17 17 18 17
12 20 18 10 20 20
15 19 12 17 19 20

Routes distance matrix:
1093.9013532726915 1104.8207935969922 659.9228810248003 1131.63591473403 1111.986971676482 661.0664360502927
661.0658028783987 613.4547162149088 824.0882934888698 658.0407075755932 628.2418006385196 590.7703829725149
1088.5087397205648 577.3497018943544 891.1827597924513 1185.4078671634375 628.9847508664982 622.2596131724918
674.3193005691867 857.2448464807125 601.9283775161065 632.3223061052755 887.7667327677831 601.9283775161065
588.5086343361664 1593.902053817239 658.0396412150812 577.3497018943544 1631.6376126125958 661.0652417850192
1083.0681774318955 607.5225291589851 588.5086343361664 1131.637025064704 594.2043908449206 946.8300293198796