30
9 153 6 20

125606.57424333305

97228.16809219708
5718.796875
4 1000 7200 720
159 50 72 5 0

Assigned customers matrix:
Vehicle 0:
0 11 98 99 32 17 132 133 0 0 0 0 0
0 76 77 61 11 31 44 17 0 0 0 0 0
0 26 22 35 113 11 17 0 0 0 0 0 0
0 11 97 148 17 135 134 32 0 0 0 0 0
0 111 96 31 44 149 17 11 0 0 0 0 0
0 26 22 35 112 11 17 0 0 0 0 0 0

Vehicle 1:
0 70 51 50 107 106 8 14 0 0 0 0 0
0 20 34 8 82 28 14 0 0 0 0 0 0
0 8 86 29 43 143 14 123 0 0 0 0 0
0 49 48 8 14 120 121 0 0 0 0 0 0
0 20 34 8 85 28 14 0 0 0 0 0 0
0 8 87 29 43 142 14 84 0 0 0 0 0

Vehicle 2:
0 72 52 9 89 88 145 144 15 0 0 0 0
0 9 15 124 38 122 0 0 0 0 0 0 0
0 9 90 30 15 127 0 0 0 0 0 0 0
0 73 9 15 0 0 0 0 0 0 0 0 0
0 53 109 108 9 15 125 38 0 0 0 0 0
0 54 9 91 92 93 30 15 0 0 0 0 0

Vehicle 3:
0 4 10 16 128 39 0 0 0 0 0 0 0
0 4 21 10 16 0 0 0 0 0 0 0 0
0 74 75 4 58 110 10 16 0 0 0 0 0
0 4 10 16 129 39 126 0 0 0 0 0 0
0 4 57 21 10 16 131 0 0 0 0 0 0
0 95 146 147 16 10 4 0 0 0 0 0 0

Vehicle 4:
0 5 0 0 0 0 0 0 0 0 0 0 0
0 5 117 105 33 136 41 40 0 0 0 0 0
0 5 63 23 64 24 68 19 0 0 0 0 0
0 5 0 0 0 0 0 0 0 0 0 0 0
0 5 94 130 40 41 137 33 0 0 0 0 0
0 5 62 23 65 24 19 0 0 0 0 0 0

Vehicle 5:
0 6 67 36 115 12 18 0 0 0 0 0 0
0 6 12 100 101 18 0 0 0 0 0 0 0
0 6 12 103 45 150 18 0 0 0 0 0 0
0 6 66 36 114 12 18 0 0 0 0 0 0
0 78 79 6 12 18 138 139 0 0 0 0 0
0 6 12 102 45 151 18 0 0 0 0 0 0

Vehicle 6:
0 2 3 0 0 0 0 0 0 0 0 0 0
0 2 3 0 0 0 0 0 0 0 0 0 0
0 25 71 2 3 0 0 0 0 0 0 0 0
0 2 3 0 0 0 0 0 0 0 0 0 0
0 2 3 0 0 0 0 0 0 0 0 0 0
0 25 2 3 55 56 59 60 0 0 0 0 0

Vehicle 7:
0 27 1 7 13 118 37 0 0 0 0 0 0
0 80 81 1 69 116 7 13 0 0 0 0 0
0 1 7 83 13 141 42 0 0 0 0 0 0
0 27 1 7 13 119 37 0 0 0 0 0 0
0 1 46 7 104 152 153 13 0 0 0 0 0
0 1 47 7 13 140 42 0 0 0 0 0 0

Vehicle 8:
0 0 0 0 0 0 0 0 0 0 0 0 0
0 0 0 0 0 0 0 0 0 0 0 0 0
0 0 0 0 0 0 0 0 0 0 0 0 0
0 0 0 0 0 0 0 0 0 0 0 0 0
0 0 0 0 0 0 0 0 0 0 0 0 0
0 0 0 0 0 0 0 0 0 0 0 0 0

Transported demand matrix:
19 20 19 19 20 19
18 19 20 16 19 20
20 15 15 10 19 19
17 15 20 19 19 18
4 19 19 4 19 17
19 16 19 19 20 19
8 8 13 8 8 19
20 20 19 20 20 19
0 0 0 0 0 0

Routes distance matrix:
2959.7147736354327 2007.1739574570583 1799.1529126625278 2660.0116933783943 1995.8022807090124 1799.1529126625278
1782.3475460629406 2087.10594148954 2682.9024624833764 2579.9919250383095 2013.170108274322 2044.5181708806438
1966.2801707844371 3394.908747016703 2615.5696711054543 1732.8362050792089 3295.827597819826 2105.424412462091
3249.200918444237 1767.0112933165328 1761.9387896818844 3394.9080904950215 2434.631889412155 1882.842572093578
115.46954038186868 4920.650585655135 428.49481918724746 115.46954038186868 5034.875001314767 418.7803596508886
1809.9772774761022 1852.3762250411796 2001.1339575521033 1814.5619249714005 2693.744776751899 2013.2653000736523
173.2035403818687 173.2035403818687 186.62397465922965 173.2035403818687 173.2035403818687 323.9591379435211
3262.016400950245 1771.3761449714907 3311.793245440411 3262.016400950245 1925.9853618832822 3260.3589129878283
0.0 0.0 0.0 0.0 0.0 0.0