31
9 153 6 20

127635.67882667744

104937.24610173336
4086.9375
4 1000 7200 720
144 34 56 1 0

Assigned customers matrix:
Vehicle 0:
0 11 97 31 44 149 17 32 0 0 0 0 0
0 26 60 22 113 11 17 0 0 0 0 0 0
0 76 11 148 17 147 146 0 0 0 0 0 0
0 11 96 31 44 17 32 0 0 0 0 0 0
0 26 22 112 11 17 135 134 0 0 0 0 0
0 77 61 11 98 99 17 0 0 0 0 0 0

Vehicle 1:
0 70 107 106 8 14 0 0 0 0 0 0 0
0 25 50 8 14 0 0 0 0 0 0 0 0
0 49 48 8 14 0 0 0 0 0 0 0 0
0 71 8 87 86 143 142 14 0 0 0 0 0
0 25 51 8 14 0 0 0 0 0 0 0 0
0 8 14 120 121 152 153 0 0 0 0 0 0

Vehicle 2:
0 9 91 92 30 15 126 39 0 0 0 0 0
0 72 109 108 9 15 0 0 0 0 0 0 0
0 21 9 15 0 0 0 0 0 0 0 0 0
0 9 90 30 15 127 39 0 0 0 0 0 0
0 73 9 88 145 144 15 125 0 0 0 0 0
0 21 9 15 0 0 0 0 0 0 0 0 0

Vehicle 3:
0 4 10 16 0 0 0 0 0 0 0 0 0
0 4 10 93 16 0 0 0 0 0 0 0 0
0 74 4 10 95 16 0 0 0 0 0 0 0
0 4 10 16 128 129 0 0 0 0 0 0 0
0 4 110 10 16 0 0 0 0 0 0 0 0
0 4 10 16 131 132 0 0 0 0 0 0 0

Vehicle 4:
0 5 62 23 24 36 103 33 45 0 0 0 0
0 5 35 130 40 133 41 139 42 0 0 0 0
0 5 0 0 0 0 0 0 0 0 0 0 0
0 5 63 23 24 36 102 33 45 0 0 0 0
0 5 35 111 94 40 41 138 42 0 0 0 0
0 5 0 0 0 0 0 0 0 0 0 0 0

Vehicle 5:
0 6 12 150 151 18 0 0 0 0 0 0 0
0 6 12 18 115 79 0 0 0 0 0 0 0
0 27 6 114 12 18 0 0 0 0 0 0 0
0 6 12 100 101 18 0 0 0 0 0 0 0
0 6 12 18 137 136 0 0 0 0 0 0 0
0 27 78 6 12 18 0 0 0 0 0 0 0

Vehicle 6:
0 3 0 0 0 0 0 0 0 0 0 0 0
0 3 52 20 34 89 29 43 0 0 0 0 0
0 75 59 58 57 56 55 54 3 0 0 0 0
0 3 0 0 0 0 0 0 0 0 0 0 0
0 3 53 20 34 29 43 0 0 0 0 0 0
0 3 0 0 0 0 0 0 0 0 0 0 0

Vehicle 7:
0 1 47 7 13 118 0 0 0 0 0 0 0
0 81 117 13 7 1 0 0 0 0 0 0 0
0 80 116 13 7 1 0 0 0 0 0 0 0
0 1 7 13 141 140 0 0 0 0 0 0 0
0 1 7 83 82 13 0 0 0 0 0 0 0
0 1 7 104 105 13 0 0 0 0 0 0 0

Vehicle 8:
0 2 46 68 69 66 67 65 64 0 0 0 0
0 2 19 85 84 28 37 38 124 0 0 0 0
0 2 0 0 0 0 0 0 0 0 0 0 0
0 2 0 0 0 0 0 0 0 0 0 0 0
0 2 19 28 119 37 122 123 38 0 0 0 0
0 2 0 0 0 0 0 0 0 0 0 0 0

Transported demand matrix:
20 18 18 18 20 18
16 14 14 20 14 18
20 16 12 18 20 12
15 17 19 19 17 19
19 19 5 19 19 5
19 19 19 19 19 19
5 17 19 5 15 5
19 19 19 19 19 19
19 19 5 5 19 5

Routes distance matrix:
2150.3995679412537 1778.9422375483177 2314.398201377989 2141.3244997803145 2595.7800220971158 1856.6896796935634
1776.2685436333986 1738.6143422990162 1740.3090493375562 1962.7503253217733 1740.0998904272096 3123.3311163162143
3560.5797902888517 1776.2695436336983 1751.5429679081574 3466.243306480569 2571.494125756729 1751.5429679081574
1732.0499999999997 1794.6419873136651 1852.8011623063899 2684.9358055350285 1746.6725949313231 2681.5397361619284
1376.7091322778883 6228.309871641816 115.46954038186868 1331.1597055561388 6201.863975078576 115.46954038186868
1871.5440071287612 1742.8094603277993 1759.4887280203673 1852.3762250411796 2571.733059634427 1745.4709115508526
115.46954038186868 1231.1604502276646 259.1991860760288 115.46954038186868 1216.6128031489093 115.46954038186868
2409.6864117556825 1742.809437618597 1736.5163290708088 2684.9363511117904 1907.8408151533495 1907.8408151533495
323.415078107794 4730.909256467628 115.46954038186868 115.46954038186868 4891.876304530835 115.46954038186868