20
4 184 4 60

Solution history:
B_obj   B_dis   B_sim   C_obj   C_dis   C_sim   neighbor   iterations   time   scores
0.997385720600525 9355.032511978372 0.022727272727272728 0.997385720600525 9355.032511978372 0.022727272727272728 0 0 0 3.0 3.0 3.0 3.0 3.0 3.0 3.0
0.997385720600525 9355.032511978372 0.022727272727272728 0.997385720600525 9355.032511978372 0.022727272727272728 swap_t 100 26.425633192062378 3.0 3.0 3.0 3.0 3.9699999999999998 3.0 3.0
0.9916494946426073 9354.356627694291 0.045454545454545456 1.0730289198036702 9680.832980291421 0.045454545454545456 swap_t 100 52.3350932598114 3.0 3.0 3.0 3.0 4.9403 3.0 3.0
0.9916494946426073 9354.356627694291 0.045454545454545456 1.039918534317652 9949.37881850507 0.04397233201581027 t_swap_r_k 100 110.90553665161133 3.0 3.0 3.0 3.0 4.9403 4.04 3.0
0.9916494946426073 9354.356627694291 0.045454545454545456 1.080393607936367 10452.183162243005 0.04397233201581027 t_multiswap_k 100 145.57938480377197 3.0 3.0 3.0 3.0 4.9403 4.04 4.04
0.9916494946426073 9354.356627694291 0.045454545454545456 1.2454840622504175 12401.759581244301 0.011363636363636364 f_swap_t 100 197.80564212799072 3.0 3.0 3.0 3.99 4.9403 4.04 4.04
0.9916494946426073 9354.356627694291 0.045454545454545456 1.2603787007683949 12622.08062279012 0.022727272727272728 t_swap_k 100 247.47150015830994 3.0 3.0 4.02 3.99 4.9403 4.04 4.04
0.9916494946426073 9354.356627694291 0.045454545454545456 1.32755036558498 13368.021847668526 0.022233201581027668 move_t 100 276.7003254890442 3.0 4.04 4.02 3.99 4.9403 4.04 4.04
0.9916494946426073 9354.356627694291 0.045454545454545456 1.311836241430545 13298.287335100214 0.03463203463203463 t_multiswap_k 100 310.39801812171936 3.0 4.04 4.02 3.99 4.9403 4.04 5.0496
0.9916494946426073 9354.356627694291 0.045454545454545456 1.2517841449973819 12550.605557164743 0.03409090909090909 t_swap_r_k 100 365.4923677444458 3.0 4.04 4.02 3.99 4.9403 5.0996 5.0496
0.9916494946426073 9354.356627694291 0.045454545454545456 1.236680520332172 12327.834505150526 0.022774327122153208 swap_t 100 394.4061002731323 3.0 4.04 4.02 3.99 5.890897 5.0996 5.0496
0.9916494946426073 9354.356627694291 0.045454545454545456 1.2634030479862803 12659.796915070145 0.022774327122153208 t_swap_k 100 441.7221221923828 3.0 4.04 4.9898 3.99 5.890897 5.0996 5.0496
0.9916494946426073 9354.356627694291 0.045454545454545456 1.319584064255067 13394.681323063516 0.03467908902691511 f_swap_t 100 490.0984568595886 3.0 4.04 4.9898 5.040100000000001 5.890897 5.0996 5.0496
0.9916494946426073 9354.356627694291 0.045454545454545456 1.352017187928792 13834.55592665476 0.046583850931677016 t_move_k 100 543.3428399562836 4.07 4.04 4.9898 5.040100000000001 5.890897 5.0996 5.0496
0.9916494946426073 9354.356627694291 0.045454545454545456 1.3379764187467282 13633.198649371972 0.011904761904761904 move_t 100 584.2194311618805 4.07 5.0396 4.9898 5.040100000000001 5.890897 5.0996 5.0496
0.9916494946426073 9354.356627694291 0.045454545454545456 1.2877511250997868 13036.20640789273 0.046583850931677016 swap_t 100 609.2655918598175 4.07 5.0396 4.9898 5.040100000000001 6.83198803 5.0996 5.0496
0.9916494946426073 9354.356627694291 0.045454545454545456 1.2872726841168625 12956.31908678897 0.022774327122153208 move_t 100 640.3248584270477 4.07 5.989204 4.9898 5.040100000000001 6.83198803 5.0996 5.0496
0.9916494946426073 9354.356627694291 0.045454545454545456 1.3820474087723125 14098.227003970569 0.011363636363636364 t_swap_k 100 688.4950578212738 4.07 5.989204 5.969901999999999 5.040100000000001 6.83198803 5.0996 5.0496
0.9916494946426073 9354.356627694291 0.045454545454545456 1.343827664621041 13694.022414553841 0.03409090909090909 t_swap_r_k 100 743.9868364334106 4.07 5.989204 5.969901999999999 5.040100000000001 6.83198803 6.1186039999999995 5.0496
0.9916494946426073 9354.356627694291 0.045454545454545456 1.3410284375398491 13659.248826523077 0.03409090909090909 swap_t 100 773.5369794368744 4.07 5.989204 5.969901999999999 5.040100000000001 7.7636681497 6.1186039999999995 5.0496
0.9916494946426073 9354.356627694291 0.045454545454545456 1.4718132009867628 15284.077543671403 0.03413796348578957 swap_t 100 798.9210457801819 4.07 5.989204 5.969901999999999 5.040100000000001 8.766031468203 6.1186039999999995 5.0496
0.9916494946426073 9354.356627694291 0.045454545454545456 1.3993401595381008 14383.63014297862 0.03409090909090909 f_swap_t 100 854.7743854522705 4.07 5.989204 5.969901999999999 5.989699000000001 8.766031468203 6.1186039999999995 5.0496
0.9916494946426073 9354.356627694291 0.045454545454545456 1.3818178806077184 14130.66706041801 0.022727272727272728 t_multiswap_k 100 881.8957345485687 4.07 5.989204 5.969901999999999 5.989699000000001 8.766031468203 6.1186039999999995 6.059104
0.9916494946426073 9354.356627694291 0.045454545454545456 1.4380485430543888 14898.390770898164 0.04500752870318088 f_swap_t 100 940.8151617050171 4.07 5.989204 5.969901999999999 6.96980201 8.766031468203 6.1186039999999995 6.059104
0.9916494946426073 9354.356627694291 0.045454545454545456 1.3722183375379633 14112.68701902655 0.05533596837944664 f_swap_t 100 993.6356358528137 4.07 5.989204 5.969901999999999 7.900103989900001 8.766031468203 6.1186039999999995 6.059104
0.9916494946426073 9354.356627694291 0.045454545454545456 1.3552786899877527 13902.253099872483 0.05533596837944664 swap_t 100 1018.7952654361725 4.07 5.989204 5.969901999999999 7.900103989900001 9.67837115352097 6.1186039999999995 6.059104
0.9916494946426073 9354.356627694291 0.045454545454545456 1.3544738629725708 13863.24746252257 0.04599567099567099 t_swap_k 100 1062.1255753040314 4.07 5.989204 6.910202979999999 7.900103989900001 9.67837115352097 6.1186039999999995 6.059104
0.9916494946426073 9354.356627694291 0.045454545454545456 1.3544738629725708 13863.24746252257 0.04599567099567099 t_swap_k 100 1111.4315721988678 4.07 5.989204 7.8411009501999995 7.900103989900001 9.67837115352097 6.1186039999999995 6.059104
0.9916494946426073 9354.356627694291 0.045454545454545456 1.3544738629725708 13863.24746252257 0.04599567099567099 t_swap_r_k 100 1168.6670260429382 4.07 5.989204 7.8411009501999995 7.900103989900001 9.67837115352097 7.09741796 6.059104
0.9916494946426073 9354.356627694291 0.045454545454545456 1.3775591098000075 14146.810554747126 0.0449604743083004 t_move_k 100 1212.6989839076996 5.0993 5.989204 7.8411009501999995 7.900103989900001 9.67837115352097 7.09741796 6.059104
0.9916494946426073 9354.356627694291 0.045454545454545456 1.397817874699007 14368.08054079287 0.035173160173160176 t_multiswap_k 100 1236.0380551815033 5.0993 5.989204 7.8411009501999995 7.900103989900001 9.67837115352097 7.09741796 7.008512959999999
0.9916494946426073 9354.356627694291 0.045454545454545456 1.5142305645735468 15844.76709365445 0.04500752870318088 t_swap_k 100 1282.1804699897766 5.0993 5.989204 8.862689940697999 7.900103989900001 9.67837115352097 7.09741796 7.008512959999999
0.9916494946426073 9354.356627694291 0.045454545454545456 1.527532753839733 15937.751127468006 0.021739130434782608 t_swap_k 100 1338.4733362197876 5.0993 5.989204 9.90406304129102 7.900103989900001 9.67837115352097 7.09741796 7.008512959999999
0.9916494946426073 9354.356627694291 0.045454545454545456 1.5894990379392762 16707.531489180376 0.021739130434782608 f_swap_t 100 1427.8546872138977 5.0993 5.989204 9.90406304129102 8.951102950001001 9.67837115352097 7.09741796 7.008512959999999
0.9916494946426073 9354.356627694291 0.045454545454545456 1.505374767201965 15630.269468038681 0.011363636363636364 t_multiswap_k 100 1473.4931166172028 5.0993 5.989204 9.90406304129102 8.951102950001001 9.67837115352097 7.09741796 7.9684278304
0.9916494946426073 9354.356627694291 0.045454545454545456 1.5129396226060288 15724.244396725504 0.011363636363636364 swap_t 100 1516.1457381248474 5.0993 5.989204 9.90406304129102 8.951102950001001 10.59158744198576 7.09741796 7.9684278304
0.9916494946426073 9354.356627694291 0.045454545454545456 1.4847730611743335 15374.343379387532 0.011363636363636364 t_swap_k 100 1593.797649383545 5.0993 5.989204 10.835022410878109 8.951102950001001 10.59158744198576 7.09741796 7.9684278304
0.9916494946426073 9354.356627694291 0.045454545454545456 1.5914919445231013 16735.5034564567 0.022774327122153208 f_swap_t 100 1672.1690170764923 5.0993 5.989204 10.835022410878109 9.931591920500992 10.59158744198576 7.09741796 7.9684278304
0.9916494946426073 9354.356627694291 0.045454545454545456 1.5162571905666122 15800.748495061944 0.022727272727272728 t_swap_k 100 1747.1452269554138 5.0993 5.989204 11.816672186769328 9.931591920500992 10.59158744198576 7.09741796 7.9684278304
0.9916494946426073 9354.356627694291 0.045454545454545456 1.4708577968532195 15307.354222623086 0.045454545454545456 t_swap_r_k 100 1827.4615461826324 5.0993 5.989204 11.816672186769328 9.931591920500992 10.59158744198576 8.0664437804 7.9684278304
0.9916494946426073 9354.356627694291 0.045454545454545456 1.6015415698780975 16824.908088450986 0.011363636363636364 f_swap_t 100 1905.5274810791016 5.0993 5.989204 11.816672186769328 10.932276001295982 10.59158744198576 8.0664437804 7.9684278304
0.9916494946426073 9354.356627694291 0.045454545454545456 1.6260454640749935 17129.309373962104 0.011363636363636364 t_swap_k 100 1982.2461988925934 5.0993 5.989204 12.828505464901635 10.932276001295982 10.59158744198576 8.0664437804 7.9684278304
0.9916494946426073 9354.356627694291 0.045454545454545456 1.5987538327921633 16788.742827594186 0.010869565217391304 t_multiswap_k 100 2027.0533587932587 5.0993 5.989204 12.828505464901635 10.932276001295982 10.59158744198576 8.0664437804 8.988743552096
0.9916494946426073 9354.356627694291 0.045454545454545456 1.6685082394698212 17621.514692037235 0.0 t_swap_k 100 2106.313946723938 5.0993 5.989204 13.920220410252618 10.932276001295982 10.59158744198576 8.0664437804 8.988743552096
0.9916494946426073 9354.356627694291 0.045454545454545456 1.6711290885959145 17654.072367837784 0.0 t_move_k 100 2145.2006096839905 6.178307 5.989204 13.920220410252618 10.932276001295982 10.59158744198576 8.0664437804 8.988743552096
0.9916494946426073 9354.356627694291 0.045454545454545456 1.6547890233182074 17451.086800078527 0.0 f_swap_t 100 2202.7140531539917 6.178307 5.989204 13.920220410252618 11.902953241283022 10.59158744198576 8.0664437804 8.988743552096
0.9916494946426073 9354.356627694291 0.045454545454545456 1.6613948768763998 17533.148463373935 0.0 t_swap_k 100 2274.0684163570404 6.178307 5.989204 14.811018206150091 11.902953241283022 10.59158744198576 8.0664437804 8.988743552096
0.9916494946426073 9354.356627694291 0.045454545454545456 1.5822008453198302 16584.64662751965 0.011363636363636364 t_swap_k 100 2345.0200197696686 6.178307 5.989204 15.78290802408859 11.902953241283022 10.59158744198576 8.0664437804 8.988743552096
0.9916494946426073 9354.356627694291 0.045454545454545456 1.5943131656316023 16735.112747059662 0.011363636363636364 t_swap_k 100 2422.318748474121 6.178307 5.989204 16.695078943847705 11.902953241283022 10.59158744198576 8.0664437804 8.988743552096
0.9916494946426073 9354.356627694291 0.045454545454545456 1.6543315622140917 16655.32556796213 0.010869565217391304 swap_t 100 2465.2212121486664 6.178307 5.989204 16.695078943847705 11.902953241283022 11.495671567565903 8.0664437804 8.988743552096
0.9916494946426073 9354.356627694291 0.045454545454545456 1.6544833526778986 17481.046563393218 0.010869565217391304 t_move_k 100 2531.390882253647 7.25652393 5.989204 16.695078943847705 11.902953241283022 11.495671567565903 8.0664437804 8.988743552096
0.9916494946426073 9354.356627694291 0.045454545454545456 1.7634413216902607 18800.827336518665 0.0 f_swap_t 100 2611.782029390335 7.25652393 5.989204 16.695078943847705 12.913923708870191 11.495671567565903 8.0664437804 8.988743552096
0.9916494946426073 9354.356627694291 0.045454545454545456 1.6691169589073596 17664.367936103572 0.011363636363636364 t_swap_r_k 100 2706.5700838565826 7.25652393 5.989204 16.695078943847705 12.913923708870191 11.495671567565903 9.025779342596 8.988743552096
0.9916494946426073 9354.356627694291 0.045454545454545456 1.6851428732169857 17898.742327801756 0.022727272727272728 t_swap_k 100 2786.354201078415 7.25652393 5.989204 17.568128154409226 12.913923708870191 11.495671567565903 9.025779342596 8.988743552096
0.9916494946426073 9354.356627694291 0.045454545454545456 1.7471809683113062 18669.414766461094 0.022727272727272728 f_swap_t 100 2877.88999915123 7.25652393 5.989204 17.568128154409226 13.89478447178149 11.495671567565903 9.025779342596 8.988743552096
0.9916494946426073 9354.356627694291 0.045454545454545456 1.7021922285010844 18109.00469064102 0.022233201581027668 t_swap_k 100 2950.8105008602142 7.25652393 5.989204 18.422446872865134 13.89478447178149 11.495671567565903 9.025779342596 8.988743552096
0.9916494946426073 9354.356627694291 0.045454545454545456 1.7619312102170586 18817.35926007049 0.011363636363636364 t_swap_k 100 3022.7652399539948 7.25652393 5.989204 19.398222404136483 13.89478447178149 11.495671567565903 9.025779342596 8.988743552096
0.9916494946426073 9354.356627694291 0.045454545454545456 1.7381664867005016 18365.971123544263 0.022727272727272728 swap_t 100 3067.060446739197 7.25652393 5.989204 19.398222404136483 13.89478447178149 12.390714851890245 9.025779342596 8.988743552096
0.9916494946426073 9354.356627694291 0.045454545454545456 1.7676751931489907 18888.7142771296 0.011363636363636364 f_swap_t 100 3156.1605565547943 7.25652393 5.989204 19.398222404136483 14.855836627063676 12.390714851890245 9.025779342596 8.988743552096
0.9916494946426073 9354.356627694291 0.045454545454545456 1.7497713919509692 18667.983636147932 0.011904761904761904 f_swap_t 100 3236.202492713928 7.25652393 5.989204 19.398222404136483 15.757278260793038 12.390714851890245 9.025779342596 8.988743552096
0.9916494946426073 9354.356627694291 0.045454545454545456 1.7019449295987112 18107.61314544708 0.022774327122153208 t_swap_r_k 100 3329.860962152481 7.25652393 5.989204 19.398222404136483 15.757278260793038 12.390714851890245 10.005521549170039 8.988743552096
0.9916494946426073 9354.356627694291 0.045454545454545456 1.702442503203315 18076.8223594627 0.010869565217391304 t_move_k 100 3401.4958503246307 8.1939586907 5.989204 19.398222404136483 15.757278260793038 12.390714851890245 10.005521549170039 8.988743552096
0.9916494946426073 9354.356627694291 0.045454545454545456 1.693467778293819 17931.576253793082 0.0 swap_t 100 3436.561446905136 8.1939586907 5.989204 19.398222404136483 15.757278260793038 13.266807703371342 10.005521549170039 8.988743552096
0.9916494946426073 9354.356627694291 0.045454545454545456 1.6893346558152889 17880.23225983318 0.0 swap_t 100 3483.434587955475 8.1939586907 5.989204 19.398222404136483 15.757278260793038 14.134139626337628 10.005521549170039 8.988743552096
0.9916494946426073 9354.356627694291 0.045454545454545456 1.7255840693365134 18330.543054771348 0.0 f_swap_t 100 3558.8929414749146 8.1939586907 5.989204 19.398222404136483 16.639705478185107 14.134139626337628 10.005521549170039 8.988743552096
0.9916494946426073 9354.356627694291 0.045454545454545456 1.743410340713864 18551.991118476377 0.0 move_t 100 3600.730852127075 8.1939586907 6.9393119599999995 19.398222404136483 16.639705478185107 14.134139626337628 10.005521549170039 8.988743552096