20
4 184 4 60

Solution history:
B_obj   B_dis   B_sim   C_obj   C_dis   C_sim   neighbor   iterations   time   scores
1.0003501474779952 9355.032511978372 0.010869565217391304 1.0003501474779952 9355.032511978372 0.010869565217391304 0 0 0 3.0 3.0 3.0 3.0 3.0 3.0 3.0
1.0003501474779952 9355.032511978372 0.010869565217391304 1.0578917840200837 10069.847389690509 0.010869565217391304 t_move_k 100 54.14833950996399 4.02 3.0 3.0 3.0 3.0 3.0 3.0
1.0003501474779952 9355.032511978372 0.010869565217391304 1.2130506444218616 12055.13348998113 0.020833333333333332 swap_t 100 114.56067109107971 4.02 3.0 3.0 3.0 4.02 3.0 3.0
1.0003501474779952 9355.032511978372 0.010869565217391304 1.218139876540478 12091.484070032724 0.020833333333333332 f_swap_t 100 207.37662720680237 4.02 3.0 3.0 3.99 4.02 3.0 3.0
1.0003501474779952 9355.032511978372 0.010869565217391304 1.3339188908602275 13562.107154902453 0.03125 f_swap_t 100 294.6373233795166 4.02 3.0 3.0 5.0501000000000005 4.02 3.0 3.0
1.0003501474779952 9355.032511978372 0.010869565217391304 1.2612872657717196 12630.29851694763 0.021739130434782608 f_swap_t 100 382.72262239456177 4.02 3.0 3.0 6.029599 4.02 3.0 3.0
1.0003501474779952 9355.032511978372 0.010869565217391304 1.3180224394911955 13318.1478416864 0.021739130434782608 move_t 100 450.5276942253113 4.02 4.0600000000000005 3.0 6.029599 4.02 3.0 3.0
1.0003501474779952 9355.032511978372 0.010869565217391304 1.3378999609745488 13582.02491271239 0.021739130434782608 f_swap_t 100 533.5585913658142 4.02 4.0600000000000005 3.0 7.04930301 4.02 3.0 3.0
1.0003501474779952 9355.032511978372 0.010869565217391304 1.4137480061414964 14524.252391610376 0.021739130434782608 move_t 100 595.8531925678253 4.02 5.119400000000001 3.0 7.04930301 4.02 3.0 3.0
1.0003501474779952 9355.032511978372 0.010869565217391304 1.3507515269185582 13807.781775561843 0.043025362318840576 t_swap_r_k 100 665.4967334270477 4.02 5.119400000000001 3.0 7.04930301 4.02 4.07 3.0
1.0003501474779952 9355.032511978372 0.010869565217391304 1.3358012582140621 13555.953635507854 0.021739130434782608 t_swap_r_k 100 720.912933588028 4.02 5.119400000000001 3.0 7.04930301 4.02 5.0693 3.0
1.0003501474779952 9355.032511978372 0.010869565217391304 1.3592364405742707 13847.078775835087 0.021739130434782608 t_move_k 100 791.6940412521362 5.0198 5.119400000000001 3.0 7.04930301 4.02 5.0693 3.0
1.0003501474779952 9355.032511978372 0.010869565217391304 1.423306865618779 14676.754948516558 0.03260869565217391 t_swap_k 100 864.3466646671295 5.0198 5.119400000000001 4.15 7.04930301 4.02 5.0693 3.0
1.0003501474779952 9355.032511978372 0.010869565217391304 1.48559179261176 15450.49367315696 0.03260869565217391 t_swap_k 100 933.990082025528 5.0198 5.119400000000001 5.208500000000001 7.04930301 4.02 5.0693 3.0
1.0003501474779952 9355.032511978372 0.010869565217391304 1.4873577696660985 15472.431642738622 0.03260869565217391 t_swap_k 100 1011.3060176372528 5.0198 5.119400000000001 6.176415 7.04930301 4.02 5.0693 3.0
1.0003501474779952 9355.032511978372 0.010869565217391304 1.4601285338159518 15134.174615930202 0.03260869565217391 t_swap_k 100 1076.8324091434479 5.0198 5.119400000000001 7.19465085 7.04930301 4.02 5.0693 3.0
1.0003501474779952 9355.032511978372 0.010869565217391304 1.483100839161758 15419.549635191555 0.03260869565217391 t_move_k 100 1144.8984591960907 6.139602 5.119400000000001 7.19465085 7.04930301 4.02 5.0693 3.0
1.0003501474779952 9355.032511978372 0.010869565217391304 1.5600879752262713 16375.927547924543 0.03260869565217391 f_swap_t 100 1249.2936305999756 6.139602 5.119400000000001 7.19465085 8.1688099799 4.02 5.0693 3.0
1.0003501474779952 9355.032511978372 0.010869565217391304 1.4907259240832096 15479.109250857227 0.02128623188405797 t_swap_r_k 100 1302.0964033603668 6.139602 5.119400000000001 7.19465085 8.1688099799 4.02 6.058607 3.0
1.0003501474779952 9355.032511978372 0.010869565217391304 1.4681973221098272 15234.40968507623 0.03260869565217391 swap_t 100 1355.4178924560547 6.139602 5.119400000000001 7.19465085 8.1688099799 5.0198 6.058607 3.0
1.0003501474779952 9355.032511978372 0.010869565217391304 1.4563457247513116 15087.182414083956 0.03260869565217391 swap_t 100 1411.0105254650116 6.139602 5.119400000000001 7.19465085 8.1688099799 5.969602 6.058607 3.0
1.0003501474779952 9355.032511978372 0.010869565217391304 1.5368888431462966 15892.55940303128 0.05389492753623188 move_t 100 1469.7236075401306 6.139602 6.098206000000001 7.19465085 8.1688099799 5.969602 6.058607 3.0
1.0003501474779952 9355.032511978372 0.010869565217391304 1.4947297836562348 15596.36142271648 0.043025362318840576 t_move_k 100 1536.918658733368 7.24820598 6.098206000000001 7.19465085 8.1688099799 5.969602 6.058607 3.0
1.0003501474779952 9355.032511978372 0.010869565217391304 1.471196523335859 15236.50394718642 0.02128623188405797 t_swap_r_k 100 1589.9475469589233 7.24820598 6.098206000000001 7.19465085 8.1688099799 5.969602 7.03802093 3.0
1.0003501474779952 9355.032511978372 0.010869565217391304 1.4770180317253065 15310.228570224179 0.021739130434782608 t_swap_k 100 1660.570273399353 7.24820598 6.098206000000001 8.1327043415 8.1688099799 5.969602 7.03802093 3.0
1.0003501474779952 9355.032511978372 0.010869565217391304 1.4677284841729252 15161.071558947795 0.010869565217391304 t_swap_r_k 100 1718.5156118869781 7.24820598 6.098206000000001 8.1327043415 8.1688099799 5.969602 8.0076407207 3.0
1.0003501474779952 9355.032511978372 0.010869565217391304 1.4654159047344215 15132.343384222968 0.010869565217391304 t_swap_r_k 100 1770.8896036148071 7.24820598 6.098206000000001 8.1327043415 8.1688099799 5.969602 8.967564313493 3.0
1.0003501474779952 9355.032511978372 0.010869565217391304 1.462117576192067 15125.126652032173 0.021739130434782608 t_swap_r_k 100 1825.5787420272827 7.24820598 6.098206000000001 8.1327043415 8.1688099799 5.969602 9.917888670358069 3.0
1.0003501474779952 9355.032511978372 0.010869565217391304 1.5186295324647916 15827.150256849429 0.021739130434782608 t_swap_k 100 1900.1043710708618 7.24820598 6.098206000000001 9.101377298085 8.1688099799 5.969602 9.917888670358069 3.0
1.0003501474779952 9355.032511978372 0.010869565217391304 1.5000494878333124 15596.338393835726 0.021739130434782608 swap_t 100 1953.8413927555084 7.24820598 6.098206000000001 9.101377298085 8.1688099799 6.9099059800000004 9.917888670358069 3.0
1.0003501474779952 9355.032511978372 0.010869565217391304 1.5503713343666785 16255.221918658295 0.03260869565217391 t_move_k 100 2025.4904084205627 8.2657239202 6.098206000000001 9.101377298085 8.1688099799 6.9099059800000004 9.917888670358069 3.0
1.0003501474779952 9355.032511978372 0.010869565217391304 1.5718727501469096 16488.56773510634 0.021739130434782608 t_swap_k 100 2106.6287455558777 8.2657239202 6.098206000000001 10.17036352510415 8.1688099799 6.9099059800000004 9.917888670358069 3.0
1.0003501474779952 9355.032511978372 0.010869565217391304 1.5979962868866748 16645.491069038904 0.03170289855072464 swap_t 100 2226.0963106155396 8.2657239202 6.098206000000001 10.17036352510415 8.1688099799 7.8808069202 9.917888670358069 3.0
1.0003501474779952 9355.032511978372 0.010869565217391304 1.5571918258029531 16337.136854070906 0.03170289855072464 t_move_k 100 2320.925478696823 9.223066680997999 6.098206000000001 10.17036352510415 8.1688099799 7.8808069202 9.917888670358069 3.0
1.0003501474779952 9355.032511978372 0.010869565217391304 1.5764847349469526 16544.453887961285 0.02128623188405797 f_swap_t 100 2426.3649847507477 9.223066680997999 6.098206000000001 10.17036352510415 9.097121880101001 7.8808069202 9.917888670358069 3.0
1.0003501474779952 9355.032511978372 0.010869565217391304 1.5436840725150593 16136.985437042598 0.02128623188405797 t_move_k 100 2512.0080568790436 10.130836014188018 6.098206000000001 10.17036352510415 9.097121880101001 7.8808069202 9.917888670358069 3.0
1.0003501474779952 9355.032511978372 0.010869565217391304 1.5268636141980205 15961.789131760788 0.03215579710144927 t_multiswap_k 100 2592.156938791275 10.130836014188018 6.098206000000001 10.17036352510415 9.097121880101001 7.8808069202 9.917888670358069 4.0
1.0003501474779952 9355.032511978372 0.010869565217391304 1.5171857987058528 15809.215376433056 0.021739130434782608 t_swap_r_k 100 2688.9205362796783 10.130836014188018 6.098206000000001 10.17036352510415 9.097121880101001 7.8808069202 10.888709783654487 4.0
1.0003501474779952 9355.032511978372 0.010869565217391304 1.514698051278674 15776.904624772116 0.02128623188405797 t_swap_r_k 100 2732.115256547928 10.130836014188018 6.098206000000001 10.17036352510415 9.097121880101001 7.8808069202 11.819822685817943 4.0
1.0003501474779952 9355.032511978372 0.010869565217391304 1.5850442787694943 16652.1919416363 0.021739130434782608 f_swap_t 100 2813.178389072418 10.130836014188018 6.098206000000001 10.17036352510415 10.09615066129999 7.8808069202 11.819822685817943 4.0
1.0003501474779952 9355.032511978372 0.010869565217391304 1.5167477281095354 15803.77341477618 0.021739130434782608 f_swap_t 100 2903.889412164688 10.130836014188018 6.098206000000001 10.17036352510415 10.99518915468699 7.8808069202 11.819822685817943 4.0
1.0003501474779952 9355.032511978372 0.010869565217391304 1.5549609340037451 16278.479553491554 0.021739130434782608 t_swap_k 100 2973.522528409958 10.130836014188018 6.098206000000001 11.088659889853108 10.99518915468699 7.8808069202 11.819822685817943 4.0
1.0003501474779952 9355.032511978372 0.010869565217391304 1.653188887132909 17497.316414294073 0.02128623188405797 f_swap_t 100 3074.628118276596 10.130836014188018 6.098206000000001 11.088659889853108 11.99523726314012 7.8808069202 11.819822685817943 4.0
1.0003501474779952 9355.032511978372 0.010869565217391304 1.5764980275963079 16512.268579980042 0.010869565217391304 t_swap_k 100 3153.881348848343 10.130836014188018 6.098206000000001 11.977773290954577 11.99523726314012 7.8808069202 11.819822685817943 4.0
1.0003501474779952 9355.032511978372 0.010869565217391304 1.550635910762349 16190.994681756427 0.010869565217391304 swap_t 100 3222.9672877788544 10.130836014188018 6.098206000000001 11.977773290954577 11.99523726314012 8.801998850998 11.819822685817943 4.0
1.0003501474779952 9355.032511978372 0.010869565217391304 1.6187190991783504 17038.297109758638 0.011363636363636364 f_swap_t 100 3329.287621974945 10.130836014188018 6.098206000000001 11.977773290954577 12.98528489050872 8.801998850998 11.819822685817943 4.0
1.0003501474779952 9355.032511978372 0.010869565217391304 1.5996146903146617 16799.43688848038 0.010869565217391304 move_t 100 3394.3272035121918 10.130836014188018 7.077223940000001 11.977773290954577 12.98528489050872 8.801998850998 11.819822685817943 4.0
1.0003501474779952 9355.032511978372 0.010869565217391304 1.6667777136472843 17635.308503403976 0.011363636363636364 t_swap_k 100 3471.171433210373 10.130836014188018 7.077223940000001 13.017995558045032 12.98528489050872 8.801998850998 11.819822685817943 4.0
1.0003501474779952 9355.032511978372 0.010869565217391304 1.7400127401142063 18543.541172429224 0.010869565217391304 f_swap_t 100 3563.6478679180145 10.130836014188018 7.077223940000001 13.017995558045032 14.025432041603633 8.801998850998 11.819822685817943 4.0
1.0003501474779952 9355.032511978372 0.010869565217391304 1.7043898854655752 18099.607306796606 0.010416666666666666 t_swap_k 100 3652.5116658210754 10.130836014188018 7.077223940000001 13.957815602464581 14.025432041603633 8.801998850998 11.819822685817943 4.0