20
4 184 4 60

Solution history:
B_obj   B_dis   B_sim   C_obj   C_dis   C_sim   neighbor   iterations   time   scores
0.883204525083713 9355.032511978372 0.4794520547945205 0.883204525083713 9355.032511978372 0.4794520547945205 0 0 0 3.0 3.0 3.0 3.0 3.0 3.0 3.0
0.883204525083713 9355.032511978372 0.4794520547945205 0.9805368495694713 10521.606865821743 0.4657534246575342 t_move_k 100 37.88993048667908 4.0 3.0 3.0 3.0 3.0 3.0 3.0
0.883204525083713 9355.032511978372 0.4794520547945205 1.0050552701805642 10826.188606697217 0.4657534246575342 f_swap_t 100 88.74357724189758 4.0 3.0 3.0 4.01 3.0 3.0 3.0
0.883204525083713 9355.032511978372 0.4794520547945205 0.9762256494401793 10552.53757283207 0.49295774647887325 t_swap_r_k 100 146.49170970916748 4.0 3.0 3.0 4.01 3.0 4.07 3.0
0.883204525083713 9355.032511978372 0.4794520547945205 1.1453219083127437 12696.888738654066 0.5070422535211268 t_swap_k 100 190.11306285858154 4.0 3.0 4.07 4.01 3.0 4.07 3.0
0.883204525083713 9355.032511978372 0.4794520547945205 1.17870621820277 13209.184638521327 0.5384615384615384 t_move_k 100 238.84526753425598 5.12 3.0 4.07 4.01 3.0 4.07 3.0
0.883204525083713 9355.032511978372 0.4794520547945205 1.221906593970114 13706.028310569833 0.5256410256410257 t_move_k 100 287.9037046432495 6.1088000000000005 3.0 4.07 4.01 3.0 4.07 3.0
0.883204525083713 9355.032511978372 0.4794520547945205 1.2149087306191382 13161.089818649401 0.5205479452054794 swap_t 100 309.90324211120605 6.1088000000000005 3.0 4.07 4.01 3.98 4.07 3.0
0.883204525083713 9355.032511978372 0.4794520547945205 1.1975572333915243 13443.362651637843 0.5384615384615384 t_move_k 100 349.5944983959198 7.247712 3.0 4.07 4.01 3.98 4.07 3.0
0.883204525083713 9355.032511978372 0.4794520547945205 1.2295675295144322 13870.465597529343 0.547945205479452 t_swap_k 100 397.54848170280457 7.247712 3.0 5.0793 4.01 3.98 4.07 3.0
0.883204525083713 9355.032511978372 0.4794520547945205 1.4722418340823964 16815.834788128264 0.5256410256410257 f_swap_t 100 448.81493973731995 7.247712 3.0 5.0793 5.1799 3.98 4.07 3.0
0.883204525083713 9355.032511978372 0.4794520547945205 1.3882877763221975 15772.909818703747 0.5256410256410257 move_t 100 481.9267303943634 7.247712 3.9699999999999998 5.0793 5.1799 3.98 4.07 3.0
0.883204525083713 9355.032511978372 0.4794520547945205 1.382472694653865 15700.671572775604 0.5256410256410257 t_swap_k 100 528.0600969791412 7.247712 3.9699999999999998 6.268507 5.1799 3.98 4.07 3.0
0.883204525083713 9355.032511978372 0.4794520547945205 1.3285095301559606 15030.310506431671 0.5256410256410257 t_swap_r_k 100 586.8082344532013 7.247712 3.9699999999999998 6.268507 5.1799 3.98 5.0693 3.0
0.883204525083713 9355.032511978372 0.4794520547945205 1.3164728663826524 14880.78423536557 0.5256410256410257 t_multiswap_k 100 614.8612957000732 7.247712 3.9699999999999998 6.268507 5.1799 3.98 5.0693 3.9699999999999998
0.883204525083713 9355.032511978372 0.4794520547945205 1.3135311418933275 14844.240463629752 0.5256410256410257 t_swap_r_k 100 667.9083745479584 7.247712 3.9699999999999998 6.268507 5.1799 3.98 6.058607 3.9699999999999998
0.883204525083713 9355.032511978372 0.4794520547945205 1.3138189907295232 14833.796594366926 0.5211267605633803 t_move_k 100 718.462522983551 8.31523488 3.9699999999999998 6.268507 5.1799 3.98 6.058607 3.9699999999999998
0.883204525083713 9355.032511978372 0.4794520547945205 1.3002431837433654 14665.15021248038 0.5211267605633803 t_swap_k 100 769.0395855903625 8.31523488 3.9699999999999998 7.21582193 5.1799 3.98 6.058607 3.9699999999999998
0.883204525083713 9355.032511978372 0.4794520547945205 1.4292077018951466 16073.227726882487 0.5352112676056338 swap_t 100 798.0086898803711 8.31523488 3.9699999999999998 7.21582193 5.1799 4.9902 6.058607 3.9699999999999998
0.883204525083713 9355.032511978372 0.4794520547945205 1.3778195746253967 15672.589618797014 0.5352112676056338 t_swap_k 100 850.8898823261261 8.31523488 3.9699999999999998 8.1436637107 5.1799 4.9902 6.058607 3.9699999999999998
0.883204525083713 9355.032511978372 0.4794520547945205 1.3915473083097936 15843.12332038368 0.5352112676056338 t_swap_k 100 895.9166507720947 8.31523488 3.9699999999999998 9.252227073593 5.1799 4.9902 6.058607 3.9699999999999998
0.883204525083713 9355.032511978372 0.4794520547945205 1.365492685459117 15519.458003127373 0.5352112676056338 swap_t 100 924.8901727199554 8.31523488 3.9699999999999998 9.252227073593 5.1799 5.940297999999999 6.058607 3.9699999999999998
0.883204525083713 9355.032511978372 0.4794520547945205 1.3604929696339985 15457.348694617987 0.5352112676056338 swap_t 100 952.2499210834503 8.31523488 3.9699999999999998 9.252227073593 5.1799 6.88089502 6.058607 3.9699999999999998
0.883204525083713 9355.032511978372 0.4794520547945205 1.3595602303451728 15445.761677620454 0.5352112676056338 t_swap_r_k 100 1009.2039794921875 8.31523488 3.9699999999999998 9.252227073593 5.1799 6.88089502 7.03802093 3.9699999999999998
0.883204525083713 9355.032511978372 0.4794520547945205 1.3593657003741186 15443.345115877919 0.5352112676056338 t_multiswap_k 100 1030.2250819206238 8.31523488 3.9699999999999998 9.252227073593 5.1799 6.88089502 7.03802093 4.9303
0.883204525083713 9355.032511978372 0.4794520547945205 1.3593657003741186 15443.345115877919 0.5352112676056338 t_move_k 100 1065.814400434494 9.2320825312 3.9699999999999998 9.252227073593 5.1799 6.88089502 7.03802093 4.9303
0.883204525083713 9355.032511978372 0.4794520547945205 1.3593657003741186 15443.345115877919 0.5352112676056338 move_t 100 1103.7393827438354 9.2320825312 4.9303 9.252227073593 5.1799 6.88089502 7.03802093 4.9303
0.883204525083713 9355.032511978372 0.4794520547945205 1.3843446981190417 15753.64840739707 0.5352112676056338 move_t 100 1141.9809143543243 9.2320825312 5.890997 9.252227073593 5.1799 6.88089502 7.03802093 4.9303
0.883204525083713 9355.032511978372 0.4794520547945205 1.3625305248647726 15482.660362492645 0.5352112676056338 t_swap_r_k 100 1199.6784052848816 9.2320825312 5.890997 9.252227073593 5.1799 6.88089502 8.0076407207 4.9303
0.883204525083713 9355.032511978372 0.4794520547945205 1.3874920598683338 15832.293773377285 0.547945205479452 t_swap_k 100 1248.035603761673 9.2320825312 5.890997 10.16970480285707 5.1799 6.88089502 8.0076407207 4.9303
0.883204525083713 9355.032511978372 0.4794520547945205 1.4628287847600356 16768.169341520108 0.547945205479452 f_swap_t 100 1302.5563027858734 9.2320825312 5.890997 10.16970480285707 6.258101 6.88089502 8.0076407207 4.9303
0.883204525083713 9355.032511978372 0.4794520547945205 1.4199938186746217 16236.049073759688 0.547945205479452 move_t 100 1331.0774714946747 9.2320825312 6.832087029999999 10.16970480285707 6.258101 6.88089502 8.0076407207 4.9303
0.883204525083713 9355.032511978372 0.4794520547945205 1.4045101210750097 16043.701791490394 0.547945205479452 t_swap_r_k 100 1381.785640001297 9.2320825312 6.832087029999999 10.16970480285707 6.258101 6.88089502 8.967564313493 4.9303
0.883204525083713 9355.032511978372 0.4794520547945205 1.415679827950226 16182.458231763829 0.547945205479452 f_swap_t 100 1430.8889603614807 9.2320825312 6.832087029999999 10.16970480285707 7.20551999 6.88089502 8.967564313493 4.9303
0.883204525083713 9355.032511978372 0.4794520547945205 1.456235836917948 16690.46238460223 0.5492957746478874 t_swap_k 100 1471.073025226593 9.2320825312 6.832087029999999 11.208007754828499 7.20551999 6.88089502 8.967564313493 4.9303
0.883204525083713 9355.032511978372 0.4794520547945205 1.4288795588853394 16350.627167676563 0.5492957746478874 t_move_k 100 1520.492687702179 10.269761705888 6.832087029999999 11.208007754828499 7.20551999 6.88089502 8.967564313493 4.9303
0.883204525083713 9355.032511978372 0.4794520547945205 1.4514150001999784 16571.13843295485 0.5492957746478874 swap_t 100 1556.725524187088 10.269761705888 6.832087029999999 11.208007754828499 7.20551999 7.9120860698 8.967564313493 4.9303
0.883204525083713 9355.032511978372 0.4794520547945205 1.4040638574537787 16042.352435671553 0.5492957746478874 move_t 100 1594.4495050907135 10.269761705888 7.773766159699999 11.208007754828499 7.20551999 7.9120860698 8.967564313493 4.9303
0.883204525083713 9355.032511978372 0.4794520547945205 1.4612774009969132 16753.09155587975 0.5492957746478874 t_swap_k 100 1652.0343070030212 10.269761705888 7.773766159699999 12.125927677280213 7.20551999 7.9120860698 8.967564313493 4.9303
0.883204525083713 9355.032511978372 0.4794520547945205 1.4579424611982439 16667.921604629937 0.5352112676056338 t_swap_k 100 1699.7177469730377 10.269761705888 7.773766159699999 13.10466840050741 7.20551999 7.9120860698 8.967564313493 4.9303
0.883204525083713 9355.032511978372 0.4794520547945205 1.4804401712670594 16991.142367612592 0.5492957746478874 t_move_k 100 1749.5969665050507 11.32706408882912 7.773766159699999 13.10466840050741 7.20551999 7.9120860698 8.967564313493 4.9303
0.883204525083713 9355.032511978372 0.4794520547945205 1.404217272822463 15891.163223538268 0.5 t_multiswap_k 100 1784.1365180015564 11.32706408882912 7.773766159699999 13.10466840050741 7.20551999 7.9120860698 8.967564313493 6.070997
0.883204525083713 9355.032511978372 0.4794520547945205 1.4784828939345318 16792.461412324243 0.4931506849315068 t_swap_k 100 1840.1191782951355 11.32706408882912 7.773766159699999 14.163621716502337 7.20551999 7.9120860698 8.967564313493 6.070997
0.883204525083713 9355.032511978372 0.4794520547945205 1.4203872387283236 16070.764200228838 0.4931506849315068 swap_t 100 1863.332658290863 11.32706408882912 7.773766159699999 14.163621716502337 7.20551999 8.832965209102 8.967564313493 6.070997
0.883204525083713 9355.032511978372 0.4794520547945205 1.4245275202969374 16122.197128470247 0.4931506849315068 t_move_k 100 1908.2954802513123 12.223793447940828 7.773766159699999 14.163621716502337 7.20551999 8.832965209102 8.967564313493 6.070997
0.883204525083713 9355.032511978372 0.4794520547945205 1.396605987511995 15775.339996094366 0.4931506849315068 t_move_k 100 1958.5079255104065 13.19155551346142 7.773766159699999 14.163621716502337 7.20551999 8.832965209102 8.967564313493 6.070997
0.883204525083713 9355.032511978372 0.4794520547945205 1.3736906432723164 15490.672580032327 0.4931506849315068 swap_t 100 1984.9513590335846 13.19155551346142 7.773766159699999 14.163621716502337 7.20551999 9.74463555701098 8.967564313493 6.070997
0.883204525083713 9355.032511978372 0.4794520547945205 1.4189690636615553 15720.45532522426 0.4794520547945205 move_t 100 2012.7633101940155 13.19155551346142 8.706028498102999 14.163621716502337 7.20551999 9.74463555701098 8.967564313493 6.070997
0.883204525083713 9355.032511978372 0.4794520547945205 1.4034651754843201 15682.740632220028 0.4358974358974359 t_swap_r_k 100 2072.6370079517365 13.19155551346142 8.706028498102999 14.163621716502337 7.20551999 9.74463555701098 9.94788867035807 6.070997
0.883204525083713 9355.032511978372 0.4794520547945205 1.3875023082068418 15484.440832169335 0.4358974358974359 t_move_k 100 2121.500282049179 14.059639958326805 8.706028498102999 14.163621716502337 7.20551999 9.74463555701098 9.94788867035807 6.070997
0.883204525083713 9355.032511978372 0.4794520547945205 1.3833005014610726 15432.243603247107 0.4358974358974359 t_swap_k 100 2148.3205082416534 14.059639958326805 8.706028498102999 15.021985499337314 7.20551999 9.74463555701098 9.94788867035807 6.070997
0.883204525083713 9355.032511978372 0.4794520547945205 1.395683921653399 15625.89340165501 0.44871794871794873 t_swap_k 100 2187.0574493408203 14.059639958326805 8.706028498102999 15.88176564434394 7.20551999 9.74463555701098 9.94788867035807 6.070997
0.883204525083713 9355.032511978372 0.4794520547945205 1.4965890173905958 16879.393788581925 0.44871794871794873 f_swap_t 100 2230.563030719757 14.059639958326805 8.706028498102999 15.88176564434394 8.3534647901 9.74463555701098 9.94788867035807 6.070997
0.883204525083713 9355.032511978372 0.4794520547945205 1.4574351513615618 16393.00223562305 0.44871794871794873 t_move_k 100 2269.234874725342 14.999043558743537 8.706028498102999 15.88176564434394 8.3534647901 9.74463555701098 9.94788867035807 6.070997
0.883204525083713 9355.032511978372 0.4794520547945205 1.421351268433658 15944.747755693164 0.44871794871794873 t_move_k 100 2303.3192207813263 15.849053123156102 8.706028498102999 15.88176564434394 8.3534647901 9.74463555701098 9.94788867035807 6.070997
0.883204525083713 9355.032511978372 0.4794520547945205 1.4790892350606946 16662.001557184616 0.44871794871794873 f_swap_t 100 2344.4617319107056 15.849053123156102 8.706028498102999 15.88176564434394 9.289930142199001 9.74463555701098 9.94788867035807 6.070997
0.883204525083713 9355.032511978372 0.4794520547945205 1.4417284063695022 16197.884132012243 0.44871794871794873 t_swap_r_k 100 2388.3692836761475 15.849053123156102 8.706028498102999 15.88176564434394 9.289930142199001 9.74463555701098 10.88840978365449 6.070997
0.883204525083713 9355.032511978372 0.4794520547945205 1.4516366955032516 16320.970524946117 0.44871794871794873 t_move_k 100 2418.100553750992 16.750562591924542 8.706028498102999 15.88176564434394 9.289930142199001 9.74463555701098 10.88840978365449 6.070997
0.883204525083713 9355.032511978372 0.4794520547945205 1.4248782534280595 15988.561965697801 0.44871794871794873 t_swap_k 100 2445.7348651885986 16.750562591924542 8.706028498102999 16.7229479879005 9.289930142199001 9.74463555701098 10.88840978365449 6.070997
0.883204525083713 9355.032511978372 0.4794520547945205 1.4610214707972253 16356.239324356251 0.4225352112676056 t_swap_k 100 2489.1676619052887 16.750562591924542 8.706028498102999 17.695718508021496 9.289930142199001 9.74463555701098 10.88840978365449 6.070997
0.883204525083713 9355.032511978372 0.4794520547945205 1.434299506110987 16024.28390794313 0.4225352112676056 t_move_k 100 2521.938647508621 17.583056966005298 8.706028498102999 17.695718508021496 9.289930142199001 9.74463555701098 10.88840978365449 6.070997
0.883204525083713 9355.032511978372 0.4794520547945205 1.4366184302832257 16053.09090055256 0.4225352112676056 t_swap_k 100 2559.09223651886 17.583056966005298 8.706028498102999 18.58876132294128 9.289930142199001 9.74463555701098 10.88840978365449 6.070997
0.883204525083713 9355.032511978372 0.4794520547945205 1.433357832468559 16012.585903332769 0.4225352112676056 t_move_k 100 2590.8776161670685 18.447226396345243 8.706028498102999 18.58876132294128 9.289930142199001 9.74463555701098 10.88840978365449 6.070997
0.883204525083713 9355.032511978372 0.4794520547945205 1.449368606537313 16255.22226444116 0.43661971830985913 t_swap_k 100 2632.1331725120544 18.447226396345243 8.706028498102999 19.542873709711866 9.289930142199001 9.74463555701098 10.88840978365449 6.070997
0.883204525083713 9355.032511978372 0.4794520547945205 1.5394836653691544 17374.682687013403 0.43661971830985913 t_swap_k 100 2675.67946767807 18.447226396345243 8.706028498102999 20.50744497261475 9.289930142199001 9.74463555701098 10.88840978365449 6.070997
0.883204525083713 9355.032511978372 0.4794520547945205 1.5098244473125049 17049.980477339992 0.4507042253521127 t_move_k 100 2714.108556032181 19.392754132381793 8.706028498102999 20.50744497261475 9.289930142199001 9.74463555701098 10.88840978365449 6.070997
0.883204525083713 9355.032511978372 0.4794520547945205 1.4649554442072874 16685.503194099758 0.5128205128205128 t_multiswap_k 100 2746.5765216350555 19.392754132381793 8.706028498102999 20.50744497261475 9.289930142199001 9.74463555701098 10.88840978365449 7.29028703
0.883204525083713 9355.032511978372 0.4794520547945205 1.5083325658272135 17206.413221323397 0.5070422535211268 t_swap_k 100 2789.882293701172 19.392754132381793 8.706028498102999 21.372370522888602 9.289930142199001 9.74463555701098 10.88840978365449 7.29028703
0.883204525083713 9355.032511978372 0.4794520547945205 1.451541600991045 16500.923613727213 0.5070422535211268 t_move_k 100 2832.8295905590057 20.238826591057975 8.706028498102999 21.372370522888602 9.289930142199001 9.74463555701098 10.88840978365449 7.29028703
0.883204525083713 9355.032511978372 0.4794520547945205 1.508596977513328 17227.643097793836 0.5128205128205128 t_move_k 100 2870.127945423126 21.136438325147395 8.706028498102999 21.372370522888602 9.289930142199001 9.74463555701098 10.88840978365449 7.29028703
0.883204525083713 9355.032511978372 0.4794520547945205 1.5648570243161624 17886.721417919594 0.5 t_swap_k 100 2916.9316170215607 21.136438325147395 8.706028498102999 22.288646817659714 9.289930142199001 9.74463555701098 10.88840978365449 7.29028703
0.883204525083713 9355.032511978372 0.4794520547945205 1.5416338899152326 17558.41453549237 0.48717948717948717 f_swap_t 100 2962.429820537567 21.136438325147395 8.706028498102999 22.288646817659714 10.37703084077701 9.74463555701098 10.88840978365449 7.29028703
0.883204525083713 9355.032511978372 0.4794520547945205 1.4852803251507374 16937.99040439102 0.5128205128205128 t_move_k 100 3016.3430585861206 22.05507394189592 8.706028498102999 22.288646817659714 10.37703084077701 9.74463555701098 10.88840978365449 7.29028703
0.883204525083713 9355.032511978372 0.4794520547945205 1.5063927819269187 17138.574688726516 0.49295774647887325 t_swap_k 100 3065.83216047287 22.05507394189592 8.706028498102999 23.25576034948312 10.37703084077701 9.74463555701098 10.88840978365449 7.29028703
0.883204525083713 9355.032511978372 0.4794520547945205 1.4541117224912878 16489.109686461477 0.49295774647887325 move_t 100 3100.6703889369965 22.05507394189592 9.618968213121969 23.25576034948312 10.37703084077701 9.74463555701098 10.88840978365449 7.29028703
0.883204525083713 9355.032511978372 0.4794520547945205 1.4385559040944556 16317.737196552358 0.5 t_swap_r_k 100 3150.404969930649 22.05507394189592 9.618968213121969 23.25576034948312 10.37703084077701 9.74463555701098 11.849525685817945 7.29028703
0.883204525083713 9355.032511978372 0.4794520547945205 1.5410050255737584 17590.41834785014 0.5 t_swap_k 100 3190.0745158195496 22.05507394189592 9.618968213121969 24.213202745988287 10.37703084077701 9.74463555701098 11.849525685817945 7.29028703
0.883204525083713 9355.032511978372 0.4794520547945205 1.557539925174551 17756.00833594777 0.48717948717948717 t_swap_k 100 3230.012666463852 22.05507394189592 9.618968213121969 25.071070718528404 10.37703084077701 9.74463555701098 11.849525685817945 7.29028703
0.883204525083713 9355.032511978372 0.4794520547945205 1.5814230428700857 18012.88206108255 0.47435897435897434 t_swap_k 100 3262.195805311203 22.05507394189592 9.618968213121969 25.89036001134312 10.37703084077701 9.74463555701098 11.849525685817945 7.29028703
0.883204525083713 9355.032511978372 0.4794520547945205 1.5431732556794822 17577.537410972658 0.48717948717948717 t_swap_r_k 100 3315.094447374344 22.05507394189592 9.618968213121969 25.89036001134312 10.37703084077701 9.74463555701098 12.801030428959765 7.29028703
0.883204525083713 9355.032511978372 0.4794520547945205 1.5345640329235333 17470.588758113456 0.48717948717948717 swap_t 100 3337.5192811489105 22.05507394189592 9.618968213121969 25.89036001134312 10.37703084077701 10.64718920144087 12.801030428959765 7.29028703
0.883204525083713 9355.032511978372 0.4794520547945205 1.540204093611348 17540.652794055506 0.48717948717948717 t_swap_k 100 3382.1417756080627 22.05507394189592 9.618968213121969 26.73145641122969 10.37703084077701 10.64718920144087 12.801030428959765 7.29028703
0.883204525083713 9355.032511978372 0.4794520547945205 1.5785688177630908 18017.24117858866 0.48717948717948717 t_move_k 100 3421.8834981918335 23.09452320247696 9.618968213121969 26.73145641122969 10.37703084077701 10.64718920144087 12.801030428959765 7.29028703
0.883204525083713 9355.032511978372 0.4794520547945205 1.529385133576194 17406.25353016171 0.48717948717948717 move_t 100 3445.281336545944 23.09452320247696 10.522778530990749 26.73145641122969 10.37703084077701 10.64718920144087 12.801030428959765 7.29028703
0.883204525083713 9355.032511978372 0.4794520547945205 1.543559712386316 17622.154117829075 0.5 t_swap_k 100 3482.669097661972 23.09452320247696 10.522778530990749 27.52414184711739 10.37703084077701 10.64718920144087 12.801030428959765 7.29028703
0.883204525083713 9355.032511978372 0.4794520547945205 1.5747648073341898 18009.801523596627 0.5 swap_t 100 3514.6319148540497 23.09452320247696 10.522778530990749 27.52414184711739 10.37703084077701 11.610717309426462 12.801030428959765 7.29028703
0.883204525083713 9355.032511978372 0.4794520547945205 1.5596285926844453 17821.77087180994 0.5 f_swap_t 100 3568.40718793869 23.09452320247696 10.522778530990749 27.52414184711739 11.28326053236924 11.610717309426462 12.801030428959765 7.29028703
0.883204525083713 9355.032511978372 0.4794520547945205 1.530727552454167 17542.37758632005 0.5256410256410257 t_swap_r_k 100 3620.7583718299866 23.09452320247696 10.522778530990749 27.52414184711739 11.28326053236924 11.610717309426462 13.743020124670167 7.29028703