  0.   19.   28.   46.   24.   20.   16.   36.   23.   29.   40.   13.    9.   40.   20.   30.   23.   20.   20.   44.   45.   34.   29.   31.   34.   25.   31.    8.   40.   36.   41.   36.   14.   46.   38.   55.   62.   20.   20.   54.   59.   43.   39.   49.   25.   39.    3.   13.   20.   30.   29.
 19.    0.   15.   27.   43.   25.   21.   31.   16.   34.   45.   16.   26.   59.   35.   37.   26.   39.   39.   63.   26.   35.   10.   26.   29.   44.   26.   11.   21.   25.   46.   17.    7.   51.   43.   36.   43.   35.   25.   59.   78.   62.   58.   44.   44.   44.   18.   32.   15.   35.   34.
 28.   15.    0.   18.   52.   28.   30.   46.   31.   19.   30.   15.   35.   68.   44.   46.   11.   48.   48.   72.   17.   20.   15.   41.   44.   53.   41.   20.   24.   10.   31.   32.   14.   42.   28.   27.   34.   44.   18.   44.   87.   71.   67.   59.   53.   49.   27.   41.   30.   22.   19.
 46.   27.   18.    0.   70.   46.   48.   36.   23.   31.   44.   33.   53.   86.   62.   64.   23.   66.   66.   90.   11.   32.   17.   43.   56.   71.   29.   38.   12.   22.   43.   20.   32.   60.   40.   11.   16.   62.   36.   56.  105.   89.   85.   47.   71.   67.   45.   59.   36.   40.   31.
 24.   43.   52.   70.    0.   24.   22.   40.   47.   39.   36.   37.   17.   16.   24.   26.   47.   10.   10.   20.   69.   58.   53.   35.   38.   25.   49.   32.   64.   60.   39.   60.   38.   42.   48.   79.   86.   16.   34.   50.   35.   19.   17.   53.   21.   35.   25.   11.   34.   30.   47.
 20.   25.   28.   46.   24.    0.   36.   56.   41.   15.   20.   13.   11.   40.   40.   18.   23.   20.   26.   44.   45.   34.   29.   51.   54.   41.   51.   28.   40.   36.   21.   42.   18.   26.   24.   55.   62.   16.   10.   34.   59.   43.   39.   69.   25.   21.   17.   17.   40.   10.   23.
 16.   21.   30.   48.   22.   36.    0.   20.   25.   45.   56.   27.   25.   38.   14.   46.   37.   30.   18.   42.   47.   46.   31.   15.   18.   23.   27.   10.   42.   38.   57.   38.   18.   62.   54.   57.   64.   36.   36.   70.   57.   41.   37.   33.   41.   55.   19.   19.   12.   46.   45.
 36.   31.   46.   36.   40.   56.   20.    0.   15.   65.   76.   47.   45.   50.   26.   66.   57.   50.   30.   54.   45.   66.   31.    7.   20.   35.   15.   28.   30.   56.   77.   26.   38.   82.   74.   45.   52.   56.   56.   90.   69.   53.   57.   13.   61.   75.   39.   39.   16.   66.   65.
 23.   16.   31.   23.   47.   41.   25.   15.    0.   50.   61.   32.   30.   63.   39.   51.   42.   43.   43.   67.   30.   51.   16.   20.   33.   48.   10.   15.   17.   41.   62.   13.   23.   67.   59.   32.   39.   41.   41.   75.   82.   66.   62.   28.   48.   60.   24.   36.   13.   51.   50.
 29.   34.   19.   31.   39.   15.   45.   65.   50.    0.   13.   18.   22.   55.   49.   33.    8.   35.   35.   59.   30.   19.   34.   60.   63.   50.   60.   37.   43.   21.   12.   51.   27.   29.    9.   40.   47.   31.    9.   25.   74.   58.   54.   78.   40.   36.   26.   28.   49.    9.    8.
 40.   45.   30.   44.   36.   20.   56.   76.   61.   13.    0.   29.   31.   50.   60.   20.   21.   26.   46.   46.   43.   32.   45.   71.   74.   61.   71.   48.   54.   34.   13.   62.   38.   16.   22.   53.   60.   20.   20.   14.   61.   45.   41.   89.   27.   23.   37.   37.   60.   10.   21.
 13.   16.   15.   33.   37.   13.   27.   47.   32.   18.   29.    0.   20.   53.   31.   31.   10.   33.   33.   57.   32.   21.   16.   42.   45.   38.   42.   19.   27.   23.   30.   33.    9.   35.   27.   42.   49.   29.    9.   43.   72.   56.   52.   60.   38.   34.   12.   26.   31.   19.   18.
  9.   26.   35.   53.   17.   11.   25.   45.   30.   22.   31.   20.    0.   33.   29.   21.   30.   13.   15.   37.   52.   41.   36.   40.   43.   30.   40.   17.   47.   43.   32.   43.   21.   37.   31.   62.   69.   11.   17.   45.   52.   36.   32.   58.   18.   30.    8.    6.   29.   21.   30.
 40.   59.   68.   86.   16.   40.   38.   50.   63.   55.   50.   53.   33.    0.   24.   40.   63.   24.   20.   20.   85.   74.   69.   43.   30.   15.   65.   48.   80.   76.   55.   76.   54.   56.   64.   95.  102.   30.   50.   64.   19.   13.   31.   39.   35.   49.   41.   27.   50.   46.   63.
 20.   35.   44.   62.   24.   40.   14.   26.   39.   49.   60.   31.   29.   24.    0.   50.   41.   34.   14.   30.   61.   50.   45.   19.   14.    9.   41.   24.   56.   52.   61.   52.   30.   66.   58.   71.   78.   40.   40.   74.   43.   27.   41.   29.   45.   59.   23.   23.   26.   50.   49.
 30.   37.   46.   64.   26.   18.   46.   66.   51.   33.   20.   31.   21.   40.   50.    0.   41.   16.   36.   26.   63.   52.   47.   61.   64.   51.   61.   38.   58.   54.   33.   54.   32.   16.   42.   73.   80.   10.   28.   24.   41.   27.   21.   79.    7.    9.   27.   27.   50.   24.   41.
 23.   26.   11.   23.   47.   23.   37.   57.   42.    8.   21.   10.   30.   63.   41.   41.    0.   43.   43.   67.   22.   11.   26.   52.   55.   48.   52.   29.   35.   13.   20.   43.   19.   37.   17.   32.   39.   39.   13.   33.   82.   66.   62.   70.   48.   44.   22.   36.   41.   17.    8.
 20.   39.   48.   66.   10.   20.   30.   50.   43.   35.   26.   33.   13.   24.   34.   16.   43.    0.   20.   24.   65.   54.   49.   45.   48.   35.   45.   28.   60.   56.   35.   56.   34.   32.   44.   75.   82.    6.   30.   40.   39.   23.   19.   63.   11.   25.   21.   11.   34.   26.   43.
 20.   39.   48.   66.   10.   26.   18.   30.   43.   35.   46.   33.   15.   20.   14.   36.   43.   20.    0.   24.   65.   54.   49.   25.   28.   15.   45.   28.   60.   56.   47.   56.   34.   52.   44.   75.   82.   26.   30.   60.   39.   23.   27.   43.   31.   45.   21.    9.   30.   36.   43.
 44.   63.   72.   90.   20.   44.   42.   54.   67.   59.   46.   57.   37.   20.   30.   26.   67.   24.   24.    0.   89.   78.   73.   47.   44.   31.   69.   52.   84.   80.   59.   80.   58.   36.   68.   99.  106.   28.   54.   48.   15.    7.   11.   59.   19.   29.   45.   31.   54.   50.   67.
 45.   26.   17.   11.   69.   45.   47.   45.   30.   30.   43.   32.   52.   85.   61.   63.   22.   65.   65.   89.    0.   21.   16.   42.   55.   70.   40.   37.   23.   11.   32.   31.   31.   59.   29.   10.   17.   61.   35.   45.  104.   88.   84.   58.   70.   66.   44.   58.   35.   39.   22.
 34.   35.   20.   32.   58.   34.   46.   66.   51.   19.   32.   21.   41.   74.   50.   52.   11.   54.   54.   78.   21.    0.   35.   61.   64.   59.   61.   38.   44.   10.   19.   52.   28.   48.   10.   21.   28.   50.   24.   30.   93.   77.   73.   79.   59.   55.   33.   47.   50.   28.   11.
 29.   10.   15.   17.   53.   29.   31.   31.   16.   34.   45.   16.   36.   69.   45.   47.   26.   49.   49.   73.   16.   35.    0.   26.   39.   54.   26.   21.   11.   25.   46.   17.   15.   51.   43.   26.   33.   45.   25.   59.   88.   72.   68.   44.   54.   50.   28.   42.   19.   35.   34.
 31.   26.   41.   43.   35.   51.   15.    7.   20.   60.   71.   42.   40.   43.   19.   61.   52.   45.   25.   47.   42.   61.   26.    0.   13.   28.   22.   23.   37.   51.   72.   33.   33.   77.   69.   52.   59.   51.   51.   85.   62.   46.   52.   18.   56.   70.   34.   34.   11.   61.   60.
 34.   29.   44.   56.   38.   54.   18.   20.   33.   63.   74.   45.   43.   30.   14.   64.   55.   48.   28.   44.   55.   64.   39.   13.    0.   15.   35.   26.   50.   54.   75.   46.   36.   80.   72.   65.   72.   54.   54.   88.   49.   37.   55.   15.   59.   73.   37.   37.   20.   64.   63.
 25.   44.   53.   71.   25.   41.   23.   35.   48.   50.   61.   38.   30.   15.    9.   51.   48.   35.   15.   31.   70.   59.   54.   28.   15.    0.   50.   33.   65.   61.   62.   61.   39.   67.   59.   80.   87.   41.   41.   75.   34.   24.   42.   28.   46.   60.   26.   24.   35.   51.   50.
 31.   26.   41.   29.   49.   51.   27.   15.   10.   60.   71.   42.   40.   65.   41.   61.   52.   45.   45.   69.   40.   61.   26.   22.   35.   50.    0.   23.   17.   51.   72.   11.   33.   77.   69.   40.   37.   51.   51.   85.   84.   68.   64.   26.   56.   70.   34.   38.   15.   61.   60.
  8.   11.   20.   38.   32.   28.   10.   28.   15.   37.   48.   19.   17.   48.   24.   38.   29.   28.   28.   52.   37.   38.   21.   23.   26.   33.   23.    0.   32.   28.   49.   28.   10.   54.   46.   47.   54.   28.   28.   62.   67.   51.   47.   41.   33.   47.   11.   21.   12.   38.   37.
 40.   21.   24.   12.   64.   40.   42.   30.   17.   43.   54.   27.   47.   80.   56.   58.   35.   60.   60.   84.   23.   44.   11.   37.   50.   65.   17.   32.    0.   34.   55.    8.   26.   60.   52.   23.   22.   56.   34.   68.   99.   83.   79.   41.   65.   61.   39.   53.   30.   44.   43.
 36.   25.   10.   22.   60.   36.   38.   56.   41.   21.   34.   23.   43.   76.   52.   54.   13.   56.   56.   80.   11.   10.   25.   51.   54.   61.   51.   28.   34.    0.   21.   42.   22.   50.   18.   19.   26.   52.   26.   34.   95.   79.   75.   69.   61.   57.   35.   49.   40.   30.   13.
 41.   46.   31.   43.   39.   21.   57.   77.   62.   12.   13.   30.   32.   55.   61.   33.   20.   35.   47.   59.   32.   19.   46.   72.   75.   62.   72.   49.   55.   21.    0.   63.   39.   29.    9.   40.   47.   31.   21.   13.   74.   58.   54.   90.   40.   36.   38.   38.   61.   11.   12.
 36.   17.   32.   20.   60.   42.   38.   26.   13.   51.   62.   33.   43.   76.   52.   54.   43.   56.   56.   80.   31.   52.   17.   33.   46.   61.   11.   28.    8.   42.   63.    0.   24.   68.   60.   31.   26.   52.   42.   76.   95.   79.   75.   37.   61.   61.   35.   49.   26.   52.   51.
 14.    7.   14.   32.   38.   18.   18.   38.   23.   27.   38.    9.   21.   54.   30.   32.   19.   34.   34.   58.   31.   28.   15.   33.   36.   39.   33.   10.   26.   22.   39.   24.    0.   44.   36.   41.   48.   30.   18.   52.   73.   57.   53.   51.   39.   37.   13.   27.   22.   28.   27.
 46.   51.   42.   60.   42.   26.   62.   82.   67.   29.   16.   35.   37.   56.   66.   16.   37.   32.   52.   36.   59.   48.   51.   77.   80.   67.   77.   54.   60.   50.   29.   68.   44.    0.   38.   69.   76.   26.   26.   18.   45.   43.   25.   95.   21.    7.   43.   43.   66.   20.   37.
 38.   43.   28.   40.   48.   24.   54.   74.   59.    9.   22.   27.   31.   64.   58.   42.   17.   44.   44.   68.   29.   10.   43.   69.   72.   59.   69.   46.   52.   18.    9.   60.   36.   38.    0.   31.   38.   40.   18.   20.   83.   67.   63.   87.   49.   45.   35.   37.   58.   18.    9.
 55.   36.   27.   11.   79.   55.   57.   45.   32.   40.   53.   42.   62.   95.   71.   73.   32.   75.   75.   99.   10.   21.   26.   52.   65.   80.   40.   47.   23.   19.   40.   31.   41.   69.   31.    0.    7.   71.   45.   51.  114.   98.   94.   58.   80.   76.   54.   68.   45.   49.   32.
 62.   43.   34.   16.   86.   62.   64.   52.   39.   47.   60.   49.   69.  102.   78.   80.   39.   82.   82.  106.   17.   28.   33.   59.   72.   87.   37.   54.   22.   26.   47.   26.   48.   76.   38.    7.    0.   78.   52.   58.  121.  105.  101.   63.   87.   83.   61.   75.   52.   56.   39.
 20.   35.   44.   62.   16.   16.   36.   56.   41.   31.   20.   29.   11.   30.   40.   10.   39.    6.   26.   28.   61.   50.   45.   51.   54.   41.   51.   28.   56.   52.   31.   52.   30.   26.   40.   71.   78.    0.   26.   34.   43.   27.   23.   69.    9.   19.   17.   17.   40.   22.   39.
 20.   25.   18.   36.   34.   10.   36.   56.   41.    9.   20.    9.   17.   50.   40.   28.   13.   30.   30.   54.   35.   24.   25.   51.   54.   41.   51.   28.   34.   26.   21.   42.   18.   26.   18.   45.   52.   26.    0.   34.   69.   53.   49.   69.   35.   31.   17.   23.   40.   10.   13.
 54.   59.   44.   56.   50.   34.   70.   90.   75.   25.   14.   43.   45.   64.   74.   24.   33.   40.   60.   48.   45.   30.   59.   85.   88.   75.   85.   62.   68.   34.   13.   76.   52.   18.   20.   51.   58.   34.   34.    0.   63.   51.   43.  103.   29.   25.   51.   51.   74.   24.   25.
 59.   78.   87.  105.   35.   59.   57.   69.   82.   74.   61.   72.   52.   19.   43.   41.   82.   39.   39.   15.  104.   93.   88.   62.   49.   34.   84.   67.   99.   95.   74.   95.   73.   45.   83.  114.  121.   43.   69.   63.    0.   16.   20.   58.   34.   38.   60.   46.   69.   65.   82.
 43.   62.   71.   89.   19.   43.   41.   53.   66.   58.   45.   56.   36.   13.   27.   27.   66.   23.   23.    7.   88.   77.   72.   46.   37.   24.   68.   51.   83.   79.   58.   79.   57.   43.   67.   98.  105.   27.   53.   51.   16.    0.   18.   52.   22.   36.   44.   30.   53.   49.   66.
 39.   58.   67.   85.   17.   39.   37.   57.   62.   54.   41.   52.   32.   31.   41.   21.   62.   19.   27.   11.   84.   73.   68.   52.   55.   42.   64.   47.   79.   75.   54.   75.   53.   25.   63.   94.  101.   23.   49.   43.   20.   18.    0.   70.   14.   18.   40.   26.   49.   45.   62.
 49.   44.   59.   47.   53.   69.   33.   13.   28.   78.   89.   60.   58.   39.   29.   79.   70.   63.   43.   59.   58.   79.   44.   18.   15.   28.   26.   41.   41.   69.   90.   37.   51.   95.   87.   58.   63.   69.   69.  103.   58.   52.   70.    0.   74.   88.   52.   52.   29.   79.   78.
 25.   44.   53.   71.   21.   25.   41.   61.   48.   40.   27.   38.   18.   35.   45.    7.   48.   11.   31.   19.   70.   59.   54.   56.   59.   46.   56.   33.   65.   61.   40.   61.   39.   21.   49.   80.   87.    9.   35.   29.   34.   22.   14.   74.    0.   14.   26.   22.   45.   31.   48.
 39.   44.   49.   67.   35.   21.   55.   75.   60.   36.   23.   34.   30.   49.   59.    9.   44.   25.   45.   29.   66.   55.   50.   70.   73.   60.   70.   47.   61.   57.   36.   61.   37.    7.   45.   76.   83.   19.   31.   25.   38.   36.   18.   88.   14.    0.   36.   36.   59.   27.   44.
  3.   18.   27.   45.   25.   17.   19.   39.   24.   26.   37.   12.    8.   41.   23.   27.   22.   21.   21.   45.   44.   33.   28.   34.   37.   26.   34.   11.   39.   35.   38.   35.   13.   43.   35.   54.   61.   17.   17.   51.   60.   44.   40.   52.   26.   36.    0.   14.   23.   27.   26.
 13.   32.   41.   59.   11.   17.   19.   39.   36.   28.   37.   26.    6.   27.   23.   27.   36.   11.    9.   31.   58.   47.   42.   34.   37.   24.   38.   21.   53.   49.   38.   49.   27.   43.   37.   68.   75.   17.   23.   51.   46.   30.   26.   52.   22.   36.   14.    0.   23.   27.   36.
 20.   15.   30.   36.   34.   40.   12.   16.   13.   49.   60.   31.   29.   50.   26.   50.   41.   34.   30.   54.   35.   50.   19.   11.   20.   35.   15.   12.   30.   40.   61.   26.   22.   66.   58.   45.   52.   40.   40.   74.   69.   53.   49.   29.   45.   59.   23.   23.    0.   50.   49.
 30.   35.   22.   40.   30.   10.   46.   66.   51.    9.   10.   19.   21.   46.   50.   24.   17.   26.   36.   50.   39.   28.   35.   61.   64.   51.   61.   38.   44.   30.   11.   52.   28.   20.   18.   49.   56.   22.   10.   24.   65.   49.   45.   79.   31.   27.   27.   27.   50.    0.   17.
 29.   34.   19.   31.   47.   23.   45.   65.   50.    8.   21.   18.   30.   63.   49.   41.    8.   43.   43.   67.   22.   11.   34.   60.   63.   50.   60.   37.   43.   13.   12.   51.   27.   37.    9.   32.   39.   39.   13.   25.   82.   66.   62.   78.   48.   44.   26.   36.   49.   17.    0.
