  0.             10.             10.             50.             50.             90.             90.            130.            130.             20.0004260205   20.0004260205   20.0004260205   20.0004260205   39.9999860125   39.9999860125   39.9999860125   39.9999860125   60.0004120319   60.0004120319   60.0004120319   60.0004120319   79.999972025    79.999972025    79.999972025    79.999972025   100.0003980442  100.0003980442  100.0003980442  100.0003980442  119.9999580375  119.9999580375  119.9999580375  119.9999580375   30.0003284815   29.9997122986   29.9997122986   30.0003284815   30.0003284815   29.9997122986   29.9997122986   30.0003284815   70.0000993856   69.9993286968   69.9993286968   70.0000993856   70.0000993856   69.9993286968   69.9993286968   70.0000993856  110.000129109   110.0003593085  110.0003593085  110.000129109   110.000129109   110.0003593085  110.0003593085  110.000129109 
 10.              0.             20.             40.             60.             80.            100.            120.            140.             12.3934273306   29.093591064    29.093591064    12.3934273306   31.7360816895   48.9164479598   48.9164479598   31.7360816895   51.583034459    68.842497369    68.842497369    51.583034459    71.5147224283   88.8011009166   88.8011009166   71.5147224283   91.4768801884  108.7756388582  108.7756388582   91.4768801884  111.4519175654  128.7573296127  128.7573296127  111.4519175654   20.5051142157   23.9942230131   37.7391406632   39.7439266933   39.7439266933   37.7391406632   23.9942230131   20.5051142157   60.3963071222   63.3242924793   77.3940954983   79.7014047179   79.7014047179   77.3940954983   63.3242924793   60.3963071222  100.3742417356  103.1718907843  117.284777563   119.6873777973  119.6873777973  117.284777563   103.1718907843  100.3742417356
 10.             20.              0.             60.             40.            100.             80.            140.            120.             29.093591064    12.3934273306   12.3934273306   29.093591064    48.9164479598   31.7360816895   31.7360816895   48.9164479598   68.842497369    51.583034459    51.583034459    68.842497369    88.8011009166   71.5147224283   71.5147224283   88.8011009166  108.7756388582   91.4768801884   91.4768801884  108.7756388582  128.7573296127  111.4519175654  111.4519175654  128.7573296127   39.7439266933   37.7391406632   23.9942230131   20.5051142157   20.5051142157   23.9942230131   37.7391406632   39.7439266933   79.7014047179   77.3940954983   63.3242924793   60.3963071222   60.3963071222   63.3242924793   77.3940954983   79.7014047179  119.6873777973  117.284777563   103.1718907843  100.3742417356  100.3742417356  103.1718907843  117.284777563   119.6873777973
 50.             40.             60.              0.            100.             40.            140.             80.            180.             34.1748012577   68.0596579554   68.0596579554   34.1748012577   25.2170355316   86.9718280882   86.9718280882   25.2170355316   30.0640889435  106.2838155318  106.2838155318   30.0640889435   44.4049042787  125.8101566806  125.8101566806   44.4049042787   61.9659552416  145.4660771761  145.4660771761   61.9659552416   80.6702543011  165.2037830348  165.2037830348   80.6702543011   22.4102590123   35.7586736052   74.3053345191   79.3588036011   79.3588036011   74.3053345191   35.7586736052   22.4102590123   25.2688328579   49.4995557354  111.1287812315  119.0021592829  119.0021592829  111.1287812315   49.4995557354   25.2688328579   63.0462402051   82.5946671886  149.5937132636  158.8245207895  158.8245207895  149.5937132636   82.5946671886   63.0462402051
 50.             60.             40.            100.              0.            140.             40.            180.             80.             68.0596579554   34.1748012577   34.1748012577   68.0596579554   86.9718280882   25.2170355316   25.2170355316   86.9718280882  106.2838155318   30.0640889435   30.0640889435  106.2838155318  125.8101566806   44.4049042787   44.4049042787  125.8101566806  145.4660771761   61.9659552416   61.9659552416  145.4660771761  165.2037830348   80.6702543011   80.6702543011  165.2037830348   79.3588036011   74.3053345191   35.7586736052   22.4102590123   22.4102590123   35.7586736052   74.3053345191   79.3588036011  119.0021592829  111.1287812315   49.4995557354   25.2688328579   25.2688328579   49.4995557354  111.1287812315  119.0021592829  158.8245207895  149.5937132636   82.5946671886   63.0462402051   63.0462402051   82.5946671886  149.5937132636  158.8245207895
 90.             80.            100.             40.            140.              0.            180.             40.            220.             73.3637311006  107.7858851659  107.7858851659   73.3637311006   58.8610132516  126.2354105669  126.2354105669   58.8610132516   48.4447050151  145.0972413384  145.0972413384   48.4447050151   45.0470367949  164.2277550355  164.2277550355   45.0470367949   50.1152632339  183.5445984196  183.5445984196   50.1152632339   61.594236167   202.9929307365  202.9929307365   61.594236167    61.5140610674   71.9836282637  113.2180318589  119.2311188784  119.2311188784  113.2180318589   71.9836282637   61.5140610674   28.7978109237   63.9565947968  148.0181273291  158.652809348   158.652809348   148.0181273291   63.9565947968   28.7978109237   32.7821354399   78.7357545719  184.9346886011  198.3062994562  198.3062994562  184.9346886011   78.7357545719   32.7821354399
 90.            100.             80.            140.             40.            180.              0.            220.             40.            107.7858851659   73.3637311006   73.3637311006  107.7858851659  126.2354105669   58.8610132516   58.8610132516  126.2354105669  145.0972413384   48.4447050151   48.4447050151  145.0972413384  164.2277550355   45.0470367949   45.0470367949  164.2277550355  183.5445984196   50.1152632339   50.1152632339  183.5445984196  202.9929307365   61.594236167    61.594236167   202.9929307365  119.2311188784  113.2180318589   71.9836282637   61.5140610674   61.5140610674   71.9836282637  113.2180318589  119.2311188784  158.652809348   148.0181273291   63.9565947968   28.7978109237   28.7978109237   63.9565947968  148.0181273291  158.652809348   198.3062994562  184.9346886011   78.7357545719   32.7821354399   32.7821354399   78.7357545719  184.9346886011  198.3062994562
130.            120.            140.             80.            180.             40.            220.              0.            260.            113.1218680937  147.6600048795  147.6600048795  113.1218680937   97.4337666366  165.8513155842  165.8513155842   97.4337666366   83.605797909   184.418462861   184.418462861    83.605797909    72.7095284265  203.2567723939  203.2567723939   72.7095284265   66.2064921968  222.299031957   222.299031957    66.2064921968   65.4217848197  241.49527931    241.49527931     65.4217848197  101.3199867203  110.8359271085  152.693689254   159.1675208986  159.1675208986  152.693689254   110.8359271085  101.3199867203   64.9624038502   94.5023069454  186.1964715509  198.443729843   198.443729843   186.1964715509   94.5023069454   64.9624038502   37.0743631638   93.6843586091  221.863469386   237.9612329855  237.9612329855  221.863469386    93.6843586091   37.0743631638
130.            140.            120.            180.             80.            220.             40.            260.              0.            147.6600048795  113.1218680937  113.1218680937  147.6600048795  165.8513155842   97.4337666366   97.4337666366  165.8513155842  184.418462861    83.605797909    83.605797909   184.418462861   203.2567723939   72.7095284265   72.7095284265  203.2567723939  222.299031957    66.2064921968   66.2064921968  222.299031957   241.49527931     65.4217848197   65.4217848197  241.49527931    159.1675208986  152.693689254   110.8359271085  101.3199867203  101.3199867203  110.8359271085  152.693689254   159.1675208986  198.443729843   186.1964715509   94.5023069454   64.9624038502   64.9624038502   94.5023069454  186.1964715509  198.443729843   237.9612329855  221.863469386    93.6843586091   37.0743631638   37.0743631638   93.6843586091  221.863469386   237.9612329855
 20.0004260205   12.3934273306   29.093591064    34.1748012577   68.0596579554   73.3637311006  107.7858851659  113.1218680937  147.6600048795    0.             34.642          40.0008520409   20.             19.9995599952   52.9154934211   60.0004120319   34.6407621163   39.9999860125   72.1119552432   80.0008380519   52.9150156477   59.9995460066   91.6519482008  100.0003980442   72.1106477644   79.999972025   111.3561752935  120.0008240638   91.6514894805   99.9995320189  131.1491804626  140.0003840566  111.3548669974   11.8693249176   11.8692473645   40.1322878117   46.352913889    49.5902472871   49.5895203143   31.4547140028   21.2480793014   50.9447948764   50.9441653676   77.6186712911   85.3229733718   89.4689319541   89.468084438    67.6401359032   57.6198934831   90.8287600983   90.8291365422  116.7860442562  124.9456971208  129.4226689147  129.422796033   106.5889865089   96.8951168068
 20.0004260205   29.093591064    12.3934273306   68.0596579554   34.1748012577  107.7858851659   73.3637311006  147.6600048795  113.1218680937   34.642           0.             20.             40.0008520409   52.9154934211   19.9995599952   34.6407621163   60.0004120319   72.1119552432   39.9999860125   52.9150156477   80.0008380519   91.6519482008   59.9995460066   72.1106477644  100.0003980442  111.3561752935   79.999972025    91.6514894805  120.0008240638  131.1491804626   99.9995320189  111.3548669974  140.0003840566   46.352913889    40.1322878117   11.8692473645   11.8693249176   21.2480793014   31.4547140028   49.5895203143   49.5902472871   85.3229733718   77.6186712911   50.9441653676   50.9447948764   57.6198934831   67.6401359032   89.468084438    89.4689319541  124.9456971208  116.7860442562   90.8291365422   90.8287600983   96.8951168068  106.5889865089  129.422796033   129.4226689147
 20.0004260205   29.093591064    12.3934273306   68.0596579554   34.1748012577  107.7858851659   73.3637311006  147.6600048795  113.1218680937   40.0008520409   20.              0.             34.642          60.0004120319   34.6407621163   19.9995599952   52.9154934211   80.0008380519   52.9150156477   39.9999860125   72.1119552432  100.0003980442   72.1106477644   59.9995460066   91.6519482008  120.0008240638   91.6514894805   79.999972025   111.3561752935  140.0003840566  111.3548669974   99.9995320189  131.1491804626   49.5902472871   49.5895203143   31.4547140028   21.2480793014   11.8693249176   11.8692473645   40.1322878117   46.352913889    89.4689319541   89.468084438    67.6401359032   57.6198934831   50.9447948764   50.9441653676   77.6186712911   85.3229733718  129.4226689147  129.422796033   106.5889865089   96.8951168068   90.8287600983   90.8291365422  116.7860442562  124.9456971208
 20.0004260205   12.3934273306   29.093591064    34.1748012577   68.0596579554   73.3637311006  107.7858851659  113.1218680937  147.6600048795   20.             40.0008520409   34.642           0.             34.6407621163   60.0004120319   52.9154934211   19.9995599952   52.9150156477   80.0008380519   72.1119552432   39.9999860125   72.1106477644  100.0003980442   91.6519482008   59.9995460066   91.6514894805  120.0008240638  111.3561752935   79.999972025   111.3548669974  140.0003840566  131.1491804626   99.9995320189   21.2480793014   31.4547140028   49.5895203143   49.5902472871   46.352913889    40.1322878117   11.8692473645   11.8693249176   57.6198934831   67.6401359032   89.468084438    89.4689319541   85.3229733718   77.6186712911   50.9441653676   50.9447948764   96.8951168068  106.5889865089  129.422796033   129.4226689147  124.9456971208  116.7860442562   90.8291365422   90.8287600983
 39.9999860125   31.7360816895   48.9164479598   25.2170355316   86.9718280882   58.8610132516  126.2354105669   97.4337666366  165.8513155842   19.9995599952   52.9154934211   60.0004120319   34.6407621163    0.             69.282          79.999972025    40.             20.0004260205   87.1784354585  100.0003980442   52.9151872434   39.9999860125  105.8300048616  119.9999580375   69.2820242271   60.0004120319  124.9003904558  140.0003840566   87.1782624511   79.999972025   144.2219889476  159.99994405    105.8300312955   13.4820174306   13.4826760326   55.8671700107   64.7848160142   69.4137766297   69.4131160877   43.3453867557   28.3366334274   33.0277211597   33.0268639898   89.158712715   102.2733358457  109.1292592525  109.1285299681   71.0671073353   50.4003012392   72.1101672512   72.110369608   126.4028894171  141.1473639463  148.9972427564  148.9974847204  106.8759346392   86.472401499 
 39.9999860125   48.9164479598   31.7360816895   86.9718280882   25.2170355316  126.2354105669   58.8610132516  165.8513155842   97.4337666366   52.9154934211   19.9995599952   34.6407621163   60.0004120319   69.282           0.             40.             79.999972025    87.1784354585   20.0004260205   52.9151872434  100.0003980442  105.8300048616   39.9999860125   69.2820242271  119.9999580375  124.9003904558   60.0004120319   87.1782624511  140.0003840566  144.2219889476   79.999972025   105.8300312955  159.99994405     64.7848160142   55.8671700107   13.4826760326   13.4820174306   28.3366334274   43.3453867557   69.4131160877   69.4137766297  102.2733358457   89.158712715    33.0268639898   33.0277211597   50.4003012392   71.0671073353  109.1285299681  109.1292592525  141.1473639463  126.4028894171   72.110369608    72.1101672512   86.472401499   106.8759346392  148.9974847204  148.9972427564
 39.9999860125   48.9164479598   31.7360816895   86.9718280882   25.2170355316  126.2354105669   58.8610132516  165.8513155842   97.4337666366   60.0004120319   34.6407621163   19.9995599952   52.9154934211   79.999972025    40.              0.             69.282         100.0003980442   52.9151872434   20.0004260205   87.1784354585  119.9999580375   69.2820242271   39.9999860125  105.8300048616  140.0003840566   87.1782624511   60.0004120319  124.9003904558  159.99994405    105.8300312955   79.999972025   144.2219889476   69.4137766297   69.4131160877   43.3453867557   28.3366334274   13.4820174306   13.4826760326   55.8671700107   64.7848160142  109.1292592525  109.1285299681   71.0671073353   50.4003012392   33.0277211597   33.0268639898   89.158712715   102.2733358457  148.9972427564  148.9974847204  106.8759346392   86.472401499    72.1101672512   72.110369608   126.4028894171  141.1473639463
 39.9999860125   31.7360816895   48.9164479598   25.2170355316   86.9718280882   58.8610132516  126.2354105669   97.4337666366  165.8513155842   34.6407621163   60.0004120319   52.9154934211   19.9995599952   40.             79.999972025    69.282           0.             52.9151872434  100.0003980442   87.1784354585   20.0004260205   69.2820242271  119.9999580375  105.8300048616   39.9999860125   87.1782624511  140.0003840566  124.9003904558   60.0004120319  105.8300312955  159.99994405    144.2219889476   79.999972025    28.3366334274   43.3453867557   69.4131160877   69.4137766297   64.7848160142   55.8671700107   13.4826760326   13.4820174306   50.4003012392   71.0671073353  109.1285299681  109.1292592525  102.2733358457   89.158712715    33.0268639898   33.0277211597   86.472401499   106.8759346392  148.9974847204  148.9972427564  141.1473639463  126.4028894171   72.110369608    72.1101672512
 60.0004120319   51.583034459    68.842497369    30.0640889435  106.2838155318   48.4447050151  145.0972413384   83.605797909   184.418462861    39.9999860125   72.1119552432   80.0008380519   52.9150156477   20.0004260205   87.1784354585  100.0003980442   52.9151872434    0.            103.924         120.0008240638   60.             19.9995599952  121.6556925754  140.0003840566   72.1109034751   39.9999860125  140.0009258005  160.0008100761   87.1779724529   59.9995460066  158.7454982826  180.0003700691  103.9227863416   31.9790475312   31.9798744525   73.7006919506   83.9385419518   89.3167331747   89.3160231649   59.7350179543   44.2092691751   19.6525341368   19.6522068481  103.3153506987  120.1659877752  128.8949363552  128.894149169    79.5352075121   50.5990325797   54.31155494     54.3119869274  138.2628838843  158.2213977185  168.6724953749  168.6726565274  110.8315475124   79.788125683 
 60.0004120319   68.842497369    51.583034459   106.2838155318   30.0640889435  145.0972413384   48.4447050151  184.418462861    83.605797909    72.1119552432   39.9999860125   52.9150156477   80.0008380519   87.1784354585   20.0004260205   52.9151872434  100.0003980442  103.924           0.             60.            120.0008240638  121.6556925754   19.9995599952   72.1109034751  140.0003840566  140.0009258005   39.9999860125   87.1779724529  160.0008100761  158.7454982826   59.9995460066  103.9227863416  180.0003700691   83.9385419518   73.7006919506   31.9798744525   31.9790475312   44.2092691751   59.7350179543   89.3160231649   89.3167331747  120.1659877752  103.3153506987   19.6522068481   19.6525341368   50.5990325797   79.5352075121  128.894149169   128.8949363552  158.2213977185  138.2628838843   54.3119869274   54.31155494     79.788125683   110.8315475124  168.6726565274  168.6724953749
 60.0004120319   68.842497369    51.583034459   106.2838155318   30.0640889435  145.0972413384   48.4447050151  184.418462861    83.605797909    80.0008380519   52.9150156477   39.9999860125   72.1119552432  100.0003980442   52.9151872434   20.0004260205   87.1784354585  120.0008240638   60.              0.            103.924         140.0003840566   72.1109034751   19.9995599952  121.6556925754  160.0008100761   87.1779724529   39.9999860125  140.0009258005  180.0003700691  103.9227863416   59.9995460066  158.7454982826   89.3167331747   89.3160231649   59.7350179543   44.2092691751   31.9790475312   31.9798744525   73.7006919506   83.9385419518  128.8949363552  128.894149169    79.5352075121   50.5990325797   19.6525341368   19.6522068481  103.3153506987  120.1659877752  168.6724953749  168.6726565274  110.8315475124   79.788125683    54.31155494     54.3119869274  138.2628838843  158.2213977185
 60.0004120319   51.583034459    68.842497369    30.0640889435  106.2838155318   48.4447050151  145.0972413384   83.605797909   184.418462861    52.9150156477   80.0008380519   72.1119552432   39.9999860125   52.9151872434  100.0003980442   87.1784354585   20.0004260205   60.            120.0008240638  103.924           0.             72.1109034751  140.0003840566  121.6556925754   19.9995599952   87.1779724529  160.0008100761  140.0009258005   39.9999860125  103.9227863416  180.0003700691  158.7454982826   59.9995460066   44.2092691751   59.7350179543   89.3160231649   89.3167331747   83.9385419518   73.7006919506   31.9798744525   31.9790475312   50.5990325797   79.5352075121  128.894149169   128.8949363552  120.1659877752  103.3153506987   19.6522068481   19.6525341368   79.788125683   110.8315475124  168.6726565274  168.6724953749  158.2213977185  138.2628838843   54.3119869274   54.31155494  
 79.999972025    71.5147224283   88.8011009166   44.4049042787  125.8101566806   45.0470367949  164.2277550355   72.7095284265  203.2567723939   59.9995460066   91.6519482008  100.0003980442   72.1106477644   39.9999860125  105.8300048616  119.9999580375   69.2820242271   19.9995599952  121.6556925754  140.0003840566   72.1109034751    0.            138.564         159.99994405     80.             20.0004260205  156.2054199604  180.0003700691   91.6516068653   39.9999860125  174.3558775178  199.9999300625  105.8300471558   51.6091817509   51.609884034    92.4245443267  103.4123920282  109.2543949917  109.2537248518   77.8309715345   62.497261068    21.9464023931   21.9462806416  119.1580624633  138.6349678039  148.7224740851  148.7217665643   91.6578378209   58.1409027966   38.726241749    38.7263414745  151.8397168728  175.9122680656  188.415302075   188.4155503667  118.0883123937   77.8133780272
 79.999972025    88.8011009166   71.5147224283  125.8101566806   44.4049042787  164.2277550355   45.0470367949  203.2567723939   72.7095284265   91.6519482008   59.9995460066   72.1106477644  100.0003980442  105.8300048616   39.9999860125   69.2820242271  119.9999580375  121.6556925754   19.9995599952   72.1109034751  140.0003840566  138.564           0.             80.            159.99994405    156.2054199604   20.0004260205   91.6516068653  180.0003700691  174.3558775178   39.9999860125  105.8300471558  199.9999300625  103.4123920282   92.4245443267   51.609884034    51.6091817509   62.497261068    77.8309715345  109.2537248518  109.2543949917  138.6349678039  119.1580624633   21.9462806416   21.9464023931   58.1409027966   91.6578378209  148.7217665643  148.7224740851  175.9122680656  151.8397168728   38.7263414745   38.726241749    77.8133780272  118.0883123937  188.4155503667  188.415302075 
 79.999972025    88.8011009166   71.5147224283  125.8101566806   44.4049042787  164.2277550355   45.0470367949  203.2567723939   72.7095284265  100.0003980442   72.1106477644   59.9995460066   91.6519482008  119.9999580375   69.2820242271   39.9999860125  105.8300048616  140.0003840566   72.1109034751   19.9995599952  121.6556925754  159.99994405     80.              0.            138.564         180.0003700691   91.6516068653   20.0004260205  156.2054199604  199.9999300625  105.8300471558   39.9999860125  174.3558775178  109.2543949917  109.2537248518   77.8309715345   62.497261068    51.6091817509   51.609884034    92.4245443267  103.4123920282  148.7224740851  148.7217665643   91.6578378209   58.1409027966   21.9464023931   21.9462806416  119.1580624633  138.6349678039  188.415302075   188.4155503667  118.0883123937   77.8133780272   38.726241749    38.7263414745  151.8397168728  175.9122680656
 79.999972025    71.5147224283   88.8011009166   44.4049042787  125.8101566806   45.0470367949  164.2277550355   72.7095284265  203.2567723939   72.1106477644  100.0003980442   91.6519482008   59.9995460066   69.2820242271  119.9999580375  105.8300048616   39.9999860125   72.1109034751  140.0003840566  121.6556925754   19.9995599952   80.            159.99994405    138.564           0.             91.6516068653  180.0003700691  156.2054199604   20.0004260205  105.8300471558  199.9999300625  174.3558775178   39.9999860125   62.497261068    77.8309715345  109.2537248518  109.2543949917  103.4123920282   92.4245443267   51.609884034    51.6091817509   58.1409027966   91.6578378209  148.7217665643  148.7224740851  138.6349678039  119.1580624633   21.9462806416   21.9464023931   77.8133780272  118.0883123937  188.4155503667  188.415302075   175.9122680656  151.8397168728   38.7263414745   38.726241749 
100.0003980442   91.4768801884  108.7756388582   61.9659552416  145.4660771761   50.1152632339  183.5445984196   66.2064921968  222.299031957    79.999972025   111.3561752935  120.0008240638   91.6514894805   60.0004120319  124.9003904558  140.0003840566   87.1782624511   39.9999860125  140.0009258005  160.0008100761   87.1779724529   20.0004260205  156.2054199604  180.0003700691   91.6516068653    0.            173.206         200.0007960884  100.             19.9995599952  190.7882508856  220.0003560815  111.3552082302   71.4453346972   71.4460878495  111.5929264111  123.0559335668  129.21208452    129.2113819483   96.6806261306   81.5931115352   37.1088915625   37.1094091168  136.1009294935  157.4792596281  168.5915692228  168.5908153163  106.1909047188   70.7140002616   29.1483121467   29.148748944   166.7161292407  194.0530647143  208.2080496162  208.2082317033  128.086102154    80.8926702551
100.0003980442  108.7756388582   91.4768801884  145.4660771761   61.9659552416  183.5445984196   50.1152632339  222.299031957    66.2064921968  111.3561752935   79.999972025    91.6514894805  120.0008240638  124.9003904558   60.0004120319   87.1782624511  140.0003840566  140.0009258005   39.9999860125   87.1779724529  160.0008100761  156.2054199604   20.0004260205   91.6516068653  180.0003700691  173.206           0.            100.            200.0007960884  190.7882508856   19.9995599952  111.3552082302  220.0003560815  123.0559335668  111.5929264111   71.4460878495   71.4453346972   81.5931115352   96.6806261306  129.2113819483  129.21208452    157.4792596281  136.1009294935   37.1094091168   37.1088915625   70.7140002616  106.1909047188  168.5908153163  168.5915692228  194.0530647143  166.7161292407   29.148748944    29.1483121467   80.8926702551  128.086102154   208.2082317033  208.2080496162
100.0003980442  108.7756388582   91.4768801884  145.4660771761   61.9659552416  183.5445984196   50.1152632339  222.299031957    66.2064921968  120.0008240638   91.6514894805   79.999972025   111.3561752935  140.0003840566   87.1782624511   60.0004120319  124.9003904558  160.0008100761   87.1779724529   39.9999860125  140.0009258005  180.0003700691   91.6516068653   20.0004260205  156.2054199604  200.0007960884  100.              0.            173.206         220.0003560815  111.3552082302   19.9995599952  190.7882508856  129.21208452    129.2113819483   96.6806261306   81.5931115352   71.4453346972   71.4460878495  111.5929264111  123.0559335668  168.5915692228  168.5908153163  106.1909047188   70.7140002616   37.1088915625   37.1094091168  136.1009294935  157.4792596281  208.2080496162  208.2082317033  128.086102154    80.8926702551   29.1483121467   29.148748944   166.7161292407  194.0530647143
100.0003980442   91.4768801884  108.7756388582   61.9659552416  145.4660771761   50.1152632339  183.5445984196   66.2064921968  222.299031957    91.6514894805  120.0008240638  111.3561752935   79.999972025    87.1782624511  140.0003840566  124.9003904558   60.0004120319   87.1779724529  160.0008100761  140.0009258005   39.9999860125   91.6516068653  180.0003700691  156.2054199604   20.0004260205  100.            200.0007960884  173.206           0.            111.3552082302  220.0003560815  190.7882508856   19.9995599952   81.5931115352   96.6806261306  129.2113819483  129.21208452    123.0559335668  111.5929264111   71.4460878495   71.4453346972   70.7140002616  106.1909047188  168.5908153163  168.5915692228  157.4792596281  136.1009294935   37.1094091168   37.1088915625   80.8926702551  128.086102154   208.2082317033  208.2080496162  194.0530647143  166.7161292407   29.148748944    29.1483121467
119.9999580375  111.4519175654  128.7573296127   80.6702543011  165.2037830348   61.594236167   202.9929307365   65.4217848197  241.49527931     99.9995320189  131.1491804626  140.0003840566  111.3548669974   79.999972025   144.2219889476  159.99994405    105.8300312955   59.9995460066  158.7454982826  180.0003700691  103.9227863416   39.9999860125  174.3558775178  199.9999300625  105.8300471558   19.9995599952  190.7882508856  220.0003560815  111.3552082302    0.            207.846         239.999916075   120.             91.3523302932   91.3530266001  131.0093502961  142.7976576349  149.18033056    149.1796563376  115.9158982582  101.0388452527   55.4297442985   55.4301586233  153.7790928865  176.5770968529  188.4875357497  188.4868414744  122.2774815123   86.1425362582   31.6159001295   31.6156828963  182.5730170343  212.5268724773  228.0361189044  228.03637111    140.2399066065   88.5006505117
119.9999580375  128.7573296127  111.4519175654  165.2037830348   80.6702543011  202.9929307365   61.594236167   241.49527931     65.4217848197  131.1491804626   99.9995320189  111.3548669974  140.0003840566  144.2219889476   79.999972025   105.8300312955  159.99994405    158.7454982826   59.9995460066  103.9227863416  180.0003700691  174.3558775178   39.9999860125  105.8300471558  199.9999300625  190.7882508856   19.9995599952  111.3552082302  220.0003560815  207.846           0.            120.            239.999916075   142.7976576349  131.0093502961   91.3530266001   91.3523302932  101.0388452527  115.9158982582  149.1796563376  149.18033056    176.5770968529  153.7790928865   55.4301586233   55.4297442985   86.1425362582  122.2774815123  188.4868414744  188.4875357497  212.5268724773  182.5730170343   31.6156828963   31.6159001295   88.5006505117  140.2399066065  228.03637111    228.0361189044
119.9999580375  128.7573296127  111.4519175654  165.2037830348   80.6702543011  202.9929307365   61.594236167   241.49527931     65.4217848197  140.0003840566  111.3548669974   99.9995320189  131.1491804626  159.99994405    105.8300312955   79.999972025   144.2219889476  180.0003700691  103.9227863416   59.9995460066  158.7454982826  199.9999300625  105.8300471558   39.9999860125  174.3558775178  220.0003560815  111.3552082302   19.9995599952  190.7882508856  239.999916075   120.              0.            207.846         149.18033056    149.1796563376  115.9158982582  101.0388452527   91.3523302932   91.3530266001  131.0093502961  142.7976576349  188.4875357497  188.4868414744  122.2774815123   86.1425362582   55.4297442985   55.4301586233  153.7790928865  176.5770968529  228.0361189044  228.03637111    140.2399066065   88.5006505117   31.6159001295   31.6156828963  182.5730170343  212.5268724773
119.9999580375  111.4519175654  128.7573296127   80.6702543011  165.2037830348   61.594236167   202.9929307365   65.4217848197  241.49527931    111.3548669974  140.0003840566  131.1491804626   99.9995320189  105.8300312955  159.99994405    144.2219889476   79.999972025   103.9227863416  180.0003700691  158.7454982826   59.9995460066  105.8300471558  199.9999300625  174.3558775178   39.9999860125  111.3552082302  220.0003560815  190.7882508856   19.9995599952  120.            239.999916075   207.846           0.            101.0388452527  115.9158982582  149.1796563376  149.18033056    142.7976576349  131.0093502961   91.3530266001   91.3523302932   86.1425362582  122.2774815123  188.4868414744  188.4875357497  176.5770968529  153.7790928865   55.4301586233   55.4297442985   88.5006505117  140.2399066065  228.03637111    228.0361189044  212.5268724773  182.5730170343   31.6156828963   31.6159001295
 30.0003284815   20.5051142157   39.7439266933   22.4102590123   79.3588036011   61.5140610674  119.2311188784  101.3199867203  159.1675208986   11.8693249176   46.352913889    49.5902472871   21.2480793014   13.4820174306   64.7848160142   69.4137766297   28.3366334274   31.9790475312   83.9385419518   89.3167331747   44.2092691751   51.6091817509  103.4123920282  109.2543949917   62.497261068    71.4453346972  123.0559335668  129.21208452     81.5931115352   91.3523302932  142.7976576349  149.18033056    101.0388452527    0.             15.5288096453   51.9613816695   57.956          60.0006569631   57.9556810416   30.0003284815   15.53           39.9997709118   46.5036470075   88.8812997711   97.1461350389  100.0004278641   97.1455725651   60.8273458652   46.5047921509   79.999800631    85.3475875757  127.6717583845  136.8058841023  140.0004575885  136.8063843868   98.48918532     85.347796111 
 29.9997122986   23.9942230131   37.7391406632   35.7586736052   74.3053345191   71.9836282637  113.2180318589  110.8359271085  152.693689254    11.8692473645   40.1322878117   49.5895203143   31.4547140028   13.4826760326   55.8671700107   69.4131160877   43.3453867557   31.9798744525   73.7006919506   89.3160231649   59.7350179543   51.609884034    92.4245443267  109.2537248518   77.8309715345   71.4460878495  111.5929264111  129.2113819483   96.6806261306   91.3530266001  131.0093502961  149.1796563376  115.9158982582   15.5288096453    0.             42.426          51.9613816695   57.9556810416   59.9994245972   42.426          30.0003284815   46.5051698201   39.9996163982   76.1570007025   88.8819374226   97.1455736717   99.9990409954   76.1570007025   60.8275801261   85.3480847471   80.0006470099  114.0178134591  127.6714152581  136.8054337883  140.0000716071  114.0178134591   98.488740524 
 29.9997122986   37.7391406632   23.9942230131   74.3053345191   35.7586736052  113.2180318589   71.9836282637  152.693689254   110.8359271085   40.1322878117   11.8692473645   31.4547140028   49.5895203143   55.8671700107   13.4826760326   43.3453867557   69.4131160877   73.7006919506   31.9798744525   59.7350179543   89.3160231649   92.4245443267   51.609884034    77.8309715345  109.2537248518  111.5929264111   71.4460878495   96.6806261306  129.2113819483  131.0093502961   91.3530266001  115.9158982582  149.1796563376   51.9613816695   42.426           0.             15.5288096453   30.0003284815   42.426          59.9994245972   57.9556810416   88.8819374226   76.1570007025   39.9996163982   46.5051698201   60.8275801261   76.1570007025   99.9990409954   97.1455736717  127.6714152581  114.0178134591   80.0006470099   85.3480847471   98.488740524   114.0178134591  140.0000716071  136.8054337883
 30.0003284815   39.7439266933   20.5051142157   79.3588036011   22.4102590123  119.2311188784   61.5140610674  159.1675208986  101.3199867203   46.352913889    11.8693249176   21.2480793014   49.5902472871   64.7848160142   13.4820174306   28.3366334274   69.4137766297   83.9385419518   31.9790475312   44.2092691751   89.3167331747  103.4123920282   51.6091817509   62.497261068   109.2543949917  123.0559335668   71.4453346972   81.5931115352  129.21208452    142.7976576349   91.3523302932  101.0388452527  149.18033056     57.956          51.9613816695   15.5288096453    0.             15.53           30.0003284815   57.9556810416   60.0006569631   97.1461350389   88.8812997711   46.5036470075   39.9997709118   46.5047921509   60.8273458652   97.1455725651  100.0004278641  136.8058841023  127.6717583845   85.3475875757   79.999800631    85.347796111    98.48918532    136.8063843868  140.0004575885
 30.0003284815   39.7439266933   20.5051142157   79.3588036011   22.4102590123  119.2311188784   61.5140610674  159.1675208986  101.3199867203   49.5902472871   21.2480793014   11.8693249176   46.352913889    69.4137766297   28.3366334274   13.4820174306   64.7848160142   89.3167331747   44.2092691751   31.9790475312   83.9385419518  109.2543949917   62.497261068    51.6091817509  103.4123920282  129.21208452     81.5931115352   71.4453346972  123.0559335668  149.18033056    101.0388452527   91.3523302932  142.7976576349   60.0006569631   57.9556810416   30.0003284815   15.53            0.             15.5288096453   51.9613816695   57.956         100.0004278641   97.1455725651   60.8273458652   46.5047921509   39.9997709118   46.5036470075   88.8812997711   97.1461350389  140.0004575885  136.8063843868   98.48918532     85.347796111    79.999800631    85.3475875757  127.6717583845  136.8058841023
 29.9997122986   37.7391406632   23.9942230131   74.3053345191   35.7586736052  113.2180318589   71.9836282637  152.693689254   110.8359271085   49.5895203143   31.4547140028   11.8692473645   40.1322878117   69.4131160877   43.3453867557   13.4826760326   55.8671700107   89.3160231649   59.7350179543   31.9798744525   73.7006919506  109.2537248518   77.8309715345   51.609884034    92.4245443267  129.2113819483   96.6806261306   71.4460878495  111.5929264111  149.1796563376  115.9158982582   91.3530266001  131.0093502961   57.9556810416   59.9994245972   42.426          30.0003284815   15.5288096453    0.             42.426          51.9613816695   97.1455736717   99.9990409954   76.1570007025   60.8275801261   46.5051698201   39.9996163982   76.1570007025   88.8819374226  136.8054337883  140.0000716071  114.0178134591   98.488740524    85.3480847471   80.0006470099  114.0178134591  127.6714152581
 29.9997122986   23.9942230131   37.7391406632   35.7586736052   74.3053345191   71.9836282637  113.2180318589  110.8359271085  152.693689254    31.4547140028   49.5895203143   40.1322878117   11.8692473645   43.3453867557   69.4131160877   55.8671700107   13.4826760326   59.7350179543   89.3160231649   73.7006919506   31.9798744525   77.8309715345  109.2537248518   92.4245443267   51.609884034    96.6806261306  129.2113819483  111.5929264111   71.4460878495  115.9158982582  149.1796563376  131.0093502961   91.3530266001   30.0003284815   42.426          59.9994245972   57.9556810416   51.9613816695   42.426           0.             15.5288096453   60.8275801261   76.1570007025   99.9990409954   97.1455736717   88.8819374226   76.1570007025   39.9996163982   46.5051698201   98.488740524   114.0178134591  140.0000716071  136.8054337883  127.6714152581  114.0178134591   80.0006470099   85.3480847471
 30.0003284815   20.5051142157   39.7439266933   22.4102590123   79.3588036011   61.5140610674  119.2311188784  101.3199867203  159.1675208986   21.2480793014   49.5902472871   46.352913889    11.8693249176   28.3366334274   69.4137766297   64.7848160142   13.4820174306   44.2092691751   89.3167331747   83.9385419518   31.9790475312   62.497261068   109.2543949917  103.4123920282   51.6091817509   81.5931115352  129.21208452    123.0559335668   71.4453346972  101.0388452527  149.18033056    142.7976576349   91.3523302932   15.53           30.0003284815   57.9556810416   60.0006569631   57.956          51.9613816695   15.5288096453    0.             46.5047921509   60.8273458652   97.1455725651  100.0004278641   97.1461350389   88.8812997711   46.5036470075   39.9997709118   85.347796111    98.48918532    136.8063843868  140.0004575885  136.8058841023  127.6717583845   85.3475875757   79.999800631 
 70.0000993856   60.3963071222   79.7014047179   25.2688328579  119.0021592829   28.7978109237  158.652809348    64.9624038502  198.443729843    50.9447948764   85.3229733718   89.4689319541   57.6198934831   33.0277211597  102.2733358457  109.1292592525   50.4003012392   19.6525341368  120.1659877752  128.8949363552   50.5990325797   21.9464023931  138.6349678039  148.7224740851   58.1409027966   37.1088915625  157.4792596281  168.5915692228   70.7140002616   55.4297442985  176.5770968529  188.4875357497   86.1425362582   39.9997709118   46.5051698201   88.8819374226   97.1461350389  100.0004278641   97.1455736717   60.8275801261   46.5047921509    0.             36.2348771766  121.2432470037  135.23          140.0001987713  135.2289670892   69.9993922831   36.234          40.000029725    60.5250370838  157.1629722104  174.1749646132  180.0002284943  174.1749287642   96.4364354899   60.524097168 
 69.9993286968   63.3242924793   77.3940954983   49.4995557354  111.1287812315   63.9565947968  148.0181273291   94.5023069454  186.1964715509   50.9441653676   77.6186712911   89.468084438    67.6401359032   33.0268639898   89.158712715   109.1285299681   71.0671073353   19.6522068481  103.3153506987  128.894149169    79.5352075121   21.9462806416  119.1580624633  148.7217665643   91.6578378209   37.1094091168  136.1009294935  168.5908153163  106.1909047188   55.4301586233  153.7790928865  188.4868414744  122.2774815123   46.5036470075   39.9996163982   76.1570007025   88.8812997711   97.1455725651   99.9990409954   76.1570007025   60.8273458652   36.2348771766    0.             98.994         121.2432470037  135.2289670892  139.9986573936   98.994          69.9993922831   60.5249101941   40.0010306117  130.3839908348  157.1619729133  174.1740626213  179.9996880053  130.3839908348   96.4364200601
 69.9993286968   77.3940954983   63.3242924793  111.1287812315   49.4995557354  148.0181273291   63.9565947968  186.1964715509   94.5023069454   77.6186712911   50.9441653676   67.6401359032   89.468084438    89.158712715    33.0268639898   71.0671073353  109.1285299681  103.3153506987   19.6522068481   79.5352075121  128.894149169   119.1580624633   21.9462806416   91.6578378209  148.7217665643  136.1009294935   37.1094091168  106.1909047188  168.5908153163  153.7790928865   55.4301586233  122.2774815123  188.4868414744   88.8812997711   76.1570007025   39.9996163982   46.5036470075   60.8273458652   76.1570007025   99.9990409954   97.1455725651  121.2432470037   98.994           0.             36.2348771766   69.9993922831   98.994         139.9986573936  135.2289670892  157.1619729133  130.3839908348   40.0010306117   60.5249101941   96.4364200601  130.3839908348  179.9996880053  174.1740626213
 70.0000993856   79.7014047179   60.3963071222  119.0021592829   25.2688328579  158.652809348    28.7978109237  198.443729843    64.9624038502   85.3229733718   50.9447948764   57.6198934831   89.4689319541  102.2733358457   33.0277211597   50.4003012392  109.1292592525  120.1659877752   19.6525341368   50.5990325797  128.8949363552  138.6349678039   21.9464023931   58.1409027966  148.7224740851  157.4792596281   37.1088915625   70.7140002616  168.5915692228  176.5770968529   55.4297442985   86.1425362582  188.4875357497   97.1461350389   88.8819374226   46.5051698201   39.9997709118   46.5047921509   60.8275801261   97.1455736717  100.0004278641  135.23          121.2432470037   36.2348771766    0.             36.234          69.9993922831  135.2289670892  140.0001987713  174.1749646132  157.1629722104   60.5250370838   40.000029725    60.524097168    96.4364354899  174.1749287642  180.0002284943
 70.0000993856   79.7014047179   60.3963071222  119.0021592829   25.2688328579  158.652809348    28.7978109237  198.443729843    64.9624038502   89.4689319541   57.6198934831   50.9447948764   85.3229733718  109.1292592525   50.4003012392   33.0277211597  102.2733358457  128.8949363552   50.5990325797   19.6525341368  120.1659877752  148.7224740851   58.1409027966   21.9464023931  138.6349678039  168.5915692228   70.7140002616   37.1088915625  157.4792596281  188.4875357497   86.1425362582   55.4297442985  176.5770968529  100.0004278641   97.1455736717   60.8275801261   46.5047921509   39.9997709118   46.5051698201   88.8819374226   97.1461350389  140.0001987713  135.2289670892   69.9993922831   36.234           0.             36.2348771766  121.2432470037  135.23          180.0002284943  174.1749287642   96.4364354899   60.524097168    40.000029725    60.5250370838  157.1629722104  174.1749646132
 69.9993286968   77.3940954983   63.3242924793  111.1287812315   49.4995557354  148.0181273291   63.9565947968  186.1964715509   94.5023069454   89.468084438    67.6401359032   50.9441653676   77.6186712911  109.1285299681   71.0671073353   33.0268639898   89.158712715   128.894149169    79.5352075121   19.6522068481  103.3153506987  148.7217665643   91.6578378209   21.9462806416  119.1580624633  168.5908153163  106.1909047188   37.1094091168  136.1009294935  188.4868414744  122.2774815123   55.4301586233  153.7790928865   97.1455725651   99.9990409954   76.1570007025   60.8273458652   46.5036470075   39.9996163982   76.1570007025   88.8812997711  135.2289670892  139.9986573936   98.994          69.9993922831   36.2348771766    0.             98.994         121.2432470037  174.1740626213  179.9996880053  130.3839908348   96.4364200601   60.5249101941   40.0010306117  130.3839908348  157.1619729133
 69.9993286968   63.3242924793   77.3940954983   49.4995557354  111.1287812315   63.9565947968  148.0181273291   94.5023069454  186.1964715509   67.6401359032   89.468084438    77.6186712911   50.9441653676   71.0671073353  109.1285299681   89.158712715    33.0268639898   79.5352075121  128.894149169   103.3153506987   19.6522068481   91.6578378209  148.7217665643  119.1580624633   21.9462806416  106.1909047188  168.5908153163  136.1009294935   37.1094091168  122.2774815123  188.4868414744  153.7790928865   55.4301586233   60.8273458652   76.1570007025   99.9990409954   97.1455725651   88.8812997711   76.1570007025   39.9996163982   46.5036470075   69.9993922831   98.994         139.9986573936  135.2289670892  121.2432470037   98.994           0.             36.2348771766   96.4364200601  130.3839908348  179.9996880053  174.1740626213  157.1619729133  130.3839908348   40.0010306117   60.5249101941
 70.0000993856   60.3963071222   79.7014047179   25.2688328579  119.0021592829   28.7978109237  158.652809348    64.9624038502  198.443729843    57.6198934831   89.4689319541   85.3229733718   50.9447948764   50.4003012392  109.1292592525  102.2733358457   33.0277211597   50.5990325797  128.8949363552  120.1659877752   19.6525341368   58.1409027966  148.7224740851  138.6349678039   21.9464023931   70.7140002616  168.5915692228  157.4792596281   37.1088915625   86.1425362582  188.4875357497  176.5770968529   55.4297442985   46.5047921509   60.8275801261   97.1455736717  100.0004278641   97.1461350389   88.8819374226   46.5051698201   39.9997709118   36.234          69.9993922831  135.2289670892  140.0001987713  135.23          121.2432470037   36.2348771766    0.             60.524097168    96.4364354899  174.1749287642  180.0002284943  174.1749646132  157.1629722104   60.5250370838   40.000029725 
110.000129109   100.3742417356  119.6873777973   63.0462402051  158.8245207895   32.7821354399  198.3062994562   37.0743631638  237.9612329855   90.8287600983  124.9456971208  129.4226689147   96.8951168068   72.1101672512  141.1473639463  148.9972427564   86.472401499    54.31155494    158.2213977185  168.6724953749   79.788125683    38.726241749   175.9122680656  188.415302075    77.8133780272   29.1483121467  194.0530647143  208.2080496162   80.8926702551   31.6159001295  212.5268724773  228.0361189044   88.5006505117   79.999800631    85.3480847471  127.6714152581  136.8058841023  140.0004575885  136.8054337883   98.488740524    85.347796111    40.000029725    60.5249101941  157.1619729133  174.1749646132  180.0002284943  174.1740626213   96.4364200601   60.524097168     0.             56.940444712   190.5260782675  212.504         220.000258218   212.5041191601  110.000129109    56.94        
110.0003593085  103.1718907843  117.284777563    82.5946671886  149.5937132636   78.7357545719  184.9346886011   93.6843586091  221.863469386    90.8291365422  116.7860442562  129.422796033   106.5889865089   72.110369608   126.4028894171  148.9974847204  106.8759346392   54.3119869274  138.2628838843  168.6726565274  110.8315475124   38.7263414745  151.8397168728  188.4155503667  118.0883123937   29.148748944   166.7161292407  208.2082317033  128.086102154    31.6156828963  182.5730170343  228.03637111    140.2399066065   85.3475875757   80.0006470099  114.0178134591  127.6717583845  136.8063843868  140.0000716071  114.0178134591   98.48918532     60.5250370838   40.0010306117  130.3839908348  157.1629722104  174.1749287642  179.9996880053  130.3839908348   96.4364354899   56.940444712     0.            155.564         190.5260782675  212.5041191601  220.000718617   155.564         110.000129109 
110.0003593085  117.284777563   103.1718907843  149.5937132636   82.5946671886  184.9346886011   78.7357545719  221.863469386    93.6843586091  116.7860442562   90.8291365422  106.5889865089  129.422796033   126.4028894171   72.110369608   106.8759346392  148.9974847204  138.2628838843   54.3119869274  110.8315475124  168.6726565274  151.8397168728   38.7263414745  118.0883123937  188.4155503667  166.7161292407   29.148748944   128.086102154   208.2082317033  182.5730170343   31.6156828963  140.2399066065  228.03637111    127.6717583845  114.0178134591   80.0006470099   85.3475875757   98.48918532    114.0178134591  140.0000716071  136.8063843868  157.1629722104  130.3839908348   40.0010306117   60.5250370838   96.4364354899  130.3839908348  179.9996880053  174.1749287642  190.5260782675  155.564           0.             56.940444712   110.000129109   155.564         220.000718617   212.5041191601
110.000129109   119.6873777973  100.3742417356  158.8245207895   63.0462402051  198.3062994562   32.7821354399  237.9612329855   37.0743631638  124.9456971208   90.8287600983   96.8951168068  129.4226689147  141.1473639463   72.1101672512   86.472401499   148.9972427564  158.2213977185   54.31155494     79.788125683   168.6724953749  175.9122680656   38.726241749    77.8133780272  188.415302075   194.0530647143   29.1483121467   80.8926702551  208.2080496162  212.5268724773   31.6159001295   88.5006505117  228.0361189044  136.8058841023  127.6714152581   85.3480847471   79.999800631    85.347796111    98.488740524   136.8054337883  140.0004575885  174.1749646132  157.1619729133   60.5249101941   40.000029725    60.524097168    96.4364200601  174.1740626213  180.0002284943  212.504         190.5260782675   56.940444712     0.             56.94          110.000129109   212.5041191601  220.000258218 
110.000129109   119.6873777973  100.3742417356  158.8245207895   63.0462402051  198.3062994562   32.7821354399  237.9612329855   37.0743631638  129.4226689147   96.8951168068   90.8287600983  124.9456971208  148.9972427564   86.472401499    72.1101672512  141.1473639463  168.6724953749   79.788125683    54.31155494    158.2213977185  188.415302075    77.8133780272   38.726241749   175.9122680656  208.2080496162   80.8926702551   29.1483121467  194.0530647143  228.0361189044   88.5006505117   31.6159001295  212.5268724773  140.0004575885  136.8054337883   98.488740524    85.347796111    79.999800631    85.3480847471  127.6714152581  136.8058841023  180.0002284943  174.1740626213   96.4364200601   60.524097168    40.000029725    60.5249101941  157.1619729133  174.1749646132  220.000258218   212.5041191601  110.000129109    56.94            0.             56.940444712   190.5260782675  212.504       
110.0003593085  117.284777563   103.1718907843  149.5937132636   82.5946671886  184.9346886011   78.7357545719  221.863469386    93.6843586091  129.422796033   106.5889865089   90.8291365422  116.7860442562  148.9974847204  106.8759346392   72.110369608   126.4028894171  168.6726565274  110.8315475124   54.3119869274  138.2628838843  188.4155503667  118.0883123937   38.7263414745  151.8397168728  208.2082317033  128.086102154    29.148748944   166.7161292407  228.03637111    140.2399066065   31.6156828963  182.5730170343  136.8063843868  140.0000716071  114.0178134591   98.48918532     85.3475875757   80.0006470099  114.0178134591  127.6717583845  174.1749287642  179.9996880053  130.3839908348   96.4364354899   60.5250370838   40.0010306117  130.3839908348  157.1629722104  212.5041191601  220.000718617   155.564         110.000129109    56.940444712     0.            155.564         190.5260782675
110.0003593085  103.1718907843  117.284777563    82.5946671886  149.5937132636   78.7357545719  184.9346886011   93.6843586091  221.863469386   106.5889865089  129.422796033   116.7860442562   90.8291365422  106.8759346392  148.9974847204  126.4028894171   72.110369608   110.8315475124  168.6726565274  138.2628838843   54.3119869274  118.0883123937  188.4155503667  151.8397168728   38.7263414745  128.086102154   208.2082317033  166.7161292407   29.148748944   140.2399066065  228.03637111    182.5730170343   31.6156828963   98.48918532    114.0178134591  140.0000716071  136.8063843868  127.6717583845  114.0178134591   80.0006470099   85.3475875757   96.4364354899  130.3839908348  179.9996880053  174.1749287642  157.1629722104  130.3839908348   40.0010306117   60.5250370838  110.000129109   155.564         220.000718617   212.5041191601  190.5260782675  155.564           0.             56.940444712 
110.000129109   100.3742417356  119.6873777973   63.0462402051  158.8245207895   32.7821354399  198.3062994562   37.0743631638  237.9612329855   96.8951168068  129.4226689147  124.9456971208   90.8287600983   86.472401499   148.9972427564  141.1473639463   72.1101672512   79.788125683   168.6724953749  158.2213977185   54.31155494     77.8133780272  188.415302075   175.9122680656   38.726241749    80.8926702551  208.2080496162  194.0530647143   29.1483121467   88.5006505117  228.0361189044  212.5268724773   31.6159001295   85.347796111    98.488740524   136.8054337883  140.0004575885  136.8058841023  127.6714152581   85.3480847471   79.999800631    60.524097168    96.4364200601  174.1740626213  180.0002284943  174.1749646132  157.1619729133   60.5249101941   40.000029725    56.94          110.000129109   212.5041191601  220.000258218   212.504         190.5260782675   56.940444712     0.          
