 0.  30.  40.   0.   0.   0.   0.   0.   0.   0.   0.
25.   7.  38.  51.   5.   1.  31.   0.   0.   0.   0.
41.  10.  17.  46.   5.   1.  31.   0.   0.   0.   0.
 2.  49.  49.  30.   5.   1.  31.   0.   0.   0.   0.
18.  17.  33.  25.   5.   1.  31.   0.   0.   0.   0.
34.  61.  33.  25.   5.   1.  31.   0.   0.   0.   0.
12.  31.  32.  16.   5.   1.  31.   0.   0.   0.   0.
20.  57.  58.  13.   5.   1.  31.   0.   0.   0.   0.
14.  12.  42.  40.   2.   3.   5.  10.  20.   0.   0.
33.  46.  10.  35.   2.   3.   5.  10.  20.   0.   0.
39.  59.  15.  34.   2.   3.   5.  10.  20.   0.   0.
11.  42.  41.  30.   2.   3.   5.  10.  20.   0.   0.
 7.  17.  63.  28.   2.   3.   5.  10.  20.   0.   0.
13.   5.  25.  28.   2.   3.   5.  10.  20.   0.   0.
16.  52.  41.  26.   2.   3.   5.  10.  20.   0.   0.
49.  48.  28.  22.   2.   3.   5.  10.  20.   0.   0.
35.  62.  63.  19.   2.   3.   5.  10.  20.   0.   0.
32.  38.  46.  18.   2.   3.   5.  10.  20.   0.   0.
47.  25.  32.  18.   2.   3.   5.  10.  20.   0.   0.
 3.  52.  64.  14.   2.   3.   5.  10.  20.   0.   0.
30.  58.  27.  14.   2.   3.   5.  10.  20.   0.   0.
48.  25.  55.  14.   2.   3.   5.  10.  20.   0.   0.
44.  30.  15.  12.   2.   3.   5.  10.  20.   0.   0.
42.  21.  10.  11.   2.   3.   5.  10.  20.   0.   0.
43.   5.  64.  11.   2.   3.   5.  10.  20.   0.   0.
27.  30.  48.   7.   2.   3.   5.  10.  20.   0.   0.
23.  16.  57.   6.   2.   3.   5.  10.  20.   0.   0.
 5.  40.  30.   5.   2.   3.   5.  10.  20.   0.   0.
 6.  21.  47.   5.   2.   3.   5.  10.  20.   0.   0.
 9.  52.  33.   5.   2.   3.   5.  10.  20.   0.   0.
31.  37.  69.   5.   2.   3.   5.  10.  20.   0.   0.
 8.  31.  62.   2.   2.   3.   5.  10.  20.   0.   0.
38.  45.  35.   2.   2.   3.   5.  10.  20.   0.   0.
28.  43.  67.   1.   2.   3.   5.  10.  20.   0.   0.
50.  56.  37.  23.   1.   5.   1.   2.   4.   8.  16.
15.  36.  16.  18.   1.   5.   1.   2.   4.   8.  16.
22.  42.  57.  18.   1.   5.   1.   2.   4.   8.  16.
24.   8.  52.  18.   1.   5.   1.   2.   4.   8.  16.
26.  27.  68.  14.   1.   5.   1.   2.   4.   8.  16.
 4.  20.  26.  12.   1.   5.   1.   2.   4.   8.  16.
10.  51.  21.  11.   1.   5.   1.   2.   4.   8.  16.
45.  39.  10.   8.   1.   5.   1.   2.   4.   8.  16.
19.  13.  13.   7.   1.   5.   1.   2.   4.   8.  16.
40.   5.   6.   7.   1.   5.   1.   2.   4.   8.  16.
46.  32.  39.   7.   1.   5.   1.   2.   4.   8.  16.
21.  62.  42.   5.   1.   5.   1.   2.   4.   8.  16.
29.  58.  48.   5.   1.   5.   1.   2.   4.   8.  16.
17.  27.  23.   2.   1.   5.   1.   2.   4.   8.  16.
36.  63.  69.   2.   1.   5.   1.   2.   4.   8.  16.
 1.  37.  52.   1.   1.   5.   1.   2.   4.   8.  16.
37.  32.  22.   1.   1.   5.   1.   2.   4.   8.  16.
