25
3 51 6 20

4127.325840317032
100 15
Neighbourhoods:
t_move_k move_t t_swap_k f_swap_t swap_t t_swap_r_k t_multiswap_k
200.0 100.0 0.0 0.0 100.0 200.0 300.0
0.0 0.0 0.0 0.0 0.0 0.0 0.0
0.0 0.0 0.0 0.0 0.0 0.0 0.0
-3526484533.3318863 -1763242267.7206306 0.0 0.0 -1763242271.2518806 -3526484530.2537613 -5289726796.005642
-17632422.66665943 -17632422.677206308 0.0 0.0 -17632422.712518808 -17632422.651268806 -17632422.65335214
0.0 0.0 0.0 0.0 0.0 0.0 0.0
0.0 0.0 0.0 0.0 0.0 0.0 0.0

Assigned customers matrix:
Vehicle 0:
0 5 6 12 39 1 7 2 3 0 0 0 0 0 0 0 0 0 0 0 0 0 0 0 0 0 0 0 0 0 0 0 0 0 0 0 0 0 0 0 0 0
0 5 30 31 10 28 4 26 0 0 0 0 0 0 0 0 0 0 0 0 0 0 0 0 0 0 0 0 0 0 0 0 0 0 0 0 0 0 0 0 0 0
0 3 8 0 0 0 0 0 0 0 0 0 0 0 0 0 0 0 0 0 0 0 0 0 0 0 0 0 0 0 0 0 0 0 0 0 0 0 0 0 0 0
0 2 7 1 38 12 37 6 5 47 46 0 0 0 0 0 0 0 0 0 0 0 0 0 0 0 0 0 0 0 0 0 0 0 0 0 0 0 0 0 0 0
0 1 49 0 0 0 0 0 0 0 0 0 0 0 0 0 0 0 0 0 0 0 0 0 0 0 0 0 0 0 0 0 0 0 0 0 0 0 0 0 0 0
0 23 22 8 21 20 2 0 0 0 0 0 0 0 0 0 0 0 0 0 0 0 0 0 0 0 0 0 0 0 0 0 0 0 0 0 0 0 0 0 0 0

Vehicle 1:
0 24 9 27 4 0 0 0 0 0 0 0 0 0 0 0 0 0 0 0 0 0 0 0 0 0 0 0 0 0 0 0 0 0 0 0 0 0 0 0 0 0
0 3 13 2 1 6 11 0 0 0 0 0 0 0 0 0 0 0 0 0 0 0 0 0 0 0 0 0 0 0 0 0 0 0 0 0 0 0 0 0 0 0
0 44 4 45 14 5 32 0 0 0 0 0 0 0 0 0 0 0 0 0 0 0 0 0 0 0 0 0 0 0 0 0 0 0 0 0 0 0 0 0 0 0
0 3 25 9 4 0 0 0 0 0 0 0 0 0 0 0 0 0 0 0 0 0 0 0 0 0 0 0 0 0 0 0 0 0 0 0 0 0 0 0 0 0
0 41 2 40 13 42 3 43 0 0 0 0 0 0 0 0 0 0 0 0 0 0 0 0 0 0 0 0 0 0 0 0 0 0 0 0 0 0 0 0 0 0
0 5 34 6 36 51 1 50 15 0 0 0 0 0 0 0 0 0 0 0 0 0 0 0 0 0 0 0 0 0 0 0 0 0 0 0 0 0 0 0 0 0

Vehicle 2:
0 0 0 0 0 0 0 0 0 0 0 0 0 0 0 0 0 0 0 0 0 0 0 0 0 0 0 0 0 0 0 0 0 0 0 0 0 0 0 0 0 0
0 0 0 0 0 0 0 0 0 0 0 0 0 0 0 0 0 0 0 0 0 0 0 0 0 0 0 0 0 0 0 0 0 0 0 0 0 0 0 0 0 0
0 2 18 19 16 17 1 15 48 6 0 0 0 0 0 0 0 0 0 0 0 0 0 0 0 0 0 0 0 0 0 0 0 0 0 0 0 0 0 0 0 0
0 0 0 0 0 0 0 0 0 0 0 0 0 0 0 0 0 0 0 0 0 0 0 0 0 0 0 0 0 0 0 0 0 0 0 0 0 0 0 0 0 0
0 4 29 10 5 33 11 35 6 0 0 0 0 0 0 0 0 0 0 0 0 0 0 0 0 0 0 0 0 0 0 0 0 0 0 0 0 0 0 0 0 0
0 14 4 3 0 0 0 0 0 0 0 0 0 0 0 0 0 0 0 0 0 0 0 0 0 0 0 0 0 0 0 0 0 0 0 0 0 0 0 0 0 0

Transported demand matrix:
19 20 12 14 4 13
12 19 19 20 20 20
0 0 19 0 20 16

Routes distance matrix:
463.02350366176364 289.20851644478665 215.46954038186868 415.23881116727483 149.82378986839882 241.87463891646183
226.32754031561507 392.0401196831789 224.30226141076662 232.08459540718633 183.1688728100664 280.8862906232844
0.0 0.0 278.01562815712487 0.0 349.84120858155364 186.02052288770193

Solution history:
1.0 4127.325840317032 1.0 1.0 0 0 0 3.0 3.0 3.0 3.0 3.0 3.0 3.0
1.0 4127.325840317032 1.0 1.0 t_move_k 100 -1763242272.9237556 3.9699999999999998 3.0 3.0 3.0 3.0 3.0 3.0
1.0 4127.325840317032 1.0 1.0 swap_t 100 -1763242271.2518806 3.9699999999999998 3.0 3.0 3.0 3.9699999999999998 3.0 3.0
1.0 4127.325840317032 1.0 1.0 t_swap_r_k 100 -1763242268.6737556 3.9699999999999998 3.0 3.0 3.0 3.9699999999999998 3.9699999999999998 3.0
1.0 4127.325840317032 1.0 1.0 move_t 100 -1763242267.7206306 3.9699999999999998 3.9699999999999998 3.0 3.0 3.9699999999999998 3.9699999999999998 3.0
1.0 4127.325840317032 1.0 1.0 t_multiswap_k 100 -1763242266.5643806 3.9699999999999998 3.9699999999999998 3.0 3.0 3.9699999999999998 3.9699999999999998 3.9699999999999998
1.0 4127.325840317032 1.0 1.0 t_multiswap_k 100 -1763242265.3612556 3.9699999999999998 3.9699999999999998 3.0 3.0 3.9699999999999998 3.9699999999999998 4.9303
1.0 4127.325840317032 1.0 1.0 t_multiswap_k 100 -1763242264.0800056 3.9699999999999998 3.9699999999999998 3.0 3.0 3.9699999999999998 3.9699999999999998 5.880997
1.0 4127.325840317032 1.0 1.0 t_swap_r_k 100 -1763242261.5800056 3.9699999999999998 3.9699999999999998 3.0 3.0 3.9699999999999998 4.9303 5.880997
1.0 4127.325840317032 1.0 1.0 t_move_k 100 -1763242260.4081306 4.9303 3.9699999999999998 3.0 3.0 3.9699999999999998 4.9303 5.880997