31
9 153 6 20

Solution history:
B_obj   B_dis   B_sim   C_obj   C_dis   C_sim   neighbor   iterations   time   scores
0.9866219101550313 87064.32089767371 0.0 0.9866219101550313 87064.32089767371 0.0 0 0 0 3.0 3.0 3.0 3.0 3.0 3.0 3.0
0.9866219101550313 87064.32089767371 0.0 0.9879442381725654 87220.6121907556 0.0 t_move_k 100 80.15663313865662 3.98 3.0 3.0 3.0 3.0 3.0 3.0
0.9866219101550313 87064.32089767371 0.0 0.9879442381725654 87220.6121907556 0.0 swap_t 100 129.87136816978455 3.98 3.0 3.0 3.0 3.9699999999999998 3.0 3.0
0.9866219101550313 87064.32089767371 0.0 0.9879442381725654 87220.6121907556 0.0 t_move_k 100 198.09995579719543 4.9402 3.0 3.0 3.0 3.9699999999999998 3.0 3.0
0.9866219101550313 87064.32089767371 0.0 0.9879442381725654 87220.6121907556 0.0 t_multiswap_k 100 253.1946063041687 4.9402 3.0 3.0 3.0 3.9699999999999998 3.0 3.9699999999999998
0.9866219101550313 87064.32089767371 0.0 0.9871759582301458 87129.80607906663 0.0 move_t 100 356.33718395233154 4.9402 4.0 3.0 3.0 3.9699999999999998 3.0 3.9699999999999998
0.9866219101550313 87064.32089767371 0.0 0.9868183657361586 87087.54077685678 0.0 swap_t 100 410.74567794799805 4.9402 4.0 3.0 3.0 4.9303 3.0 3.9699999999999998
0.9866219101550313 87064.32089767371 0.0 0.9868183657361586 87087.54077685678 0.0 t_swap_r_k 100 682.4264533519745 4.9402 4.0 3.0 3.0 4.9303 4.01 3.9699999999999998
0.9866219101550313 87064.32089767371 0.0 0.9868183657361586 87087.54077685678 0.0 t_swap_r_k 100 941.316615819931 4.9402 4.0 3.0 3.0 4.9303 5.0099 3.9699999999999998
0.9866219101550313 87064.32089767371 0.0 0.9868183657361586 87087.54077685678 0.0 swap_t 100 986.9042725563049 4.9402 4.0 3.0 3.0 5.880997 5.0099 3.9699999999999998
0.9866219101550313 87064.32089767371 0.0 0.9868183657361586 87087.54077685678 0.0 swap_t 100 1040.814234495163 4.9402 4.0 3.0 3.0 6.82218703 5.0099 3.9699999999999998
0.9866219101550313 87064.32089767371 0.0 1.1088981281427355 97972.38024167826 0.0 move_t 100 1132.3219435214996 4.9402 5.01 3.0 3.0 6.82218703 5.0099 3.9699999999999998
0.9866219101550313 87064.32089767371 0.0 1.0887506364371022 98368.61562933835 0.0 move_t 100 1211.2969424724579 4.9402 6.0199 3.0 3.0 6.82218703 5.0099 3.9699999999999998
0.9866219101550313 87064.32089767371 0.0 1.0666589203649304 96524.21863427301 0.0 t_move_k 100 1322.393098115921 5.980798 6.0199 3.0 3.0 6.82218703 5.0099 3.9699999999999998
0.9866219101550313 87064.32089767371 0.0 1.057093676703369 95393.66382435791 0.0 t_move_k 100 1398.253021478653 6.9609900200000006 6.0199 3.0 3.0 6.82218703 5.0099 3.9699999999999998
0.9866219101550313 87064.32089767371 0.0 1.0564341099248546 95315.70696091634 0.0 t_swap_r_k 100 1659.877611398697 6.9609900200000006 6.0199 3.0 3.0 6.82218703 5.999801 3.9699999999999998
0.9866219101550313 87064.32089767371 0.0 1.0500240344718013 94558.07423437218 0.0 t_multiswap_k 100 1734.1895036697388 6.9609900200000006 6.0199 3.0 3.0 6.82218703 5.999801 4.9902999999999995
0.9866219101550313 87064.32089767371 0.0 1.0435843834225302 93796.94584857007 0.0 move_t 100 1831.7347586154938 6.9609900200000006 6.959701 3.0 3.0 6.82218703 5.999801 4.9902999999999995
0.9866219101550313 87064.32089767371 0.0 1.0383163732275822 93174.29843097064 0.0 t_swap_k 100 1998.6412217617035 6.9609900200000006 6.959701 4.0 3.0 6.82218703 5.999801 4.9902999999999995
0.9866219101550313 87064.32089767371 0.0 1.0389129735117628 93244.81302994397 0.0 t_move_k 100 2106.446840286255 7.931380119800001 6.959701 4.0 3.0 6.82218703 5.999801 4.9902999999999995
0.9866219101550313 87064.32089767371 0.0 1.06154820916631 95920.16302083306 0.0 t_swap_k 100 2322.230947494507 7.931380119800001 6.959701 4.97 3.0 6.82218703 5.999801 4.9902999999999995
0.9866219101550313 87064.32089767371 0.0 1.0558835514371196 95250.6342279603 0.0 t_swap_r_k 100 2698.1602849960327 7.931380119800001 6.959701 4.97 3.0 6.82218703 6.97980299 4.9902999999999995
0.9866219101550313 87064.32089767371 0.0 1.0558835514371196 95250.6342279603 0.0 t_swap_r_k 100 3094.3415999412537 7.931380119800001 6.959701 4.97 3.0 6.82218703 7.950004960099999 4.9902999999999995
0.9866219101550313 87064.32089767371 0.0 1.0558835514371196 95250.6342279603 0.0 t_multiswap_k 100 3169.313844680786 7.931380119800001 6.959701 4.97 3.0 6.82218703 7.950004960099999 5.940396999999999
0.9866219101550313 87064.32089767371 0.0 1.0549098140690811 95135.54427270345 0.0 t_move_k 100 3329.6326858997345 8.882066318602002 6.959701 4.97 3.0 6.82218703 7.950004960099999 5.940396999999999
0.9866219101550313 87064.32089767371 0.0 1.0549098140690811 95135.54427270345 0.0 t_multiswap_k 100 3414.8047852516174 8.882066318602002 6.959701 4.97 3.0 6.82218703 7.950004960099999 6.880993029999999
0.9866219101550313 87064.32089767371 0.0 1.0549098140690811 95135.54427270345 0.0 swap_t 100 3513.093104362488 8.882066318602002 6.959701 4.97 3.0 7.7539651597 7.950004960099999 6.880993029999999
0.9866219101550313 87064.32089767371 0.0 1.0531867279675828 94931.88576186226 0.0 t_multiswap_k 100 3624.9866876602173 8.882066318602002 6.959701 4.97 3.0 7.7539651597 7.950004960099999 7.842183099699999