31
9 153 6 20

Solution history:
B_obj   B_dis   B_sim   C_obj   C_dis   C_sim   neighbor   iterations   time   scores
0.9866219101550313 87064.32089767371 0.0 0.9866219101550313 87064.32089767371 0.0 0 0 0 3.0 3.0 3.0 3.0 3.0 3.0 3.0
0.9866219101550313 87064.32089767371 0.0 0.9866219101550313 87064.32089767371 0.0 t_multiswap_k 100 48.632139682769775 3.0 3.0 3.0 3.0 3.0 3.0 3.9699999999999998
0.9866219101550313 87064.32089767371 0.0 0.9866219101550313 87064.32089767371 0.0 t_multiswap_k 100 110.80007457733154 3.0 3.0 3.0 3.0 3.0 3.0 4.9303
0.9866201250978119 87064.10991454597 0.0 0.9866201250978119 87064.10991454597 0.0 move_t 12 144.680650472641 3.0 4.333333333333333 3.0 3.0 3.0 3.0 4.9303
0.9866201250978119 87064.10991454597 0.0 0.9866201250978119 87064.10991454597 0.0 t_swap_r_k 100 538.0509631633759 3.0 4.333333333333333 3.0 3.0 3.0 4.01 4.9303
0.9866201250978119 87064.10991454597 0.0 0.9866201250978119 87064.10991454597 0.0 t_multiswap_k 100 589.4605121612549 3.0 4.333333333333333 3.0 3.0 3.0 4.01 5.880997
0.9866201250978119 87064.10991454597 0.0 0.9866201250978119 87064.10991454597 0.0 swap_t 100 675.3814332485199 3.0 4.333333333333333 3.0 3.0 3.9699999999999998 4.01 5.880997
0.9866201250978119 87064.10991454597 0.0 1.0197013042561835 90974.10818938921 0.0 f_swap_t 100 818.8814163208008 3.0 4.333333333333333 3.0 3.98 3.9699999999999998 4.01 5.880997
0.9866201250978119 87064.10991454597 0.0 1.0102968731460416 89862.56046491118 0.0 t_multiswap_k 100 872.2144243717194 3.0 4.333333333333333 3.0 3.98 3.9699999999999998 4.01 6.82218703
0.9866201250978119 87064.10991454597 0.0 1.0028569027169572 88983.20028843927 0.0 move_t 100 978.0164468288422 3.0 5.29 3.0 3.98 3.9699999999999998 4.01 6.82218703
0.9866201250978119 87064.10991454597 0.0 1.002237539263657 88909.99521850176 0.0 t_multiswap_k 100 1020.0817630290985 3.0 5.29 3.0 3.98 3.9699999999999998 4.01 7.7539651597
0.9866201250978119 87064.10991454597 0.0 1.0144857897103376 90357.66544473822 0.0 t_multiswap_k 100 1095.7212343215942 3.0 5.29 3.0 3.98 3.9699999999999998 4.01 8.686425508103
0.9866201250978119 87064.10991454597 0.0 1.0143346164536424 90339.79766650546 0.0 t_swap_r_k 100 1443.8781580924988 3.0 5.29 3.0 3.98 3.9699999999999998 5.0099 8.686425508103
0.9866201250978119 87064.10991454597 0.0 1.0143346164536424 90339.79766650546 0.0 t_swap_r_k 100 1797.4992787837982 3.0 5.29 3.0 3.98 3.9699999999999998 5.999801 8.686425508103
0.9866201250978119 87064.10991454597 0.0 1.0143346164536424 90339.79766650546 0.0 swap_t 100 1886.5374073982239 3.0 5.29 3.0 3.98 4.9303 5.999801 8.686425508103
0.9866201250978119 87064.10991454597 0.0 1.0143346164536424 90339.79766650546 0.0 t_move_k 100 1996.6814205646515 3.9699999999999998 5.29 3.0 3.98 4.9303 5.999801 8.686425508103
0.9866201250978119 87064.10991454597 0.0 1.0143346164536424 90339.79766650546 0.0 t_multiswap_k 100 2075.3727145195007 3.9699999999999998 5.29 3.0 3.98 4.9303 5.999801 9.59956125302197
0.9866201250978119 87064.10991454597 0.0 1.0143346164536424 90339.79766650546 0.0 t_swap_k 100 2262.707022190094 3.9699999999999998 5.29 3.9699999999999998 3.98 4.9303 5.999801 9.59956125302197
0.9866201250978119 87064.10991454597 0.0 1.0143346164536424 90339.79766650546 0.0 t_multiswap_k 100 2335.5417799949646 3.9699999999999998 5.29 3.9699999999999998 3.98 4.9303 5.999801 10.50356564049175
0.9866201250978119 87064.10991454597 0.0 1.0143346164536424 90339.79766650546 0.0 t_move_k 100 2433.8073575496674 4.9303 5.29 3.9699999999999998 3.98 4.9303 5.999801 10.50356564049175
0.9866201250978119 87064.10991454597 0.0 1.0143346164536424 90339.79766650546 0.0 t_multiswap_k 100 2470.014798641205 4.9303 5.29 3.9699999999999998 3.98 4.9303 5.999801 11.398529984086833
0.9866201250978119 87064.10991454597 0.0 1.0143346164536424 90339.79766650546 0.0 f_swap_t 100 2579.7778849601746 4.9303 5.29 3.9699999999999998 4.9402 4.9303 5.999801 11.398529984086833
0.9866201250978119 87064.10991454597 0.0 1.024945400144483 91593.9290784271 0.0 t_swap_k 100 2756.7930335998535 4.9303 5.29 4.9803 4.9402 4.9303 5.999801 11.398529984086833
0.9866201250978119 87064.10991454597 0.0 1.023453474316653 91417.59233465257 0.0 t_multiswap_k 100 2804.414347410202 4.9303 5.29 4.9803 4.9402 4.9303 5.999801 12.284544684245965
0.9866201250978119 87064.10991454597 0.0 1.023453474316653 91417.59233465257 0.0 t_multiswap_k 100 2868.652914047241 4.9303 5.29 4.9803 4.9402 4.9303 5.999801 13.161699237403505
0.9866201250978119 87064.10991454597 0.0 1.023453474316653 91417.59233465257 0.0 move_t 100 2973.30552649498 4.9303 6.2371 4.9803 4.9402 4.9303 5.999801 13.161699237403505
0.9866201250978119 87064.10991454597 0.0 1.023453474316653 91417.59233465257 0.0 t_swap_r_k 100 3320.833996772766 4.9303 6.2371 4.9803 4.9402 4.9303 6.97980299 13.161699237403505
0.9866201250978119 87064.10991454597 0.0 1.023453474316653 91417.59233465257 0.0 t_multiswap_k 100 3375.413894176483 4.9303 6.2371 4.9803 4.9402 4.9303 6.97980299 14.03008224502947
0.9866201250978119 87064.10991454597 0.0 1.023453474316653 91417.59233465257 0.0 move_t 100 3444.173786878586 4.9303 7.174729 4.9803 4.9402 4.9303 6.97980299 14.03008224502947
0.9866201250978119 87064.10991454597 0.0 1.023453474316653 91417.59233465257 0.0 swap_t 100 3482.1295804977417 4.9303 7.174729 4.9803 4.9402 5.880997 6.97980299 14.03008224502947
0.9866201250978119 87064.10991454597 0.0 1.023453474316653 91417.59233465257 0.0 t_multiswap_k 100 3516.515387773514 4.9303 7.174729 4.9803 4.9402 5.880997 6.97980299 14.889781422579176
0.9866201250978119 87064.10991454597 0.0 1.023453474316653 91417.59233465257 0.0 f_swap_t 100 3589.778463125229 4.9303 7.174729 4.9803 5.890798 5.880997 6.97980299 14.889781422579176
0.9866201250978119 87064.10991454597 0.0 1.023453474316653 91417.59233465257 0.0 t_multiswap_k 100 3623.3835220336914 4.9303 7.174729 4.9803 5.890798 5.880997 6.97980299 15.740883608353384
0.9866201250978119 87064.10991454597 0.0 1.023453474316653 91417.59233465257 0.0 t_swap_k 100 3762.6278822422028 4.9303 7.174729 5.930497 5.890798 5.880997 6.97980299 15.740883608353384