31
9 153 6 20

Solution history:
B_obj   B_dis   B_sim   C_obj   C_dis   C_sim   neighbor   iterations   time   scores
0.9866219101550313 87064.32089767371 0.0 0.9866219101550313 87064.32089767371 0.0 0 0 0 3.0 3.0 3.0 3.0 3.0 3.0 3.0
0.9866219101550313 87064.32089767371 0.0 0.9866219101550313 87064.32089767371 0.0 move_t 100 40.38093638420105 3.0 3.9699999999999998 3.0 3.0 3.0 3.0 3.0
0.9866219101550313 87064.32089767371 0.0 0.9866219101550313 87064.32089767371 0.0 move_t 100 97.06390905380249 3.0 4.9303 3.0 3.0 3.0 3.0 3.0
0.9866219101550313 87064.32089767371 0.0 0.9866219101550313 87064.32089767371 0.0 t_move_k 100 165.5510549545288 3.9699999999999998 4.9303 3.0 3.0 3.0 3.0 3.0
0.9866219101550313 87064.32089767371 0.0 0.9866219101550313 87064.32089767371 0.0 t_swap_k 100 294.3966209888458 3.9699999999999998 4.9303 3.9699999999999998 3.0 3.0 3.0 3.0
0.9866219101550313 87064.32089767371 0.0 1.0332820422310454 92579.27050233445 0.0 t_move_k 100 364.2277777194977 5.0302999999999995 4.9303 3.9699999999999998 3.0 3.0 3.0 3.0
0.9866219101550313 87064.32089767371 0.0 1.0270182097337857 91838.92282183182 0.0 t_swap_r_k 100 559.0813751220703 5.0302999999999995 4.9303 3.9699999999999998 3.0 3.0 4.01 3.0
0.9866219101550313 87064.32089767371 0.0 1.0259444683334544 91712.01298579412 0.0 swap_t 100 605.4063789844513 5.0302999999999995 4.9303 3.9699999999999998 3.0 3.9699999999999998 4.01 3.0
0.9866219101550313 87064.32089767371 0.0 1.0250652863401317 91608.09891245629 0.0 t_swap_r_k 100 786.0145735740662 5.0302999999999995 4.9303 3.9699999999999998 3.0 3.9699999999999998 5.0099 3.0
0.9866219101550313 87064.32089767371 0.0 1.0247120407484531 91566.34738819992 0.0 f_swap_t 100 841.0948574542999 5.0302999999999995 4.9303 3.9699999999999998 3.9699999999999998 3.9699999999999998 5.0099 3.0
0.9866219101550313 87064.32089767371 0.0 1.0247120407484531 91566.34738819992 0.0 t_swap_r_k 100 1024.5589003562927 5.0302999999999995 4.9303 3.9699999999999998 3.9699999999999998 3.9699999999999998 5.999801 3.0
0.9866219101550313 87064.32089767371 0.0 1.0247120407484531 91566.34738819992 0.0 t_move_k 100 1067.993407011032 5.979996999999999 4.9303 3.9699999999999998 3.9699999999999998 3.9699999999999998 5.999801 3.0
0.9866219101550313 87064.32089767371 0.0 1.0247120407484531 91566.34738819992 0.0 t_swap_r_k 100 1288.1646528244019 5.979996999999999 4.9303 3.9699999999999998 3.9699999999999998 3.9699999999999998 6.97980299 3.0
0.9866219101550313 87064.32089767371 0.0 1.0247120407484531 91566.34738819992 0.0 t_swap_r_k 100 1479.2147262096405 5.979996999999999 4.9303 3.9699999999999998 3.9699999999999998 3.9699999999999998 7.950004960099999 3.0
0.9866219101550313 87064.32089767371 0.0 1.0247120407484531 91566.34738819992 0.0 t_swap_k 100 1584.6652555465698 5.979996999999999 4.9303 4.9303 3.9699999999999998 3.9699999999999998 7.950004960099999 3.0
0.9866219101550313 87064.32089767371 0.0 1.0247120407484531 91566.34738819992 0.0 t_move_k 100 1657.9910340309143 6.920197029999999 4.9303 4.9303 3.9699999999999998 3.9699999999999998 7.950004960099999 3.0
0.9866219101550313 87064.32089767371 0.0 1.0254044129335982 91648.18165524666 0.0 t_move_k 100 1718.484207868576 7.860995059699999 4.9303 4.9303 3.9699999999999998 3.9699999999999998 7.950004960099999 3.0
0.9866219101550313 87064.32089767371 0.0 1.0254044129335982 91648.18165524666 0.0 t_swap_r_k 100 1777.1013839244843 7.860995059699999 4.9303 4.9303 3.9699999999999998 3.9699999999999998 8.910504910499 3.0
0.9866219101550313 87064.32089767371 0.0 1.0268464336318457 91818.61991004537 0.0 t_move_k 100 1794.493191242218 8.822385109103 4.9303 4.9303 3.9699999999999998 3.9699999999999998 8.910504910499 3.0
0.9866219101550313 87064.32089767371 0.0 1.0247703313688816 91573.23699223199 0.0 f_swap_t 100 1803.2912719249725 8.822385109103 4.9303 4.9303 4.9303 3.9699999999999998 8.910504910499 3.0
0.9866219101550313 87064.32089767371 0.0 1.0246186672538269 91555.31119746571 0.0 t_move_k 100 1813.9757416248322 9.73416125801197 4.9303 4.9303 4.9303 3.9699999999999998 8.910504910499 3.0
0.9866219101550313 87064.32089767371 0.0 1.0246186672538269 91555.31119746571 0.0 t_swap_r_k 100 1858.2794332504272 9.73416125801197 4.9303 4.9303 4.9303 3.9699999999999998 9.86139986139401 3.0
0.9866219101550313 87064.32089767371 0.0 1.0246186672538269 91555.31119746571 0.0 move_t 100 1868.4156222343445 9.73416125801197 5.880997 4.9303 4.9303 3.9699999999999998 9.86139986139401 3.0
0.9866219101550313 87064.32089767371 0.0 1.0283775743154575 91999.59161612643 0.0 t_move_k 100 1879.53946352005 10.646819645431849 5.880997 4.9303 4.9303 3.9699999999999998 9.86139986139401 3.0
0.9866219101550313 87064.32089767371 0.0 1.0278484839209827 91937.05628388423 0.0 t_move_k 100 1898.7539196014404 11.54035144897753 5.880997 4.9303 4.9303 3.9699999999999998 9.86139986139401 3.0
0.9866219101550313 87064.32089767371 0.0 1.0360382230815044 92905.03465719904 0.0 t_swap_k 100 1923.600741147995 11.54035144897753 5.880997 5.920997 4.9303 3.9699999999999998 9.86139986139401 3.0
0.9866219101550313 87064.32089767371 0.0 1.0344399459251281 92716.12782004442 0.0 swap_t 100 1933.8028995990753 11.54035144897753 5.880997 5.920997 4.9303 4.9303 9.86139986139401 3.0
0.9866219101550313 87064.32089767371 0.0 1.0335607639318054 92612.21374670659 0.0 f_swap_t 100 1950.9671568870544 11.54035144897753 5.880997 5.920997 5.880997 4.9303 9.86139986139401 3.0
0.9866219101550313 87064.32089767371 0.0 1.0332075183401266 92570.46222245022 0.0 t_swap_r_k 100 2001.114243030548 11.54035144897753 5.880997 5.920997 5.880997 4.9303 10.802785862780071 3.0
0.9866219101550313 87064.32089767371 0.0 1.059414125000599 95667.92698757823 0.0 move_t 100 2005.982962846756 11.54035144897753 6.83218703 5.920997 5.880997 4.9303 10.802785862780071 3.0
0.9866219101550313 87064.32089767371 0.0 1.051561453896976 94739.78805029647 0.0 swap_t 100 2020.4451596736908 11.54035144897753 6.83218703 5.920997 5.880997 5.880997 10.802785862780071 3.0
0.9866219101550313 87064.32089767371 0.0 1.0479571872425057 94313.78520639583 0.0 move_t 100 2023.34219455719 11.54035144897753 7.7738651597 5.920997 5.880997 5.880997 10.802785862780071 3.0
0.9866219101550313 87064.32089767371 0.0 1.0582840737722168 95534.36166536568 0.0 f_swap_t 100 2027.7905683517456 11.54035144897753 7.7738651597 5.920997 6.862187029999999 5.880997 10.802785862780071 3.0
0.9866219101550313 87064.32089767371 0.0 1.0504780810565357 94611.73983542318 0.0 t_move_k 100 2047.4191870689392 12.454947934487755 7.7738651597 5.920997 6.862187029999999 5.880997 10.802785862780071 3.0
0.9866219101550313 87064.32089767371 0.0 1.050120497364868 94569.47557359503 0.0 move_t 100 2063.2847967147827 12.454947934487755 8.696126508103 5.920997 6.862187029999999 5.880997 10.802785862780071 3.0
0.9866219101550313 87064.32089767371 0.0 1.050120497364868 94569.47557359503 0.0 t_move_k 100 2087.3373894691467 13.330398455142877 8.696126508103 5.920997 6.862187029999999 5.880997 10.802785862780071 3.0
0.9866219101550313 87064.32089767371 0.0 1.050120497364868 94569.47557359503 0.0 f_swap_t 100 2112.7084288597107 13.330398455142877 8.696126508103 5.920997 7.793565159699999 5.880997 10.802785862780071 3.0
0.9866219101550313 87064.32089767371 0.0 1.050120497364868 94569.47557359503 0.0 move_t 100 2120.895287513733 13.330398455142877 9.60916524302197 5.920997 7.793565159699999 5.880997 10.802785862780071 3.0
0.9866219101550313 87064.32089767371 0.0 1.050120497364868 94569.47557359503 0.0 t_multiswap_k 100 2134.4394233226776 13.330398455142877 9.60916524302197 5.920997 7.793565159699999 5.880997 10.802785862780071 3.9699999999999998
0.9866219101550313 87064.32089767371 0.0 1.050120497364868 94569.47557359503 0.0 t_swap_r_k 100 2204.0541450977325 13.330398455142877 9.60916524302197 5.920997 7.793565159699999 5.880997 11.73475800415227 3.9699999999999998
0.9866219101550313 87064.32089767371 0.0 1.050120497364868 94569.47557359503 0.0 move_t 100 2225.812388896942 13.330398455142877 10.51307359059175 5.920997 7.793565159699999 5.880997 11.73475800415227 3.9699999999999998
0.9866219101550313 87064.32089767371 0.0 1.050120497364868 94569.47557359503 0.0 t_swap_r_k 100 2312.452398300171 13.330398455142877 10.51307359059175 5.920997 7.793565159699999 5.880997 12.657410424110749 3.9699999999999998
0.9866219101550313 87064.32089767371 0.0 1.073541730870863 96093.84529440156 0.0 move_t 100 2341.19548869133 13.330398455142877 11.437942854685833 5.920997 7.793565159699999 5.880997 12.657410424110749 3.9699999999999998
0.9866219101550313 87064.32089767371 0.0 1.064311679953628 96246.78880280003 0.0 t_swap_r_k 100 2412.0655660629272 13.330398455142877 11.437942854685833 5.920997 7.793565159699999 5.880997 13.570836319869642 3.9699999999999998
0.9866219101550313 87064.32089767371 0.0 1.061118847220643 95869.41499704574 0.0 swap_t 100 2428.491044521332 13.330398455142877 11.437942854685833 5.920997 7.793565159699999 6.82218703 13.570836319869642 3.9699999999999998
0.9866219101550313 87064.32089767371 0.0 1.0589364467038487 95711.46905505593 0.0 move_t 100 2453.5127635002136 13.330398455142877 12.353563426138974 5.920997 7.793565159699999 6.82218703 13.570836319869642 3.9699999999999998
0.9866219101550313 87064.32089767371 0.0 1.0582552944520962 95530.96012119809 0.0 t_move_k 100 2474.818956375122 14.197094470591448 12.353563426138974 5.920997 7.793565159699999 6.82218703 13.570836319869642 3.9699999999999998
0.9866219101550313 87064.32089767371 0.0 1.0582552944520962 95530.96012119809 0.0 t_swap_r_k 100 2553.86426281929 14.197094470591448 12.353563426138974 5.920997 7.793565159699999 6.82218703 14.475127956670946 3.9699999999999998
0.9866219101550313 87064.32089767371 0.0 1.0582552944520962 95530.96012119809 0.0 t_swap_r_k 100 2629.919761657715 14.197094470591448 12.353563426138974 5.920997 7.793565159699999 6.82218703 15.370376677104236 3.9699999999999998
0.9866219101550313 87064.32089767371 0.0 1.0582552944520962 95530.96012119809 0.0 t_swap_r_k 100 2697.8075132369995 14.197094470591448 12.353563426138974 5.920997 7.793565159699999 6.82218703 16.256672910333194 3.9699999999999998
0.9866219101550313 87064.32089767371 0.0 1.0582552944520962 95530.96012119809 0.0 t_multiswap_k 100 2723.984179496765 14.197094470591448 12.353563426138974 5.920997 7.793565159699999 6.82218703 16.256672910333194 4.9303
0.9866219101550313 87064.32089767371 0.0 1.0582552944520962 95530.96012119809 0.0 move_t 100 2746.1547033786774 14.197094470591448 13.230027791877584 5.920997 7.793565159699999 6.82218703 16.256672910333194 4.9303
0.9866219101550313 87064.32089767371 0.0 1.056870509133186 95367.28674722172 0.0 t_multiswap_k 100 2764.5419478416443 14.197094470591448 13.230027791877584 5.920997 7.793565159699999 6.82218703 16.256672910333194 5.910997
0.9866219101550313 87064.32089767371 0.0 1.0560727587112642 95272.9974004443 0.0 move_t 100 2782.1883833408356 14.197094470591448 14.127727513958808 5.920997 7.793565159699999 6.82218703 16.256672910333194 5.910997
0.9866219101550313 87064.32089767371 0.0 1.0578637617120425 95484.68328412328 0.0 t_move_k 100 2803.882332801819 15.095123525885533 14.127727513958808 5.920997 7.793565159699999 6.82218703 16.256672910333194 5.910997
0.9866219101550313 87064.32089767371 0.0 1.1214145424086182 102318.8825624806 0.0 move_t 100 2825.72842335701 15.095123525885533 15.06645023881922 5.920997 7.793565159699999 6.82218703 16.256672910333194 5.910997
0.9866219101550313 87064.32089767371 0.0 1.1076231905128653 101365.95129567073 0.0 move_t 100 2856.313919067383 15.095123525885533 15.915785736431028 5.920997 7.793565159699999 6.82218703 16.256672910333194 5.910997
0.9866219101550313 87064.32089767371 0.0 1.0995028495070251 100406.1753707567 0.0 t_move_k 100 2878.75154709816 16.06417229062668 15.915785736431028 5.920997 7.793565159699999 6.82218703 16.256672910333194 5.910997
0.9866219101550313 87064.32089767371 0.0 1.0867436055696986 98898.10875848703 0.0 t_multiswap_k 100 2898.6485488414764 16.06417229062668 15.915785736431028 5.920997 7.793565159699999 6.82218703 16.256672910333194 6.91188703
0.9866219101550313 87064.32089767371 0.0 1.0846863914549556 98654.95830725553 0.0 move_t 100 2923.5997536182404 16.06417229062668 16.756627879066716 5.920997 7.793565159699999 6.82218703 16.256672910333194 6.91188703
0.9866219101550313 87064.32089767371 0.0 1.0846863914549556 98654.95830725553 0.0 move_t 100 2950.1264719963074 16.06417229062668 17.58906160027605 5.920997 7.793565159699999 6.82218703 16.256672910333194 6.91188703
0.9866219101550313 87064.32089767371 0.0 1.0846863914549556 98654.95830725553 0.0 t_swap_r_k 100 3018.1261253356934 16.06417229062668 17.58906160027605 5.920997 7.793565159699999 6.82218703 17.13410618122986 6.91188703
0.9866219101550313 87064.32089767371 0.0 1.1596926999306805 107520.25707240634 0.0 f_swap_t 100 3049.603327035904 16.06417229062668 17.58906160027605 5.920997 8.815629508103 6.82218703 17.13410618122986 6.91188703
0.9866219101550313 87064.32089767371 0.0 1.1378927938690637 104943.63806240664 0.0 t_swap_r_k 100 3132.2650504112244 16.06417229062668 17.58906160027605 5.920997 8.815629508103 6.82218703 18.00276511941756 6.91188703
0.9866219101550313 87064.32089767371 0.0 1.1356434312308523 104677.77680054535 0.0 move_t 100 3162.926502466202 16.06417229062668 18.41317098427329 5.920997 8.815629508103 6.82218703 18.00276511941756 6.91188703
0.9866219101550313 87064.32089767371 0.0 1.140350351875901 104538.90179666276 0.0 move_t 100 3183.5796155929565 16.06417229062668 19.269039274430558 5.920997 8.815629508103 6.82218703 18.00276511941756 6.91188703
0.9866219101550313 87064.32089767371 0.0 1.138092457308937 104967.23709138068 0.0 t_move_k 100 3212.088448047638 16.973530567720413 19.269039274430558 5.920997 8.815629508103 6.82218703 18.00276511941756 6.91188703
0.9866219101550313 87064.32089767371 0.0 1.1356910126162225 104683.40063680046 0.0 t_swap_r_k 100 3283.707906961441 16.973530567720413 19.269039274430558 5.920997 8.815629508103 6.82218703 18.862737468223386 6.91188703
0.9866219101550313 87064.32089767371 0.0 1.1470324529400617 106023.89130940173 0.0 t_move_k 100 3316.1483013629913 17.813795262043207 19.269039274430558 5.920997 8.815629508103 6.82218703 18.862737468223386 6.91188703
0.9866219101550313 87064.32089767371 0.0 1.144991181335057 105782.62516783389 0.0 t_move_k 100 3353.4796736240387 18.705657309422776 19.269039274430558 5.920997 8.815629508103 6.82218703 18.862737468223386 6.91188703
0.9866219101550313 87064.32089767371 0.0 1.1376760212114514 104918.01682583464 0.0 t_move_k 100 3382.3343279361725 19.518600736328548 19.269039274430558 5.920997 8.815629508103 6.82218703 18.862737468223386 6.91188703
0.9866219101550313 87064.32089767371 0.0 1.1376760212114514 104918.01682583464 0.0 t_swap_r_k 100 3447.8612015247345 19.518600736328548 19.269039274430558 5.920997 8.815629508103 6.82218703 19.71411009354115 6.91188703
0.9866219101550313 87064.32089767371 0.0 1.1335161457197307 104426.34432775578 0.0 t_swap_k 100 3485.9227225780487 19.518600736328548 19.269039274430558 6.9017870299999995 8.815629508103 6.82218703 19.71411009354115 6.91188703
0.9866219101550313 87064.32089767371 0.0 1.1302420283993886 104039.3631680793 0.0 f_swap_t 100 3513.9804158210754 19.518600736328548 19.269039274430558 6.9017870299999995 9.757473213021969 6.82218703 19.71411009354115 6.91188703
0.9866219101550313 87064.32089767371 0.0 1.1343379580061759 104616.62683279604 0.0 swap_t 100 3552.255083322525 19.518600736328548 19.269039274430558 6.9017870299999995 9.757473213021969 7.8339651597 19.71411009354115 6.91188703
0.9866219101550313 87064.32089767371 0.0 1.1284836891281977 103831.53794262311 0.0 t_swap_r_k 100 3608.211667060852 19.518600736328548 19.269039274430558 6.9017870299999995 9.757473213021969 7.8339651597 20.55696899260574 6.91188703