7
4 100 2 200

1215.712237778415

995.1641342722971
64.90625
4 500 7200 7200
14 8 48 0 0

Assigned customers matrix:
Vehicle 0:
0 27 50 51 30 10 62 11 19 7 0 0 0 0 0 0 0 0 0 0 0 0 0 0 0 0 0 0 0 0 0 0 0 0 0 0 0
0 94 59 92 37 61 5 60 69 1 33 81 9 34 29 0 0 0 0 0 0 0 0 0 0 0 0 0 0 0 0 0 0 0 0 0 0

Vehicle 1:
0 52 88 31 70 20 66 71 35 65 78 79 3 77 76 0 0 0 0 0 0 0 0 0 0 0 0 0 0 0 0 0 0 0 0 0 0
0 28 12 80 68 24 55 25 4 56 75 74 72 73 21 40 0 0 0 0 0 0 0 0 0 0 0 0 0 0 0 0 0 0 0 0 0

Vehicle 2:
0 13 87 2 22 41 23 39 67 54 26 0 0 0 0 0 0 0 0 0 0 0 0 0 0 0 0 0 0 0 0 0 0 0 0 0 0
0 53 58 95 97 100 91 16 86 17 45 8 46 18 89 0 0 0 0 0 0 0 0 0 0 0 0 0 0 0 0 0 0 0 0 0 0

Vehicle 3:
0 6 96 99 93 85 98 42 57 15 43 14 44 38 84 83 0 0 0 0 0 0 0 0 0 0 0 0 0 0 0 0 0 0 0 0 0
0 82 48 47 36 49 64 63 90 32 0 0 0 0 0 0 0 0 0 0 0 0 0 0 0 0 0 0 0 0 0 0 0 0 0 0 0

Transported demand matrix:
129 199
193 193
199 191
195 159

Routes distance matrix:
103.1437525378378 146.6368666919904
138.63624844440224 103.20169806800948
122.85741499940937 118.4020439321323
140.92423944042685 121.36187015808866