22
6 114 4 30

4608.946941020468

4608.946941020468
4.96875
4 500 7200 7200
0 0 0 0 0

Assigned customers matrix:
Vehicle 0:
0 6 53 65 18 111 12 40 85 28 0 0 0 0 0 0 0 0 0 0 0 0 0 0 0 0 0 0 0 0 0 0 0
0 29 87 41 12 110 18 64 52 6 0 0 0 0 0 0 0 0 0 0 0 0 0 0 0 0 0 0 0 0 0 0 0
0 28 86 40 12 18 65 112 53 6 0 0 0 0 0 0 0 0 0 0 0 0 0 0 0 0 0 0 0 0 0 0 0
0 29 88 41 12 18 64 109 52 6 0 0 0 0 0 0 0 0 0 0 0 0 0 0 0 0 0 0 0 0 0 0 0

Vehicle 1:
0 24 77 36 48 60 16 102 10 4 0 0 0 0 0 0 0 0 0 0 0 0 0 0 0 0 0 0 0 0 0 0 0
0 4 25 37 49 61 16 103 10 79 0 0 0 0 0 0 0 0 0 0 0 0 0 0 0 0 0 0 0 0 0 0 0
0 24 36 48 101 60 16 10 78 4 0 0 0 0 0 0 0 0 0 0 0 0 0 0 0 0 0 0 0 0 0 0 0
0 4 25 80 37 49 104 61 16 10 0 0 0 0 0 0 0 0 0 0 0 0 0 0 0 0 0 0 0 0 0 0 0

Vehicle 2:
0 5 11 17 62 105 50 38 81 26 0 0 0 0 0 0 0 0 0 0 0 0 0 0 0 0 0 0 0 0 0 0 0
0 5 27 39 51 108 63 17 11 83 0 0 0 0 0 0 0 0 0 0 0 0 0 0 0 0 0 0 0 0 0 0 0
0 26 38 50 62 17 106 11 82 5 0 0 0 0 0 0 0 0 0 0 0 0 0 0 0 0 0 0 0 0 0 0 0
0 5 11 107 17 63 51 39 84 27 0 0 0 0 0 0 0 0 0 0 0 0 0 0 0 0 0 0 0 0 0 0 0

Vehicle 3:
0 19 31 43 55 13 91 7 67 1 0 0 0 0 0 0 0 0 0 0 0 0 0 0 0 0 0 0 0 0 0 0 0
0 30 89 42 54 66 13 114 7 1 0 0 0 0 0 0 0 0 0 0 0 0 0 0 0 0 0 0 0 0 0 0 0
0 1 19 68 31 43 92 55 13 7 0 0 0 0 0 0 0 0 0 0 0 0 0 0 0 0 0 0 0 0 0 0 0
0 1 90 7 13 66 113 54 42 30 0 0 0 0 0 0 0 0 0 0 0 0 0 0 0 0 0 0 0 0 0 0 0

Vehicle 4:
0 20 69 32 44 93 56 14 8 2 0 0 0 0 0 0 0 0 0 0 0 0 0 0 0 0 0 0 0 0 0 0 0
0 21 33 45 96 57 14 8 71 2 0 0 0 0 0 0 0 0 0 0 0 0 0 0 0 0 0 0 0 0 0 0 0
0 2 70 8 94 14 56 44 32 20 0 0 0 0 0 0 0 0 0 0 0 0 0 0 0 0 0 0 0 0 0 0 0
0 21 72 33 45 57 14 95 8 2 0 0 0 0 0 0 0 0 0 0 0 0 0 0 0 0 0 0 0 0 0 0 0

Vehicle 5:
0 3 47 59 15 99 9 34 73 22 0 0 0 0 0 0 0 0 0 0 0 0 0 0 0 0 0 0 0 0 0 0 0
0 23 75 35 9 98 15 58 46 3 0 0 0 0 0 0 0 0 0 0 0 0 0 0 0 0 0 0 0 0 0 0 0
0 22 74 34 9 15 59 100 47 3 0 0 0 0 0 0 0 0 0 0 0 0 0 0 0 0 0 0 0 0 0 0 0
0 3 46 97 58 15 9 35 76 23 0 0 0 0 0 0 0 0 0 0 0 0 0 0 0 0 0 0 0 0 0 0 0

Transported demand matrix:
25 25 25 25
25 25 25 25
25 25 25 25
25 25 25 25
25 25 25 25
25 25 25 25

Routes distance matrix:
193.20678997286416 193.2080321109546 194.8180017094281 194.81775384628756
190.3469461387162 190.2572034667164 191.624108942259 192.25559327088422
191.9560074318135 191.8664591678942 190.01330551013274 190.34568910959638
190.01483849667412 190.3469461387162 192.25559327088422 191.62410894225903
191.95600743181348 191.6239838033106 190.0133055101327 190.34568910959638
193.20678997286416 193.2080321109546 194.8180017094281 194.81775384628756