27
6 102 6 20

33794.612677890844

29031.515522427584
296.890625
4 500 7200 7200
87 10 17 2 0

Assigned customers matrix:
Vehicle 0:
0 6 17 11 12 87 27 0 0 0 0 0 0
0 6 18 30 99 12 11 0 0 0 0 0 0
0 6 49 50 47 48 11 12 0 0 0 0 0
0 6 17 11 12 88 27 0 0 0 0 0 0
0 6 52 18 30 12 11 0 0 0 0 0 0
0 6 12 85 86 83 84 11 0 0 0 0 0

Vehicle 1:
0 20 43 10 79 80 24 9 0 0 0 0 0
0 40 39 15 10 9 0 0 0 0 0 0 0
0 62 16 29 96 10 9 94 0 0 0 0 0
0 20 60 10 78 24 75 9 0 0 0 0 0
0 41 42 15 10 77 76 9 0 0 0 0 0
0 59 44 16 29 95 10 9 0 0 0 0 0

Vehicle 2:
0 5 4 97 98 82 25 26 0 0 0 0 0
0 5 4 0 0 0 0 0 0 0 0 0 0
0 5 4 0 0 0 0 0 0 0 0 0 0
0 5 45 46 4 81 25 26 0 0 0 0 0
0 5 4 0 0 0 0 0 0 0 0 0 0
0 61 5 4 0 0 0 0 0 0 0 0 0

Vehicle 3:
0 1 54 51 101 102 7 0 0 0 0 0 0
0 1 31 13 7 89 90 100 0 0 0 0 0
0 21 65 1 7 0 0 0 0 0 0 0 0
0 1 53 7 68 67 92 0 0 0 0 0 0
0 1 34 13 7 0 0 0 0 0 0 0 0
0 21 64 63 66 1 32 7 0 0 0 0 0

Vehicle 4:
0 56 55 2 8 23 0 0 0 0 0 0 0
0 2 38 14 28 91 8 0 0 0 0 0 0
0 2 8 69 22 0 0 0 0 0 0 0 0
0 2 33 8 23 0 0 0 0 0 0 0 0
0 2 14 28 8 0 0 0 0 0 0 0 0
0 2 8 70 22 0 0 0 0 0 0 0 0

Vehicle 5:
0 3 0 0 0 0 0 0 0 0 0 0 0
0 19 57 3 0 0 0 0 0 0 0 0 0
0 3 0 0 0 0 0 0 0 0 0 0 0
0 3 0 0 0 0 0 0 0 0 0 0 0
0 19 58 3 36 35 0 0 0 0 0 0 0
0 3 37 93 74 73 72 71 0 0 0 0 0

Transported demand matrix:
20 20 20 20 20 20
20 15 20 20 19 20
20 8 8 20 8 10
16 19 13 16 13 19
15 18 13 13 14 13
4 9 4 4 13 16

Routes distance matrix:
1406.7030734629739 948.5968810248003 929.7149387284378 1406.70268123201 946.7153232953168 1134.4080845923922
1478.8948199258552 899.2301692264869 950.1545410224726 1173.8395607061693 999.285518064936 938.0130059416464
1638.6064767186367 173.20504038169383 173.20504038169383 1621.431740951935 173.20504038169383 175.90005395843866
666.4628621987706 944.9599277393402 590.7703829725149 997.3024004880755 628.2418006385196 637.4777285496725
1086.1546060950122 675.8523961191943 1083.0677852009317 1088.5086343361663 656.8963784480408 1083.0681774318955
115.46954038186868 128.88984625804608 115.46954038186868 115.46954038186868 207.2035321043784 1042.438452703835