23
6 168 4 40

Solution history:
B_obj   B_dis   B_sim   C_obj   C_dis   C_sim   neighbor   iterations   time   scores
1.0328561749731677 7161.3418100036015 0.016666666666666666 1.0328561749731677 7161.3418100036015 0.016666666666666666 0 0 0 3.0 3.0 3.0 3.0 3.0 3.0 3.0
1.0328561749731677 7161.3418100036015 0.016666666666666666 1.0328561749731677 7161.3418100036015 0.016666666666666666 move_t 100 32.22192406654358 3.0 3.9699999999999998 3.0 3.0 3.0 3.0 3.0
1.0328110304094331 7160.931026942852 0.016666666666666666 1.0328110304094331 7160.931026942852 0.016666666666666666 move_t 100 75.01624274253845 3.0 4.9303 3.0 3.0 3.0 3.0 3.0
1.0328110263804127 7160.930990281666 0.016666666666666666 1.0749665512943363 7544.515947561576 0.016666666666666666 t_move_k 100 120.11804795265198 3.99 4.9303 3.0 3.0 3.0 3.0 3.0
1.0328110263804127 7160.930990281666 0.016666666666666666 1.1101235517314776 7864.419365638014 0.016666666666666666 f_swap_t 100 176.451646566391 3.99 4.9303 3.0 3.98 3.0 3.0 3.0
1.0328110263804127 7160.930990281666 0.016666666666666666 1.1342296896773552 8083.767883134447 0.016666666666666666 t_multiswap_k 100 204.4870572090149 3.99 4.9303 3.0 3.98 3.0 3.0 3.98
1.0328110263804127 7160.930990281666 0.016666666666666666 1.1236646819232674 7987.633911222378 0.016666666666666666 move_t 100 240.16456031799316 3.99 5.880997 3.0 3.98 3.0 3.0 3.98
1.0328110263804127 7160.930990281666 0.016666666666666666 1.1230884304601656 7982.390437364379 0.016666666666666666 t_swap_r_k 100 312.2943608760834 3.99 5.880997 3.0 3.98 3.0 4.01 3.98
1.0328110263804127 7160.930990281666 0.016666666666666666 1.1444428351693932 8176.700161531081 0.016666666666666666 move_t 100 352.4919419288635 3.99 6.83218703 3.0 3.98 3.0 4.01 3.98
1.0328110263804127 7160.930990281666 0.016666666666666666 1.1391683107997386 8128.705783353202 0.016666666666666666 t_multiswap_k 100 388.1607117652893 3.99 6.83218703 3.0 3.98 3.0 4.01 4.9702
1.0328110263804127 7160.930990281666 0.016666666666666666 1.1148162099367869 7907.119180214828 0.016666666666666666 move_t 100 422.21040534973145 3.99 7.7938651597 3.0 3.98 3.0 4.01 4.9702
1.0328110263804127 7160.930990281666 0.016666666666666666 1.133854890625721 8042.4438114475315 0.0 t_move_k 100 469.34833121299744 4.9701 7.7938651597 3.0 3.98 3.0 4.01 4.9702
1.0328110263804127 7160.930990281666 0.016666666666666666 1.2047174691935267 8687.242310058993 0.0 t_multiswap_k 100 500.5232276916504 4.9701 7.7938651597 3.0 3.98 3.0 4.01 5.960498
1.0328110263804127 7160.930990281666 0.016666666666666666 1.1802992596702684 8502.967835542078 0.016666666666666666 f_swap_t 100 562.3791739940643 4.9701 7.7938651597 3.0 4.9402 3.0 4.01 5.960498
1.0328110263804127 7160.930990281666 0.016666666666666666 1.1749659611532839 8454.438654895515 0.016666666666666666 swap_t 100 599.8486049175262 4.9701 7.7938651597 3.0 4.9402 3.9699999999999998 4.01 5.960498
1.0328110263804127 7160.930990281666 0.016666666666666666 1.1749659611532839 8454.438654895515 0.016666666666666666 t_swap_r_k 100 672.6650857925415 4.9701 7.7938651597 3.0 4.9402 3.9699999999999998 5.0099 5.960498
1.0328110263804127 7160.930990281666 0.016666666666666666 1.2408747842208432 9016.247871451695 0.0 t_swap_k 100 729.1140868663788 4.9701 7.7938651597 4.02 4.9402 3.9699999999999998 5.0099 5.960498
1.0328110263804127 7160.930990281666 0.016666666666666666 1.2100172371642353 8773.3800567336 0.016666666666666666 move_t 100 774.3510873317719 4.9701 8.775926508103 4.02 4.9402 3.9699999999999998 5.0099 5.960498
1.0328110263804127 7160.930990281666 0.016666666666666666 1.2514709648812012 9150.57916427344 0.016666666666666666 t_move_k 100 825.1151411533356 6.0103990000000005 8.775926508103 4.02 4.9402 3.9699999999999998 5.0099 5.960498
1.0328110263804127 7160.930990281666 0.016666666666666666 1.2185324713516144 8850.862563443305 0.016666666666666666 move_t 100 870.558530330658 6.0103990000000005 9.68816724302197 4.02 4.9402 3.9699999999999998 5.0099 5.960498
1.0328110263804127 7160.930990281666 0.016666666666666666 1.2051685243291046 8729.260257264283 0.016666666666666666 t_swap_r_k 100 941.1875092983246 6.0103990000000005 9.68816724302197 4.02 4.9402 3.9699999999999998 5.999801 5.960498
1.0328110263804127 7160.930990281666 0.016666666666666666 1.2025921370185297 8705.816985748123 0.016666666666666666 move_t 100 983.7220251560211 6.0103990000000005 10.59128557059175 4.02 4.9402 3.9699999999999998 5.999801 5.960498
1.0328110263804127 7160.930990281666 0.016666666666666666 1.2229607387757846 8827.933160776234 0.016666666666666666 move_t 100 1035.7683482170105 6.0103990000000005 11.495372714885834 4.02 4.9402 3.9699999999999998 5.999801 5.960498
1.0328110263804127 7160.930990281666 0.016666666666666666 1.2781827012406695 9393.636753314031 0.016666666666666666 f_swap_t 100 1123.0292208194733 6.0103990000000005 11.495372714885834 4.02 5.940798 3.9699999999999998 5.999801 5.960498
1.0328110263804127 7160.930990281666 0.016666666666666666 1.2460201821833439 9063.067292195808 0.0 swap_t 100 1153.147466659546 6.0103990000000005 11.495372714885834 4.02 5.940798 4.9303 5.999801 5.960498
1.0328110263804127 7160.930990281666 0.016666666666666666 1.2298174964189357 8953.548175049138 0.016666666666666666 t_multiswap_k 100 1192.313061952591 6.0103990000000005 11.495372714885834 4.02 5.940798 4.9303 5.999801 6.90089302
1.0328110263804127 7160.930990281666 0.016666666666666666 1.2336791592583758 8988.686529471735 0.016666666666666666 t_move_k 100 1250.4300453662872 6.96029501 11.495372714885834 4.02 5.940798 4.9303 5.999801 6.90089302
1.0328110263804127 7160.930990281666 0.016666666666666666 1.4743843726574437 11178.930849457349 0.016666666666666666 f_swap_t 100 1329.9870338439941 6.96029501 11.495372714885834 4.02 7.0013900200000005 4.9303 5.999801 6.90089302
1.0328110263804127 7160.930990281666 0.016666666666666666 1.4065650625097614 10561.82390466494 0.016666666666666666 move_t 100 1378.8210928440094 6.96029501 12.380418987736975 4.02 7.0013900200000005 4.9303 5.999801 6.90089302
1.0328110263804127 7160.930990281666 0.016666666666666666 1.398132442379699 10447.179456575423 0.0 t_multiswap_k 100 1404.4671370983124 6.96029501 12.380418987736975 4.02 7.0013900200000005 4.9303 5.999801 7.8318840898
1.0328110263804127 7160.930990281666 0.016666666666666666 1.4774669833602418 11169.066719869623 0.0 t_move_k 100 1445.9649229049683 8.0206920599 12.380418987736975 4.02 7.0013900200000005 4.9303 5.999801 7.8318840898
1.0328110263804127 7160.930990281666 0.016666666666666666 1.4220731543785659 10702.936386816085 0.016666666666666666 move_t 100 1491.076548576355 8.0206920599 13.256614797859605 4.02 7.0013900200000005 4.9303 5.999801 7.8318840898
1.0328110263804127 7160.930990281666 0.016666666666666666 1.4892854896916037 11314.52029716657 0.016666666666666666 f_swap_t 100 1562.9146935939789 8.0206920599 13.256614797859605 4.02 7.951376119800001 4.9303 5.999801 7.8318840898
1.0328110263804127 7160.930990281666 0.016666666666666666 1.4480829382739102 10939.606713297066 0.016666666666666666 move_t 100 1601.9570157527924 8.0206920599 14.12404864988101 4.02 7.951376119800001 4.9303 5.999801 7.8318840898
1.0328110263804127 7160.930990281666 0.016666666666666666 1.439259493316745 10859.319710256144 0.016666666666666666 swap_t 100 1633.3096668720245 8.0206920599 14.12404864988101 4.02 7.951376119800001 5.880997 5.999801 7.8318840898
1.0328110263804127 7160.930990281666 0.016666666666666666 1.4348459535258302 10819.15967250052 0.016666666666666666 f_swap_t 100 1680.7754044532776 8.0206920599 14.12404864988101 4.02 8.871862358602002 5.880997 5.999801 7.8318840898
1.0328110263804127 7160.930990281666 0.016666666666666666 1.4397502040486103 10863.784824983186 0.016666666666666666 t_move_k 100 1734.3672370910645 8.950485139301 14.12404864988101 4.02 8.871862358602002 5.880997 5.999801 7.8318840898
1.0328110263804127 7160.930990281666 0.016666666666666666 1.407563487732164 10570.908856093358 0.016666666666666666 t_multiswap_k 100 1771.985519170761 8.950485139301 14.12404864988101 4.02 8.871862358602002 5.880997 5.999801 8.933565248902
1.0328110263804127 7160.930990281666 0.016666666666666666 1.3926457406670187 10435.168087062955 0.016666666666666666 f_swap_t 100 1840.3636755943298 8.950485139301 14.12404864988101 4.02 9.783143735015981 5.880997 5.999801 8.933565248902
1.0328110263804127 7160.930990281666 0.016666666666666666 1.3865184130924313 10379.41381308019 0.016666666666666666 t_move_k 100 1900.2900593280792 9.89098028790799 14.12404864988101 4.02 9.783143735015981 5.880997 5.999801 8.933565248902
1.0328110263804127 7160.930990281666 0.016666666666666666 1.411849378674264 10609.9073811334 0.016666666666666666 swap_t 100 1946.3749778270721 9.89098028790799 14.12404864988101 4.02 9.783143735015981 6.83218703 5.999801 8.933565248902
1.0328110263804127 7160.930990281666 0.016666666666666666 1.3924795225330402 10433.655621592497 0.016666666666666666 t_move_k 100 2017.8680872917175 10.94207048502891 14.12404864988101 4.02 9.783143735015981 6.83218703 5.999801 8.933565248902
1.0328110263804127 7160.930990281666 0.016666666666666666 1.411480225424942 10606.548352069947 0.016666666666666666 f_swap_t 100 2105.130113363266 10.94207048502891 14.12404864988101 4.02 10.725312297665822 6.83218703 5.999801 8.933565248902
1.0328110263804127 7160.930990281666 0.016666666666666666 1.3881750918093625 10394.48839787443 0.016666666666666666 t_swap_k 100 2180.784511566162 10.94207048502891 14.12404864988101 5.009799999999999 10.725312297665822 6.83218703 5.999801 8.933565248902
1.0328110263804127 7160.930990281666 0.016666666666666666 1.382390300164791 10303.93728461031 0.0 swap_t 100 2231.5650312900543 10.94207048502891 14.12404864988101 5.009799999999999 10.725312297665822 7.7638651597 5.999801 8.933565248902
1.0328110263804127 7160.930990281666 0.016666666666666666 1.377430194158907 10258.803887404232 0.0 t_move_k 100 2277.3530039787292 11.832649780178622 14.12404864988101 5.009799999999999 10.725312297665822 7.7638651597 5.999801 8.933565248902
1.0328110263804127 7160.930990281666 0.016666666666666666 1.377430194158907 10258.803887404232 0.0 f_swap_t 100 2357.5662479400635 11.832649780178622 14.12404864988101 5.009799999999999 11.618059174689163 7.7638651597 5.999801 8.933565248902
1.0328110263804127 7160.930990281666 0.016666666666666666 1.377430194158907 10258.803887404232 0.0 t_move_k 100 2415.6529331207275 12.714323282376835 14.12404864988101 5.009799999999999 11.618059174689163 7.7638651597 5.999801 8.933565248902
1.0328110263804127 7160.930990281666 0.016666666666666666 1.377430194158907 10258.803887404232 0.0 move_t 100 2457.565929889679 12.714323282376835 14.982808163382199 5.009799999999999 11.618059174689163 7.7638651597 5.999801 8.933565248902
1.0328110263804127 7160.930990281666 0.016666666666666666 1.3989081370921284 10492.151390440162 0.016666666666666666 t_swap_k 100 2537.556360244751 12.714323282376835 14.982808163382199 5.969702 11.618059174689163 7.7638651597 5.999801 8.933565248902
1.0328110263804127 7160.930990281666 0.016666666666666666 1.4655650403642617 11060.767598817685 0.0 f_swap_t 100 2615.5993366241455 12.714323282376835 14.982808163382199 5.969702 12.551878582942273 7.7638651597 5.999801 8.933565248902
1.0328110263804127 7160.930990281666 0.016666666666666666 1.4380029038796642 10847.8856501531 0.016666666666666666 t_multiswap_k 100 2644.3898916244507 12.714323282376835 14.982808163382199 5.969702 12.551878582942273 7.7638651597 5.999801 9.84422959641298
1.0328110263804127 7160.930990281666 0.016666666666666666 1.433348178880564 10805.531000470164 0.016666666666666666 swap_t 100 2685.2216608524323 12.714323282376835 14.982808163382199 5.969702 12.551878582942273 8.686226508103 5.999801 9.84422959641298
1.0328110263804127 7160.930990281666 0.016666666666666666 1.432865720017327 10801.140971812663 0.016666666666666666 swap_t 100 2730.058470249176 12.714323282376835 14.982808163382199 5.969702 12.551878582942273 9.59936424302197 5.999801 9.84422959641298
1.0328110263804127 7160.930990281666 0.016666666666666666 1.428000370226418 10756.869788011529 0.016666666666666666 t_multiswap_k 100 2756.5374627113342 12.714323282376835 14.982808163382199 5.969702 12.551878582942273 9.59936424302197 5.999801 10.80578730044885
1.0328110263804127 7160.930990281666 0.016666666666666666 1.4014505690774266 10515.285692917929 0.016666666666666666 t_move_k 100 2801.7401218414307 13.657180049553066 14.982808163382199 5.969702 12.551878582942273 9.59936424302197 5.999801 10.80578730044885
1.0328110263804127 7160.930990281666 0.016666666666666666 1.4333214611448661 10805.28788829146 0.016666666666666666 t_move_k 100 2863.1465039253235 14.560608249057536 14.982808163382199 5.969702 12.551878582942273 9.59936424302197 5.999801 10.80578730044885
1.0328110263804127 7160.930990281666 0.016666666666666666 1.4150381183520349 10601.008948886989 0.0 move_t 100 2918.3025891780853 14.560608249057536 15.832980081748376 5.969702 12.551878582942273 9.59936424302197 5.999801 10.80578730044885
1.0328110263804127 7160.930990281666 0.016666666666666666 1.4288730254360644 10764.810322781192 0.016666666666666666 t_multiswap_k 100 2952.4314272403717 14.560608249057536 15.832980081748376 5.969702 12.551878582942273 9.59936424302197 5.999801 11.767729427444362
1.0328110263804127 7160.930990281666 0.016666666666666666 1.4122055714795612 10613.148479477739 0.016666666666666666 swap_t 100 2999.1767473220825 14.560608249057536 15.832980081748376 5.969702 12.551878582942273 10.50337060059175 5.999801 11.767729427444362
1.0328110263804127 7160.930990281666 0.016666666666666666 1.4096677433740907 10590.056068995167 0.016666666666666666 t_swap_r_k 100 3098.964390516281 14.560608249057536 15.832980081748376 5.969702 12.551878582942273 10.50337060059175 6.97980299 11.767729427444362
1.0328110263804127 7160.930990281666 0.016666666666666666 1.425075845238059 10730.258714017924 0.016666666666666666 t_multiswap_k 100 3144.278256177902 14.560608249057536 15.832980081748376 5.969702 12.551878582942273 10.50337060059175 6.97980299 12.720052133169919
1.0328110263804127 7160.930990281666 0.016666666666666666 1.4090173214993962 10584.137697737115 0.016666666666666666 t_move_k 100 3191.619388818741 15.41500216656696 15.832980081748376 5.969702 12.551878582942273 10.50337060059175 6.97980299 12.720052133169919
1.0328110263804127 7160.930990281666 0.016666666666666666 1.4060300924451288 10556.95606184227 0.016666666666666666 t_multiswap_k 100 3212.5174062252045 15.41500216656696 15.832980081748376 5.969702 12.551878582942273 10.50337060059175 6.97980299 13.592851611838219
1.0328110263804127 7160.930990281666 0.016666666666666666 1.4043800507079858 10541.9418687906 0.016666666666666666 f_swap_t 100 3281.9112842082977 15.41500216656696 15.832980081748376 5.969702 13.42635979711285 10.50337060059175 6.97980299 13.592851611838219
1.0328110263804127 7160.930990281666 0.016666666666666666 1.468638298158069 10941.273874981678 0.0 move_t 100 3333.629126548767 15.41500216656696 16.694650280930894 5.969702 13.42635979711285 10.50337060059175 6.97980299 13.592851611838219
1.0328110263804127 7160.930990281666 0.016666666666666666 1.4983903746426601 11511.639055886602 0.0 swap_t 100 3375.8960671424866 15.41500216656696 16.694650280930894 5.969702 13.42635979711285 11.438336894585833 6.97980299 13.592851611838219
1.0328110263804127 7160.930990281666 0.016666666666666666 1.4694034508970433 11095.6943739734 0.0 f_swap_t 100 3453.9998166561127 15.41500216656696 16.694650280930894 5.969702 14.29209619914172 11.438336894585833 6.97980299 13.592851611838219
1.0328110263804127 7160.930990281666 0.016666666666666666 1.4559340988428466 11011.04662769933 0.016666666666666666 t_multiswap_k 100 3501.983064174652 15.41500216656696 16.694650280930894 5.969702 14.29209619914172 11.438336894585833 6.97980299 14.486923095719836
1.0328110263804127 7160.930990281666 0.016666666666666666 1.4507164985298096 10963.570217495291 0.016666666666666666 t_multiswap_k 100 3535.330867767334 15.41500216656696 16.694650280930894 5.969702 14.29209619914172 11.438336894585833 6.97980299 15.342053864762638
1.0328110263804127 7160.930990281666 0.016666666666666666 1.5004701291430833 11378.37880198535 0.0 f_swap_t 100 3617.4642724990845 15.41500216656696 16.694650280930894 5.969702 15.229175237150304 11.438336894585833 6.97980299 15.342053864762638