23
6 168 4 40

Solution history:
B_obj   B_dis   B_sim   C_obj   C_dis   C_sim   neighbor   iterations   time   scores
1.0325585559255488 7161.3418100036015 0.017857142857142856 1.0325585559255488 7161.3418100036015 0.017857142857142856 0 0 0 3.0 3.0 3.0 3.0 3.0 3.0 3.0
1.0325585559255488 7161.3418100036015 0.017857142857142856 1.0325585559255488 7161.3418100036015 0.017857142857142856 t_multiswap_k 100 20.88675045967102 3.0 3.0 3.0 3.0 3.0 3.0 3.9699999999999998
1.032513411361814 7160.931026942852 0.017857142857142856 1.0511480062225569 7371.114226812334 0.03571428571428571 t_move_k 100 63.62734508514404 3.98 3.0 3.0 3.0 3.0 3.0 3.9699999999999998
1.032513411361814 7160.931026942852 0.017857142857142856 1.0511480062225569 7371.114226812334 0.03571428571428571 t_move_k 100 89.21412992477417 4.9402 3.0 3.0 3.0 3.0 3.0 3.9699999999999998
1.032513411361814 7160.931026942852 0.017857142857142856 1.0511480062225569 7371.114226812334 0.03571428571428571 swap_t 100 115.16891074180603 4.9402 3.0 3.0 3.0 3.9699999999999998 3.0 3.9699999999999998
1.032513411361814 7160.931026942852 0.017857142857142856 1.0511480062225569 7371.114226812334 0.03571428571428571 swap_t 100 125.08117079734802 4.9402 3.0 3.0 3.0 4.9303 3.0 3.9699999999999998
1.032513411361814 7160.931026942852 0.017857142857142856 1.033988396858466 7214.97412327182 0.03571428571428571 t_move_k 100 156.48101162910461 5.920798 3.0 3.0 3.0 4.9303 3.0 3.9699999999999998
1.032513411361814 7160.931026942852 0.017857142857142856 1.043606630108701 7302.493128145628 0.03571428571428571 t_move_k 100 188.57803964614868 6.871590019999999 3.0 3.0 3.0 4.9303 3.0 3.9699999999999998
1.032513411361814 7160.931026942852 0.017857142857142856 1.0427809397975336 7254.35815101325 0.017857142857142856 t_move_k 100 213.5457067489624 7.842874119799999 3.0 3.0 3.0 4.9303 3.0 3.9699999999999998
1.032513411361814 7160.931026942852 0.017857142857142856 1.0367723129299915 7199.683968091716 0.017857142857142856 swap_t 100 232.65642023086548 7.842874119799999 3.0 3.0 3.0 5.880997 3.0 3.9699999999999998
1.032513411361814 7160.931026942852 0.017857142857142856 1.060055340277299 7452.164560305812 0.03571428571428571 t_swap_k 100 273.6029133796692 7.842874119799999 3.0 3.98 3.0 5.880997 3.0 3.9699999999999998
1.032513411361814 7160.931026942852 0.017857142857142856 1.0527162377327972 7385.384005639399 0.03571428571428571 move_t 100 299.46126198768616 7.842874119799999 3.9699999999999998 3.98 3.0 5.880997 3.0 3.9699999999999998
1.032513411361814 7160.931026942852 0.017857142857142856 1.0527162377327972 7385.384005639399 0.03571428571428571 t_swap_k 100 342.3687379360199 7.842874119799999 3.9699999999999998 4.9402 3.0 5.880997 3.0 3.9699999999999998
1.032513411361814 7160.931026942852 0.017857142857142856 1.0843307263209205 7552.785336466157 0.03571428571428571 swap_t 100 361.97808742523193 7.842874119799999 3.9699999999999998 4.9402 3.0 6.83218703 3.0 3.9699999999999998
1.032513411361814 7160.931026942852 0.017857142857142856 1.067034927630027 7515.673785300502 0.03571428571428571 t_multiswap_k 100 393.03575897216797 7.842874119799999 3.9699999999999998 4.9402 3.0 6.83218703 3.0 4.9603
1.032513411361814 7160.931026942852 0.017857142857142856 1.0552354738711185 7408.307242592779 0.03571428571428571 move_t 100 417.6956534385681 7.842874119799999 4.9303 4.9402 3.0 6.83218703 3.0 4.9603
1.032513411361814 7160.931026942852 0.017857142857142856 1.0552354738711185 7408.307242592779 0.03571428571428571 f_swap_t 100 457.6611297130585 7.842874119799999 4.9303 4.9402 3.9699999999999998 6.83218703 3.0 4.9603
1.032513411361814 7160.931026942852 0.017857142857142856 1.0552354738711185 7408.307242592779 0.03571428571428571 t_multiswap_k 100 480.3151545524597 7.842874119799999 4.9303 4.9402 3.9699999999999998 6.83218703 3.0 5.910697
1.032513411361814 7160.931026942852 0.017857142857142856 1.1093270292627013 7859.879703330828 0.017857142857142856 f_swap_t 100 527.0900011062622 7.842874119799999 4.9303 4.9402 4.9502999999999995 6.83218703 3.0 5.910697
1.032513411361814 7160.931026942852 0.017857142857142856 1.1293034973684928 8041.651195456944 0.017857142857142856 t_swap_k 100 562.3803703784943 7.842874119799999 4.9303 5.930798 4.9502999999999995 6.83218703 3.0 5.910697
1.032513411361814 7160.931026942852 0.017857142857142856 1.1155159828956822 7916.194730121782 0.017857142857142856 t_multiswap_k 100 581.2003540992737 7.842874119799999 4.9303 5.930798 4.9502999999999995 6.83218703 3.0 6.85159003
1.032513411361814 7160.931026942852 0.017857142857142856 1.1008002882734618 7782.292493000208 0.017857142857142856 t_multiswap_k 100 605.5339105129242 7.842874119799999 4.9303 5.930798 4.9502999999999995 6.83218703 3.0 7.8130741296999995
1.032513411361814 7160.931026942852 0.017857142857142856 1.1003378054389463 7737.4624426763485 0.0 t_multiswap_k 100 628.3400666713715 7.842874119799999 4.9303 5.930798 4.9502999999999995 6.83218703 3.0 8.734943388403
1.032513411361814 7160.931026942852 0.017857142857142856 1.0990329167633122 7725.58889424064 0.0 t_move_k 100 654.626170873642 8.764445378602 4.9303 5.930798 4.9502999999999995 6.83218703 3.0 8.734943388403
1.032513411361814 7160.931026942852 0.017857142857142856 1.1513165969332306 8282.576358217364 0.03571428571428571 t_multiswap_k 100 683.6917672157288 8.764445378602 4.9303 5.930798 4.9502999999999995 6.83218703 3.0 9.70759395451897
1.032513411361814 7160.931026942852 0.017857142857142856 1.1494670507453393 8225.125028992681 0.017857142857142856 t_multiswap_k 100 707.222620010376 8.764445378602 4.9303 5.930798 4.9502999999999995 6.83218703 3.0 10.61051801497378
1.032513411361814 7160.931026942852 0.017857142857142856 1.1486372806933935 8217.574718313888 0.017857142857142856 f_swap_t 100 751.5483787059784 8.764445378602 4.9303 5.930798 5.900797 6.83218703 3.0 10.61051801497378
1.032513411361814 7160.931026942852 0.017857142857142856 1.184033352218728 8539.653511346249 0.017857142857142856 t_multiswap_k 100 777.0526976585388 8.764445378602 4.9303 5.930798 5.900797 6.83218703 3.0 11.514412834824041
1.032513411361814 7160.931026942852 0.017857142857142856 1.1826628420118348 8527.18285417293 0.017857142857142856 t_multiswap_k 100 801.1859557628632 8.764445378602 4.9303 5.930798 5.900797 6.83218703 3.0 12.399268706475802
1.032513411361814 7160.931026942852 0.017857142857142856 1.1713415429025291 8424.167174874347 0.017857142857142856 t_multiswap_k 100 830.3791139125824 8.764445378602 4.9303 5.930798 5.900797 6.83218703 3.0 13.305276019411044
1.032513411361814 7160.931026942852 0.017857142857142856 1.1678477421524334 8392.376100888045 0.017857142857142856 t_move_k 100 860.8007969856262 9.67680092481598 4.9303 5.930798 5.900797 6.83218703 3.0 13.305276019411044
1.032513411361814 7160.931026942852 0.017857142857142856 1.1673518134287844 8387.863506188696 0.017857142857142856 t_multiswap_k 100 889.4479415416718 9.67680092481598 4.9303 5.930798 5.900797 6.83218703 3.0 14.172223259216935
1.032513411361814 7160.931026942852 0.017857142857142856 1.1673518134287844 8387.863506188696 0.017857142857142856 t_multiswap_k 100 918.5968053340912 9.67680092481598 4.9303 5.930798 5.900797 6.83218703 3.0 15.030501026624766
1.032513411361814 7160.931026942852 0.017857142857142856 1.1664395194977946 8379.562287564091 0.017857142857142856 f_swap_t 100 964.4300446510315 9.67680092481598 4.9303 5.930798 6.8717890299999995 6.83218703 3.0 15.030501026624766
1.032513411361814 7160.931026942852 0.017857142857142856 1.1606056492885712 8326.478264543366 0.017857142857142856 move_t 100 1000.1453227996826 9.67680092481598 5.910997 5.930798 6.8717890299999995 6.83218703 3.0 15.030501026624766
1.032513411361814 7160.931026942852 0.017857142857142856 1.1537529248057388 8264.123400421391 0.017857142857142856 t_move_k 100 1054.3470005989075 10.58003291556782 5.910997 5.930798 6.8717890299999995 6.83218703 3.0 15.030501026624766
1.032513411361814 7160.931026942852 0.017857142857142856 1.1509085579830483 8238.241708083366 0.017857142857142856 t_multiswap_k 100 1102.4093205928802 10.58003291556782 5.910997 5.930798 6.8717890299999995 6.83218703 3.0 15.880196016358518
1.032513411361814 7160.931026942852 0.017857142857142856 1.1499791804947892 8229.785041374585 0.017857142857142856 t_multiswap_k 100 1124.3891072273254 10.58003291556782 5.910997 5.930798 6.8717890299999995 6.83218703 3.0 16.72139405619493
1.032513411361814 7160.931026942852 0.017857142857142856 1.1773159277817742 8478.529780330176 0.017857142857142856 move_t 100 1149.7900304794312 10.58003291556782 6.90188703 5.930798 6.8717890299999995 6.83218703 3.0 16.72139405619493
1.032513411361814 7160.931026942852 0.017857142857142856 1.16024620242449 8323.207556604502 0.017857142857142856 t_multiswap_k 100 1166.8437399864197 10.58003291556782 6.90188703 5.930798 6.8717890299999995 6.83218703 3.0 17.55418011563298
1.032513411361814 7160.931026942852 0.017857142857142856 1.1560958003127595 8285.441882473451 0.017857142857142856 t_multiswap_k 100 1200.5120844841003 10.58003291556782 6.90188703 5.930798 6.8717890299999995 6.83218703 3.0 18.37863831447665
1.032513411361814 7160.931026942852 0.017857142857142856 1.1697284672726984 8450.111135972564 0.03571428571428571 t_swap_k 100 1241.9223682880402 10.58003291556782 6.90188703 6.9114900200000005 6.8717890299999995 6.83218703 3.0 18.37863831447665
1.032513411361814 7160.931026942852 0.017857142857142856 1.2152538806145856 8783.116075907785 0.0 t_swap_k 100 1291.1168158054352 10.58003291556782 6.90188703 7.9423751198 6.8717890299999995 6.83218703 3.0 18.37863831447665
1.032513411361814 7160.931026942852 0.017857142857142856 1.2104833758934446 8780.329703186708 0.017857142857142856 t_move_k 100 1335.17298579216 11.554232586412141 6.90188703 7.9423751198 6.8717890299999995 6.83218703 3.0 18.37863831447665
1.032513411361814 7160.931026942852 0.017857142857142856 1.1846237841941891 8545.026017667695 0.017857142857142856 t_move_k 100 1385.2856485843658 12.50869026054802 6.90188703 7.9423751198 6.8717890299999995 6.83218703 3.0 18.37863831447665
1.032513411361814 7160.931026942852 0.017857142857142856 1.1958391678443656 8606.456153305166 0.0 f_swap_t 100 1429.901892900467 12.50869026054802 6.90188703 7.9423751198 7.843071139699999 6.83218703 3.0 18.37863831447665
1.032513411361814 7160.931026942852 0.017857142857142856 1.2523049308411625 9120.253984814313 0.0 f_swap_t 100 1481.1632099151611 12.50869026054802 6.90188703 7.9423751198 8.774640428303 6.83218703 3.0 18.37863831447665
1.032513411361814 7160.931026942852 0.017857142857142856 1.2147452807369872 8778.488182820947 0.0 f_swap_t 100 1535.8796980381012 12.50869026054802 6.90188703 7.9423751198 9.71689402401997 6.83218703 3.0 18.37863831447665
1.032513411361814 7160.931026942852 0.017857142857142856 1.2583344133867138 9175.117939405742 0.0 f_swap_t 100 1576.8075811862946 12.50869026054802 6.90188703 7.9423751198 10.639725083779771 6.83218703 3.0 18.37863831447665
1.032513411361814 7160.931026942852 0.017857142857142856 1.2282867060463767 8942.327202923616 0.017857142857142856 t_multiswap_k 100 1601.279284954071 12.50869026054802 6.90188703 7.9423751198 10.639725083779771 6.83218703 3.0 19.224851931331884
1.032513411361814 7160.931026942852 0.017857142857142856 1.2188685139711664 8856.628428867305 0.017857142857142856 t_multiswap_k 100 1627.8836205005646 12.50869026054802 6.90188703 7.9423751198 10.639725083779771 6.83218703 3.0 20.032603412018563
1.032513411361814 7160.931026942852 0.017857142857142856 1.2597144091723502 9187.674908523328 0.0 f_swap_t 100 1674.836201429367 12.50869026054802 6.90188703 7.9423751198 11.553327832941973 6.83218703 3.0 20.032603412018563
1.032513411361814 7160.931026942852 0.017857142857142856 1.232288271533205 8938.116781655131 0.0 swap_t 100 1702.6138451099396 12.50869026054802 6.90188703 7.9423751198 11.553327832941973 7.7638651597 3.0 20.032603412018563
1.032513411361814 7160.931026942852 0.017857142857142856 1.2108210929338004 8783.402685358371 0.017857142857142856 t_move_k 100 1745.8508834838867 13.41360335794254 6.90188703 7.9423751198 11.553327832941973 7.7638651597 3.0 20.032603412018563
1.032513411361814 7160.931026942852 0.017857142857142856 1.2731519557568887 9350.568706942347 0.017857142857142856 t_swap_k 100 1790.2586965560913 13.41360335794254 6.90188703 8.912951368602 11.553327832941973 7.7638651597 3.0 20.032603412018563
1.032513411361814 7160.931026942852 0.017857142857142856 1.2446781580882098 9091.477627311893 0.017857142857142856 move_t 100 1817.2855789661407 13.41360335794254 7.8328681597 8.912951368602 11.553327832941973 7.7638651597 3.0 20.032603412018563
1.032513411361814 7160.931026942852 0.017857142857142856 1.2365001276569856 9017.063432256791 0.017857142857142856 swap_t 100 1838.578087091446 13.41360335794254 7.8328681597 8.912951368602 11.553327832941973 8.686226508103 3.0 20.032603412018563
1.032513411361814 7160.931026942852 0.017857142857142856 1.2322569515530057 8978.45358152193 0.017857142857142856 t_multiswap_k 100 1869.8068013191223 13.41360335794254 7.8328681597 8.912951368602 11.553327832941973 8.686226508103 3.0 20.892277377898377
1.032513411361814 7160.931026942852 0.017857142857142856 1.2479289407523328 9080.435622340867 0.0 t_multiswap_k 100 1891.1310415267944 13.41360335794254 7.8328681597 8.912951368602 11.553327832941973 8.686226508103 3.0 21.693354604119392
1.032513411361814 7160.931026942852 0.017857142857142856 1.2989882059757867 9545.038212617552 0.0 t_multiswap_k 100 1921.55615067482 13.41360335794254 7.8328681597 8.912951368602 11.553327832941973 8.686226508103 3.0 22.5064210580782
1.032513411361814 7160.931026942852 0.017857142857142856 1.2812273752953582 9383.427427513612 0.0 move_t 100 1947.697868347168 13.41360335794254 8.754539478103 8.912951368602 11.553327832941973 8.686226508103 3.0 22.5064210580782
1.032513411361814 7160.931026942852 0.017857142857142856 1.2777672894353902 9351.943134778774 0.0 move_t 100 1969.1658227443695 13.41360335794254 9.66699408332197 8.912951368602 11.553327832941973 8.686226508103 3.0 22.5064210580782
1.032513411361814 7160.931026942852 0.017857142857142856 1.2777672894353902 9351.943134778774 0.0 move_t 100 1990.1918377876282 13.41360335794254 10.57032414248875 8.912951368602 11.553327832941973 8.686226508103 3.0 22.5064210580782
1.032513411361814 7160.931026942852 0.017857142857142856 1.2777672894353902 9351.943134778774 0.0 t_multiswap_k 100 2013.8980684280396 13.41360335794254 10.57032414248875 8.912951368602 11.553327832941973 8.686226508103 3.0 23.281356847497417
1.032513411361814 7160.931026942852 0.017857142857142856 1.2777672894353902 9351.943134778774 0.0 move_t 100 2038.0301883220673 13.41360335794254 11.464620901063864 8.912951368602 11.553327832941973 8.686226508103 3.0 23.281356847497417
1.032513411361814 7160.931026942852 0.017857142857142856 1.361472281723031 10160.587223810666 0.017857142857142856 swap_t 100 2063.648418188095 13.41360335794254 11.464620901063864 8.912951368602 11.553327832941973 9.63936424302197 3.0 23.281356847497417
1.032513411361814 7160.931026942852 0.017857142857142856 1.3204276970537867 9740.122161543577 0.0 t_multiswap_k 100 2088.0859599113464 13.41360335794254 11.464620901063864 8.912951368602 11.553327832941973 9.63936424302197 3.0 24.048543279022443
1.032513411361814 7160.931026942852 0.017857142857142856 1.3688875702462358 10221.693943054233 0.017857142857142856 f_swap_t 100 2142.336273908615 13.41360335794254 11.464620901063864 8.912951368602 12.507794554612552 9.63936424302197 3.0 24.048543279022443
1.032513411361814 7160.931026942852 0.017857142857142856 1.3324183875904236 9889.850610546175 0.017857142857142856 swap_t 100 2172.939148902893 13.41360335794254 11.464620901063864 8.912951368602 12.507794554612552 10.54297060059175 3.0 24.048543279022443
1.032513411361814 7160.931026942852 0.017857142857142856 1.3276219194625132 9846.2062003367 0.017857142857142856 f_swap_t 100 2225.4258348941803 13.41360335794254 11.464620901063864 8.912951368602 13.382716609066426 10.54297060059175 3.0 24.048543279022443
1.032513411361814 7160.931026942852 0.017857142857142856 1.375466748864546 10281.559736550922 0.017857142857142856 t_multiswap_k 100 2260.41681432724 13.41360335794254 11.464620901063864 8.912951368602 13.382716609066426 10.54297060059175 3.0 24.838057846232218
1.032513411361814 7160.931026942852 0.017857142857142856 1.415358077117747 10603.920343531643 0.0 t_move_k 100 2306.3031935691833 14.339467324363115 11.464620901063864 8.912951368602 13.382716609066426 10.54297060059175 3.0 24.838057846232218
1.032513411361814 7160.931026942852 0.017857142857142856 1.3788340217359836 10271.577708683431 0.0 move_t 100 2346.964720249176 14.339467324363115 12.349974692053225 8.912951368602 13.382716609066426 10.54297060059175 3.0 24.838057846232218
1.032513411361814 7160.931026942852 0.017857142857142856 1.4262205481354508 10743.382806359095 0.017857142857142856 t_move_k 100 2393.5574238300323 15.326072651119484 12.349974692053225 8.912951368602 13.382716609066426 10.54297060059175 3.0 24.838057846232218
1.032513411361814 7160.931026942852 0.017857142857142856 1.4177362075425233 10666.181409139359 0.017857142857142856 move_t 100 2432.022319793701 15.326072651119484 13.356474945132693 8.912951368602 13.382716609066426 10.54297060059175 3.0 24.838057846232218
1.032513411361814 7160.931026942852 0.017857142857142856 1.3917517436181013 10429.741476182939 0.017857142857142856 t_multiswap_k 100 2462.421016931534 15.326072651119484 13.356474945132693 8.912951368602 13.382716609066426 10.54297060059175 3.0 25.599677267769895
1.032513411361814 7160.931026942852 0.017857142857142856 1.3884849302949536 10359.394035365729 0.0 t_swap_k 100 2517.1540365219116 15.326072651119484 13.356474945132693 9.83382185491598 13.382716609066426 10.54297060059175 3.0 25.599677267769895
1.032513411361814 7160.931026942852 0.017857142857142856 1.3766730830557858 10251.914720901386 0.0 t_multiswap_k 100 2561.4648938179016 15.326072651119484 13.356474945132693 9.83382185491598 13.382716609066426 10.54297060059175 3.0 26.343680495092197
1.032513411361814 7160.931026942852 0.017857142857142856 1.4282277863341124 10761.647230304861 0.017857142857142856 t_swap_k 100 2618.740438222885 15.326072651119484 13.356474945132693 10.84548363636682 13.382716609066426 10.54297060059175 3.0 26.343680495092197
1.032513411361814 7160.931026942852 0.017857142857142856 1.4279797450353828 10759.390232884687 0.017857142857142856 t_move_k 100 2660.20490527153 16.252811924608288 13.356474945132693 10.84548363636682 13.382716609066426 10.54297060059175 3.0 26.343680495092197
1.032513411361814 7160.931026942852 0.017857142857142856 1.395914772157968 10427.000252568341 0.0 t_move_k 100 2705.2960481643677 17.090283805362205 13.356474945132693 10.84548363636682 13.382716609066426 10.54297060059175 3.0 26.343680495092197
1.032513411361814 7160.931026942852 0.017857142857142856 1.3849245115962954 10367.61857512141 0.017857142857142856 t_move_k 100 2735.968613386154 17.919380967308584 13.356474945132693 10.84548363636682 13.382716609066426 10.54297060059175 3.0 26.343680495092197
1.032513411361814 7160.931026942852 0.017857142857142856 1.4523911988750078 10981.51690542246 0.017857142857142856 t_move_k 100 2748.7454080581665 18.840187157635498 13.356474945132693 10.84548363636682 13.382716609066426 10.54297060059175 3.0 26.343680495092197
1.032513411361814 7160.931026942852 0.017857142857142856 1.4129967482035082 10623.05573790651 0.017857142857142856 move_t 100 2761.140279531479 18.840187157635498 14.262910195681366 10.84548363636682 13.382716609066426 10.54297060059175 3.0 26.343680495092197
1.032513411361814 7160.931026942852 0.017857142857142856 1.466732965198552 11112.01666396581 0.017857142857142856 f_swap_t 100 2776.605751991272 18.840187157635498 14.262910195681366 10.84548363636682 14.268889442975762 10.54297060059175 3.0 26.343680495092197
1.032513411361814 7160.931026942852 0.017857142857142856 1.4354722310203152 10786.944677380936 0.0 t_move_k 100 2797.6924431324005 19.65178528605914 14.262910195681366 10.84548363636682 14.268889442975762 10.54297060059175 3.0 26.343680495092197
1.032513411361814 7160.931026942852 0.017857142857142856 1.4375266701978868 10846.260385446922 0.017857142857142856 t_move_k 100 2824.697441339493 20.56526743319855 14.262910195681366 10.84548363636682 14.268889442975762 10.54297060059175 3.0 26.343680495092197
1.032513411361814 7160.931026942852 0.017857142857142856 1.4240778992248904 10723.886242326234 0.017857142857142856 t_multiswap_k 100 2839.030818462372 20.56526743319855 14.262910195681366 10.84548363636682 14.268889442975762 10.54297060059175 3.0 27.080243690141277
1.032513411361814 7160.931026942852 0.017857142857142856 1.4166158968160023 10655.987387286938 0.017857142857142856 t_swap_r_k 100 2863.6586616039276 20.56526743319855 14.262910195681366 10.84548363636682 14.268889442975762 10.54297060059175 4.01 27.080243690141277
1.032513411361814 7160.931026942852 0.017857142857142856 1.538792403835873 11727.083939234097 0.0 f_swap_t 100 2887.2358627319336 20.56526743319855 14.262910195681366 10.84548363636682 15.146200548546005 10.54297060059175 4.01 27.080243690141277
1.032513411361814 7160.931026942852 0.017857142857142856 1.4883864083905156 11309.047423248538 0.017857142857142856 t_multiswap_k 100 2912.703271150589 20.56526743319855 14.262910195681366 10.84548363636682 15.146200548546005 10.54297060059175 4.01 27.839441253239865
1.032513411361814 7160.931026942852 0.017857142857142856 1.4695895498430116 11097.387740534128 0.0 t_move_k 100 2929.8628227710724 21.389614758866564 14.262910195681366 10.84548363636682 15.146200548546005 10.54297060059175 4.01 27.839441253239865
1.032513411361814 7160.931026942852 0.017857142857142856 1.5428980075614656 11839.377803964959 0.017857142857142856 move_t 100 2951.7686553001404 21.389614758866564 15.170281093724553 10.84548363636682 15.146200548546005 10.54297060059175 4.01 27.839441253239865
1.032513411361814 7160.931026942852 0.017857142857142856 1.4863051388876183 11290.109367679619 0.017857142857142856 f_swap_t 100 2980.565270423889 21.389614758866564 15.170281093724553 10.84548363636682 15.994738543060546 10.54297060059175 4.01 27.839441253239865
1.032513411361814 7160.931026942852 0.017857142857142856 1.5057731879261358 11426.632822802398 0.0 t_swap_k 100 3005.3815672397614 21.389614758866564 15.170281093724553 11.877028800003153 15.994738543060546 10.54297060059175 4.01 27.839441253239865
1.032513411361814 7160.931026942852 0.017857142857142856 1.4785724693820463 11179.125847571468 0.0 move_t 100 3021.696884870529 21.389614758866564 16.018578282787306 11.877028800003153 15.994738543060546 10.54297060059175 4.01 27.839441253239865
1.032513411361814 7160.931026942852 0.017857142857142856 1.4722447860007883 11121.54847984952 0.0 move_t 100 3038.707507133484 21.389614758866564 16.858392499959432 11.877028800003153 15.994738543060546 10.54297060059175 4.01 27.839441253239865
1.032513411361814 7160.931026942852 0.017857142857142856 1.535152510586204 11587.242596010488 0.0 move_t 100 3060.9850912094116 21.389614758866564 17.709808574959837 11.877028800003153 15.994738543060546 10.54297060059175 4.01 27.839441253239865
1.032513411361814 7160.931026942852 0.017857142857142856 1.496584390159109 11343.021371963732 0.0 t_multiswap_k 100 3074.4428730010986 21.389614758866564 17.709808574959837 11.877028800003153 15.994738543060546 10.54297060059175 4.01 28.681046840707467
1.032513411361814 7160.931026942852 0.017857142857142856 1.5024807163646328 11396.673699630684 0.0 t_swap_k 100 3103.8472764492035 21.389614758866564 17.709808574959837 12.798258512003121 15.994738543060546 10.54297060059175 4.01 28.681046840707467
1.032513411361814 7160.931026942852 0.017857142857142856 1.5054370488241222 11423.574198734752 0.0 t_multiswap_k 100 3125.4688482284546 21.389614758866564 17.709808574959837 12.798258512003121 15.994738543060546 10.54297060059175 4.01 29.494236372300392
1.032513411361814 7160.931026942852 0.017857142857142856 1.4752023301751396 11148.460004687331 0.0 move_t 100 3149.37762594223 21.389614758866564 18.53271048921024 12.798258512003121 15.994738543060546 10.54297060059175 4.01 29.494236372300392
1.032513411361814 7160.931026942852 0.017857142857142856 1.4667198532706234 11071.27556569172 0.0 t_move_k 100 3168.296400785446 22.175718611277897 18.53271048921024 12.798258512003121 15.994738543060546 10.54297060059175 4.01 29.494236372300392
1.032513411361814 7160.931026942852 0.017857142857142856 1.4650838435370823 11056.389053780616 0.0 f_swap_t 100 3202.7921998500824 22.175718611277897 18.53271048921024 12.798258512003121 16.83479115762994 10.54297060059175 4.01 29.494236372300392
1.032513411361814 7160.931026942852 0.017857142857142856 1.4650838435370823 11056.389053780616 0.0 swap_t 100 3224.4789373874664 22.175718611277897 18.53271048921024 12.798258512003121 16.83479115762994 11.437540894585831 4.01 29.494236372300392
1.032513411361814 7160.931026942852 0.017857142857142856 1.4632883155756125 11040.051040725351 0.0 move_t 100 3247.66197681427 22.175718611277897 19.377383384318136 12.798258512003121 16.83479115762994 11.437540894585831 4.01 29.494236372300392
1.032513411361814 7160.931026942852 0.017857142857142856 1.4598674822124027 11008.923917479518 0.0 t_move_k 100 3267.7922937870026 22.95396142516512 19.377383384318136 12.798258512003121 16.83479115762994 11.437540894585831 4.01 29.494236372300392
1.032513411361814 7160.931026942852 0.017857142857142856 1.481525071657638 11205.992404684916 0.0 t_move_k 100 3283.9335675239563 23.774421810913466 19.377383384318136 12.798258512003121 16.83479115762994 11.437540894585831 4.01 29.494236372300392
1.032513411361814 7160.931026942852 0.017857142857142856 1.4771532765871034 11166.21221386078 0.0 t_move_k 100 3307.2796585559845 24.57667759280433 19.377383384318136 12.798258512003121 16.83479115762994 11.437540894585831 4.01 29.494236372300392
1.032513411361814 7160.931026942852 0.017857142857142856 1.4670876651082527 11074.622388873548 0.0 t_move_k 100 3334.3207335472107 25.360910816876288 19.377383384318136 12.798258512003121 16.83479115762994 11.437540894585831 4.01 29.494236372300392
1.032513411361814 7160.931026942852 0.017857142857142856 1.5797542615299838 12099.807383332682 0.0 f_swap_t 100 3367.309917449951 25.360910816876288 19.377383384318136 12.798258512003121 17.80644324605364 11.437540894585831 4.01 29.494236372300392
1.032513411361814 7160.931026942852 0.017857142857142856 1.5277806936702498 11626.885296657969 0.0 t_move_k 100 3386.4152863025665 26.107301708707524 19.377383384318136 12.798258512003121 17.80644324605364 11.437540894585831 4.01 29.494236372300392
1.032513411361814 7160.931026942852 0.017857142857142856 1.514434553116934 11505.4450165417 0.0 t_multiswap_k 100 3402.781295776367 26.107301708707524 19.377383384318136 12.798258512003121 17.80644324605364 11.437540894585831 4.01 30.23929400857739
1.032513411361814 7160.931026942852 0.017857142857142856 1.5217188514007676 11571.726891852793 0.0 t_move_k 100 3421.021882534027 26.95622869162045 19.377383384318136 12.798258512003121 17.80644324605364 11.437540894585831 4.01 30.23929400857739
1.032513411361814 7160.931026942852 0.017857142857142856 1.4927486428686771 11308.11883039792 0.0 swap_t 100 3437.4505457878113 26.95622869162045 19.377383384318136 12.798258512003121 17.80644324605364 12.323165485639972 4.01 30.23929400857739
1.032513411361814 7160.931026942852 0.017857142857142856 1.4885179736220813 11269.622783069972 0.0 swap_t 100 3447.38787984848 26.95622869162045 19.377383384318136 12.798258512003121 17.80644324605364 13.199933830783573 4.01 30.23929400857739
1.032513411361814 7160.931026942852 0.017857142857142856 1.4844987893115722 11313.166377130092 0.03571428571428571 move_t 100 3473.818774700165 26.95622869162045 20.213609550474956 12.798258512003121 17.80644324605364 13.199933830783573 4.01 30.23929400857739
1.032513411361814 7160.931026942852 0.017857142857142856 1.4757972020896433 11235.116489581545 0.03571428571428571 t_swap_k 100 3496.3468658924103 26.95622869162045 20.213609550474956 13.73027592688309 17.80644324605364 13.199933830783573 4.01 30.23929400857739
1.032513411361814 7160.931026942852 0.017857142857142856 1.5260666595799144 11611.288819217347 0.0 t_multiswap_k 100 3521.604028701782 26.95622869162045 20.213609550474956 13.73027592688309 17.80644324605364 13.199933830783573 4.01 31.016901068491613
1.032513411361814 7160.931026942852 0.017857142857142856 1.4980022313066501 11355.922706655205 0.0 move_t 100 3548.644335269928 26.95622869162045 21.041473454970205 13.73027592688309 17.80644324605364 13.199933830783573 4.01 31.016901068491613
1.032513411361814 7160.931026942852 0.017857142857142856 1.5084391407238205 11450.891075833246 0.0 t_move_k 100 3568.73020863533 27.816666404704243 21.041473454970205 13.73027592688309 17.80644324605364 13.199933830783573 4.01 31.016901068491613
1.032513411361814 7160.931026942852 0.017857142857142856 1.5407956736204846 11745.312253466203 0.0 t_move_k 100 3590.619953393936 28.6384997406572 21.041473454970205 13.73027592688309 17.80644324605364 13.199933830783573 4.01 31.016901068491613
1.032513411361814 7160.931026942852 0.017857142857142856 1.6104142825715435 12378.791523263137 0.0 f_swap_t 100 3614.6364402770996 28.6384997406572 21.041473454970205 13.73027592688309 18.698378813593102 13.199933830783573 4.01 31.016901068491613