23
6 168 4 40

Solution history:
B_obj   B_dis   B_sim   C_obj   C_dis   C_sim   neighbor   iterations   time   scores
0.9239276035445965 7161.3418100036015 0.4523809523809524 0.9239276035445965 7161.3418100036015 0.4523809523809524 0 0 0 3.0 3.0 3.0 3.0 3.0 3.0 3.0
0.9239276035445965 7161.3418100036015 0.4523809523809524 0.9239276035445965 7161.3418100036015 0.4523809523809524 t_move_k 100 52.1020929813385 3.9699999999999998 3.0 3.0 3.0 3.0 3.0 3.0
0.9238824589808616 7160.931026942852 0.4523809523809524 0.9238824589808616 7160.931026942852 0.4523809523809524 t_multiswap_k 100 82.06509017944336 3.9699999999999998 3.0 3.0 3.0 3.0 3.0 3.9699999999999998
0.9238824549518414 7160.930990281666 0.4523809523809524 0.9458320209279529 7360.656253920322 0.4523809523809524 swap_t 100 113.35055708885193 3.9699999999999998 3.0 3.0 3.0 3.98 3.0 3.9699999999999998
0.9238824549518414 7160.930990281666 0.4523809523809524 1.0236773673291686 8014.830532065983 0.42857142857142855 t_move_k 100 177.39867091178894 4.9703 3.0 3.0 3.0 3.98 3.0 3.9699999999999998
0.9238824549518414 7160.930990281666 0.4523809523809524 1.0009277506338319 7861.987767848518 0.4523809523809524 t_move_k 100 248.65789079666138 5.930597 3.0 3.0 3.0 3.98 3.0 3.9699999999999998
0.9238824549518414 7160.930990281666 0.4523809523809524 1.0438066277154363 8143.829938504729 0.40476190476190477 t_multiswap_k 100 285.95936727523804 5.930597 3.0 3.0 3.0 3.98 3.0 4.9502999999999995
0.9238824549518414 7160.930990281666 0.4523809523809524 1.035583339518899 8069.003930335931 0.40476190476190477 t_move_k 100 339.963579416275 6.87129103 3.0 3.0 3.0 3.98 3.0 4.9502999999999995
0.9238824549518414 7160.930990281666 0.4523809523809524 1.0712281047264618 8393.345657009093 0.40476190476190477 t_multiswap_k 100 387.5281915664673 6.87129103 3.0 3.0 3.0 3.98 3.0 5.950797
0.9238824549518414 7160.930990281666 0.4523809523809524 1.0600172357904227 8291.334812862757 0.40476190476190477 swap_t 100 427.5181474685669 6.87129103 3.0 3.0 3.0 4.9402 3.0 5.950797
0.9238824549518414 7160.930990281666 0.4523809523809524 1.0547669560910973 8243.561043747426 0.40476190476190477 t_move_k 100 492.55815863609314 7.8025781197 3.0 3.0 3.0 4.9402 3.0 5.950797
0.9238824549518414 7160.930990281666 0.4523809523809524 1.0527428551485087 8225.143180960084 0.40476190476190477 t_multiswap_k 100 529.8198821544647 7.8025781197 3.0 3.0 3.0 4.9402 3.0 6.891289029999999
0.9238824549518414 7160.930990281666 0.4523809523809524 1.0527428551485087 8225.143180960084 0.40476190476190477 t_move_k 100 587.3340775966644 8.724552338502999 3.0 3.0 3.0 4.9402 3.0 6.891289029999999
0.9238824549518414 7160.930990281666 0.4523809523809524 1.0527428551485087 8225.143180960084 0.40476190476190477 t_multiswap_k 100 620.6749947071075 8.724552338502999 3.0 3.0 3.0 4.9402 3.0 7.822376139699999
0.9238824549518414 7160.930990281666 0.4523809523809524 1.0527428551485087 8225.143180960084 0.40476190476190477 swap_t 100 669.5698275566101 8.724552338502999 3.0 3.0 3.0 5.890798 3.0 7.822376139699999
0.9238824549518414 7160.930990281666 0.4523809523809524 1.1135212377495673 8778.182749110943 0.40476190476190477 t_multiswap_k 100 696.8655769824982 8.724552338502999 3.0 3.0 3.0 5.890798 3.0 8.794152378303
0.9238824549518414 7160.930990281666 0.4523809523809524 1.1543088000853527 8901.787082050774 0.38095238095238093 swap_t 100 740.7662999629974 8.724552338502999 3.0 3.0 3.0 6.85189002 3.0 8.794152378303
0.9238824549518414 7160.930990281666 0.4523809523809524 1.1303774822836468 8877.400065339647 0.38095238095238093 t_move_k 100 803.9444329738617 9.637306815117968 3.0 3.0 3.0 6.85189002 3.0 8.794152378303
0.9238824549518414 7160.930990281666 0.4523809523809524 1.1152107284372157 8793.555899239418 0.40476190476190477 t_multiswap_k 100 854.788036108017 9.637306815117968 3.0 3.0 3.0 6.85189002 3.0 9.73621085451997
0.9238824549518414 7160.930990281666 0.4523809523809524 1.109474249521735 8741.358066945197 0.40476190476190477 swap_t 100 886.4152643680573 9.637306815117968 3.0 3.0 3.0 7.7833711198 3.0 9.73621085451997
0.9238824549518414 7160.930990281666 0.4523809523809524 1.1091796993453251 8738.677872188624 0.40476190476190477 swap_t 100 929.713029384613 9.637306815117968 3.0 3.0 3.0 8.705537408602 3.0 9.73621085451997
0.9238824549518414 7160.930990281666 0.4523809523809524 1.1091796993453251 8738.677872188624 0.40476190476190477 swap_t 100 962.3595492839813 9.637306815117968 3.0 3.0 3.0 9.61848203451598 3.0 9.73621085451997
0.9238824549518414 7160.930990281666 0.4523809523809524 1.1091796993453251 8738.677872188624 0.40476190476190477 t_multiswap_k 100 1003.7621233463287 9.637306815117968 3.0 3.0 3.0 9.61848203451598 3.0 10.63884874597477
0.9238824549518414 7160.930990281666 0.4523809523809524 1.1091796993453251 8738.677872188624 0.40476190476190477 t_multiswap_k 100 1046.6756489276886 9.637306815117968 3.0 3.0 3.0 9.61848203451598 3.0 11.532460258515021
0.9238824549518414 7160.930990281666 0.4523809523809524 1.1200958639154315 8838.007118564623 0.40476190476190477 t_multiswap_k 100 1106.4859819412231 9.637306815117968 3.0 3.0 3.0 9.61848203451598 3.0 12.48713565592987
0.9238824549518414 7160.930990281666 0.4523809523809524 1.1177693942829554 8816.837918171354 0.40476190476190477 swap_t 100 1148.3442463874817 9.637306815117968 3.0 3.0 3.0 10.53229721417082 3.0 12.48713565592987
0.9238824549518414 7160.930990281666 0.4523809523809524 1.0995741250168742 8651.274054398398 0.40476190476190477 t_multiswap_k 100 1190.3364644050598 9.637306815117968 3.0 3.0 3.0 10.53229721417082 3.0 13.392264299370572
0.9238824549518414 7160.930990281666 0.4523809523809524 1.1204928001849184 8949.94372422366 0.4523809523809524 t_swap_k 100 1247.9041805267334 9.637306815117968 3.0 4.05 3.0 10.53229721417082 3.0 13.392264299370572
0.9238824549518414 7160.930990281666 0.4523809523809524 1.131492592230856 9025.548285527004 0.42857142857142855 swap_t 100 1295.0151989459991 9.637306815117968 3.0 4.05 3.0 11.466974242029112 3.0 13.392264299370572
0.9238824549518414 7160.930990281666 0.4523809523809524 1.124835678841099 8935.298410927466 0.42857142857142855 swap_t 100 1339.4140663146973 9.637306815117968 3.0 4.05 3.0 12.35230449960882 3.0 13.392264299370572
0.9238824549518414 7160.930990281666 0.4523809523809524 1.1233167376064546 8921.477138157374 0.42857142857142855 swap_t 100 1374.8928816318512 9.637306815117968 3.0 4.05 3.0 13.228781454612733 3.0 13.392264299370572
0.9238824549518414 7160.930990281666 0.4523809523809524 1.1222665245568715 8966.083340296078 0.4523809523809524 t_move_k 100 1421.850909948349 10.570933746966789 3.0 4.05 3.0 13.228781454612733 3.0 13.392264299370572
0.9238824549518414 7160.930990281666 0.4523809523809524 1.115261303929191 8902.340870935494 0.4523809523809524 swap_t 100 1452.7303438186646 10.570933746966789 3.0 4.05 3.0 14.096493640066605 3.0 13.392264299370572
0.9238824549518414 7160.930990281666 0.4523809523809524 1.1127141463642864 8879.163569082079 0.4523809523809524 f_swap_t 100 1495.6757209300995 10.570933746966789 3.0 4.05 3.9699999999999998 14.096493640066605 3.0 13.392264299370572
0.9238824549518414 7160.930990281666 0.4523809523809524 1.143585687024253 9160.072385409188 0.4523809523809524 t_swap_k 100 1532.6509597301483 10.570933746966789 3.0 5.0794999999999995 3.9699999999999998 14.096493640066605 3.0 13.392264299370572
0.9238824549518414 7160.930990281666 0.4523809523809524 1.1315321969301912 9050.394294761636 0.4523809523809524 t_swap_k 100 1578.1344063282013 10.570933746966789 3.0 6.0287049999999995 3.9699999999999998 14.096493640066605 3.0 13.392264299370572
0.9238824549518414 7160.930990281666 0.4523809523809524 1.1292459813998552 9029.59137774596 0.4523809523809524 swap_t 100 1614.4083042144775 10.570933746966789 3.0 6.0287049999999995 3.9699999999999998 14.955528703665939 3.0 13.392264299370572
0.9238824549518414 7160.930990281666 0.4523809523809524 1.1285267276148143 9023.046685609599 0.4523809523809524 swap_t 100 1641.0421035289764 10.570933746966789 3.0 6.0287049999999995 3.9699999999999998 15.80597341662928 3.0 13.392264299370572
0.9238824549518414 7160.930990281666 0.4523809523809524 1.128432954631093 9022.193418901896 0.4523809523809524 swap_t 100 1669.7463431358337 10.570933746966789 3.0 6.0287049999999995 3.9699999999999998 16.64791368246299 3.0 13.392264299370572
0.9238824549518414 7160.930990281666 0.4523809523809524 1.128432954631093 9022.193418901896 0.4523809523809524 swap_t 100 1693.6812245845795 10.570933746966789 3.0 6.0287049999999995 3.9699999999999998 17.481434545638358 3.0 13.392264299370572
0.9238824549518414 7160.930990281666 0.4523809523809524 1.2262596752148076 9900.943609006707 0.4473684210526316 swap_t 100 1718.8104040622711 10.570933746966789 3.0 6.0287049999999995 3.9699999999999998 18.346620200181974 3.0 13.392264299370572
0.9238824549518414 7160.930990281666 0.4523809523809524 1.1880731271071154 9553.473486063976 0.4473684210526316 t_multiswap_k 100 1742.167337179184 10.570933746966789 3.0 6.0287049999999995 3.9699999999999998 18.346620200181974 3.0 14.258341656376865
0.9238824549518414 7160.930990281666 0.4523809523809524 1.1825332633670644 9503.064710455013 0.4473684210526316 swap_t 100 1771.4605894088745 10.570933746966789 3.0 6.0287049999999995 3.9699999999999998 19.163153998180153 3.0 14.258341656376865
0.9238824549518414 7160.930990281666 0.4523809523809524 1.2213431749226293 9856.206992432897 0.4473684210526316 f_swap_t 100 1815.182957649231 10.570933746966789 3.0 6.0287049999999995 5.0103 19.163153998180153 3.0 14.258341656376865
0.9238824549518414 7160.930990281666 0.4523809523809524 1.1940401039968631 9607.768684143412 0.4473684210526316 t_multiswap_k 100 1845.7380096912384 10.570933746966789 3.0 6.0287049999999995 5.0103 19.163153998180153 3.0 15.155758239813096
0.9238824549518414 7160.930990281666 0.4523809523809524 1.1740986634580297 9426.315917683807 0.4473684210526316 t_multiswap_k 100 1873.2464020252228 10.570933746966789 3.0 6.0287049999999995 5.0103 19.163153998180153 3.0 16.004200657414966
0.9238824549518414 7160.930990281666 0.4523809523809524 1.1754524973221974 9438.634832132415 0.4473684210526316 t_move_k 100 1899.046024799347 11.50522440949712 3.0 6.0287049999999995 5.0103 19.163153998180153 3.0 16.004200657414966
0.9238824549518414 7160.930990281666 0.4523809523809524 1.2502059969077506 9763.797360918406 0.4473684210526316 swap_t 100 1923.6161336898804 11.50522440949712 3.0 6.0287049999999995 5.0103 19.981522458198352 3.0 16.004200657414966
0.9238824549518414 7160.930990281666 0.4523809523809524 1.2151912281777046 9740.365012417842 0.42105263157894735 t_multiswap_k 100 1948.6758573055267 11.50522440949712 3.0 6.0287049999999995 5.0103 19.981522458198352 3.0 16.874158650840815
0.9238824549518414 7160.930990281666 0.4523809523809524 1.2042076455048893 9640.422309796184 0.42105263157894735 swap_t 100 1976.1321048736572 11.50522440949712 3.0 6.0287049999999995 5.0103 20.78170723361637 3.0 16.874158650840815
0.9238824549518414 7160.930990281666 0.4523809523809524 1.2014000731671906 9614.875420807955 0.42105263157894735 t_move_k 100 2006.152759552002 12.39017216540215 3.0 6.0287049999999995 5.0103 20.78170723361637 3.0 16.874158650840815
0.9238824549518414 7160.930990281666 0.4523809523809524 1.2012256768242544 9613.288539517982 0.42105263157894735 t_move_k 100 2037.3785376548767 13.266270443748128 3.0 6.0287049999999995 5.0103 20.78170723361637 3.0 16.874158650840815
0.9238824549518414 7160.930990281666 0.4523809523809524 1.2374425977037233 10002.700160584089 0.4473684210526316 f_swap_t 100 2076.842332839966 13.266270443748128 3.0 6.0287049999999995 6.030197 20.78170723361637 3.0 16.874158650840815
0.9238824549518414 7160.930990281666 0.4523809523809524 1.2122808029758905 9773.74592562985 0.4473684210526316 t_move_k 100 2127.116231918335 14.163607739310647 3.0 6.0287049999999995 6.030197 20.78170723361637 3.0 16.874158650840815
0.9238824549518414 7160.930990281666 0.4523809523809524 1.1977235683495955 9629.773312562127 0.4423076923076923 f_swap_t 100 2174.710359096527 14.163607739310647 3.0 6.0287049999999995 7.00989503 20.78170723361637 3.0 16.874158650840815
0.9238824549518414 7160.930990281666 0.4523809523809524 1.1689993970470651 9368.404012939367 0.4423076923076923 swap_t 100 2195.7202792167664 14.163607739310647 3.0 6.0287049999999995 7.00989503 21.573890161280207 3.0 16.874158650840815
0.9238824549518414 7160.930990281666 0.4523809523809524 1.1680039549818253 9359.346206095559 0.4423076923076923 move_t 100 2229.8022768497467 14.163607739310647 3.9699999999999998 6.0287049999999995 7.00989503 21.573890161280207 3.0 16.874158650840815
0.9238824549518414 7160.930990281666 0.4523809523809524 1.1680039549818253 9359.346206095559 0.4423076923076923 swap_t 100 2255.878357410431 14.163607739310647 3.9699999999999998 6.0287049999999995 7.00989503 22.358151259667405 3.0 16.874158650840815
0.9238824549518414 7160.930990281666 0.4523809523809524 1.166881794499123 9360.647600732482 0.4473684210526316 t_multiswap_k 100 2290.3754649162292 14.163607739310647 3.9699999999999998 6.0287049999999995 7.00989503 22.358151259667405 3.0 17.735417064332406
0.9238824549518414 7160.930990281666 0.4523809523809524 1.166423098765759 9356.473799465715 0.4473684210526316 swap_t 100 2313.756772041321 14.163607739310647 3.9699999999999998 6.0287049999999995 7.00989503 23.13456974707073 3.0 17.735417064332406
0.9238824549518414 7160.930990281666 0.4523809523809524 1.225273528395621 9832.106692927562 0.42105263157894735 t_swap_k 100 2358.113708972931 14.163607739310647 3.9699999999999998 7.01841795 7.00989503 23.13456974707073 3.0 17.735417064332406
0.9238824549518414 7160.930990281666 0.4523809523809524 1.2119717262944185 9711.069860836062 0.42105263157894735 swap_t 100 2379.650664329529 14.163607739310647 3.9699999999999998 7.01841795 7.00989503 23.903224049600023 3.0 17.735417064332406
0.9238824549518414 7160.930990281666 0.4523809523809524 1.2028821622861785 9628.36136583065 0.42105263157894735 f_swap_t 100 2425.4128217697144 14.163607739310647 3.9699999999999998 7.01841795 7.9697960797 23.903224049600023 3.0 17.735417064332406
0.9238824549518414 7160.930990281666 0.4523809523809524 1.1952433316101367 9558.853500740111 0.42105263157894735 t_swap_k 100 2472.7069931030273 14.163607739310647 3.9699999999999998 7.9482337705 7.9697960797 23.903224049600023 3.0 17.735417064332406
0.9238824549518414 7160.930990281666 0.4523809523809524 1.1952433316101367 9558.853500740111 0.42105263157894735 swap_t 100 2507.791279554367 14.163607739310647 3.9699999999999998 7.9482337705 7.9697960797 24.66419180910402 3.0 17.735417064332406
0.9238824549518414 7160.930990281666 0.4523809523809524 1.1952433316101367 9558.853500740111 0.42105263157894735 swap_t 100 2534.3086733818054 14.163607739310647 3.9699999999999998 7.9482337705 7.9697960797 25.417549891012982 3.0 17.735417064332406
0.9238824549518414 7160.930990281666 0.4523809523809524 1.1952433316101367 9558.853500740111 0.42105263157894735 swap_t 100 2557.3565957546234 14.163607739310647 3.9699999999999998 7.9482337705 7.9697960797 26.163374392102853 3.0 17.735417064332406
0.9238824549518414 7160.930990281666 0.4523809523809524 1.1952433316101367 9558.853500740111 0.42105263157894735 t_multiswap_k 100 2582.02844786644 14.163607739310647 3.9699999999999998 7.9482337705 7.9697960797 26.163374392102853 3.0 18.558062893689083
0.9238824549518414 7160.930990281666 0.4523809523809524 1.2909413508146668 10423.489767511486 0.42105263157894735 swap_t 100 2615.229803085327 14.163607739310647 3.9699999999999998 7.9482337705 7.9697960797 26.941740648181824 3.0 18.558062893689083
0.9238824549518414 7160.930990281666 0.4523809523809524 1.2815225459303259 10333.955015072926 0.4166666666666667 t_move_k 100 2651.5581271648407 15.121971661917541 3.9699999999999998 7.9482337705 7.9697960797 26.941740648181824 3.0 18.558062893689083
0.9238824549518414 7160.930990281666 0.4523809523809524 1.2518889345332638 10064.310464684771 0.4166666666666667 swap_t 100 2681.46608710289 15.121971661917541 3.9699999999999998 7.9482337705 7.9697960797 27.672323241700006 3.0 18.558062893689083
0.9238824549518414 7160.930990281666 0.4523809523809524 1.2372567371505607 9931.167992389248 0.4166666666666667 t_multiswap_k 100 2712.715320587158 15.121971661917541 3.9699999999999998 7.9482337705 7.9697960797 27.672323241700006 3.0 19.40248226475219
0.9238824549518414 7160.930990281666 0.4523809523809524 1.232201808720501 9885.17177932212 0.4166666666666667 swap_t 100 2737.132192850113 15.121971661917541 3.9699999999999998 7.9482337705 7.9697960797 28.395600009283005 3.0 19.40248226475219
0.9238824549518414 7160.930990281666 0.4523809523809524 1.3554722388314135 10883.030770176554 0.42105263157894735 swap_t 100 2763.041328430176 15.121971661917541 3.9699999999999998 7.9482337705 7.9697960797 29.201644009190176 3.0 19.40248226475219
0.9238824549518414 7160.930990281666 0.4523809523809524 1.417935196160196 11585.189301905859 0.42105263157894735 f_swap_t 100 2816.8097898960114 15.121971661917541 3.9699999999999998 7.9482337705 9.050098118903 29.201644009190176 3.0 19.40248226475219
0.9238824549518414 7160.930990281666 0.4523809523809524 1.3735702288194194 11181.500007634597 0.42105263157894735 t_swap_k 100 2854.43247795105 15.121971661917541 3.9699999999999998 8.968751432794999 9.050098118903 29.201644009190176 3.0 19.40248226475219
0.9238824549518414 7160.930990281666 0.4523809523809524 1.3760805577546371 11089.873910415716 0.42105263157894735 swap_t 100 2877.902270078659 15.121971661917541 3.9699999999999998 8.968751432794999 9.050098118903 29.919627569098274 3.0 19.40248226475219
0.9238824549518414 7160.930990281666 0.4523809523809524 1.3462329825756982 10932.75072853157 0.42105263157894735 swap_t 100 2901.0225355625153 15.121971661917541 3.9699999999999998 8.968751432794999 9.050098118903 30.620431293407293 3.0 19.40248226475219
0.9238824549518414 7160.930990281666 0.4523809523809524 1.3397891098155759 10874.11612102862 0.42105263157894735 swap_t 100 2928.158789873123 15.121971661917541 3.9699999999999998 8.968751432794999 9.050098118903 31.31422698047322 3.0 19.40248226475219
0.9238824549518414 7160.930990281666 0.4523809523809524 1.3377826765023793 10855.85902096169 0.42105263157894735 t_swap_k 100 2966.619027853012 15.121971661917541 3.9699999999999998 9.879063918467049 9.050098118903 31.31422698047322 3.0 19.40248226475219
0.9238824549518414 7160.930990281666 0.4523809523809524 1.3377560407253792 10855.616654548188 0.42105263157894735 t_move_k 100 2994.65144944191 15.970751945298366 3.9699999999999998 9.879063918467049 9.050098118903 31.31422698047322 3.0 19.40248226475219
0.9238824549518414 7160.930990281666 0.4523809523809524 1.3377560407253792 10855.616654548188 0.42105263157894735 t_move_k 100 3031.3336820602417 16.81104442584538 3.9699999999999998 9.879063918467049 9.050098118903 31.31422698047322 3.0 19.40248226475219
0.9238824549518414 7160.930990281666 0.4523809523809524 1.3377560407253792 10855.616654548188 0.42105263157894735 swap_t 100 3056.1753883361816 16.81104442584538 3.9699999999999998 9.879063918467049 9.050098118903 32.001084710668486 3.0 19.40248226475219
0.9238824549518414 7160.930990281666 0.4523809523809524 1.3335741979688478 10834.668804387878 0.42857142857142855 t_move_k 100 3084.229337453842 17.762933981586926 3.9699999999999998 9.879063918467049 9.050098118903 32.001084710668486 3.0 19.40248226475219
0.9238824549518414 7160.930990281666 0.4523809523809524 1.3461444394599344 10931.945049860815 0.42105263157894735 t_move_k 100 3116.1279242038727 18.605304641771056 3.9699999999999998 9.879063918467049 9.050098118903 32.001084710668486 3.0 19.40248226475219
0.9238824549518414 7160.930990281666 0.4523809523809524 1.3157334280849446 10655.226718801405 0.42105263157894735 t_swap_k 100 3149.1463944911957 18.605304641771056 3.9699999999999998 10.840273279282378 9.050098118903 32.001084710668486 3.0 19.40248226475219
0.9238824549518414 7160.930990281666 0.4523809523809524 1.30590003797075 10565.749941212418 0.42105263157894735 t_move_k 100 3184.4785199165344 19.419251595353344 3.9699999999999998 10.840273279282378 9.050098118903 32.001084710668486 3.0 19.40248226475219
0.9238824549518414 7160.930990281666 0.4523809523809524 1.3217560521698766 10727.132177559426 0.42857142857142855 t_move_k 100 3222.5900032520294 20.265059079399812 3.9699999999999998 10.840273279282378 9.050098118903 32.001084710668486 3.0 19.40248226475219
0.9238824549518414 7160.930990281666 0.4523809523809524 1.3057641008277765 10581.616922206604 0.42857142857142855 t_move_k 100 3257.321427822113 21.092408488605813 3.9699999999999998 10.840273279282378 9.050098118903 32.001084710668486 3.0 19.40248226475219
0.9238824549518414 7160.930990281666 0.4523809523809524 1.298439828425966 10514.971311172427 0.42857142857142855 t_multiswap_k 100 3275.9135222434998 21.092408488605813 3.9699999999999998 10.840273279282378 9.050098118903 32.001084710668486 3.0 20.20845744210467
0.9238824549518414 7160.930990281666 0.4523809523809524 1.2913549728365328 10450.504220935592 0.42857142857142855 t_move_k 100 3302.395756483078 21.961484403719755 3.9699999999999998 10.840273279282378 9.050098118903 32.001084710668486 3.0 20.20845744210467
0.9238824549518414 7160.930990281666 0.4523809523809524 1.4123238889994625 11217.01897278915 0.39473684210526316 swap_t 100 3316.9281775951385 21.961484403719755 3.9699999999999998 10.840273279282378 9.050098118903 32.7110738635618 3.0 20.20845744210467
0.9238824549518414 7160.930990281666 0.4523809523809524 1.3654173645351824 11107.314806416876 0.42105263157894735 t_multiswap_k 100 3348.1309785842896 21.961484403719755 3.9699999999999998 10.840273279282378 9.050098118903 32.7110738635618 3.0 21.066372867683622
0.9238824549518414 7160.930990281666 0.4523809523809524 1.3444898945363688 10916.889881051518 0.42105263157894735 swap_t 100 3370.7071495056152 21.961484403719755 3.9699999999999998 10.840273279282378 9.050098118903 33.38396312492618 3.0 21.066372867683622
0.9238824549518414 7160.930990281666 0.4523809523809524 1.3400938051282916 10876.888629228913 0.42105263157894735 t_move_k 100 3408.709834098816 22.741869559682556 3.9699999999999998 10.840273279282378 9.050098118903 33.38396312492618 3.0 21.066372867683622
0.9238824549518414 7160.930990281666 0.4523809523809524 1.3390148656407255 10867.071055895627 0.42105263157894735 t_multiswap_k 100 3427.075089931488 22.741869559682556 3.9699999999999998 10.840273279282378 9.050098118903 33.38396312492618 3.0 21.855709139006787
0.9238824549518414 7160.930990281666 0.4523809523809524 1.3325712453341638 10808.438745538506 0.42105263157894735 t_move_k 100 3452.0413410663605 23.55445086408573 3.9699999999999998 10.840273279282378 9.050098118903 33.38396312492618 3.0 21.855709139006787
0.9238824549518414 7160.930990281666 0.4523809523809524 1.3818112668686722 11151.726070441131 0.375 t_multiswap_k 100 3483.149902820587 23.55445086408573 3.9699999999999998 10.840273279282378 9.050098118903 33.38396312492618 3.0 22.72715204761672
0.9238824549518414 7160.930990281666 0.4523809523809524 1.3588147735056542 10942.474520561189 0.375 swap_t 100 3512.611334323883 23.55445086408573 3.9699999999999998 10.840273279282378 9.050098118903 34.05012349367692 3.0 22.72715204761672
0.9238824549518414 7160.930990281666 0.4523809523809524 1.3626163605072446 10990.606824454384 0.38095238095238093 t_move_k 100 3554.1293635368347 24.358906355444873 3.9699999999999998 10.840273279282378 9.050098118903 34.05012349367692 3.0 22.72715204761672
0.9238824549518414 7160.930990281666 0.4523809523809524 1.3809488791963886 11157.419559263575 0.38095238095238093 t_move_k 100 3596.406177997589 25.225317291890423 3.9699999999999998 10.840273279282378 9.050098118903 34.05012349367692 3.0 22.72715204761672
0.9238824549518414 7160.930990281666 0.4523809523809524 1.361320598153191 10978.816318981155 0.38095238095238093 t_move_k 100 3628.7409794330597 26.00306411897152 3.9699999999999998 10.840273279282378 9.050098118903 34.05012349367692 3.0 22.72715204761672