19
4 112 4 40

Solution history:
B_obj   B_dis   B_sim   C_obj   C_dis   C_sim   neighbor   iterations   time   scores
1.0279515207932042 5203.968657911079 0.017857142857142856 1.0279515207932042 5203.968657911079 0.017857142857142856 0 0 0 3.0 3.0 3.0 3.0 3.0 3.0 3.0
1.0279515207932042 5203.968657911079 0.017857142857142856 1.0279515207932042 5203.968657911079 0.017857142857142856 t_move_k 100 39.8160138130188 3.9699999999999998 3.0 3.0 3.0 3.0 3.0 3.0
1.0279515207932042 5203.968657911079 0.017857142857142856 1.044661437456205 5365.937566519154 0.017857142857142856 t_swap_k 100 74.96273756027222 3.9699999999999998 3.0 3.98 3.0 3.0 3.0 3.0
1.0279515207932042 5203.968657911079 0.017857142857142856 1.044661437456205 5365.937566519154 0.017857142857142856 t_swap_k 100 126.95674085617065 3.9699999999999998 3.0 4.9402 3.0 3.0 3.0 3.0
1.0279515207932042 5203.968657911079 0.017857142857142856 1.044661437456205 5365.937566519154 0.017857142857142856 t_swap_k 100 173.61691284179688 3.9699999999999998 3.0 5.890798 3.0 3.0 3.0 3.0
1.0279515207932042 5203.968657911079 0.017857142857142856 1.0635562089538193 5635.6287073230305 0.03571428571428571 t_multiswap_k 100 216.6950078010559 3.9699999999999998 3.0 5.890798 3.0 3.0 3.0 4.11
1.0279515207932042 5203.968657911079 0.017857142857142856 1.1497706945756094 6557.848573697592 0.05357142857142857 t_swap_k 100 282.1115381717682 3.9699999999999998 3.0 6.96189002 3.0 3.0 3.0 4.11
1.0279515207932042 5203.968657911079 0.017857142857142856 1.1387125188284206 6191.028457850738 0.0 swap_t 100 318.7342736721039 3.9699999999999998 3.0 6.96189002 3.0 3.9699999999999998 3.0 4.11
1.0279515207932042 5203.968657911079 0.017857142857142856 1.1330100410061545 6135.754447341799 0.0 t_swap_r_k 100 392.6444115638733 3.9699999999999998 3.0 6.96189002 3.0 3.9699999999999998 4.01 4.11
1.0279515207932042 5203.968657911079 0.017857142857142856 1.178514060207116 6836.457477317452 0.05357142857142857 t_swap_k 100 455.5850613117218 3.9699999999999998 3.0 8.1722711198 3.0 3.9699999999999998 4.01 4.11
1.0279515207932042 5203.968657911079 0.017857142857142856 1.1628071457120916 6597.666174610993 0.03571428571428571 t_swap_r_k 100 545.5684325695038 3.9699999999999998 3.0 8.1722711198 3.0 3.9699999999999998 5.0099 4.11
1.0279515207932042 5203.968657911079 0.017857142857142856 1.14936055526855 6553.873101091628 0.05357142857142857 t_swap_r_k 100 617.2324178218842 3.9699999999999998 3.0 8.1722711198 3.0 3.9699999999999998 5.999801 4.11
1.0279515207932042 5203.968657911079 0.017857142857142856 1.14936055526855 6553.873101091628 0.05357142857142857 t_swap_r_k 100 689.801638841629 3.9699999999999998 3.0 8.1722711198 3.0 3.9699999999999998 6.97980299 4.11
1.0279515207932042 5203.968657911079 0.017857142857142856 1.14936055526855 6553.873101091628 0.05357142857142857 t_swap_r_k 100 759.5788435935974 3.9699999999999998 3.0 8.1722711198 3.0 3.9699999999999998 7.950004960099999 4.11
1.0279515207932042 5203.968657911079 0.017857142857142856 1.2020125650442282 7150.772518979681 0.07142857142857142 t_swap_k 100 813.8206202983856 3.9699999999999998 3.0 9.240548408601999 3.0 3.9699999999999998 7.950004960099999 4.11
1.0279515207932042 5203.968657911079 0.017857142857142856 1.2164030485934967 7290.25920594673 0.07142857142857142 move_t 100 856.8094048500061 3.9699999999999998 4.04 9.240548408601999 3.0 3.9699999999999998 7.950004960099999 4.11
1.0279515207932042 5203.968657911079 0.017857142857142856 1.228587390546592 7408.361803826234 0.07142857142857142 t_swap_k 100 915.2485575675964 3.9699999999999998 4.04 10.308142924515979 3.0 3.9699999999999998 7.950004960099999 4.11
1.0279515207932042 5203.968657911079 0.017857142857142856 1.2330443966718438 7278.474529973512 0.03571428571428571 t_move_k 100 954.922997713089 5.0302999999999995 4.04 10.308142924515979 3.0 3.9699999999999998 7.950004960099999 4.11
1.0279515207932042 5203.968657911079 0.017857142857142856 1.1933586951328878 7066.890720342136 0.07142857142857142 t_swap_r_k 100 1037.3176183700562 5.0302999999999995 4.04 10.308142924515979 3.0 3.9699999999999998 8.910504910499 4.11
1.0279515207932042 5203.968657911079 0.017857142857142856 1.202266587739174 7153.234756194375 0.07142857142857142 t_swap_k 100 1109.4855477809906 5.0302999999999995 4.04 11.285061495270819 3.0 3.9699999999999998 8.910504910499 4.11
1.0279515207932042 5203.968657911079 0.017857142857142856 1.2780414904394282 7801.174990660141 0.05357142857142857 t_multiswap_k 100 1148.6204357147217 5.0302999999999995 4.04 11.285061495270819 3.0 3.9699999999999998 8.910504910499 5.168900000000001
1.0279515207932042 5203.968657911079 0.017857142857142856 1.3140259430724188 8063.427139398413 0.03571428571428571 t_swap_k 100 1223.8353383541107 5.0302999999999995 4.04 12.38221088031811 3.0 3.9699999999999998 8.910504910499 5.168900000000001
1.0279515207932042 5203.968657911079 0.017857142857142856 1.2985642294961373 7827.012564595476 0.017857142857142856 move_t 100 1257.7447142601013 5.0302999999999995 4.9996 12.38221088031811 3.0 3.9699999999999998 8.910504910499 5.168900000000001
1.0279515207932042 5203.968657911079 0.017857142857142856 1.280948621819509 7656.2648099900325 0.017857142857142856 t_swap_k 100 1305.3155496120453 5.0302999999999995 4.9996 13.318388771514929 3.0 3.9699999999999998 8.910504910499 5.168900000000001
1.0279515207932042 5203.968657911079 0.017857142857142856 1.262840722800924 7567.289759934727 0.03571428571428571 t_swap_k 100 1373.8260214328766 5.0302999999999995 4.9996 14.185204883799779 3.0 3.9699999999999998 8.910504910499 5.168900000000001
1.0279515207932042 5203.968657911079 0.017857142857142856 1.3403931331817556 8232.45934298863 0.017857142857142856 t_multiswap_k 100 1417.7033052444458 5.0302999999999995 4.9996 14.185204883799779 3.0 3.9699999999999998 8.910504910499 6.337211000000001
1.0279515207932042 5203.968657911079 0.017857142857142856 1.2978567309968445 7906.6992702084935 0.03571428571428571 t_multiswap_k 100 1473.3701033592224 5.0302999999999995 4.9996 14.185204883799779 3.0 3.9699999999999998 8.910504910499 7.393838890000001
1.0279515207932042 5203.968657911079 0.017857142857142856 1.28331630922934 7765.759234906079 0.03571428571428571 t_move_k 100 1525.8954021930695 6.149996999999999 4.9996 14.185204883799779 3.0 3.9699999999999998 8.910504910499 7.393838890000001
1.0279515207932042 5203.968657911079 0.017857142857142856 1.2733189750094422 7582.310786650837 0.017857142857142856 t_swap_r_k 100 1588.965535402298 6.149996999999999 4.9996 14.185204883799779 3.0 3.9699999999999998 9.86139986139401 7.393838890000001
1.0279515207932042 5203.968657911079 0.017857142857142856 1.252909528935183 7557.571359468142 0.05357142857142857 t_multiswap_k 100 1619.2155711650848 6.149996999999999 4.9996 14.185204883799779 3.0 3.9699999999999998 9.86139986139401 8.349900501100002
1.0279515207932042 5203.968657911079 0.017857142857142856 1.2452648564626676 7483.471692664827 0.05357142857142857 swap_t 100 1658.4585676193237 6.149996999999999 4.9996 14.185204883799779 3.0 4.9303 9.86139986139401 8.349900501100002
1.0279515207932042 5203.968657911079 0.017857142857142856 1.244951233028173 7480.431746600256 0.05357142857142857 t_swap_r_k 100 1724.9964399337769 6.149996999999999 4.9996 14.185204883799779 3.0 4.9303 10.802785862780071 8.349900501100002
1.0279515207932042 5203.968657911079 0.017857142857142856 1.2356310901939538 7390.091777025642 0.05357142857142857 t_multiswap_k 100 1753.173986673355 6.149996999999999 4.9996 14.185204883799779 3.0 4.9303 10.802785862780071 9.396401496089002
1.0279515207932042 5203.968657911079 0.017857142857142856 1.2356310901939538 7390.091777025642 0.05357142857142857 t_swap_r_k 100 1806.058173418045 6.149996999999999 4.9996 14.185204883799779 3.0 4.9303 11.73475800415227 9.396401496089002
1.0279515207932042 5203.968657911079 0.017857142857142856 1.3261551369479148 8094.450712708191 0.017857142857142856 t_swap_k 100 1852.4510304927826 6.149996999999999 4.9996 15.233352834961781 3.0 4.9303 11.73475800415227 9.396401496089002
1.0279515207932042 5203.968657911079 0.017857142857142856 1.3030695015362113 7784.137606637843 0.0 t_multiswap_k 100 1884.0047764778137 6.149996999999999 4.9996 15.233352834961781 3.0 4.9303 11.73475800415227 10.382437481128111
1.0279515207932042 5203.968657911079 0.017857142857142856 1.267712637761653 7527.9686649259675 0.017857142857142856 t_move_k 100 1937.898512840271 7.088497029999999 4.9996 15.233352834961781 3.0 4.9303 11.73475800415227 10.382437481128111
1.0279515207932042 5203.968657911079 0.017857142857142856 1.297977739304447 7907.872201463038 0.03571428571428571 t_swap_k 100 1996.4277684688568 7.088497029999999 4.9996 16.221019306612163 3.0 4.9303 11.73475800415227 10.382437481128111
1.0279515207932042 5203.968657911079 0.017857142857142856 1.2746194568358962 7681.460807876183 0.03571428571428571 t_multiswap_k 100 2027.5687136650085 7.088497029999999 4.9996 16.221019306612163 3.0 4.9303 11.73475800415227 11.33861310631683
1.0279515207932042 5203.968657911079 0.017857142857142856 1.3001050521127075 7841.947729300224 0.017857142857142856 t_swap_k 100 2075.045862197876 7.088497029999999 4.9996 17.138809113546042 3.0 4.9303 11.73475800415227 11.33861310631683
1.0279515207932042 5203.968657911079 0.017857142857142856 1.2742150595024115 7677.540992112317 0.03571428571428571 swap_t 100 2100.476604938507 7.088497029999999 4.9996 17.138809113546042 3.0 5.890997 11.73475800415227 11.33861310631683
1.0279515207932042 5203.968657911079 0.017857142857142856 1.3257069287968994 8176.650714800783 0.03571428571428571 t_swap_k 100 2141.2531485557556 7.088497029999999 4.9996 18.06742102241058 3.0 5.890997 11.73475800415227 11.33861310631683
1.0279515207932042 5203.968657911079 0.017857142857142856 1.3066823292392844 7992.245628336446 0.03571428571428571 t_swap_k 100 2195.364547252655 7.088497029999999 4.9996 19.046746812186477 3.0 5.890997 11.73475800415227 11.33861310631683
1.0279515207932042 5203.968657911079 0.017857142857142856 1.3080220501552726 8005.231518031666 0.03571428571428571 t_move_k 100 2244.0666477680206 8.117612059699999 4.9996 19.046746812186477 3.0 5.890997 11.73475800415227 11.33861310631683
1.0279515207932042 5203.968657911079 0.017857142857142856 1.3044069052700666 7970.189986507251 0.03571428571428571 t_multiswap_k 100 2271.35849070549 8.117612059699999 4.9996 19.046746812186477 3.0 5.890997 11.73475800415227 12.325226975253662
1.0279515207932042 5203.968657911079 0.017857142857142856 1.292913782098918 7858.787359308584 0.03571428571428571 swap_t 100 2301.2038033008575 8.117612059699999 4.9996 19.046746812186477 3.0 6.832087029999999 11.73475800415227 12.325226975253662
1.0279515207932042 5203.968657911079 0.017857142857142856 1.2994828074873173 7922.460799112961 0.03571428571428571 t_move_k 100 2337.3266410827637 9.236435939103 4.9996 19.046746812186477 3.0 6.832087029999999 11.73475800415227 12.325226975253662
1.0279515207932042 5203.968657911079 0.017857142857142856 1.28974378771732 7741.51618797264 0.017857142857142856 swap_t 100 2357.3432722091675 9.236435939103 4.9996 19.046746812186477 3.0 7.763766159699999 11.73475800415227 12.325226975253662
1.0279515207932042 5203.968657911079 0.017857142857142856 1.3793296917503761 8696.415149733895 0.03571428571428571 f_swap_t 100 2405.530448913574 9.236435939103 4.9996 19.046746812186477 4.12 7.763766159699999 11.73475800415227 12.325226975253662
1.0279515207932042 5203.968657911079 0.017857142857142856 1.3326024948813435 8243.489307443513 0.03571428571428571 t_swap_r_k 100 2447.249198436737 9.236435939103 4.9996 19.046746812186477 4.12 7.763766159699999 12.687410424110748 12.325226975253662
1.0279515207932042 5203.968657911079 0.017857142857142856 1.3737880754468206 8642.700366906822 0.03571428571428571 move_t 100 2471.7272737026215 9.236435939103 6.059604 19.046746812186477 4.12 7.763766159699999 12.687410424110748 12.325226975253662
1.0279515207932042 5203.968657911079 0.017857142857142856 1.3467268034272308 8380.395965098274 0.03571428571428571 t_swap_r_k 100 2520.474452972412 9.236435939103 6.059604 19.046746812186477 4.12 7.763766159699999 13.630536319869641 12.325226975253662
1.0279515207932042 5203.968657911079 0.017857142857142856 1.3467268034272308 8380.395965098274 0.03571428571428571 t_swap_r_k 100 2569.3715736865997 9.236435939103 6.059604 19.046746812186477 4.12 7.763766159699999 14.534230956670944 12.325226975253662
1.0279515207932042 5203.968657911079 0.017857142857142856 1.3667425282515813 8574.408010171952 0.03571428571428571 t_move_k 100 2604.8726465702057 10.26407157971197 6.059604 19.046746812186477 4.12 7.763766159699999 14.534230956670944 12.325226975253662
1.0279515207932042 5203.968657911079 0.017857142857142856 1.352411598984089 8348.954106451909 0.017857142857142856 t_swap_r_k 100 2665.8133893013 10.26407157971197 6.059604 19.046746812186477 4.12 7.763766159699999 15.428888647104234 12.325226975253662
1.0279515207932042 5203.968657911079 0.017857142857142856 1.3428872790235051 8256.635051823374 0.017857142857142856 t_multiswap_k 100 2696.6817235946655 10.26407157971197 6.059604 19.046746812186477 4.12 7.763766159699999 15.428888647104234 13.231974705501125
1.0279515207932042 5203.968657911079 0.017857142857142856 1.3855613367267297 8670.273892247604 0.017857142857142856 t_swap_k 100 2742.131480693817 10.26407157971197 6.059604 19.956279344064612 4.12 7.763766159699999 15.428888647104234 13.231974705501125
1.0279515207932042 5203.968657911079 0.017857142857142856 1.38491753964604 8664.033579227058 0.017857142857142856 f_swap_t 100 2796.4377012252808 10.26407157971197 6.059604 19.956279344064612 5.1488 7.763766159699999 15.428888647104234 13.231974705501125
1.0279515207932042 5203.968657911079 0.017857142857142856 1.3448569069699632 8362.2710938316 0.03571428571428571 t_swap_r_k 100 2851.2718801498413 10.26407157971197 6.059604 19.956279344064612 5.1488 7.763766159699999 16.34459976063319 13.231974705501125
1.0279515207932042 5203.968657911079 0.017857142857142856 1.4434060090699412 9230.961215659965 0.017857142857142856 t_swap_k 100 2887.9145510196686 10.26407157971197 6.059604 21.006716550623967 5.1488 7.763766159699999 16.34459976063319 13.231974705501125
1.0279515207932042 5203.968657911079 0.017857142857142856 1.3857873160601255 8759.00878097366 0.03571428571428571 t_swap_k 100 2925.834666967392 10.26407157971197 6.059604 21.886649385117728 5.1488 7.763766159699999 16.34459976063319 13.231974705501125
1.0279515207932042 5203.968657911079 0.017857142857142856 1.3731094731055926 8636.12268714909 0.03571428571428571 t_move_k 100 2958.897471666336 11.16143086391485 6.059604 21.886649385117728 5.1488 7.763766159699999 16.34459976063319 13.231974705501125
1.0279515207932042 5203.968657911079 0.017857142857142856 1.4021099238068517 8917.223511525173 0.03571428571428571 t_move_k 100 3008.015765428543 12.269816555275701 6.059604 21.886649385117728 5.1488 7.763766159699999 16.34459976063319 13.231974705501125
1.0279515207932042 5203.968657911079 0.017857142857142856 1.4497251735642385 9378.757233795677 0.03571428571428571 swap_t 100 3034.0445261001587 12.269816555275701 6.059604 21.886649385117728 5.1488 8.836128498103 16.34459976063319 13.231974705501125
1.0279515207932042 5203.968657911079 0.017857142857142856 1.4051863660699682 8773.954458066757 0.0 swap_t 100 3055.5696482658386 12.269816555275701 6.059604 21.886649385117728 5.1488 9.74776721312197 16.34459976063319 13.231974705501125
1.0279515207932042 5203.968657911079 0.017857142857142856 1.4523177399644935 9403.886931256891 0.03571428571428571 f_swap_t 100 3091.928739309311 12.269816555275701 6.059604 21.886649385117728 6.1873119999999995 9.74776721312197 16.34459976063319 13.231974705501125
1.0279515207932042 5203.968657911079 0.017857142857142856 1.4187849745985672 9172.961409973756 0.05357142857142857 swap_t 100 3117.3376457691193 12.269816555275701 6.059604 21.886649385117728 6.1873119999999995 10.71028954099075 16.34459976063319 13.231974705501125
1.0279515207932042 5203.968657911079 0.017857142857142856 1.3846649966873292 8748.130160356479 0.03571428571428571 t_multiswap_k 100 3148.459792137146 12.269816555275701 6.059604 21.886649385117728 6.1873119999999995 10.71028954099075 16.34459976063319 14.249654958446113
1.0279515207932042 5203.968657911079 0.017857142857142856 1.348700962646687 8399.531453362071 0.03571428571428571 t_swap_r_k 100 3202.5974271297455 12.269816555275701 6.059604 21.886649385117728 6.1873119999999995 10.71028954099075 17.22115376302686 14.249654958446113
1.0279515207932042 5203.968657911079 0.017857142857142856 1.3837049930893643 8825.369338787003 0.05357142857142857 t_swap_k 100 3249.330640554428 12.269816555275701 6.059604 22.79778289126655 6.1873119999999995 10.71028954099075 17.22115376302686 14.249654958446113
1.0279515207932042 5203.968657911079 0.017857142857142856 1.3501690763825693 8500.306327539443 0.05357142857142857 t_multiswap_k 100 3280.212697505951 12.269816555275701 6.059604 22.79778289126655 6.1873119999999995 10.71028954099075 17.22115376302686 15.107158408861652
1.0279515207932042 5203.968657911079 0.017857142857142856 1.3501690763825693 8500.306327539443 0.05357142857142857 t_multiswap_k 100 3306.983398914337 12.269816555275701 6.059604 22.79778289126655 6.1873119999999995 10.71028954099075 17.22115376302686 15.956086824773035
1.0279515207932042 5203.968657911079 0.017857142857142856 1.3501690763825693 8500.306327539443 0.05357142857142857 t_swap_r_k 100 3359.8721697330475 12.269816555275701 6.059604 22.79778289126655 6.1873119999999995 10.71028954099075 18.08894222539659 15.956086824773035
1.0279515207932042 5203.968657911079 0.017857142857142856 1.3501690763825693 8500.306327539443 0.05357142857142857 move_t 100 3385.9436717033386 12.269816555275701 6.99900796 22.79778289126655 6.1873119999999995 10.71028954099075 18.08894222539659 15.956086824773035
1.0279515207932042 5203.968657911079 0.017857142857142856 1.3549293113212606 8546.447195461607 0.05357142857142857 t_move_k 100 3416.264727115631 13.257118389722944 6.99900796 22.79778289126655 6.1873119999999995 10.71028954099075 18.08894222539659 15.956086824773035
1.0279515207932042 5203.968657911079 0.017857142857142856 1.431135853162266 9198.571300017806 0.03571428571428571 t_swap_k 100 3453.1324429512024 13.257118389722944 6.99900796 23.729805062353886 6.1873119999999995 10.71028954099075 18.08894222539659 15.956086824773035
1.0279515207932042 5203.968657911079 0.017857142857142856 1.4087417339227557 9068.049997803488 0.05357142857142857 move_t 100 3484.564356803894 13.257118389722944 8.049017880400001 23.729805062353886 6.1873119999999995 10.71028954099075 18.08894222539659 15.956086824773035
1.0279515207932042 5203.968657911079 0.017857142857142856 1.3863567838271382 8851.073096640283 0.05357142857142857 t_swap_r_k 100 3548.307693004608 13.257118389722944 8.049017880400001 23.729805062353886 6.1873119999999995 10.71028954099075 18.948052803142623 15.956086824773035
1.0279515207932042 5203.968657911079 0.017857142857142856 1.3863567838271382 8851.073096640283 0.05357142857142857 move_t 100 3571.677224636078 13.257118389722944 8.968527701596 23.729805062353886 6.1873119999999995 10.71028954099075 18.948052803142623 15.956086824773035
1.0279515207932042 5203.968657911079 0.017857142857142856 1.421788658530447 9107.969117876755 0.03571428571428571 f_swap_t 100 3616.8208286762238 13.257118389722944 8.968527701596 23.729805062353886 7.275438879999999 10.71028954099075 18.948052803142623 15.956086824773035