19
4 112 4 40

Solution history:
B_obj   B_dis   B_sim   C_obj   C_dis   C_sim   neighbor   iterations   time   scores
0.8106896160312994 5203.968657911079 0.4523809523809524 0.8106896160312994 5203.968657911079 0.4523809523809524 0 0 0 3.0 3.0 3.0 3.0 3.0 3.0 3.0
0.8106896160312994 5203.968657911079 0.4523809523809524 0.8247027778597058 5455.190606237342 0.47619047619047616 t_move_k 100 22.099069118499756 4.01 3.0 3.0 3.0 3.0 3.0 3.0
0.8106896160312994 5203.968657911079 0.4523809523809524 0.8112432553557198 5440.120340928314 0.5 t_move_k 100 43.43816518783569 4.9999 3.0 3.0 3.0 3.0 3.0 3.0
0.8072437182655223 5401.352902975068 0.5 0.9094481076552206 6392.018131189981 0.5 t_multiswap_k 100 58.9623908996582 4.9999 3.0 3.0 3.0 3.0 3.0 4.18
0.8072437182655223 5401.352902975068 0.5 0.8816573897700726 6122.643224296586 0.5 t_swap_k 100 73.56864190101624 4.9999 3.0 3.9699999999999998 3.0 3.0 3.0 4.18
0.8072437182655223 5401.352902975068 0.5 0.9068361670794884 6482.093273927558 0.5238095238095238 t_move_k 100 97.76617121696472 5.989901000000001 3.0 3.9699999999999998 3.0 3.0 3.0 4.18
0.8072437182655223 5401.352902975068 0.5 0.9050311239692568 6464.597024936555 0.5238095238095238 t_multiswap_k 100 121.23401093482971 5.989901000000001 3.0 3.9699999999999998 3.0 3.0 3.0 5.1781999999999995
0.8072437182655223 5401.352902975068 0.5 0.9058371762576964 6472.410074640668 0.5238095238095238 t_move_k 100 156.10061120986938 6.980001990000001 3.0 3.9699999999999998 3.0 3.0 3.0 5.1781999999999995
0.8072437182655223 5401.352902975068 0.5 0.889487232884129 6313.93038037121 0.5238095238095238 swap_t 100 164.55362462997437 6.980001990000001 3.0 3.9699999999999998 3.0 3.9699999999999998 3.0 5.1781999999999995
0.8072437182655223 5401.352902975068 0.5 0.9583089125890907 6981.017630128036 0.5238095238095238 t_multiswap_k 100 183.87724256515503 6.980001990000001 3.0 3.9699999999999998 3.0 3.9699999999999998 3.0 6.266418
0.8072437182655223 5401.352902975068 0.5 0.9410113013872299 6813.352209384457 0.5238095238095238 t_move_k 100 200.4413866996765 7.910201970100001 3.0 3.9699999999999998 3.0 3.9699999999999998 3.0 6.266418
0.8072437182655223 5401.352902975068 0.5 0.9392706647312177 6796.480250945446 0.5238095238095238 t_swap_r_k 100 236.81071138381958 7.910201970100001 3.0 3.9699999999999998 3.0 3.9699999999999998 4.01 6.266418
0.8072437182655223 5401.352902975068 0.5 0.9392706647312177 6796.480250945446 0.5238095238095238 swap_t 100 253.459547996521 7.910201970100001 3.0 3.9699999999999998 3.0 4.9303 4.01 6.266418
0.8072437182655223 5401.352902975068 0.5 1.0182701568358563 7562.2208452784 0.5238095238095238 t_swap_k 100 276.5611867904663 7.910201970100001 3.0 5.0603 3.0 4.9303 4.01 6.266418
0.8072437182655223 5401.352902975068 0.5 1.0766318868654245 8012.527365422563 0.5 t_multiswap_k 100 286.6232807636261 7.910201970100001 3.0 5.0603 3.0 4.9303 4.01 7.42375382
0.8072437182655223 5401.352902975068 0.5 1.0495693699549888 7750.210896910409 0.5 t_move_k 100 299.8340971469879 8.831099950399 3.0 5.0603 3.0 4.9303 4.01 7.42375382
0.8072437182655223 5401.352902975068 0.5 1.031519088266603 7806.035122702978 0.5476190476190477 t_swap_k 100 327.3237702846527 8.831099950399 3.0 6.109697 3.0 4.9303 4.01 7.42375382
0.8072437182655223 5401.352902975068 0.5 1.0037672617988362 7537.0371895883545 0.5476190476190477 t_move_k 100 347.231365442276 9.80278895089501 3.0 6.109697 3.0 4.9303 4.01 7.42375382
0.8072437182655223 5401.352902975068 0.5 0.9920087497933321 7423.0621533990125 0.5476190476190477 f_swap_t 100 375.2440903186798 9.80278895089501 3.0 6.109697 3.9699999999999998 4.9303 4.01 7.42375382
0.8072437182655223 5401.352902975068 0.5 1.0131528661490954 7628.011676409385 0.5476190476190477 t_move_k 100 405.155827999115 10.754761061386061 3.0 6.109697 3.9699999999999998 4.9303 4.01 7.42375382
0.8072437182655223 5401.352902975068 0.5 0.9892549702776884 7396.369820235936 0.5476190476190477 t_swap_k 100 424.70613169670105 10.754761061386061 3.0 7.07860003 3.9699999999999998 4.9303 4.01 7.42375382
0.8072437182655223 5401.352902975068 0.5 1.0108578052967925 7605.7656946409825 0.5476190476190477 t_swap_k 100 449.52697229385376 10.754761061386061 3.0 8.167814029699999 3.9699999999999998 4.9303 4.01 7.42375382
0.8072437182655223 5401.352902975068 0.5 1.035876077463168 7386.696802342387 0.4523809523809524 t_swap_r_k 100 493.7195053100586 10.754761061386061 3.0 8.167814029699999 3.9699999999999998 4.9303 5.0099 7.42375382
0.8072437182655223 5401.352902975068 0.5 1.0135953344519106 7401.515245928313 0.5 move_t 100 522.5043466091156 10.754761061386061 4.03 8.167814029699999 3.9699999999999998 4.9303 5.0099 7.42375382
0.8072437182655223 5401.352902975068 0.5 1.0068290263086097 7682.107449237446 0.5714285714285714 t_multiswap_k 100 541.931693315506 10.754761061386061 4.03 8.167814029699999 3.9699999999999998 4.9303 5.0099 8.5195162818
0.8072437182655223 5401.352902975068 0.5 0.9742994596987938 7366.798970593047 0.5714285714285714 t_move_k 100 558.4526605606079 11.6472134507722 4.03 8.167814029699999 3.9699999999999998 4.9303 5.0099 8.5195162818
0.8072437182655223 5401.352902975068 0.5 0.9825746106548394 7331.617219786523 0.5476190476190477 t_swap_r_k 100 604.7388107776642 11.6472134507722 4.03 8.167814029699999 3.9699999999999998 4.9303 6.029801 8.5195162818
0.8072437182655223 5401.352902975068 0.5 0.996134874309911 7578.449234618498 0.5714285714285714 t_multiswap_k 100 624.769252538681 11.6472134507722 4.03 8.167814029699999 3.9699999999999998 4.9303 6.029801 9.474321118982
0.8072437182655223 5401.352902975068 0.5 0.9823620854406164 7444.949850591741 0.5714285714285714 t_swap_r_k 100 662.8242931365967 11.6472134507722 4.03 8.167814029699999 3.9699999999999998 4.9303 7.00950299 9.474321118982
0.8072437182655223 5401.352902975068 0.5 1.0943679007446856 8530.62011624461 0.5714285714285714 f_swap_t 100 695.7861886024475 11.6472134507722 4.03 8.167814029699999 4.9803 4.9303 7.00950299 9.474321118982
0.8072437182655223 5401.352902975068 0.5 1.0503802968963434 8207.480937981172 0.5952380952380952 move_t 100 711.7358500957489 11.6472134507722 5.0197 8.167814029699999 4.9803 4.9303 7.00950299 9.474321118982
0.8072437182655223 5401.352902975068 0.5 1.052459078381363 8239.791321326435 0.5952380952380952 t_multiswap_k 100 732.0983018875122 11.6472134507722 5.0197 8.167814029699999 4.9803 4.9303 7.00950299 10.389577907792178
0.8072437182655223 5401.352902975068 0.5 1.0907173917392297 8610.628434684395 0.5952380952380952 t_move_k 100 758.5378987789154 12.630741316264478 5.0197 8.167814029699999 4.9803 4.9303 7.00950299 10.389577907792178
0.8072437182655223 5401.352902975068 0.5 1.0591212333821192 8304.36746471556 0.5952380952380952 t_swap_r_k 100 791.9831159114838 12.630741316264478 5.0197 8.167814029699999 4.9803 4.9303 7.9794079601 10.389577907792178
0.8072437182655223 5401.352902975068 0.5 1.0673211811784427 8383.849404811315 0.5952380952380952 t_move_k 100 822.4006609916687 13.574433903101834 5.0197 8.167814029699999 4.9803 4.9303 7.9794079601 10.389577907792178
0.8072437182655223 5401.352902975068 0.5 1.0347589538244004 8116.810718277919 0.6052631578947368 t_move_k 100 851.448166847229 14.618689564070817 5.0197 8.167814029699999 4.9803 4.9303 7.9794079601 10.389577907792178
0.8072437182655223 5401.352902975068 0.5 1.1040024559388648 8660.447457992395 0.5789473684210527 t_swap_k 100 885.8298239707947 14.618689564070817 5.0197 9.216135889402999 4.9803 4.9303 7.9794079601 10.389577907792178
0.8072437182655223 5401.352902975068 0.5 1.092396723493428 8605.258858413554 0.5952380952380952 move_t 100 911.1872544288635 14.618689564070817 6.099503 9.216135889402999 4.9803 4.9303 7.9794079601 10.389577907792178
0.8072437182655223 5401.352902975068 0.5 1.080230606606803 8552.252460852706 0.6041666666666666 t_move_k 100 935.9052641391754 15.682502668430109 6.099503 9.216135889402999 4.9803 4.9303 7.9794079601 10.389577907792178
0.8072437182655223 5401.352902975068 0.5 1.0971725442248192 8327.020205424738 0.5238095238095238 t_swap_r_k 100 970.2161691188812 15.682502668430109 6.099503 9.216135889402999 4.9803 4.9303 8.939613880499 10.389577907792178
0.8072437182655223 5401.352902975068 0.5 1.0668174467358809 8263.574082595414 0.5714285714285714 t_swap_k 100 999.3664062023163 15.682502668430109 6.099503 10.35397453050897 4.9803 4.9303 8.939613880499 10.389577907792178
0.8072437182655223 5401.352902975068 0.5 1.048594013186237 8086.934683210316 0.5714285714285714 t_swap_r_k 100 1030.5841784477234 15.682502668430109 6.099503 10.35397453050897 4.9803 4.9303 9.89021774169401 10.389577907792178
0.8072437182655223 5401.352902975068 0.5 1.040103469810713 8062.332322478212 0.5833333333333334 t_move_k 100 1054.21599650383 16.59567764174581 6.099503 10.35397453050897 4.9803 4.9303 9.89021774169401 10.389577907792178
0.8072437182655223 5401.352902975068 0.5 1.0275963146847678 7941.10070257273 0.5833333333333334 move_t 100 1060.9368195533752 16.59567764174581 7.03850797 10.35397453050897 4.9803 4.9303 9.89021774169401 10.389577907792178
0.8072437182655223 5401.352902975068 0.5 1.0189178116682593 7856.980135709095 0.5833333333333334 t_move_k 100 1081.5443406105042 17.45972086532835 7.03850797 10.35397453050897 4.9803 4.9303 9.89021774169401 10.389577907792178
0.8072437182655223 5401.352902975068 0.5 1.0153118531305083 7822.027647278155 0.5833333333333334 swap_t 100 1088.8452422618866 17.45972086532835 7.03850797 10.35397453050897 4.9803 5.880997 9.89021774169401 10.389577907792178
0.8072437182655223 5401.352902975068 0.5 1.0557153074759138 7809.783353955737 0.5 t_swap_r_k 100 1126.5891530513763 17.45972086532835 7.03850797 10.35397453050897 4.9803 5.880997 10.83131556427707 10.389577907792178
0.8072437182655223 5401.352902975068 0.5 1.0441111035464756 7952.382476533761 0.5526315789473685 move_t 100 1146.5738048553467 17.45972086532835 8.088122890300001 10.35397453050897 4.9803 5.880997 10.83131556427707 10.389577907792178
0.8072437182655223 5401.352902975068 0.5 1.0244252196450492 7761.567573335635 0.5526315789473685 f_swap_t 100 1176.433662891388 17.45972086532835 8.088122890300001 10.35397453050897 5.960497 5.880997 10.83131556427707 10.389577907792178
0.8072437182655223 5401.352902975068 0.5 1.0111226056332967 7760.164812119975 0.5789473684210527 t_multiswap_k 100 1199.2610654830933 17.45972086532835 8.088122890300001 10.35397453050897 5.960497 5.880997 10.83131556427707 11.315682128714256
0.8072437182655223 5401.352902975068 0.5 1.0360112089844378 7974.286942926606 0.5789473684210527 move_t 100 1216.4893400669098 17.45972086532835 9.137241661397 10.35397453050897 5.960497 5.880997 10.83131556427707 11.315682128714256
0.8072437182655223 5401.352902975068 0.5 1.041784900179414 7775.724731975529 0.5208333333333334 t_swap_r_k 100 1251.0992453098297 17.45972086532835 9.137241661397 10.35397453050897 5.960497 5.880997 11.8530024086343 11.315682128714256
0.8072437182655223 5401.352902975068 0.5 1.0764449319763747 7771.2435764128795 0.5208333333333334 swap_t 100 1265.4177272319794 17.45972086532835 9.137241661397 10.35397453050897 5.960497 6.83218703 11.8530024086343 11.315682128714256
0.8072437182655223 5401.352902975068 0.5 1.0411111438530114 7769.194024548553 0.5208333333333334 t_multiswap_k 100 1285.0252268314362 17.45972086532835 9.137241661397 10.35397453050897 5.960497 6.83218703 11.8530024086343 12.232525307427114
0.8072437182655223 5401.352902975068 0.5 1.0228610363385466 7592.296074923052 0.5208333333333334 swap_t 100 1300.5522954463959 17.45972086532835 9.137241661397 10.35397453050897 5.960497 7.7638651597 11.8530024086343 12.232525307427114
0.8072437182655223 5401.352902975068 0.5 1.0554430637724228 7576.359233411028 0.4523809523809524 t_swap_r_k 100 1347.2267701625824 17.45972086532835 9.137241661397 10.35397453050897 5.960497 7.7638651597 12.774472384547957 12.232525307427114
0.8072437182655223 5401.352902975068 0.5 1.034833893302695 7607.380198270458 0.5 t_multiswap_k 100 1361.1186661720276 17.45972086532835 9.137241661397 10.35397453050897 5.960497 7.7638651597 12.774472384547957 13.170200054352843
0.8072437182655223 5401.352902975068 0.5 1.027915722221217 7540.322495815723 0.5 t_multiswap_k 100 1375.1254048347473 17.45972086532835 9.137241661397 10.35397453050897 5.960497 7.7638651597 12.774472384547957 14.038498053809315
0.8072437182655223 5401.352902975068 0.5 1.0266631619833582 7528.18145293781 0.5 f_swap_t 100 1410.7250759601593 17.45972086532835 9.137241661397 10.35397453050897 6.90089203 7.7638651597 12.774472384547957 14.038498053809315
0.8072437182655223 5401.352902975068 0.5 1.0264634476992949 7526.245626130558 0.5 f_swap_t 100 1450.150455713272 17.45972086532835 9.137241661397 10.35397453050897 7.8318831097 7.7638651597 12.774472384547957 14.038498053809315
0.8072437182655223 5401.352902975068 0.5 1.0490348566975018 7860.422503655239 0.5238095238095238 t_multiswap_k 100 1478.4766585826874 17.45972086532835 9.137241661397 10.35397453050897 7.8318831097 7.7638651597 12.774472384547957 15.078113073271222
0.8072437182655223 5401.352902975068 0.5 1.0168116701118117 7548.08376083465 0.5238095238095238 swap_t 100 1489.0602622032166 17.45972086532835 9.137241661397 10.35397453050897 7.8318831097 8.686226508103 12.774472384547957 15.078113073271222
0.8072437182655223 5401.352902975068 0.5 1.0093422536009589 7562.2273220671395 0.5416666666666666 t_move_k 100 1511.6819775104523 18.325123656675068 9.137241661397 10.35397453050897 7.8318831097 8.686226508103 12.774472384547957 15.078113073271222
0.8072437182655223 5401.352902975068 0.5 0.993972864538605 7413.252122333544 0.5416666666666666 t_move_k 100 1537.7746713161469 19.141872420108317 9.137241661397 10.35397453050897 7.8318831097 8.686226508103 12.774472384547957 15.078113073271222
0.8072437182655223 5401.352902975068 0.5 0.9893733489349525 7368.669103909584 0.5416666666666666 t_move_k 100 1560.8914749622345 19.950453695907235 9.137241661397 10.35397453050897 7.8318831097 8.686226508103 12.774472384547957 15.078113073271222
0.8072437182655223 5401.352902975068 0.5 1.0414566822682858 7368.669103909584 0.4375 t_swap_r_k 100 1592.2622094154358 19.950453695907235 9.137241661397 10.35397453050897 7.8318831097 8.686226508103 13.716727660702478 15.078113073271222
0.8072437182655223 5401.352902975068 0.5 1.0025395984700476 7525.137471982802 0.5476190476190477 t_multiswap_k 100 1611.6638395786285 19.950453695907235 9.137241661397 10.35397453050897 7.8318831097 8.686226508103 13.716727660702478 15.95733194253851
0.8072437182655223 5401.352902975068 0.5 1.0520096266098982 8004.649526304641 0.5476190476190477 t_swap_k 100 1641.8958594799042 19.950453695907235 9.137241661397 11.38043478520388 7.8318831097 8.686226508103 13.716727660702478 15.95733194253851
0.8072437182655223 5401.352902975068 0.5 1.0175069461018118 7670.215691675079 0.5476190476190477 t_multiswap_k 100 1656.0769596099854 19.950453695907235 9.137241661397 11.38043478520388 7.8318831097 8.686226508103 13.716727660702478 16.827758623113123
0.8072437182655223 5401.352902975068 0.5 1.0382948788439506 7871.712733603328 0.5476190476190477 t_move_k 100 1675.9280467033386 20.770949158948163 9.137241661397 11.38043478520388 7.8318831097 8.686226508103 13.716727660702478 16.827758623113123
0.8072437182655223 5401.352902975068 0.5 1.0204111117584294 7698.365714880216 0.5476190476190477 t_swap_k 100 1691.317668914795 20.770949158948163 9.137241661397 12.266630437351841 7.8318831097 8.686226508103 13.716727660702478 16.827758623113123
0.8072437182655223 5401.352902975068 0.5 1.016430614149836 7659.782826264833 0.5476190476190477 t_swap_r_k 100 1733.5894215106964 20.770949158948163 9.137241661397 12.266630437351841 7.8318831097 8.686226508103 14.649560384095453 16.827758623113123
0.8072437182655223 5401.352902975068 0.5 1.0150825100849845 7646.715678865015 0.5476190476190477 f_swap_t 100 1762.8895542621613 20.770949158948163 9.137241661397 12.266630437351841 8.753564278603 8.686226508103 14.649560384095453 16.827758623113123
0.8072437182655223 5401.352902975068 0.5 1.0257341391576664 7646.715678865015 0.5263157894736842 t_swap_r_k 100 1801.849437236786 20.770949158948163 9.137241661397 12.266630437351841 8.753564278603 8.686226508103 15.543064780254499 16.827758623113123
0.8072437182655223 5401.352902975068 0.5 1.01728064987868 7564.776165936196 0.5263157894736842 t_multiswap_k 100 1818.6074833869934 20.770949158948163 9.137241661397 12.266630437351841 8.753564278603 8.686226508103 15.543064780254499 17.689481036881993
0.8072437182655223 5401.352902975068 0.5 1.027287466953464 7661.77205603732 0.5263157894736842 t_swap_k 100 1850.8181564807892 20.770949158948163 9.137241661397 13.183964132978323 8.753564278603 8.686226508103 15.543064780254499 17.689481036881993
0.8072437182655223 5401.352902975068 0.5 1.0224385689758975 7614.771778943341 0.5263157894736842 swap_t 100 1869.2736926078796 20.770949158948163 9.137241661397 13.183964132978323 8.753564278603 9.63936424302197 15.543064780254499 17.689481036881993
0.8072437182655223 5401.352902975068 0.5 1.049401866892189 8094.765194020565 0.5714285714285714 t_swap_k 100 1896.4292912483215 20.770949158948163 9.137241661397 14.32212449164854 8.753564278603 9.63936424302197 15.543064780254499 17.689481036881993
0.8072437182655223 5401.352902975068 0.5 1.0130074884792797 7741.99516710234 0.5714285714285714 move_t 100 1913.8442749977112 20.770949158948163 10.045869244783031 14.32212449164854 8.753564278603 9.63936424302197 15.543064780254499 17.689481036881993
0.8072437182655223 5401.352902975068 0.5 0.9983619213066802 7600.035959361673 0.5714285714285714 t_multiswap_k 100 1929.5139050483704 20.770949158948163 10.045869244783031 14.32212449164854 8.753564278603 9.63936424302197 15.543064780254499 18.51258622651317
0.8072437182655223 5401.352902975068 0.5 0.9968325567711616 7585.211857621517 0.5714285714285714 t_move_k 100 1959.0763189792633 21.59323966735868 10.045869244783031 14.32212449164854 8.753564278603 9.63936424302197 15.543064780254499 18.51258622651317
0.8072437182655223 5401.352902975068 0.5 1.0265426200878935 7873.190943761592 0.5714285714285714 t_move_k 100 1988.3292746543884 22.457307270685092 10.045869244783031 14.32212449164854 8.753564278603 9.63936424302197 15.543064780254499 18.51258622651317
0.8072437182655223 5401.352902975068 0.5 1.0042278276135568 7693.3338581736325 0.5789473684210527 t_move_k 100 2010.1322855949402 23.26273419797824 10.045869244783031 14.32212449164854 8.753564278603 9.63936424302197 15.543064780254499 18.51258622651317
0.8072437182655223 5401.352902975068 0.5 0.9840523547628401 7576.726233127695 0.5952380952380952 t_move_k 100 2036.605019569397 24.230106855998457 10.045869244783031 14.32212449164854 8.753564278603 9.63936424302197 15.543064780254499 18.51258622651317
0.8072437182655223 5401.352902975068 0.5 0.9687084303751774 7427.997862007968 0.5952380952380952 t_move_k 100 2056.9441225528717 24.98780578743847 10.045869244783031 14.32212449164854 8.753564278603 9.63936424302197 15.543064780254499 18.51258622651317
0.8072437182655223 5401.352902975068 0.5 1.0042716724186365 7657.319065977537 0.5714285714285714 t_move_k 100 2080.480861186981 25.857927729564086 10.045869244783031 14.32212449164854 8.753564278603 9.63936424302197 15.543064780254499 18.51258622651317
0.8072437182655223 5401.352902975068 0.5 0.9958828125231579 7576.006004450115 0.5714285714285714 t_swap_r_k 100 2106.7451691627502 25.857927729564086 10.045869244783031 14.32212449164854 8.753564278603 9.63936424302197 16.427634132451953 18.51258622651317
0.8072437182655223 5401.352902975068 0.5 0.9898929691225624 7633.339198501694 0.5952380952380952 move_t 100 2132.130209207535 25.857927729564086 10.9754105523352 14.32212449164854 8.753564278603 9.63936424302197 16.427634132451953 18.51258622651317
0.8072437182655223 5401.352902975068 0.5 0.9955214342178866 7590.821724649763 0.5952380952380952 move_t 100 2155.2915258407593 25.857927729564086 11.875656446811847 14.32212449164854 8.753564278603 9.63936424302197 16.427634132451953 18.51258622651317
0.8072437182655223 5401.352902975068 0.5 1.049314143538211 8209.307526914898 0.5952380952380952 t_swap_k 100 2192.029081583023 25.857927729564086 11.875656446811847 15.268903246732053 8.753564278603 9.63936424302197 16.427634132451953 18.51258622651317
0.8072437182655223 5401.352902975068 0.5 1.0236150762268754 7960.206949778033 0.5952380952380952 t_move_k 100 2220.6108515262604 26.759348452268444 11.875656446811847 15.268903246732053 8.753564278603 9.63936424302197 16.427634132451953 18.51258622651317
0.8072437182655223 5401.352902975068 0.5 1.0122532467289551 7850.07694968989 0.5952380952380952 t_move_k 100 2250.1524591445923 27.66175496774576 11.875656446811847 15.268903246732053 8.753564278603 9.63936424302197 16.427634132451953 18.51258622651317
0.8072437182655223 5401.352902975068 0.5 0.9910332678390839 7644.392092560172 0.5952380952380952 swap_t 100 2271.0590488910675 27.66175496774576 11.875656446811847 15.268903246732053 8.753564278603 10.54297060059175 16.427634132451953 18.51258622651317
0.8072437182655223 5401.352902975068 0.5 0.9832786794937101 7569.22701326411 0.5952380952380952 t_swap_r_k 100 2328.245415687561 27.66175496774576 11.875656446811847 15.268903246732053 8.753564278603 10.54297060059175 17.303357791127432 18.51258622651317
0.8072437182655223 5401.352902975068 0.5 1.023303085273631 7697.549401457907 0.5416666666666666 t_multiswap_k 100 2354.4528987407684 27.66175496774576 11.875656446811847 15.268903246732053 8.753564278603 10.54297060059175 17.303357791127432 19.47746036424804
0.8072437182655223 5401.352902975068 0.5 1.0152886170914934 7673.006656256866 0.5526315789473685 t_swap_k 100 2382.0164959430695 27.66175496774576 11.875656446811847 16.166214214264734 8.753564278603 10.54297060059175 17.303357791127432 19.47746036424804
0.8072437182655223 5401.352902975068 0.5 1.0507990752691525 8108.308308596111 0.5714285714285714 t_multiswap_k 100 2405.315338611603 27.66175496774576 11.875656446811847 16.166214214264734 8.753564278603 10.54297060059175 17.303357791127432 20.382685760605558
0.8072437182655223 5401.352902975068 0.5 1.0249011360882085 7914.976387018534 0.5833333333333334 move_t 100 2424.8745901584625 27.66175496774576 12.786899882343729 16.166214214264734 8.753564278603 10.54297060059175 17.303357791127432 20.382685760605558
0.8072437182655223 5401.352902975068 0.5 1.0150513415210096 7819.502513136484 0.5833333333333334 t_multiswap_k 100 2445.879945755005 27.66175496774576 12.786899882343729 16.166214214264734 8.753564278603 10.54297060059175 17.303357791127432 21.1788589029995
0.8072437182655223 5401.352902975068 0.5 1.0166766087652683 7936.224752535902 0.6041666666666666 t_move_k 100 2461.5962438583374 28.525137418068304 12.786899882343729 16.166214214264734 8.753564278603 10.54297060059175 17.303357791127432 21.1788589029995
0.8072437182655223 5401.352902975068 0.5 0.9922438506541063 7699.39848671063 0.6041666666666666 swap_t 100 2476.471464395523 28.525137418068304 12.786899882343729 16.166214214264734 8.753564278603 11.437540894585831 17.303357791127432 21.1788589029995
0.8072437182655223 5401.352902975068 0.5 1.001340820437735 7859.695640168112 0.6190476190476191 t_move_k 100 2502.926380634308 29.37988604388762 12.786899882343729 16.166214214264734 8.753564278603 11.437540894585831 17.303357791127432 21.1788589029995
0.8072437182655223 5401.352902975068 0.5 1.083715156202897 7778.27969866419 0.4375 t_swap_r_k 100 2537.669656276703 29.37988604388762 12.786899882343729 16.166214214264734 8.753564278603 11.437540894585831 18.17032421321616 21.1788589029995
0.8072437182655223 5401.352902975068 0.5 1.1146528693682265 8265.671401538455 0.47619047619047616 t_swap_k 100 2566.435463666916 29.37988604388762 12.786899882343729 17.184552072122088 8.753564278603 11.437540894585831 18.17032421321616 21.1788589029995
0.8072437182655223 5401.352902975068 0.5 1.0876556123279293 8220.348683944172 0.5208333333333334 t_swap_k 100 2600.949402809143 29.37988604388762 12.786899882343729 18.202706551400865 8.753564278603 11.437540894585831 18.17032421321616 21.1788589029995
0.8072437182655223 5401.352902975068 0.5 1.094141377952548 7951.461266481343 0.4523809523809524 t_swap_r_k 100 2628.7834227085114 29.37988604388762 12.786899882343729 18.202706551400865 8.753564278603 11.437540894585831 19.028620971083996 21.1788589029995
0.8072437182655223 5401.352902975068 0.5 1.1257054816072911 8372.8041645398 0.47619047619047616 t_swap_k 100 2660.732096672058 29.37988604388762 12.786899882343729 19.210679485886857 8.753564278603 11.437540894585831 19.028620971083996 21.1788589029995
0.8072437182655223 5401.352902975068 0.5 1.2384349196693643 9453.341898982328 0.47368421052631576 f_swap_t 100 2703.0859990119934 29.37988604388762 12.786899882343729 19.210679485886857 9.82602863581697 11.437540894585831 19.028620971083996 21.1788589029995
0.8072437182655223 5401.352902975068 0.5 1.1334883661983224 8664.604707035363 0.5208333333333334 t_swap_k 100 2726.206812143326 29.37988604388762 12.786899882343729 20.198572691027987 9.82602863581697 11.437540894585831 19.028620971083996 21.1788589029995
0.8072437182655223 5401.352902975068 0.5 1.1057319031846224 8395.561831968029 0.5208333333333334 move_t 100 2742.2150452136993 29.37988604388762 13.659030883520291 20.198572691027987 9.82602863581697 11.437540894585831 19.028620971083996 21.1788589029995
0.8072437182655223 5401.352902975068 0.5 1.126524814832315 8597.107134334368 0.5208333333333334 t_swap_k 100 2765.5485277175903 29.37988604388762 13.659030883520291 21.046586964117708 9.82602863581697 11.437540894585831 19.028620971083996 21.1788589029995
0.8072437182655223 5401.352902975068 0.5 1.1131517288651256 8467.48206303622 0.5208333333333334 t_swap_r_k 100 2811.7475893497467 29.37988604388762 13.659030883520291 21.046586964117708 9.82602863581697 11.437540894585831 19.878334761373157 21.1788589029995
0.8072437182655223 5401.352902975068 0.5 1.1095678351089493 8432.74344811898 0.5208333333333334 t_swap_r_k 100 2861.6207003593445 29.37988604388762 13.659030883520291 21.046586964117708 9.82602863581697 11.437540894585831 20.719551413759426 21.1788589029995
0.8072437182655223 5401.352902975068 0.5 1.1555659605946726 8431.455959516377 0.42857142857142855 t_swap_r_k 100 2893.8692071437836 29.37988604388762 13.659030883520291 21.046586964117708 9.82602863581697 11.437540894585831 21.55235589962183 21.1788589029995
0.8072437182655223 5401.352902975068 0.5 1.1555659605946726 8431.455959516377 0.42857142857142855 t_swap_r_k 100 2924.681831598282 29.37988604388762 13.659030883520291 21.046586964117708 9.82602863581697 11.437540894585831 22.37683234062561 21.1788589029995
0.8072437182655223 5401.352902975068 0.5 1.1555659605946726 8431.455959516377 0.42857142857142855 swap_t 100 2940.3988909721375 29.37988604388762 13.659030883520291 21.046586964117708 9.82602863581697 12.323165485639972 22.37683234062561 21.1788589029995
0.8072437182655223 5401.352902975068 0.5 1.2263862785975017 9464.093873938855 0.5 t_multiswap_k 100 2973.5146832466125 29.37988604388762 13.659030883520291 21.046586964117708 9.82602863581697 12.323165485639972 22.37683234062561 22.187070313969507
0.8072437182655223 5401.352902975068 0.5 1.16405625967302 9090.715437729952 0.5476190476190477 t_swap_k 100 2996.89306306839 29.37988604388762 13.659030883520291 21.92612109447653 9.82602863581697 12.323165485639972 22.37683234062561 22.187070313969507
0.8072437182655223 5401.352902975068 0.5 1.1526189869333252 8979.854167715186 0.5476190476190477 move_t 100 3016.6064846515656 29.37988604388762 14.522440574685088 21.92612109447653 9.82602863581697 12.323165485639972 22.37683234062561 22.187070313969507
0.8072437182655223 5401.352902975068 0.5 1.1543211861708944 9111.746186696686 0.5714285714285714 t_move_k 100 3049.850445985794 30.366087183448744 14.522440574685088 21.92612109447653 9.82602863581697 12.323165485639972 22.37683234062561 22.187070313969507
0.8072437182655223 5401.352902975068 0.5 1.1194491078660804 8773.731786156186 0.5714285714285714 t_move_k 100 3077.9964842796326 31.132426311614257 14.522440574685088 21.92612109447653 9.82602863581697 12.323165485639972 22.37683234062561 22.187070313969507
0.8072437182655223 5401.352902975068 0.5 1.1076601581723762 8659.461718026361 0.5714285714285714 swap_t 100 3093.1370124816895 31.132426311614257 14.522440574685088 21.92612109447653 9.82602863581697 13.199933830783573 22.37683234062561 22.187070313969507
0.8072437182655223 5401.352902975068 0.5 1.1189916240308575 8769.29740392728 0.5714285714285714 move_t 100 3118.5149507522583 31.132426311614257 15.427216168938237 21.92612109447653 9.82602863581697 13.199933830783573 22.37683234062561 22.187070313969507
0.8072437182655223 5401.352902975068 0.5 1.1271126584163564 8756.914990140767 0.5526315789473685 t_swap_k 100 3150.0824234485626 31.132426311614257 15.427216168938237 22.816859883531766 9.82602863581697 13.199933830783573 22.37683234062561 22.187070313969507
0.8072437182655223 5401.352902975068 0.5 1.142048897807893 9076.226763086377 0.5789473684210527 move_t 100 3169.5223484039307 31.132426311614257 16.392944007248854 22.816859883531766 9.82602863581697 13.199933830783573 22.37683234062561 22.187070313969507
0.8072437182655223 5401.352902975068 0.5 1.1070945390396139 8653.979182387859 0.5714285714285714 t_move_k 100 3191.7870993614197 31.961102048498113 16.392944007248854 22.816859883531766 9.82602863581697 13.199933830783573 22.37683234062561 22.187070313969507
0.8072437182655223 5401.352902975068 0.5 1.0885419304848423 8550.385026805852 0.5952380952380952 move_t 100 3214.3929884433746 31.961102048498113 17.319014567176364 22.816859883531766 9.82602863581697 13.199933830783573 22.37683234062561 22.187070313969507
0.8072437182655223 5401.352902975068 0.5 1.1243414072810278 8936.545386286229 0.5952380952380952 t_swap_k 100 3247.7831523418427 31.961102048498113 17.319014567176364 23.61869128469645 9.82602863581697 13.199933830783573 22.37683234062561 22.187070313969507
0.8072437182655223 5401.352902975068 0.5 1.0995886884023434 8739.889984390564 0.6041666666666666 t_swap_k 100 3271.461787700653 31.961102048498113 17.319014567176364 24.412504371849487 9.82602863581697 13.199933830783573 22.37683234062561 22.187070313969507
0.8072437182655223 5401.352902975068 0.5 1.0916471829859575 8662.913121433181 0.6041666666666666 swap_t 100 3285.7262065410614 31.961102048498113 17.319014567176364 24.412504371849487 9.82602863581697 14.067934492475738 22.37683234062561 22.187070313969507
0.8072437182655223 5401.352902975068 0.5 1.081931977588898 8640.864213925162 0.6190476190476191 t_swap_r_k 100 3322.487267255783 31.961102048498113 17.319014567176364 24.412504371849487 9.82602863581697 14.067934492475738 23.223064017219354 22.187070313969507
0.8072437182655223 5401.352902975068 0.5 1.0952782685661997 8654.836928171131 0.5952380952380952 t_multiswap_k 100 3345.6795041561127 31.961102048498113 17.319014567176364 24.412504371849487 9.82602863581697 14.067934492475738 23.223064017219354 23.06519961082981
0.8072437182655223 5401.352902975068 0.5 1.0951359483112242 8653.457420610675 0.5952380952380952 t_swap_k 100 3374.2055490016937 31.961102048498113 17.319014567176364 25.22837932813099 9.82602863581697 14.067934492475738 23.223064017219354 23.06519961082981
0.8072437182655223 5401.352902975068 0.5 1.0977107272701818 8678.41470473722 0.5952380952380952 f_swap_t 100 3399.7948231697083 31.961102048498113 17.319014567176364 25.22837932813099 10.7777683494588 14.067934492475738 23.223064017219354 23.06519961082981
0.8072437182655223 5401.352902975068 0.5 1.0684116462887046 8509.811896377658 0.6190476190476191 t_move_k 100 3431.3495326042175 32.73149102801313 17.319014567176364 25.22837932813099 10.7777683494588 14.067934492475738 23.223064017219354 23.06519961082981
0.8072437182655223 5401.352902975068 0.5 1.0409882631189171 8243.997557986231 0.6190476190476191 t_move_k 100 3446.6140534877777 33.494176117733 17.319014567176364 25.22837932813099 10.7777683494588 14.067934492475738 23.223064017219354 23.06519961082981
0.8072437182655223 5401.352902975068 0.5 1.0544608169728433 8143.801502207582 0.5714285714285714 t_swap_r_k 100 3473.8573002815247 33.494176117733 17.319014567176364 25.22837932813099 10.7777683494588 14.067934492475738 24.03083337704716 23.06519961082981
0.8072437182655223 5401.352902975068 0.5 1.0998244164913205 8468.117387252518 0.5476190476190477 t_swap_k 100 3499.0813353061676 33.494176117733 17.319014567176364 26.036095534849682 10.7777683494588 14.067934492475738 24.03083337704716 23.06519961082981
0.8072437182655223 5401.352902975068 0.5 1.087035825826887 8388.26722165799 0.5625 move_t 100 3512.339939594269 33.494176117733 18.2158244215046 26.036095534849682 10.7777683494588 14.067934492475738 24.03083337704716 23.06519961082981
0.8072437182655223 5401.352902975068 0.5 1.1253313669874094 8181.664848758677 0.4375 t_swap_r_k 100 3538.272981405258 33.494176117733 18.2158244215046 26.036095534849682 10.7777683494588 14.067934492475738 24.830525043276687 23.06519961082981
0.8072437182655223 5401.352902975068 0.5 1.1697350520511245 8713.037489230364 0.4583333333333333 f_swap_t 100 3575.129817724228 33.494176117733 18.2158244215046 26.036095534849682 11.719990665964211 14.067934492475738 24.830525043276687 23.06519961082981
0.8072437182655223 5401.352902975068 0.5 1.1350048126833328 8693.727673569143 0.5238095238095238 t_multiswap_k 100 3602.3624029159546 33.494176117733 18.2158244215046 26.036095534849682 11.719990665964211 14.067934492475738 24.830525043276687 24.064547614721512