28
6 102 6 20

Solution history:
B_obj   B_dis   B_sim   C_obj   C_dis   C_sim   neighbor   iterations   time   scores
0.8638239882221027 25771.16682591058 0.42424242424242425 0.8638239882221027 25771.16682591058 0.42424242424242425 0 0 0 3.0 3.0 3.0 3.0 3.0 3.0 3.0
0.8596430153544036 25892.696809666653 0.45454545454545453 0.8596430153544036 25892.696809666653 0.45454545454545453 t_move_k 100 27.5368230342865 4.04 3.0 3.0 3.0 3.0 3.0 3.0
0.8596430030339404 25892.696368606077 0.45454545454545453 0.8670838889442117 26159.072831790763 0.45454545454545453 t_multiswap_k 100 48.655351400375366 4.04 3.0 3.0 3.0 3.0 3.0 3.98
0.8596430030339404 25892.696368606077 0.45454545454545453 0.8642359394183438 26057.119014573647 0.45454545454545453 move_t 100 66.46732234954834 4.04 3.9699999999999998 3.0 3.0 3.0 3.0 3.98
0.8596430030339404 25892.696368606077 0.45454545454545453 0.8642359394183438 26057.119014573647 0.45454545454545453 move_t 100 90.30527257919312 4.04 4.9303 3.0 3.0 3.0 3.0 3.98
0.8596430030339404 25892.696368606077 0.45454545454545453 0.8849768406209256 26799.623062106515 0.45454545454545453 t_move_k 100 127.37749671936035 5.1096 4.9303 3.0 3.0 3.0 3.0 3.98
0.8596430030339404 25892.696368606077 0.45454545454545453 1.019819659518912 31355.659814145292 0.42424242424242425 move_t 100 166.83294296264648 5.1096 5.980997 3.0 3.0 3.0 3.0 3.98
0.8596430030339404 25892.696368606077 0.45454545454545453 0.9913017362202997 30605.95069295301 0.45454545454545453 t_swap_k 100 208.48310351371765 5.1096 5.980997 4.1 3.0 3.0 3.0 3.98
0.8596430030339404 25892.696368606077 0.45454545454545453 0.9840010910736379 30167.72205762121 0.43478260869565216 move_t 100 233.95356726646423 5.1096 7.06118703 4.1 3.0 3.0 3.0 3.98
0.8596430030339404 25892.696368606077 0.45454545454545453 0.974525058390082 29828.489323548012 0.43478260869565216 t_swap_r_k 100 317.17068886756897 5.1096 7.06118703 4.1 3.0 3.0 4.01 3.98
0.8596430030339404 25892.696368606077 0.45454545454545453 0.9693187069765727 29642.107017415245 0.43478260869565216 t_swap_r_k 100 415.9443814754486 5.1096 7.06118703 4.1 3.0 3.0 5.0099 3.98
0.8596430030339404 25892.696368606077 0.45454545454545453 1.046665058197834 33083.793427311706 0.43478260869565216 swap_t 100 446.6067500114441 5.1096 7.06118703 4.1 3.0 4.0600000000000005 5.0099 3.98
0.8596430030339404 25892.696368606077 0.45454545454545453 1.0088131574015868 31232.84250339854 0.45454545454545453 t_move_k 100 476.53671050071716 6.148504000000001 7.06118703 4.1 3.0 4.0600000000000005 5.0099 3.98
0.8596430030339404 25892.696368606077 0.45454545454545453 0.9986711604896102 30869.768899042767 0.45454545454545453 t_swap_r_k 100 583.1911115646362 6.148504000000001 7.06118703 4.1 3.0 4.0600000000000005 5.999801 3.98
0.8596430030339404 25892.696368606077 0.45454545454545453 0.9978881383671039 30841.737470244658 0.45454545454545453 f_swap_t 100 631.8681089878082 6.148504000000001 7.06118703 4.1 3.9699999999999998 4.0600000000000005 5.999801 3.98
0.8596430030339404 25892.696368606077 0.45454545454545453 0.9951848413524939 30744.96207194222 0.45454545454545453 t_swap_k 100 668.1473803520203 6.148504000000001 7.06118703 5.0889999999999995 3.9699999999999998 4.0600000000000005 5.999801 3.98
0.8596430030339404 25892.696368606077 0.45454545454545453 0.9923573344739208 30643.74008157344 0.45454545454545453 t_swap_k 100 722.0190124511719 6.148504000000001 7.06118703 6.06811 3.9699999999999998 4.0600000000000005 5.999801 3.98
0.8596430030339404 25892.696368606077 0.45454545454545453 0.9889830604278257 30522.944359524543 0.45454545454545453 t_swap_k 100 751.8255746364594 6.148504000000001 7.06118703 7.0074289 3.9699999999999998 4.0600000000000005 5.999801 3.98
0.8596430030339404 25892.696368606077 0.45454545454545453 0.9889830604278257 30522.944359524543 0.45454545454545453 t_swap_k 100 800.0037612915039 6.148504000000001 7.06118703 7.937354611 3.9699999999999998 4.0600000000000005 5.999801 3.98
0.8596430030339404 25892.696368606077 0.45454545454545453 1.0116094326139562 30621.03399500399 0.375 t_multiswap_k 100 822.9088428020477 6.148504000000001 7.06118703 7.937354611 3.9699999999999998 4.0600000000000005 5.999801 4.9802
0.8596430030339404 25892.696368606077 0.45454545454545453 1.0291575441825431 31395.15922576054 0.391304347826087 move_t 100 865.5167152881622 6.148504000000001 8.0905751597 7.937354611 3.9699999999999998 4.0600000000000005 5.999801 4.9802
0.8596430030339404 25892.696368606077 0.45454545454545453 1.0095597797726987 31082.69820177848 0.43478260869565216 move_t 100 884.2806687355042 6.148504000000001 9.069669408103 7.937354611 3.9699999999999998 4.0600000000000005 5.999801 4.9802
0.8596430030339404 25892.696368606077 0.45454545454545453 1.0059821082466045 30954.621048190893 0.43478260869565216 t_swap_r_k 100 956.0178074836731 6.148504000000001 9.069669408103 7.937354611 3.9699999999999998 4.0600000000000005 6.97980299 4.9802
0.8596430030339404 25892.696368606077 0.45454545454545453 1.0053148439360666 30930.733636235665 0.43478260869565216 t_swap_r_k 100 1035.8985342979431 6.148504000000001 9.069669408103 7.937354611 3.9699999999999998 4.0600000000000005 7.950004960099999 4.9802
0.8596430030339404 25892.696368606077 0.45454545454545453 1.0053148439360666 30930.733636235665 0.43478260869565216 t_multiswap_k 100 1063.5406332015991 6.148504000000001 9.069669408103 7.937354611 3.9699999999999998 4.0600000000000005 7.950004960099999 5.930398
0.8596430030339404 25892.696368606077 0.45454545454545453 1.0076107685479314 31223.6987465384 0.4583333333333333 swap_t 100 1097.3970296382904 6.148504000000001 9.069669408103 7.937354611 3.9699999999999998 5.0594 7.950004960099999 5.930398
0.8596430030339404 25892.696368606077 0.45454545454545453 0.997595415851882 30865.158881676594 0.4583333333333333 t_multiswap_k 100 1124.8137221336365 6.148504000000001 9.069669408103 7.937354611 3.9699999999999998 5.0594 7.950004960099999 6.90109402
0.8596430030339404 25892.696368606077 0.45454545454545453 0.9947873465530936 30764.632737718894 0.4583333333333333 swap_t 100 1152.6426274776459 6.148504000000001 9.069669408103 7.937354611 3.9699999999999998 6.008806 7.950004960099999 6.90109402
0.8596430030339404 25892.696368606077 0.45454545454545453 0.9943545113412036 30749.137659004416 0.4583333333333333 move_t 100 1186.9049360752106 6.148504000000001 10.00897271402197 7.937354611 3.9699999999999998 6.008806 7.950004960099999 6.90109402
0.8596430030339404 25892.696368606077 0.45454545454545453 0.9930780883621912 30703.44296044606 0.4583333333333333 t_swap_r_k 100 1258.3333325386047 6.148504000000001 10.00897271402197 7.937354611 3.9699999999999998 6.008806 8.910504910499 6.90109402
0.8596430030339404 25892.696368606077 0.45454545454545453 0.9933668541988483 30713.78049594719 0.4583333333333333 move_t 100 1294.981724023819 6.148504000000001 10.918882986881751 7.937354611 3.9699999999999998 6.008806 8.910504910499 6.90109402
0.8596430030339404 25892.696368606077 0.45454545454545453 0.9915380344265334 30648.310530592804 0.4583333333333333 move_t 100 1325.83367395401 6.148504000000001 11.839694157012934 7.937354611 3.9699999999999998 6.008806 8.910504910499 6.90109402
0.8596430030339404 25892.696368606077 0.45454545454545453 0.9897170163043139 30583.119856707788 0.4583333333333333 f_swap_t 100 1370.7589359283447 6.148504000000001 11.839694157012934 7.937354611 4.9603 6.008806 8.910504910499 6.90109402
0.8596430030339404 25892.696368606077 0.45454545454545453 1.01710185906353 31529.569944153096 0.45454545454545453 t_swap_k 100 1422.4270210266113 6.148504000000001 11.839694157012934 8.86798106489 4.9603 6.008806 8.910504910499 6.90109402
0.8596430030339404 25892.696368606077 0.45454545454545453 1.0109990238433264 31311.094391515915 0.45454545454545453 t_swap_r_k 100 1509.6423134803772 6.148504000000001 11.839694157012934 8.86798106489 4.9603 6.008806 9.86139986139401 6.90109402
0.8596430030339404 25892.696368606077 0.45454545454545453 1.0109615546769377 31309.75303187925 0.45454545454545453 t_swap_r_k 100 1605.5462968349457 6.148504000000001 11.839694157012934 8.86798106489 4.9603 6.008806 10.802785862780071 6.90109402
0.8596430030339404 25892.696368606077 0.45454545454545453 1.0185373122526955 31309.75303187925 0.42424242424242425 t_swap_r_k 100 1709.947433233261 6.148504000000001 11.839694157012934 8.86798106489 4.9603 6.008806 11.76475800415227 6.90109402
0.8596430030339404 25892.696368606077 0.45454545454545453 1.0185373122526955 31309.75303187925 0.42424242424242425 t_swap_r_k 100 1805.5616517066956 6.148504000000001 11.839694157012934 8.86798106489 4.9603 6.008806 12.687110424110747 6.90109402
0.8596430030339404 25892.696368606077 0.45454545454545453 1.0121080078391664 30724.937851473213 0.38461538461538464 t_move_k 100 1854.4478952884674 7.23701896 11.839694157012934 8.86798106489 4.9603 6.008806 12.687110424110747 6.90109402
0.8596430030339404 25892.696368606077 0.45454545454545453 1.0443369917444425 31878.70406268105 0.38461538461538464 t_multiswap_k 100 1880.8015940189362 7.23701896 11.839694157012934 8.86798106489 4.9603 6.008806 12.687110424110747 7.8420830798
0.8596430030339404 25892.696368606077 0.45454545454545453 1.0314341965494482 31416.796570658567 0.38461538461538464 t_swap_k 100 1928.913420200348 7.23701896 11.839694157012934 9.8393012542411 4.9603 6.008806 12.687110424110747 7.8420830798
0.8596430030339404 25892.696368606077 0.45454545454545453 1.0408965781279274 31755.540608475334 0.38461538461538464 t_move_k 100 1963.0899076461792 8.264648770400001 11.839694157012934 9.8393012542411 4.9603 6.008806 12.687110424110747 7.8420830798
0.8596430030339404 25892.696368606077 0.45454545454545453 1.0481987998531177 32016.95302898584 0.38461538461538464 move_t 100 2004.7145826816559 8.264648770400001 12.791297215442805 9.8393012542411 4.9603 6.008806 12.687110424110747 7.8420830798
0.8596430030339404 25892.696368606077 0.45454545454545453 1.0460042502410767 31938.390291834898 0.38461538461538464 t_swap_r_k 100 2132.2736587524414 8.264648770400001 12.791297215442805 9.8393012542411 4.9603 6.008806 13.60023931986964 7.8420830798
0.8596430030339404 25892.696368606077 0.45454545454545453 1.0455133419690021 32014.458558088332 0.38461538461538464 move_t 100 2175.0204696655273 8.264648770400001 13.693384243288378 9.8393012542411 4.9603 6.008806 13.60023931986964 7.8420830798
0.8596430030339404 25892.696368606077 0.45454545454545453 1.0546565782761759 32356.704170794925 0.38461538461538464 move_t 100 2214.676501750946 8.264648770400001 14.656450400855494 9.8393012542411 4.9603 6.008806 13.60023931986964 7.8420830798
0.8596430030339404 25892.696368606077 0.45454545454545453 1.0419713750543727 31794.017290870503 0.38461538461538464 t_move_k 100 2243.190705537796 9.212002282696002 14.656450400855494 9.8393012542411 4.9603 6.008806 13.60023931986964 7.8420830798
0.8596430030339404 25892.696368606077 0.45454545454545453 1.0452045597462463 31909.762151553736 0.38461538461538464 t_move_k 100 2281.717487335205 10.219882259869042 14.656450400855494 9.8393012542411 4.9603 6.008806 13.60023931986964 7.8420830798
0.8596430030339404 25892.696368606077 0.45454545454545453 1.025516769649037 31204.958455158147 0.38461538461538464 t_swap_k 100 2311.547542333603 10.219882259869042 14.656450400855494 10.86090824169869 4.9603 6.008806 13.60023931986964 7.8420830798
0.8596430030339404 25892.696368606077 0.45454545454545453 1.0484347120803417 32025.398456784053 0.38461538461538464 t_swap_k 100 2364.247542142868 10.219882259869042 14.656450400855494 11.922299159281703 4.9603 6.008806 13.60023931986964 7.8420830798
0.8596430030339404 25892.696368606077 0.45454545454545453 1.0350529396897818 31546.34404800468 0.38461538461538464 t_swap_k 100 2392.619555950165 10.219882259869042 14.656450400855494 12.803076167688886 4.9603 6.008806 13.60023931986964 7.8420830798
0.8596430030339404 25892.696368606077 0.45454545454545453 1.0373031615803407 31626.899798464496 0.38461538461538464 t_swap_k 100 2437.610561132431 10.219882259869042 14.656450400855494 13.745045406011997 4.9603 6.008806 13.60023931986964 7.8420830798
0.8596430030339404 25892.696368606077 0.45454545454545453 1.033829346630443 31502.540609078937 0.38461538461538464 swap_t 100 2466.314608812332 10.219882259869042 14.656450400855494 13.745045406011997 4.9603 6.94871794 13.60023931986964 7.8420830798
0.8596430030339404 25892.696368606077 0.45454545454545453 1.0628592508293666 32697.61895747245 0.38461538461538464 move_t 100 2492.804228067398 10.219882259869042 15.55988589684694 13.745045406011997 4.9603 6.94871794 13.60023931986964 7.8420830798
0.8596430030339404 25892.696368606077 0.45454545454545453 1.0474094825714722 32343.348588473553 0.42424242424242425 t_multiswap_k 100 2499.6564135551453 10.219882259869042 15.55988589684694 13.745045406011997 4.9603 6.94871794 13.60023931986964 8.853662249002
0.8596430030339404 25892.696368606077 0.45454545454545453 1.0329241883420068 31824.789173430214 0.42424242424242425 move_t 100 2527.386432647705 10.219882259869042 16.46428703787847 13.745045406011997 4.9603 6.94871794 13.60023931986964 8.853662249002
0.8596430030339404 25892.696368606077 0.45454545454545453 1.0247259125307004 31531.29888999315 0.42424242424242425 t_multiswap_k 100 2566.5893375873566 10.219882259869042 16.46428703787847 13.745045406011997 4.9603 6.94871794 13.60023931986964 9.795125626511979
0.8596430030339404 25892.696368606077 0.45454545454545453 1.0393102898861324 31510.995909665173 0.36363636363636365 t_swap_r_k 100 2650.688759326935 10.219882259869042 16.46428703787847 13.745045406011997 4.9603 6.94871794 14.534236926670944 9.795125626511979
0.8596430030339404 25892.696368606077 0.45454545454545453 1.0382963988889151 31722.32131688758 0.391304347826087 t_multiswap_k 100 2660.5796852111816 10.219882259869042 16.46428703787847 13.745045406011997 4.9603 6.94871794 14.534236926670944 10.727174370246859
0.8596430030339404 25892.696368606077 0.45454545454545453 1.070485952551103 32874.67596382432 0.391304347826087 t_swap_k 100 2686.7167019844055 10.219882259869042 16.46428703787847 14.697594951951876 4.9603 6.94871794 14.534236926670944 10.727174370246859
0.8596430030339404 25892.696368606077 0.45454545454545453 1.0314129262461282 31475.899705385236 0.391304347826087 t_multiswap_k 100 2716.6154222488403 10.219882259869042 16.46428703787847 14.697594951951876 4.9603 6.94871794 14.534236926670944 11.709902626544391
0.8596430030339404 25892.696368606077 0.45454545454545453 1.0223386329502007 31111.361383944626 0.391304347826087 swap_t 100 2759.671257019043 10.219882259869042 16.46428703787847 14.697594951951876 4.9603 7.9392307606 14.534236926670944 11.709902626544391
0.8596430030339404 25892.696368606077 0.45454545454545453 1.0196315822932553 31054.139074786603 0.391304347826087 t_swap_r_k 100 2835.082699775696 10.219882259869042 16.46428703787847 14.697594951951876 4.9603 7.9392307606 15.428894557404234 11.709902626544391
0.8596430030339404 25892.696368606077 0.45454545454545453 1.0167432899285078 30950.741023258524 0.391304347826087 t_multiswap_k 100 2860.4627499580383 10.219882259869042 16.46428703787847 14.697594951951876 4.9603 7.9392307606 15.428894557404234 12.692803600278948
0.8596430030339404 25892.696368606077 0.45454545454545453 1.0123085274682633 30791.980849608575 0.391304347826087 move_t 100 2885.4963839054108 10.219882259869042 17.359644167499685 14.697594951951876 4.9603 7.9392307606 15.428894557404234 12.692803600278948
0.8596430030339404 25892.696368606077 0.45454545454545453 1.0061240266476439 30570.581748073455 0.391304347826087 t_swap_r_k 100 2978.5834243297577 10.219882259869042 17.359644167499685 14.697594951951876 4.9603 7.9392307606 16.314605611830192 12.692803600278948
0.8596430030339404 25892.696368606077 0.45454545454545453 1.020792959341985 31125.480461961226 0.391304347826087 move_t 100 3025.3964126110077 10.219882259869042 18.256047725824686 14.697594951951876 4.9603 7.9392307606 16.314605611830192 12.692803600278948
0.8596430030339404 25892.696368606077 0.45454545454545453 1.0191303948189372 31036.19705169806 0.391304347826087 move_t 100 3056.258339881897 10.219882259869042 19.18348724856644 14.697594951951876 4.9603 7.9392307606 16.314605611830192 12.692803600278948
0.8596430030339404 25892.696368606077 0.45454545454545453 1.0094952746667165 30691.26914130433 0.391304347826087 t_swap_k 100 3108.164016008377 10.219882259869042 19.18348724856644 15.610619002432358 4.9603 7.9392307606 16.314605611830192 12.692803600278948
0.8596430030339404 25892.696368606077 0.45454545454545453 1.0181414875408974 31000.795135001794 0.391304347826087 f_swap_t 100 3162.208126306534 10.219882259869042 19.18348724856644 15.610619002432358 5.950697 7.9392307606 16.314605611830192 12.692803600278948
0.8596430030339404 25892.696368606077 0.45454545454545453 1.0120782922962506 30783.738654853674 0.391304347826087 t_swap_k 100 3201.0945286750793 10.219882259869042 19.18348724856644 16.544512812408033 5.950697 7.9392307606 16.314605611830192 12.692803600278948
0.8596430030339404 25892.696368606077 0.45454545454545453 1.016512636524032 30942.48385618908 0.391304347826087 t_swap_k 100 3232.3120477199554 10.219882259869042 19.18348724856644 17.449067684283953 5.950697 7.9392307606 16.314605611830192 12.692803600278948
0.8596430030339404 25892.696368606077 0.45454545454545453 1.038274473314674 31473.914685985575 0.36363636363636365 t_swap_k 100 3285.3432228565216 10.219882259869042 19.18348724856644 18.334577007441112 5.950697 7.9392307606 16.314605611830192 12.692803600278948
0.8596430030339404 25892.696368606077 0.45454545454545453 1.0303759219147004 31191.154244342044 0.36363636363636365 t_multiswap_k 100 3343.26393532753 10.219882259869042 19.18348724856644 18.334577007441112 5.950697 7.9392307606 16.314605611830192 13.595875564276158
0.8596430030339404 25892.696368606077 0.45454545454545453 1.0283925498873683 31120.151458895372 0.36363636363636365 t_swap_r_k 100 3436.439880847931 10.219882259869042 19.18348724856644 18.334577007441112 5.950697 7.9392307606 17.19145955571189 13.595875564276158
0.8596430030339404 25892.696368606077 0.45454545454545453 1.0058663479311007 30523.700342409735 0.3870967741935484 t_multiswap_k 100 3456.8988943099976 10.219882259869042 19.18348724856644 18.334577007441112 5.950697 7.9392307606 17.19145955571189 14.489916808633396
0.8596430030339404 25892.696368606077 0.45454545454545453 1.003873253810633 30452.349515504626 0.3870967741935484 t_swap_k 100 3487.7953214645386 10.219882259869042 19.18348724856644 19.181231237366703 5.950697 7.9392307606 17.19145955571189 14.489916808633396
0.8596430030339404 25892.696368606077 0.45454545454545453 1.0076548983320135 30299.026886334148 0.3548387096774194 t_swap_r_k 100 3552.8933684825897 10.219882259869042 19.18348724856644 19.181231237366703 5.950697 7.9392307606 18.05954496015477 14.489916808633396
0.8596430030339404 25892.696368606077 0.45454545454545453 1.0064468505704733 30255.77995391807 0.3548387096774194 t_swap_r_k 100 3651.576640844345 10.219882259869042 19.18348724856644 19.181231237366703 5.950697 7.9392307606 18.918949510553222 14.489916808633396