28
6 102 6 20

Solution history:
B_obj   B_dis   B_sim   C_obj   C_dis   C_sim   neighbor   iterations   time   scores
0.9698845942827088 25771.16682591058 0.0 0.9698845942827088 25771.16682591058 0.0 0 0 0 3.0 3.0 3.0 3.0 3.0 3.0 3.0
0.9698845942827088 25771.16682591058 0.0 0.9698845942827088 25771.16682591058 0.0 move_t 100 30.70528507232666 3.0 3.9699999999999998 3.0 3.0 3.0 3.0 3.0
0.9698845819622456 25771.166384850003 0.0 0.9698845819622456 25771.166384850003 0.0 swap_t 100 58.273778200149536 3.0 3.9699999999999998 3.0 3.0 3.9699999999999998 3.0 3.0
0.9698845819622456 25771.166384850003 0.0 0.9698845819622456 25771.166384850003 0.0 move_t 100 90.18262386322021 3.0 4.9303 3.0 3.0 3.9699999999999998 3.0 3.0
0.9698845819622456 25771.166384850003 0.0 0.9698845819622456 25771.166384850003 0.0 move_t 100 120.71179246902466 3.0 5.880997 3.0 3.0 3.9699999999999998 3.0 3.0
0.968076913669144 25872.18985021864 0.018518518518518517 0.968076913669144 25872.18985021864 0.018518518518518517 t_move_k 93 138.66469264030457 4.043010752688172 5.880997 3.0 3.0 3.9699999999999998 3.0 3.0
0.968076913669144 25872.18985021864 0.018518518518518517 0.968076913669144 25872.18985021864 0.018518518518518517 swap_t 100 169.41233682632446 4.043010752688172 5.880997 3.0 3.0 4.9303 3.0 3.0
0.968076913669144 25872.18985021864 0.018518518518518517 0.968076913669144 25872.18985021864 0.018518518518518517 swap_t 100 187.91703915596008 4.043010752688172 5.880997 3.0 3.0 5.880997 3.0 3.0
0.9680359539180582 25870.723531051983 0.018518518518518517 0.9680359539180582 25870.723531051983 0.018518518518518517 f_swap_t 56 207.2741618156433 4.043010752688172 5.880997 3.0 4.071428571428571 5.880997 3.0 3.0
0.9674279481114845 25848.957515781232 0.018518518518518517 0.9674279481114845 25848.957515781232 0.018518518518518517 move_t 26 220.09143567085266 4.043010752688172 6.924035576923076 3.0 4.071428571428571 5.880997 3.0 3.0
0.967105601912874 25837.41783605192 0.018518518518518517 0.967105601912874 25837.41783605192 0.018518518518518517 t_swap_k 38 232.78378987312317 4.043010752688172 6.924035576923076 4.105263157894737 4.071428571428571 5.880997 3.0 3.0
0.967105601912874 25837.41783605192 0.018518518518518517 0.967105601912874 25837.41783605192 0.018518518518518517 t_move_k 100 250.4800169467926 5.00258064516129 6.924035576923076 4.105263157894737 4.071428571428571 5.880997 3.0 3.0
0.967105601912874 25837.41783605192 0.018518518518518517 0.967105601912874 25837.41783605192 0.018518518518518517 t_multiswap_k 100 265.8126389980316 5.00258064516129 6.924035576923076 4.105263157894737 4.071428571428571 5.880997 3.0 3.9699999999999998
0.9659258436728714 25795.18364093396 0.018518518518518517 0.9659258436728714 25795.18364093396 0.018518518518518517 move_t 20 270.4277937412262 5.00258064516129 7.9278337980769225 4.105263157894737 4.071428571428571 5.880997 3.0 3.9699999999999998
0.9659258436728714 25795.18364093396 0.018518518518518517 0.9659258436728714 25795.18364093396 0.018518518518518517 t_swap_r_k 100 346.00559639930725 5.00258064516129 7.9278337980769225 4.105263157894737 4.071428571428571 5.880997 4.01 3.9699999999999998
0.9659258436728713 25795.183640933956 0.018518518518518517 0.9659258436728713 25795.183640933956 0.018518518518518517 t_swap_r_k 100 426.7131381034851 5.00258064516129 7.9278337980769225 4.105263157894737 4.071428571428571 5.880997 5.0099 3.9699999999999998
0.9648026672567748 25754.97501996327 0.018518518518518517 0.9648026672567748 25754.97501996327 0.018518518518518517 t_move_k 58 454.2464687824249 6.0370189098998885 7.9278337980769225 4.105263157894737 4.071428571428571 5.880997 5.0099 3.9699999999999998
0.9648026672567748 25754.97501996327 0.018518518518518517 0.9648026672567748 25754.97501996327 0.018518518518518517 t_swap_k 100 494.8355565071106 6.0370189098998885 7.9278337980769225 5.06421052631579 4.071428571428571 5.880997 5.0099 3.9699999999999998
0.9646078820519607 25748.001899482082 0.018518518518518517 0.9646078820519607 25748.001899482082 0.018518518518518517 t_move_k 66 517.662784576416 7.051609532477163 7.9278337980769225 5.06421052631579 4.071428571428571 5.880997 5.0099 3.9699999999999998
0.9644961647303473 25744.00252825576 0.018518518518518517 0.9644961647303473 25744.00252825576 0.018518518518518517 f_swap_t 3 520.3415274620056 7.051609532477163 7.9278337980769225 5.06421052631579 6.0476190476190474 5.880997 5.0099 3.9699999999999998
0.9643437973836672 25738.54792575239 0.018518518518518517 0.9643437973836672 25738.54792575239 0.018518518518518517 move_t 100 533.3434901237488 7.051609532477163 8.848555460096152 5.06421052631579 6.0476190476190474 5.880997 5.0099 3.9699999999999998
0.9643437973836672 25738.54792575239 0.018518518518518517 0.9643437973836672 25738.54792575239 0.018518518518518517 swap_t 100 547.8059823513031 7.051609532477163 8.848555460096152 5.06421052631579 6.0476190476190474 6.82218703 5.0099 3.9699999999999998
0.9637650936799634 25738.54792575239 0.020833333333333332 0.9637650936799634 25738.54792575239 0.020833333333333332 t_swap_r_k 32 567.0341510772705 7.051609532477163 8.848555460096152 5.06421052631579 6.0476190476190474 6.82218703 6.1033406249999995 3.9699999999999998
0.9637650936799634 25738.54792575239 0.020833333333333332 0.9637650936799634 25738.54792575239 0.020833333333333332 t_move_k 100 594.1030676364899 7.981093437152391 8.848555460096152 5.06421052631579 6.0476190476190474 6.82218703 6.1033406249999995 3.9699999999999998
0.9637650936799634 25738.54792575239 0.020833333333333332 0.9637650936799634 25738.54792575239 0.020833333333333332 move_t 100 627.3776164054871 7.981093437152391 9.760069905495191 5.06421052631579 6.0476190476190474 6.82218703 6.1033406249999995 3.9699999999999998
0.9637650936799634 25738.54792575239 0.020833333333333332 0.9637650936799634 25738.54792575239 0.020833333333333332 f_swap_t 100 655.1419947147369 7.981093437152391 9.760069905495191 5.06421052631579 6.987142857142857 6.82218703 6.1033406249999995 3.9699999999999998
0.9637650936799634 25738.54792575239 0.020833333333333332 0.9637650936799634 25738.54792575239 0.020833333333333332 swap_t 100 683.2442688941956 7.981093437152391 9.760069905495191 5.06421052631579 6.987142857142857 7.7539651597 6.1033406249999995 3.9699999999999998
0.9637650936799634 25738.54792575239 0.020833333333333332 1.035175479448199 28108.51687781408 0.0 move_t 100 723.234126329422 7.981093437152391 10.742469206440239 5.06421052631579 6.987142857142857 7.7539651597 6.1033406249999995 3.9699999999999998
0.9637650936799634 25738.54792575239 0.020833333333333332 1.0084680412085163 27338.8698766842 0.020833333333333332 t_swap_r_k 100 794.1906926631927 7.981093437152391 10.742469206440239 5.06421052631579 6.987142857142857 7.7539651597 7.08230721875 3.9699999999999998
0.9637650936799634 25738.54792575239 0.020833333333333332 0.9943343247251998 26832.89660228096 0.020833333333333332 t_move_k 100 814.2038435935974 8.971282502780868 10.742469206440239 5.06421052631579 6.987142857142857 7.7539651597 7.08230721875 3.9699999999999998
0.9637650936799634 25738.54792575239 0.020833333333333332 0.9886448082675191 26442.764201562237 0.0 move_t 100 826.7555999755859 8.971282502780868 11.635044514375837 5.06421052631579 6.987142857142857 7.7539651597 7.08230721875 3.9699999999999998
0.9637650936799634 25738.54792575239 0.020833333333333332 0.9863953060130012 26362.234213371274 0.0 t_swap_k 100 874.9109578132629 8.971282502780868 11.635044514375837 6.013568421052632 6.987142857142857 7.7539651597 7.08230721875 3.9699999999999998
0.9637650936799634 25738.54792575239 0.020833333333333332 0.9863953060130012 26362.234213371274 0.0 move_t 100 919.8458988666534 8.971282502780868 12.518694069232078 6.013568421052632 6.987142857142857 7.7539651597 7.08230721875 3.9699999999999998
0.9637650936799634 25738.54792575239 0.020833333333333332 0.9801224427380266 26137.671822094417 0.0 t_move_k 100 935.4435799121857 9.911569677753059 12.518694069232078 6.013568421052632 6.987142857142857 7.7539651597 7.08230721875 3.9699999999999998
0.9637650936799634 25738.54792575239 0.020833333333333332 0.9731653014526592 25888.61294499026 0.0 t_swap_k 100 980.3894562721252 9.911569677753059 12.518694069232078 6.953432736842106 6.987142857142857 7.7539651597 7.08230721875 3.9699999999999998
0.9637650936799634 25738.54792575239 0.020833333333333332 0.9747725428490356 25946.15062045169 0.0 move_t 100 1015.5609381198883 9.911569677753059 13.433507128539757 6.953432736842106 6.987142857142857 7.7539651597 7.08230721875 3.9699999999999998
0.9637650936799634 25738.54792575239 0.020833333333333332 0.9758242920472824 25983.802216641277 0.0 t_move_k 100 1058.6028878688812 10.822453980975528 13.433507128539757 6.953432736842106 6.987142857142857 7.7539651597 7.08230721875 3.9699999999999998
0.9637650936799634 25738.54792575239 0.020833333333333332 0.9963221331272274 26966.209291261323 0.027777777777777776 move_t 100 1087.7371301651 10.822453980975528 14.339172057254359 6.953432736842106 6.987142857142857 7.7539651597 7.08230721875 3.9699999999999998
0.9637650936799634 25738.54792575239 0.020833333333333332 0.9887262865876607 26632.134302939645 0.020833333333333332 move_t 100 1116.1342108249664 10.822453980975528 15.225780336681815 6.953432736842106 6.987142857142857 7.7539651597 7.08230721875 3.9699999999999998
0.9637650936799634 25738.54792575239 0.020833333333333332 0.9882323038075189 26614.45020088042 0.020833333333333332 move_t 100 1144.7203953266144 10.822453980975528 16.073522533314996 6.953432736842106 6.987142857142857 7.7539651597 7.08230721875 3.9699999999999998
0.9637650936799634 25738.54792575239 0.020833333333333332 0.9876156450217264 26592.37441738743 0.020833333333333332 move_t 100 1178.2655868530273 10.822453980975528 16.912787307981848 6.953432736842106 6.987142857142857 7.7539651597 7.08230721875 3.9699999999999998
0.9637650936799634 25738.54792575239 0.020833333333333332 1.0227639853438966 27850.650742913018 0.020833333333333332 f_swap_t 100 1223.9629204273224 10.822453980975528 16.912787307981848 6.953432736842106 7.957271428571428 7.7539651597 7.08230721875 3.9699999999999998
0.9637650936799634 25738.54792575239 0.020833333333333332 1.016165530786971 27614.432501086136 0.020833333333333332 swap_t 100 1261.4900052547455 10.822453980975528 16.912787307981848 6.953432736842106 7.957271428571428 8.716425508103 7.08230721875 3.9699999999999998
0.9637650936799634 25738.54792575239 0.020833333333333332 1.0458039133524506 28489.004452378096 0.0 f_swap_t 100 1307.9590857028961 10.822453980975528 16.912787307981848 6.953432736842106 8.917698714285713 8.716425508103 7.08230721875 3.9699999999999998
0.9637650936799634 25738.54792575239 0.020833333333333332 1.0113889551947168 27443.435750465 0.020833333333333332 move_t 100 1331.4867734909058 10.822453980975528 17.74365943490203 6.953432736842106 8.917698714285713 8.716425508103 7.08230721875 3.9699999999999998
0.9637650936799634 25738.54792575239 0.020833333333333332 1.0272983729416758 28012.97739938515 0.020833333333333332 move_t 100 1368.6511454582214 10.822453980975528 18.576222840553008 6.953432736842106 8.917698714285713 8.716425508103 7.08230721875 3.9699999999999998
0.9637650936799634 25738.54792575239 0.020833333333333332 1.0213952988731845 27801.653101278203 0.020833333333333332 f_swap_t 100 1407.887272119522 10.822453980975528 18.576222840553008 6.953432736842106 9.828521727142856 8.716425508103 7.08230721875 3.9699999999999998
0.9637650936799634 25738.54792575239 0.020833333333333332 1.0202146952330657 27759.38864166007 0.020833333333333332 t_move_k 100 1443.9230844974518 11.744229441165773 18.576222840553008 6.953432736842106 9.828521727142856 8.716425508103 7.08230721875 3.9699999999999998
0.9637650936799634 25738.54792575239 0.020833333333333332 1.0197014431988554 27741.01471908633 0.020833333333333332 f_swap_t 100 1476.5693275928497 11.744229441165773 18.576222840553008 6.953432736842106 10.760236509871428 8.716425508103 7.08230721875 3.9699999999999998
0.9637650936799634 25738.54792575239 0.020833333333333332 1.0195861750783282 27736.88823271976 0.020833333333333332 move_t 100 1501.0016350746155 11.744229441165773 19.39046061214748 6.953432736842106 10.760236509871428 8.716425508103 7.08230721875 3.9699999999999998
0.9637650936799634 25738.54792575239 0.020833333333333332 1.0826518241474974 28179.97391312154 0.020833333333333332 move_t 100 1522.8596658706665 11.744229441165773 20.206556006026005 6.953432736842106 10.760236509871428 8.716425508103 7.08230721875 3.9699999999999998
0.9637650936799634 25738.54792575239 0.020833333333333332 1.0652915633891367 29352.379558060213 0.018518518518518517 t_swap_k 100 1570.0712163448334 11.744229441165773 20.206556006026005 8.043898409473684 10.760236509871428 8.716425508103 7.08230721875 3.9699999999999998
0.9637650936799634 25738.54792575239 0.020833333333333332 1.060641280395374 29185.903959371557 0.018518518518518517 f_swap_t 100 1615.7448027133942 11.744229441165773 20.206556006026005 8.043898409473684 11.652634144772714 8.716425508103 7.08230721875 3.9699999999999998
0.9637650936799634 25738.54792575239 0.020833333333333332 1.0645900752269997 29576.79330614616 0.018518518518518517 move_t 100 1646.7887773513794 11.744229441165773 21.044490445965746 8.043898409473684 11.652634144772714 8.716425508103 7.08230721875 3.9699999999999998
0.9637650936799634 25738.54792575239 0.020833333333333332 1.0612579391811665 29207.979742864547 0.018518518518518517 f_swap_t 100 1690.2738909721375 11.744229441165773 21.044490445965746 8.043898409473684 12.536107803324986 8.716425508103 7.08230721875 3.9699999999999998
0.9637650936799634 25738.54792575239 0.020833333333333332 1.066129146420364 29361.216063556858 0.018518518518518517 move_t 100 1738.0538923740387 11.744229441165773 21.90404554150609 8.043898409473684 12.536107803324986 8.716425508103 7.08230721875 3.9699999999999998
0.9637650936799634 25738.54792575239 0.020833333333333332 1.063735015009155 29296.65664317678 0.018518518518518517 move_t 100 1764.285403251648 11.744229441165773 22.685005086091028 8.043898409473684 12.536107803324986 8.716425508103 7.08230721875 3.9699999999999998
0.9637650936799634 25738.54792575239 0.020833333333333332 1.0625990055545111 29255.988611934074 0.018518518518518517 t_move_k 100 1795.107447385788 12.686787146754115 22.685005086091028 8.043898409473684 12.536107803324986 8.716425508103 7.08230721875 3.9699999999999998
0.9637650936799634 25738.54792575239 0.020833333333333332 1.05139721290874 28854.975353258815 0.018518518518518517 move_t 100 1852.4665174484253 12.686787146754115 23.48815503523012 8.043898409473684 12.536107803324986 8.716425508103 7.08230721875 3.9699999999999998
0.9637650936799634 25738.54792575239 0.020833333333333332 1.0438737297346203 28585.641988533374 0.018518518518518517 f_swap_t 100 1934.8968873023987 12.686787146754115 23.48815503523012 8.043898409473684 13.470746725291736 8.716425508103 7.08230721875 3.9699999999999998
0.9637650936799634 25738.54792575239 0.020833333333333332 1.0437835014256385 28582.41190301459 0.018518518518518517 f_swap_t 100 1984.1354372501373 12.686787146754115 23.48815503523012 8.043898409473684 14.336039258038818 8.716425508103 7.08230721875 3.9699999999999998
0.9637650936799634 25738.54792575239 0.020833333333333332 1.0437835014256385 28582.41190301459 0.018518518518518517 t_swap_r_k 100 2068.662168979645 12.686787146754115 23.48815503523012 8.043898409473684 14.336039258038818 8.716425508103 8.0514841465625 3.9699999999999998
0.9637650936799634 25738.54792575239 0.020833333333333332 1.0437835014256385 28582.41190301459 0.018518518518518517 swap_t 100 2100.4120655059814 12.686787146754115 23.48815503523012 8.043898409473684 14.336039258038818 9.629261253021971 8.0514841465625 3.9699999999999998
0.9637650936799634 25738.54792575239 0.020833333333333332 1.05473492395599 28995.179184133747 0.020833333333333332 t_move_k 100 2129.3709671497345 13.709919275286573 23.48815503523012 8.043898409473684 14.336039258038818 9.629261253021971 8.0514841465625 3.9699999999999998
0.9637650936799634 25738.54792575239 0.020833333333333332 1.0387862649774204 28424.23273736917 0.020833333333333332 t_move_k 100 2157.6008512973785 14.632820082533707 23.48815503523012 8.043898409473684 14.336039258038818 9.629261253021971 8.0514841465625 3.9699999999999998
0.9637650936799634 25738.54792575239 0.020833333333333332 1.051736832817883 28887.8504435369 0.020833333333333332 t_swap_k 100 2198.610026359558 14.632820082533707 23.48815503523012 8.973459425378946 14.336039258038818 9.629261253021971 8.0514841465625 3.9699999999999998
0.9637650936799634 25738.54792575239 0.020833333333333332 1.0460556843249915 28684.470864732375 0.020833333333333332 f_swap_t 100 2241.7424833774567 14.632820082533707 23.48815503523012 8.973459425378946 15.19267886545843 9.629261253021971 8.0514841465625 3.9699999999999998
0.9637650936799634 25738.54792575239 0.020833333333333332 1.0430164637611317 28575.66973078116 0.020833333333333332 t_swap_r_k 100 2310.5910074710846 14.632820082533707 23.48815503523012 8.973459425378946 15.19267886545843 9.629261253021971 9.010969305096875 3.9699999999999998
0.9637650936799634 25738.54792575239 0.020833333333333332 1.0395707468255206 28452.316422920787 0.020833333333333332 t_move_k 100 2316.9055213928223 15.54649188170837 23.48815503523012 8.973459425378946 15.19267886545843 9.629261253021971 9.010969305096875 3.9699999999999998
0.9637650936799634 25738.54792575239 0.020833333333333332 1.0369347300110294 28357.94959020665 0.020833333333333332 t_swap_k 100 2369.1881668567657 15.54649188170837 23.48815503523012 9.913724831125156 15.19267886545843 9.629261253021971 9.010969305096875 3.9699999999999998
0.9637650936799634 25738.54792575239 0.020833333333333332 1.0472103348669646 28539.352971801833 0.0 f_swap_t 100 2420.1207456588745 15.54649188170837 23.48815503523012 9.913724831125156 16.050752076803846 9.629261253021971 9.010969305096875 3.9699999999999998
0.9637650936799634 25738.54792575239 0.020833333333333332 1.1047560452904095 31077.79944320503 0.020833333333333332 move_t 100 2469.6359734535217 15.54649188170837 24.423273484877818 9.913724831125156 16.050752076803846 9.629261253021971 9.010969305096875 3.9699999999999998
0.9637650936799634 25738.54792575239 0.020833333333333332 1.0915916722223116 30314.61484892719 0.020833333333333332 t_swap_k 100 2512.6278812885284 15.54649188170837 24.423273484877818 10.814587582813905 16.050752076803846 9.629261253021971 9.010969305096875 3.9699999999999998
0.9637650936799634 25738.54792575239 0.020833333333333332 1.0881997251835291 30006.733194034656 0.0 t_move_k 100 2550.3861911296844 16.491026962891286 24.423273484877818 10.814587582813905 16.050752076803846 9.629261253021971 9.010969305096875 3.9699999999999998
0.9637650936799634 25738.54792575239 0.020833333333333332 1.0722416149450096 29621.901658306473 0.020833333333333332 move_t 100 2587.221170425415 16.491026962891286 25.26904075002904 10.814587582813905 16.050752076803846 9.629261253021971 9.010969305096875 3.9699999999999998
0.9637650936799634 25738.54792575239 0.020833333333333332 1.0656762024756365 29386.866291008864 0.020833333333333332 move_t 100 2631.843278646469 16.491026962891286 26.10635034252875 10.814587582813905 16.050752076803846 9.629261253021971 9.010969305096875 3.9699999999999998
0.9637650936799634 25738.54792575239 0.020833333333333332 1.0629480143670302 29289.199815801938 0.020833333333333332 t_swap_r_k 100 2720.113561153412 16.491026962891286 26.10635034252875 10.814587582813905 16.050752076803846 9.629261253021971 9.960859612045907 3.9699999999999998
0.9637650936799634 25738.54792575239 0.020833333333333332 1.057929789415215 29412.740618144187 0.0 move_t 100 2747.793477535248 16.491026962891286 26.875286839103463 10.814587582813905 16.050752076803846 9.629261253021971 9.960859612045907 3.9699999999999998
0.9637650936799634 25738.54792575239 0.020833333333333332 1.050549372238064 28845.34051216074 0.020833333333333332 f_swap_t 100 2793.2500302791595 16.491026962891286 26.875286839103463 10.814587582813905 16.920244556035808 9.629261253021971 9.960859612045907 3.9699999999999998
0.9637650936799634 25738.54792575239 0.020833333333333332 1.0450156854798445 28647.239919731055 0.020833333333333332 move_t 100 2828.094043493271 16.491026962891286 27.636533970712428 10.814587582813905 16.920244556035808 9.629261253021971 9.960859612045907 3.9699999999999998
0.9637650936799634 25738.54792575239 0.020833333333333332 1.1676507737998896 33037.45655293352 0.020833333333333332 f_swap_t 100 2882.1335020065308 16.491026962891286 27.636533970712428 10.814587582813905 17.86104211047545 9.629261253021971 9.960859612045907 3.9699999999999998
0.9637650936799634 25738.54792575239 0.020833333333333332 1.1314365070038201 31741.021098568148 0.020833333333333332 t_swap_r_k 100 2955.8925247192383 16.491026962891286 27.636533970712428 10.814587582813905 17.86104211047545 9.629261253021971 10.901251015925448 3.9699999999999998
0.9637650936799634 25738.54792575239 0.020833333333333332 1.0780013991198056 29828.096317879386 0.020833333333333332 f_swap_t 100 3003.681700229645 16.491026962891286 27.636533970712428 10.814587582813905 18.712431689370693 9.629261253021971 10.901251015925448 3.9699999999999998
0.9637650936799634 25738.54792575239 0.020833333333333332 1.0672447779700678 29256.56650793638 0.0 move_t 100 3033.3328194618225 16.491026962891286 28.390168631005302 10.814587582813905 18.712431689370693 9.629261253021971 10.901251015925448 3.9699999999999998
0.9637650936799634 25738.54792575239 0.020833333333333332 1.0554495989235666 28834.31059447049 0.0 t_swap_k 100 3088.538566350937 16.491026962891286 28.390168631005302 11.856441706985766 18.712431689370693 9.629261253021971 10.901251015925448 3.9699999999999998
0.9637650936799634 25738.54792575239 0.020833333333333332 1.052718664956637 28736.545820211897 0.0 f_swap_t 100 3136.172646522522 16.491026962891286 28.390168631005302 11.856441706985766 19.525307372476984 9.629261253021971 10.901251015925448 3.9699999999999998
0.9637650936799634 25738.54792575239 0.020833333333333332 1.052718664956637 28736.545820211897 0.0 t_multiswap_k 100 3169.283729314804 16.491026962891286 28.390168631005302 11.856441706985766 19.525307372476984 9.629261253021971 10.901251015925448 4.9303
0.9637650936799634 25738.54792575239 0.020833333333333332 1.0506904133690893 28850.389647182987 0.020833333333333332 t_move_k 100 3210.22958278656 17.436116693262374 28.390168631005302 11.856441706985766 19.525307372476984 9.629261253021971 10.901251015925448 4.9303
0.9637650936799634 25738.54792575239 0.020833333333333332 1.0466265389164706 28704.906902712886 0.020833333333333332 move_t 100 3244.0150430202484 17.436116693262374 29.19626694469525 11.856441706985766 19.525307372476984 9.629261253021971 10.901251015925448 4.9303
0.9637650936799634 25738.54792575239 0.020833333333333332 1.0436113094829318 28596.964627843747 0.020833333333333332 t_swap_k 100 3296.834536552429 17.436116693262374 29.19626694469525 12.73787728991591 19.525307372476984 9.629261253021971 10.901251015925448 4.9303
0.9637650936799634 25738.54792575239 0.020833333333333332 1.0797572326764586 29652.600150240152 0.020833333333333332 move_t 100 3342.390823364258 17.436116693262374 29.924304275248296 12.73787728991591 19.525307372476984 9.629261253021971 10.901251015925448 4.9303
0.9637650936799634 25738.54792575239 0.020833333333333332 1.0754045544460222 29581.64675883809 0.020833333333333332 move_t 100 3374.5853848457336 17.436116693262374 30.665061232495813 12.73787728991591 19.525307372476984 9.629261253021971 10.901251015925448 4.9303
0.9637650936799634 25738.54792575239 0.020833333333333332 1.136876875539445 31935.78098958335 0.020833333333333332 t_swap_k 100 3434.5065603256226 17.436116693262374 30.665061232495813 13.68049851701675 19.525307372476984 9.629261253021971 10.901251015925448 4.9303
0.9637650936799634 25738.54792575239 0.020833333333333332 1.1168058926590816 31217.259365037087 0.020833333333333332 f_swap_t 100 3489.068593978882 17.436116693262374 30.665061232495813 13.68049851701675 20.330054298752213 9.629261253021971 10.901251015925448 4.9303
0.9637650936799634 25738.54792575239 0.020833333333333332 1.1160725642628957 31191.006923206303 0.020833333333333332 t_swap_r_k 100 3582.474346637726 17.436116693262374 30.665061232495813 13.68049851701675 20.330054298752213 9.629261253021971 11.832238505766194 4.9303
0.9637650936799634 25738.54792575239 0.020833333333333332 1.1160725642628957 31191.006923206303 0.020833333333333332 move_t 100 3611.1159057617188 17.436116693262374 31.358410620170854 13.68049851701675 20.330054298752213 9.629261253021971 11.832238505766194 4.9303
0.9637650936799634 25738.54792575239 0.020833333333333332 1.1155019501092358 31170.579492665376 0.020833333333333332 t_swap_k 100 3668.2582931518555 17.436116693262374 31.358410620170854 14.613693531846582 20.330054298752213 9.629261253021971 11.832238505766194 4.9303
0.9637650936799634 25738.54792575239 0.020833333333333332 1.1124498712905702 31061.318045724653 0.020833333333333332 f_swap_t 100 3709.6954267024994 17.436116693262374 31.358410620170854 14.613693531846582 21.12675375576469 9.629261253021971 11.832238505766194 4.9303
0.9637650936799634 25738.54792575239 0.020833333333333332 1.1096428855810365 30960.830693206135 0.020833333333333332 move_t 100 3750.235499858856 17.436116693262374 32.104826513969144 14.613693531846582 21.12675375576469 9.629261253021971 11.832238505766194 4.9303
0.9637650936799634 25738.54792575239 0.020833333333333332 1.1047569349436528 30765.201394026 0.018518518518518517 t_swap_k 100 3800.1298961639404 17.436116693262374 32.104826513969144 15.527556596528116 21.12675375576469 9.629261253021971 11.832238505766194 4.9303
0.9637650936799634 25738.54792575239 0.020833333333333332 1.097451395074689 30524.38721575035 0.020833333333333332 t_swap_r_k 100 3900.6869139671326 17.436116693262374 32.104826513969144 15.527556596528116 21.12675375576469 9.629261253021971 12.783916120708533 4.9303
0.9637650936799634 25738.54792575239 0.020833333333333332 1.0867660734619935 30141.863116670746 0.020833333333333332 t_move_k 100 3938.9961552619934 18.33175552632975 32.104826513969144 15.527556596528116 21.12675375576469 9.629261253021971 12.783916120708533 4.9303
0.9637650936799634 25738.54792575239 0.020833333333333332 1.0856216636306606 30100.894360130154 0.020833333333333332 t_swap_k 100 3992.4829840660095 18.33175552632975 32.104826513969144 16.372281030562835 21.12675375576469 9.629261253021971 12.783916120708533 4.9303
0.9637650936799634 25738.54792575239 0.020833333333333332 1.080490931339454 29917.219144872182 0.020833333333333332 swap_t 100 4038.0675749778748 18.33175552632975 32.104826513969144 16.372281030562835 21.12675375576469 10.562968640491752 12.783916120708533 4.9303
0.9637650936799634 25738.54792575239 0.020833333333333332 1.086219989324802 30101.59680826287 0.018518518518518517 t_swap_k 100 4118.06253862381 18.33175552632975 32.104826513969144 17.278558220257207 21.12675375576469 10.562968640491752 12.783916120708533 4.9303
0.9637650936799634 25738.54792575239 0.020833333333333332 1.0942643832522356 30389.578270241233 0.018518518518518517 move_t 100 4177.770462036133 18.33175552632975 32.823778248829456 17.278558220257207 21.12675375576469 10.562968640491752 12.783916120708533 4.9303