28

Similarity 1
0.42424242424242425

Similarity combination matrix:
0.25 0.25 0.5 0.375 0.20833333333333334 0.3333333333333333
0.2916666666666667 0.2916666666666667 0.2916666666666667 0.5416666666666666 0.20833333333333334 0.2916666666666667
0.30303030303030304 0.24242424242424243 0.3333333333333333 0.30303030303030304 0.21212121212121213 0.42424242424242425
0.3548387096774194 0.3225806451612903 0.25806451612903225 0.1935483870967742 0.5806451612903226 0.16129032258064516
0.21739130434782608 0.4782608695652174 0.30434782608695654 0.17391304347826086 0.34782608695652173 0.30434782608695654
0.46153846153846156 0.15384615384615385 0.3076923076923077 0.15384615384615385 0.3076923076923077 0.23076923076923078

Similarity combination pairings:
(np.int64(0), np.int64(2)) (np.int64(1), np.int64(3)) (np.int64(2), np.int64(5)) (np.int64(3), np.int64(4)) (np.int64(4), np.int64(1)) (np.int64(5), np.int64(0))
0.5 0.5416666666666666 0.42424242424242425 0.5806451612903226 0.4782608695652174 0.46153846153846156

Similarity 2
0.020833333333333332

Similarity combination matrix:
0.027777777777777776 0.0 0.0 0.018518518518518517 0.0 0.0
0.0 0.0 0.027777777777777776 0.05555555555555555 0.0 0.0
0.020833333333333332 0.0 0.0 0.0 0.0 0.05185185185185185
0.0462962962962963 0.018518518518518517 0.037037037037037035 0.018518518518518517 0.018518518518518517 0.0
0.0 0.027777777777777776 0.03333333333333333 0.0 0.0 0.0
0.018518518518518517 0.0 0.0 0.0 0.020833333333333332 0.0

Similarity combination pairings:
(np.int64(0), np.int64(0)) (np.int64(1), np.int64(3)) (np.int64(2), np.int64(5)) (np.int64(3), np.int64(2)) (np.int64(4), np.int64(1)) (np.int64(5), np.int64(4))
0.027777777777777776 0.05555555555555555 0.05185185185185185 0.037037037037037035 0.027777777777777776 0.020833333333333332

Similarity 3
0.03333333333333333

Similarity combination matrix:
0.03333333333333333 0.0 0.0 0.020833333333333332 0.0 0.0
0.0 0.0 0.03333333333333333 0.06666666666666667 0.0 0.0
0.023809523809523808 0.0 0.0 0.0 0.0 0.0625
0.05416666666666667 0.020833333333333332 0.041666666666666664 0.020833333333333332 0.020833333333333332 0.0
0.0 0.03333333333333333 0.041666666666666664 0.0 0.0 0.0
0.020833333333333332 0.0 0.0 0.0 0.047619047619047616 0.0

Similarity combination pairings:
(np.int64(0), np.int64(0)) (np.int64(1), np.int64(3)) (np.int64(2), np.int64(5)) (np.int64(3), np.int64(2)) (np.int64(4), np.int64(1)) (np.int64(5), np.int64(4))
0.03333333333333333 0.06666666666666667 0.0625 0.041666666666666664 0.03333333333333333 0.047619047619047616
