28
6 102 6 20

Solution history:
B_obj   B_dis   B_sim   C_obj   C_dis   C_sim   neighbor   iterations   time   scores
0.9698845942827088 25771.16682591058 0.0 0.9698845942827088 25771.16682591058 0.0 0 0 0 3.0 3.0 3.0 3.0 3.0 3.0 3.0
0.9693891749974531 25753.431298368392 0.0 0.9693891749974531 25753.431298368392 0.0 move_t 65 20.9374840259552 3.0 4.061538461538461 3.0 3.0 3.0 3.0 3.0
0.9641808293436566 25753.43085730782 0.020833333333333332 0.9641808293436566 25753.43085730782 0.020833333333333332 t_swap_r_k 49 95.61111330986023 3.0 4.061538461538461 3.0 3.0 3.0 4.122448979591836 3.0
0.9641808293436566 25753.43085730782 0.020833333333333332 0.9669391029334832 25852.174363419035 0.020833333333333332 t_move_k 100 147.5730791091919 3.98 4.061538461538461 3.0 3.0 3.0 4.122448979591836 3.0
0.9641808293436566 25753.43085730782 0.020833333333333332 0.9666808326808576 25842.928540103123 0.020833333333333332 t_move_k 100 202.64926719665527 4.9402 4.061538461538461 3.0 3.0 3.0 4.122448979591836 3.0
0.9641808293436566 25753.43085730782 0.020833333333333332 0.9666808326808576 25842.928540103123 0.020833333333333332 t_swap_r_k 100 375.54599690437317 4.9402 4.061538461538461 3.0 3.0 3.0 5.121224489795918 3.0
0.9641808293436566 25753.43085730782 0.020833333333333332 0.9666808326808576 25842.928540103123 0.020833333333333332 t_swap_k 100 472.7610354423523 4.9402 4.061538461538461 3.9699999999999998 3.0 3.0 5.121224489795918 3.0
0.9641808293436566 25753.43085730782 0.020833333333333332 0.9666398729297718 25841.462220936464 0.020833333333333332 f_swap_t 100 524.1066064834595 4.9402 4.061538461538461 3.9699999999999998 4.03 3.0 5.121224489795918 3.0
0.9641808293436566 25753.43085730782 0.020833333333333332 0.9666398729297718 25841.462220936464 0.020833333333333332 t_swap_r_k 100 701.9410104751587 4.9402 4.061538461538461 3.9699999999999998 4.03 3.0 6.110012244897959 3.0
0.9641808293436566 25753.43085730782 0.020833333333333332 0.9666398729297718 25841.462220936464 0.020833333333333332 move_t 100 732.1646928787231 4.9402 5.020923076923077 3.9699999999999998 4.03 3.0 6.110012244897959 3.0
0.9641808293436566 25753.43085730782 0.020833333333333332 0.9666398729297718 25841.462220936464 0.020833333333333332 t_swap_r_k 100 903.0530614852905 4.9402 5.020923076923077 3.9699999999999998 4.03 3.0 7.0889121224489795 3.0
0.9641808293436566 25753.43085730782 0.020833333333333332 0.9666398729297718 25841.462220936464 0.020833333333333332 t_swap_r_k 100 1074.8577363491058 4.9402 5.020923076923077 3.9699999999999998 4.03 3.0 8.05802300122449 3.0
0.9641808293436566 25753.43085730782 0.020833333333333332 0.9666398729297718 25841.462220936464 0.020833333333333332 t_swap_r_k 100 1241.9274067878723 4.9402 5.020923076923077 3.9699999999999998 4.03 3.0 9.017442771212245 3.0
0.9641808293436566 25753.43085730782 0.020833333333333332 0.9693488876008894 25938.442305769055 0.020833333333333332 f_swap_t 100 1310.2006180286407 4.9402 5.020923076923077 3.9699999999999998 4.999700000000001 3.0 9.017442771212245 3.0
0.9641808293436566 25753.43085730782 0.020833333333333332 0.9687429845221024 25916.751566103605 0.020833333333333332 move_t 100 1356.1256358623505 4.9402 6.000713846153846 3.9699999999999998 4.999700000000001 3.0 9.017442771212245 3.0
0.9641808293436566 25753.43085730782 0.020833333333333332 0.9673208068904225 25865.838993042336 0.020833333333333332 f_swap_t 100 1408.6043016910553 4.9402 6.000713846153846 3.9699999999999998 5.979703000000001 3.0 9.017442771212245 3.0
0.9641808293436566 25753.43085730782 0.020833333333333332 0.9672773914672287 25864.284763207674 0.020833333333333332 t_swap_r_k 100 1597.6580336093903 4.9402 6.000713846153846 3.9699999999999998 5.979703000000001 3.0 9.967268343500123 3.0
0.9641808293436566 25753.43085730782 0.020833333333333332 0.9672773914672287 25864.284763207674 0.020833333333333332 t_move_k 100 1655.7455668449402 5.890798 6.000713846153846 3.9699999999999998 5.979703000000001 3.0 9.967268343500123 3.0
0.9641808293436566 25753.43085730782 0.020833333333333332 0.9672773914672287 25864.284763207674 0.020833333333333332 f_swap_t 100 1710.316971540451 5.890798 6.000713846153846 3.9699999999999998 6.91990597 3.0 9.967268343500123 3.0
0.9641808293436566 25753.43085730782 0.020833333333333332 0.9672773914672287 25864.284763207674 0.020833333333333332 t_swap_r_k 100 1855.2079448699951 5.890798 6.000713846153846 3.9699999999999998 6.91990597 3.0 10.907595660065121 3.0
0.9641808293436566 25753.43085730782 0.020833333333333332 0.9662578278588784 25827.785379766083 0.020833333333333332 f_swap_t 100 1897.6334507465363 5.890798 6.000713846153846 3.9699999999999998 7.880706910300001 3.0 10.907595660065121 3.0
0.9641808293436566 25753.43085730782 0.020833333333333332 0.9662578278588784 25827.785379766083 0.020833333333333332 t_swap_r_k 100 1988.2078123092651 5.890798 6.000713846153846 3.9699999999999998 7.880706910300001 3.0 11.83851970346447 3.0
0.9641808293436566 25753.43085730782 0.020833333333333332 0.9662578278588784 25827.785379766083 0.020833333333333332 t_multiswap_k 100 2004.8766663074493 5.890798 6.000713846153846 3.9699999999999998 7.880706910300001 3.0 11.83851970346447 3.9699999999999998
0.9641808293436566 25753.43085730782 0.020833333333333332 0.9662578278588784 25827.785379766083 0.020833333333333332 f_swap_t 100 2062.5212771892548 5.890798 6.000713846153846 3.9699999999999998 8.801899841197 3.0 11.83851970346447 3.9699999999999998
0.9641808293436566 25753.43085730782 0.020833333333333332 0.9855683251955909 26519.082363071553 0.020833333333333332 move_t 100 2101.3509995937347 5.890798 6.980706707692307 3.9699999999999998 8.801899841197 3.0 11.83851970346447 3.9699999999999998
0.9641808293436566 25753.43085730782 0.020833333333333332 0.9819489497473265 26389.512249717805 0.020833333333333332 t_swap_r_k 100 2246.2600090503693 5.890798 6.980706707692307 3.9699999999999998 8.801899841197 3.0 12.760134506429825 3.9699999999999998
0.9641808293436566 25753.43085730782 0.020833333333333332 0.9819489497473265 26389.512249717805 0.020833333333333332 t_swap_r_k 100 2407.933044195175 5.890798 6.980706707692307 3.9699999999999998 8.801899841197 3.0 13.672533161365527 3.9699999999999998
0.9641808293436566 25753.43085730782 0.020833333333333332 0.9819489497473265 26389.512249717805 0.020833333333333332 t_swap_r_k 100 2543.944000720978 5.890798 6.980706707692307 3.9699999999999998 8.801899841197 3.0 14.575807829751872 3.9699999999999998
0.9641808293436566 25753.43085730782 0.020833333333333332 0.9819489497473265 26389.512249717805 0.020833333333333332 f_swap_t 100 2594.679590702057 5.890798 6.980706707692307 3.9699999999999998 9.71388084278503 3.0 14.575807829751872 3.9699999999999998
0.9641808293436566 25753.43085730782 0.020833333333333332 0.9795193760576265 26302.535879657422 0.020833333333333332 t_move_k 100 2648.944568157196 6.861890020000001 6.980706707692307 3.9699999999999998 9.71388084278503 3.0 14.575807829751872 3.9699999999999998
0.9641808293436566 25753.43085730782 0.020833333333333332 0.9794053509919902 26298.453893444374 0.020833333333333332 t_swap_r_k 100 2801.680923938751 6.861890020000001 6.980706707692307 3.9699999999999998 9.71388084278503 3.0 15.470049751454352 3.9699999999999998
0.9641808293436566 25753.43085730782 0.020833333333333332 0.979041352467065 26285.423101030236 0.020833333333333332 t_move_k 100 2835.717104911804 7.8232711198 6.980706707692307 3.9699999999999998 9.71388084278503 3.0 15.470049751454352 3.9699999999999998
0.9641808293436566 25753.43085730782 0.020833333333333332 0.9782247537660596 26256.18966344792 0.020833333333333332 t_swap_r_k 100 3003.285551071167 7.8232711198 6.980706707692307 3.9699999999999998 9.71388084278503 3.0 16.35534925393981 3.9699999999999998
0.9641808293436566 25753.43085730782 0.020833333333333332 0.9781837272862657 26254.72095545855 0.020833333333333332 t_move_k 100 3047.918749332428 8.775038408602 6.980706707692307 3.9699999999999998 9.71388084278503 3.0 16.35534925393981 3.9699999999999998
0.9641808293436566 25753.43085730782 0.020833333333333332 0.9781837272862657 26254.72095545855 0.020833333333333332 move_t 100 3089.173935651779 8.775038408602 7.9108996406153835 3.9699999999999998 9.71388084278503 3.0 16.35534925393981 3.9699999999999998
0.9641808293436566 25753.43085730782 0.020833333333333332 1.0120907964215857 27282.107725393067 0.0 f_swap_t 100 3134.2332034111023 8.775038408602 7.9108996406153835 3.9699999999999998 10.63674203435718 3.0 16.35534925393981 3.9699999999999998
0.9641808293436566 25753.43085730782 0.020833333333333332 0.9949232954480942 26667.527923178153 0.0 t_swap_r_k 100 3290.0425324440002 8.775038408602 7.9108996406153835 3.9699999999999998 10.63674203435718 3.0 17.231795761400413 3.9699999999999998
0.9641808293436566 25753.43085730782 0.020833333333333332 0.9944554332259409 26650.778911636004 0.0 f_swap_t 100 3323.4055604934692 8.775038408602 7.9108996406153835 3.9699999999999998 11.530374614013608 3.0 17.231795761400413 3.9699999999999998
0.9641808293436566 25753.43085730782 0.020833333333333332 0.9944554332259409 26650.778911636004 0.0 t_swap_r_k 100 3493.972951412201 8.775038408602 7.9108996406153835 3.9699999999999998 11.530374614013608 3.0 18.09947780378641 3.9699999999999998
0.9641808293436566 25753.43085730782 0.020833333333333332 0.9944554332259409 26650.778911636004 0.0 swap_t 100 3524.42844748497 8.775038408602 7.9108996406153835 3.9699999999999998 11.530374614013608 3.9699999999999998 18.09947780378641 3.9699999999999998
0.9641808293436566 25753.43085730782 0.020833333333333332 0.9944554332259409 26650.778911636004 0.0 t_swap_k 100 3582.740007162094 8.775038408602 7.9108996406153835 4.9303 11.530374614013608 3.9699999999999998 18.09947780378641 3.9699999999999998
0.9641808293436566 25753.43085730782 0.020833333333333332 0.9944554332259409 26650.778911636004 0.0 t_swap_r_k 100 3721.05664396286 8.775038408602 7.9108996406153835 4.9303 11.530374614013608 3.9699999999999998 18.958483025748546 3.9699999999999998