1 3 50 5
0 160
0 160
0 160
0 160
0 160
0 30 40 0  0 0 0
1 37 52 0 1 1 5 1 2 4 8 16
2 49 49 0 30 5 1 31
3 52 64 0 14 2 3 5 10 20
4 20 26 0 12 1 5 1 2 4 8 16
5 40 30 0 5 2 3 5 10 20
6 21 47 0 5 2 3 5 10 20
7 17 63 0 28 2 3 5 10 20
8 31 62 0 2 2 3 5 10 20
9 52 33 0 5 2 3 5 10 20
10 51 21 0 11 1 5 1 2 4 8 16
11 42 41 0 30 2 3 5 10 20
12 31 32 0 16 5 1 31
13 5 25 0 28 2 3 5 10 20
14 12 42 0 40 2 3 5 10 20
15 36 16 0 18 1 5 1 2 4 8 16
16 52 41 0 26 2 3 5 10 20
17 27 23 0 2 1 5 1 2 4 8 16
18 17 33 0 25 5 1 31
19 13 13 0 7 1 5 1 2 4 8 16
20 57 58 0 13 5 1 31
21 62 42 0 5 1 5 1 2 4 8 16
22 42 57 0 18 1 5 1 2 4 8 16
23 16 57 0 6 2 3 5 10 20
24 8 52 0 18 1 5 1 2 4 8 16
25 7 38 0 51 5 1 31
26 27 68 0 14 1 5 1 2 4 8 16
27 30 48 0 7 2 3 5 10 20
28 43 67 0 1 2 3 5 10 20
29 58 48 0 5 1 5 1 2 4 8 16
30 58 27 0 14 2 3 5 10 20
31 37 69 0 5 2 3 5 10 20
32 38 46 0 18 2 3 5 10 20
33 46 10 0 35 2 3 5 10 20
34 61 33 0 25 5 1 31
35 62 63 0 19 2 3 5 10 20
36 63 69 0 2 1 5 1 2 4 8 16
37 32 22 0 1 1 5 1 2 4 8 16
38 45 35 0 2 2 3 5 10 20
39 59 15 0 34 2 3 5 10 20
40 5 6 0 7 1 5 1 2 4 8 16
41 10 17 0 46 5 1 31
42 21 10 0 11 2 3 5 10 20
43 5 64 0 11 2 3 5 10 20
44 30 15 0 12 2 3 5 10 20
45 39 10 0 8 1 5 1 2 4 8 16
46 32 39 0 7 1 5 1 2 4 8 16
47 25 32 0 18 2 3 5 10 20
48 25 55 0 14 2 3 5 10 20
49 48 28 0 22 2 3 5 10 20
50 56 37 0 23 1 5 1 2 4 8 16
