1 6 75 5
0 140
0 140
0 140
0 140
0 140
 0 40 40 0  0 0 0
1 22 22 0 0 2 3 5 10 20
2 36 26 0 27 2 3 5 10 20
3 21 45 0 14 1 5 1 2 4 8 16
4 45 35 0 8 5 1 31
5 55 20 0 16 2 3 5 10 20
6 33 34 0 10 2 3 5 10 20
7 50 50 0 10 1 5 1 2 4 8 16
8 55 45 0 2 2 3 5 10 20
9 26 59 0 25 5 1 31
10 40 66 0 36 2 3 5 10 20
11 55 65 0 44 5 1 31
12 35 51 0 60 2 3 5 10 20
13 62 35 0 7 1 5 1 2 4 8 16
14 62 57 0 20 5 1 31
15 62 24 0 48 1 5 1 2 4 8 16
16 21 36 0 4 2 3 5 10 20
17 33 44 0 27 2 3 5 10 20
18 9 56 0 8 1 5 1 2 4 8 16
19 62 48 0 7 1 5 1 2 4 8 16
20 66 14 0 27 2 3 5 10 20
21 44 13 0 34 5 1 31
22 26 13 0 19 1 5 1 2 4 8 16
23 11 28 0 5 1 5 1 2 4 8 16
24 7 43 0 4 2 3 5 10 20
25 17 64 0 47 1 5 1 2 4 8 16
26 41 46 0 6 2 3 5 10 20
27 55 34 0 9 2 3 5 10 20
28 35 16 0 23 5 1 31
29 52 26 0 52 1 5 1 2 4 8 16
30 43 26 0 6 2 3 5 10 20
31 31 76 0 36 2 3 5 10 20
32 22 53 0 39 5 1 31
33 26 29 0 16 2 3 5 10 20
34 50 40 0 13 2 3 5 10 20
35 55 50 0 28 1 5 1 2 4 8 16
36 54 10 0 10 1 5 1 2 4 8 16
37 60 15 0 8 1 5 1 2 4 8 16
38 47 66 0 20 2 3 5 10 20
39 30 60 0 11 2 3 5 10 20
40 30 50 0 22 5 1 31
41 12 17 0 10 1 5 1 2 4 8 16
42 15 14 0 23 1 5 1 2 4 8 16
43 16 19 0 3 2 3 5 10 20
44 21 48 0 29 2 3 5 10 20
45 50 30 0 23 2 3 5 10 20
46 51 42 0 30 2 3 5 10 20
47 50 15 0 14 2 3 5 10 20
48 48 21 0 13 2 3 5 10 20
49 12 38 0 32 1 5 1 2 4 8 16
50 15 56 0 6 2 3 5 10 20
51 29 39 0 28 1 5 1 2 4 8 16
52 54 38 0 7 2 3 5 10 20
53 55 57 0 12 2 3 5 10 20
54 67 41 0 15 2 3 5 10 20
55 10 70 0 29 1 5 1 2 4 8 16
56 6 25 0 8 2 3 5 10 20
57 65 27 0 44 1 5 1 2 4 8 16
58 40 60 0 9 2 3 5 10 20
59 70 64 0 37 2 3 5 10 20
60 64 4 0 11 1 5 1 2 4 8 16
61 36 6 0 8 1 5 1 2 4 8 16
62 30 20 0 23 2 3 5 10 20
63 20 30 0 7 1 5 1 2 4 8 16
64 15 5 0 7 5 1 31
65 50 70 0 15 1 5 1 2 4 8 16
66 57 72 0 3 5 1 31
67 45 42 0 14 5 1 31
68 38 33 0 15 1 5 1 2 4 8 16
69 50 4 0 6 1 5 1 2 4 8 16
70 66 8 0 9 1 5 1 2 4 8 16
71 59 5 0 16 1 5 1 2 4 8 16
72 35 60 0 3 1 5 1 2 4 8 16
73 27 24 0 2 1 5 1 2 4 8 16
74 40 20 0 11 1 5 1 2 4 8 16
75 40 37 0 5 2 3 5 10 20
