1 1 75 10
0 140
0 140
0 140
0 140
0 140
0 140
0 140
0 140
0 140
0 140
 0 40 40 0  0 0  0
1 22 22 0 30 1 10 1 2 4 8 16 32 64 128 256 512
2 36 26 0 24 1 10 1 2 4 8 16 32 64 128 256 512
3 21 45 0 22 1 10 1 2 4 8 16 32 64 128 256 512
4 45 35 0 3 1 10 1 2 4 8 16 32 64 128 256 512
5 55 20 0 32 1 10 1 2 4 8 16 32 64 128 256 512
6 33 34 0 21 1 10 1 2 4 8 16 32 64 128 256 512
7 50 50 0 3 1 10 1 2 4 8 16 32 64 128 256 512
8 55 45 0 19 1 10 1 2 4 8 16 32 64 128 256 512
9 26 59 0 55 1 10 1 2 4 8 16 32 64 128 256 512
10 40 66 0 11 1 10 1 2 4 8 16 32 64 128 256 512
11 55 65 0 6 1 10 1 2 4 8 16 32 64 128 256 512
12 35 51 0 25 1 10 1 2 4 8 16 32 64 128 256 512
13 62 35 0 1 1 10 1 2 4 8 16 32 64 128 256 512
14 62 57 0 36 1 10 1 2 4 8 16 32 64 128 256 512
15 62 24 0 10 1 10 1 2 4 8 16 32 64 128 256 512
16 21 36 0 24 1 10 1 2 4 8 16 32 64 128 256 512
17 33 44 0 24 1 10 1 2 4 8 16 32 64 128 256 512
18 9 56 0 27 1 10 1 2 4 8 16 32 64 128 256 512
19 62 48 0 25 1 10 1 2 4 8 16 32 64 128 256 512
20 66 14 0 34 1 10 1 2 4 8 16 32 64 128 256 512
21 44 13 0 19 1 10 1 2 4 8 16 32 64 128 256 512
22 26 13 0 11 1 10 1 2 4 8 16 32 64 128 256 512
23 11 28 0 6 1 10 1 2 4 8 16 32 64 128 256 512
24 7 43 0 31 1 10 1 2 4 8 16 32 64 128 256 512
25 17 64 0 22 1 10 1 2 4 8 16 32 64 128 256 512
26 41 46 0 11 1 10 1 2 4 8 16 32 64 128 256 512
27 55 34 0 29 1 10 1 2 4 8 16 32 64 128 256 512
28 35 16 0 23 1 10 1 2 4 8 16 32 64 128 256 512
29 52 26 0 25 1 10 1 2 4 8 16 32 64 128 256 512
30 43 26 0 16 1 10 1 2 4 8 16 32 64 128 256 512
31 31 76 0 35 1 10 1 2 4 8 16 32 64 128 256 512
32 22 53 0 45 1 10 1 2 4 8 16 32 64 128 256 512
33 26 29 0 24 1 10 1 2 4 8 16 32 64 128 256 512
34 50 40 0 15 1 10 1 2 4 8 16 32 64 128 256 512
35 55 50 0 15 1 10 1 2 4 8 16 32 64 128 256 512
36 54 10 0 10 1 10 1 2 4 8 16 32 64 128 256 512
37 60 15 0 12 1 10 1 2 4 8 16 32 64 128 256 512
38 47 66 0 31 1 10 1 2 4 8 16 32 64 128 256 512
39 30 60 0 2 1 10 1 2 4 8 16 32 64 128 256 512
40 30 50 0 3 1 10 1 2 4 8 16 32 64 128 256 512
41 12 17 0 23 1 10 1 2 4 8 16 32 64 128 256 512
42 15 14 0 8 1 10 1 2 4 8 16 32 64 128 256 512
43 16 19 0 26 1 10 1 2 4 8 16 32 64 128 256 512
44 21 48 0 13 1 10 1 2 4 8 16 32 64 128 256 512
45 50 30 0 15 1 10 1 2 4 8 16 32 64 128 256 512
46 51 42 0 15 1 10 1 2 4 8 16 32 64 128 256 512
47 50 15 0 23 1 10 1 2 4 8 16 32 64 128 256 512
48 48 21 0 26 1 10 1 2 4 8 16 32 64 128 256 512
49 12 38 0 10 1 10 1 2 4 8 16 32 64 128 256 512
50 15 56 0 26 1 10 1 2 4 8 16 32 64 128 256 512
51 29 39 0 15 1 10 1 2 4 8 16 32 64 128 256 512
52 54 38 0 40 1 10 1 2 4 8 16 32 64 128 256 512
53 55 57 0 33 1 10 1 2 4 8 16 32 64 128 256 512
54 67 41 0 10 1 10 1 2 4 8 16 32 64 128 256 512
55 10 70 0 11 1 10 1 2 4 8 16 32 64 128 256 512
56 6 25 0 39 1 10 1 2 4 8 16 32 64 128 256 512
57 65 27 0 7 1 10 1 2 4 8 16 32 64 128 256 512
58 40 60 0 29 1 10 1 2 4 8 16 32 64 128 256 512
59 70 64 0 31 1 10 1 2 4 8 16 32 64 128 256 512
60 64 4 0 2 1 10 1 2 4 8 16 32 64 128 256 512
61 36 6 0 7 1 10 1 2 4 8 16 32 64 128 256 512
62 30 20 0 17 1 10 1 2 4 8 16 32 64 128 256 512
63 20 30 0 13 1 10 1 2 4 8 16 32 64 128 256 512
64 15 5 0 7 1 10 1 2 4 8 16 32 64 128 256 512
65 50 70 0 11 1 10 1 2 4 8 16 32 64 128 256 512
66 57 72 0 5 1 10 1 2 4 8 16 32 64 128 256 512
67 45 42 0 22 1 10 1 2 4 8 16 32 64 128 256 512
68 38 33 0 5 1 10 1 2 4 8 16 32 64 128 256 512
69 50 4 0 12 1 10 1 2 4 8 16 32 64 128 256 512
70 66 8 0 25 1 10 1 2 4 8 16 32 64 128 256 512
71 59 5 0 4 1 10 1 2 4 8 16 32 64 128 256 512
72 35 60 0 1 1 10 1 2 4 8 16 32 64 128 256 512
73 27 24 0 1 1 10 1 2 4 8 16 32 64 128 256 512
74 40 20 0 11 1 10 1 2 4 8 16 32 64 128 256 512
75 40 37 0 3 1 10 1 2 4 8 16 32 64 128 256 512
