1 5 100 5
0 200
0 200
0 200
0 200
0 200
  0 35 35 0  0 0 0
1 41 49 0 0 1 5 1 2 4 8 16
2 35 17 0 12 1 5 1 2 4 8 16
3 55 45 0 4 2 3 5 10 20
4 55 20 0 22 2 3 5 10 20
5 15 30 0 7 5 1 31
6 25 30 0 37 1 5 1 2 4 8 16
7 20 50 0 6 1 5 1 2 4 8 16
8 10 43 0 1 1 5 1 2 4 8 16
9 55 60 0 3 2 3 5 10 20
10 30 60 0 8 2 3 5 10 20
11 20 65 0 7 2 3 5 10 20
12 50 35 0 9 2 3 5 10 20
13 30 25 0 23 2 3 5 10 20
14 15 10 0 33 2 3 5 10 20
15 30 5 0 6 1 5 1 2 4 8 16
16 10 20 0 5 2 3 5 10 20
17 5 30 0 28 1 5 1 2 4 8 16
18 20 40 0 0 2 3 5 10 20
19 15 60 0 17 2 3 5 10 20
20 45 65 0 5 1 5 1 2 4 8 16
21 45 20 0 4 2 3 5 10 20
22 45 10 0 2 2 3 5 10 20
23 55 5 0 18 5 1 31
24 65 35 0 47 1 5 1 2 4 8 16
25 65 20 0 0 1 5 1 2 4 8 16
26 45 30 0 0 2 3 5 10 20
27 35 40 0 27 2 3 5 10 20
28 41 37 0 27 2 3 5 10 20
29 64 42 0 7 1 5 1 2 4 8 16
30 40 60 0 1 2 3 5 10 20
31 31 52 0 28 5 1 31
32 35 69 0 37 2 3 5 10 20
33 53 52 0 30 2 3 5 10 20
34 65 55 0 17 2 3 5 10 20
35 63 65 0 25 1 5 1 2 4 8 16
36 2 60 0 5 1 5 1 2 4 8 16
37 20 20 0 4 1 5 1 2 4 8 16
38 5 5 0 3 2 3 5 10 20
39 60 12 0 18 5 1 31
40 40 25 0 17 1 5 1 2 4 8 16
41 42 7 0 13 1 5 1 2 4 8 16
42 24 12 0 6 1 5 1 2 4 8 16
43 23 3 0 9 1 5 1 2 4 8 16
44 11 14 0 9 2 3 5 10 20
45 6 38 0 23 2 3 5 10 20
46 2 48 0 10 1 5 1 2 4 8 16
47 8 56 0 0 5 1 31
48 13 52 0 39 5 1 31
49 6 68 0 23 5 1 31
50 47 47 0 16 2 3 5 10 20
51 49 58 0 22 1 5 1 2 4 8 16
52 27 43 0 7 1 5 1 2 4 8 16
53 37 31 0 12 2 3 5 10 20
54 57 29 0 2 2 3 5 10 20
55 63 23 0 8 1 5 1 2 4 8 16
56 53 12 0 0 1 5 1 2 4 8 16
57 32 12 0 13 1 5 1 2 4 8 16
58 36 26 0 2 2 3 5 10 20
59 21 24 0 25 5 1 31
60 17 34 0 12 1 5 1 2 4 8 16
61 12 24 0 3 2 3 5 10 20
62 24 58 0 17 2 3 5 10 20
63 27 69 0 1 1 5 1 2 4 8 16
64 15 77 0 13 1 5 1 2 4 8 16
65 62 77 0 6 2 3 5 10 20
66 49 73 0 36 2 3 5 10 20
67 67 5 0 38 2 3 5 10 20
68 56 39 0 42 5 1 31
69 37 47 0 21 1 5 1 2 4 8 16
70 37 56 0 7 1 5 1 2 4 8 16
71 57 68 0 0 2 3 5 10 20
72 47 16 0 9 2 3 5 10 20
73 44 17 0 29 1 5 1 2 4 8 16
74 46 13 0 13 1 5 1 2 4 8 16
75 49 11 0 2 2 3 5 10 20
76 49 42 0 27 2 3 5 10 20
77 53 43 0 15 2 3 5 10 20
78 61 52 0 4 1 5 1 2 4 8 16
79 57 48 0 2 2 3 5 10 20
80 56 37 0 15 1 5 1 2 4 8 16
81 55 54 0 6 5 1 31
82 15 47 0 36 2 3 5 10 20
83 14 37 0 3 2 3 5 10 20
84 11 31 0 14 1 5 1 2 4 8 16
85 16 22 0 3 5 1 31
86 4 18 0 64 5 1 31
87 28 18 0 25 5 1 31
88 26 52 0 38 1 5 1 2 4 8 16
89 26 35 0 17 2 3 5 10 20
90 31 67 0 17 1 5 1 2 4 8 16
91 15 19 0 3 1 5 1 2 4 8 16
92 22 22 0 1 1 5 1 2 4 8 16
93 18 24 0 2 2 3 5 10 20
94 26 27 0 28 5 1 31
95 25 24 0 11 2 3 5 10 20
96 22 27 0 31 2 3 5 10 20
97 25 21 0 19 2 3 5 10 20
98 19 21 0 4 1 5 1 2 4 8 16
99 20 26 0 13 1 5 1 2 4 8 16
100 18 18 0 5 2 3 5 10 20
