1 9 417 7
0 2000
0 2000
0 2000
0 2000
0 2000
0 2000
0 2000
  0 330.37 850.34 0    0 0 0
1 347.70 866.17 0 93 2 7 9 17 18 34 36 68 72
2 348.17 876.69 0 421 2 7 9 17 18 34 36 68 72
3 336.67 858.33 0 30 2 7 9 17 18 34 36 68 72
4 323.90 870.08 0 279 2 7 9 17 18 34 36 68 72
5 332.33 875.95 0 140 2 7 9 17 18 34 36 68 72
6 338.40 872.79 0 25 2 7 9 17 18 34 36 68 72
7 305.23 879.03 0 340 2 7 9 17 18 34 36 68 72
8 341.82 867.99 0 380 2 7 9 17 18 34 36 68 72
9 318.26 866.27 0 223 2 7 9 17 18 34 36 68 72
10 329.90 858.65 0 19 2 7 9 17 18 34 36 68 72
11 318.79 851.51 0 305 2 7 9 17 18 34 36 68 72
12 335.42 865.29 0 69 2 7 9 17 18 34 36 68 72
13 340.09 860.66 0 165 2 7 9 17 18 34 36 68 72
14 337.59 870.54 0 432 2 7 9 17 18 34 36 68 72
15 335.11 868.13 0 432 2 7 9 17 18 34 36 68 72
16 333.73 866.09 0 93 2 7 9 17 18 34 36 68 72
17 310.00 872.58 0 233 2 7 9 17 18 34 36 68 72
18 344.46 857.15 0 280 2 7 9 17 18 34 36 68 72
19 312.81 862.56 0 16 2 7 9 17 18 34 36 68 72
20 335.63 868.14 0 410 2 7 9 17 18 34 36 68 72
21 344.42 869.42 0 162 2 7 9 17 18 34 36 68 72
22 343.22 865.01 0 22 2 7 9 17 18 34 36 68 72
23 348.06 869.73 0 369 2 7 9 17 18 34 36 68 72
24 314.31 869.26 0 250 2 7 9 17 18 34 36 68 72
25 335.46 867.57 0 24 2 7 9 17 18 34 36 68 72
26 331.48 853.64 0 143 2 7 9 17 18 34 36 68 72
27 341.71 861.55 0 556 2 7 9 17 18 34 36 68 72
28 344.83 858.59 0 184 2 7 9 17 18 34 36 68 72
29 331.99 875.32 0 156 2 7 9 17 18 34 36 68 72
30 339.53 860.20 0 189 2 7 9 17 18 34 36 68 72
31 348.06 869.73 0 215 2 7 9 17 18 34 36 68 72
32 347.30 877.01 0 346 2 7 9 17 18 34 36 68 72
33 345.54 869.81 0 263 2 7 9 17 18 34 36 68 72
34 328.46 866.38 0 148 2 7 9 17 18 34 36 68 72
35 304.10 872.87 0 213 2 7 9 17 18 34 36 68 72
36 304.26 872.24 0 170 2 7 9 17 18 34 36 68 72
37 344.80 853.47 0 210 2 7 9 17 18 34 36 68 72
38 347.06 853.66 0 24 2 7 9 17 18 34 36 68 72
39 347.69 849.67 0 79 2 7 9 17 18 34 36 68 72
40 342.49 887.19 0 269 2 7 9 17 18 34 36 68 72
41 312.45 854.26 0 20 1 7 1 2 4 8 16 32 64
42 324.70 850.13 0 348 1 7 1 2 4 8 16 32 64
43 346.78 865.68 0 165 1 7 1 2 4 8 16 32 64
44 348.17 876.69 0 125 1 7 1 2 4 8 16 32 64
45 347.25 865.78 0 224 1 7 1 2 4 8 16 32 64
46 347.15 866.27 0 631 1 7 1 2 4 8 16 32 64
47 347.25 865.78 0 340 1 7 1 2 4 8 16 32 64
48 347.15 866.27 0 320 1 7 1 2 4 8 16 32 64
49 347.25 865.78 0 824 1 7 1 2 4 8 16 32 64
50 348.17 876.69 0 101 1 7 1 2 4 8 16 32 64
51 336.69 858.38 0 154 1 7 1 2 4 8 16 32 64
52 331.99 875.32 0 337 1 7 1 2 4 8 16 32 64
53 323.30 862.71 0 400 1 7 1 2 4 8 16 32 64
54 323.91 862.50 0 160 1 7 1 2 4 8 16 32 64
55 347.54 876.75 0 154 1 7 1 2 4 8 16 32 64
56 326.08 854.50 0 444 1 7 1 2 4 8 16 32 64
57 331.99 875.32 0 130 1 7 1 2 4 8 16 32 64
58 318.06 859.41 0 389 1 7 1 2 4 8 16 32 64
59 313.92 856.82 0 379 1 7 1 2 4 8 16 32 64
60 324.64 864.58 0 388 1 7 1 2 4 8 16 32 64
61 323.61 863.37 0 558 1 7 1 2 4 8 16 32 64
62 323.91 862.50 0 193 1 7 1 2 4 8 16 32 64
63 323.71 863.02 0 700 1 7 1 2 4 8 16 32 64
64 342.62 862.05 0 321 1 7 1 2 4 8 16 32 64
65 313.09 858.09 0 122 1 7 1 2 4 8 16 32 64
66 312.45 854.26 0 55 1 7 1 2 4 8 16 32 64
67 328.41 851.70 0 205 1 7 1 2 4 8 16 32 64
68 306.98 881.66 0 371 1 7 1 2 4 8 16 32 64
69 306.67 881.00 0 192 1 7 1 2 4 8 16 32 64
70 306.12 882.06 0 100 1 7 1 2 4 8 16 32 64
71 338.16 857.60 0 80 1 7 1 2 4 8 16 32 64
72 308.94 877.77 0 523 1 7 1 2 4 8 16 32 64
73 312.83 864.52 0 189 1 7 1 2 4 8 16 32 64
74 345.05 877.29 0 353 1 7 1 2 4 8 16 32 64
75 310.90 870.66 0 209 1 7 1 2 4 8 16 32 64
76 304.05 876.82 0 409 1 7 1 2 4 8 16 32 64
77 334.30 861.01 0 163 1 7 1 2 4 8 16 32 64
78 313.09 857.13 0 442 1 7 1 2 4 8 16 32 64
79 325.20 862.03 0 438 1 7 1 2 4 8 16 32 64
80 343.44 863.11 0 277 1 7 1 2 4 8 16 32 64
81 336.55 868.09 0 183 1 7 1 2 4 8 16 32 64
82 346.89 866.91 0 278 1 7 1 2 4 8 16 32 64
83 325.11 878.49 0 219 1 7 1 2 4 8 16 32 64
84 332.75 863.54 0 208 1 7 1 2 4 8 16 32 64
85 334.44 869.74 0 448 1 7 1 2 4 8 16 32 64
86 334.65 869.12 0 32 1 7 1 2 4 8 16 32 64
87 324.09 862.78 0 394 1 7 1 2 4 8 16 32 64
88 336.21 866.17 0 426 1 7 1 2 4 8 16 32 64
89 315.28 878.83 0 544 1 7 1 2 4 8 16 32 64
90 332.01 867.88 0 249 1 7 1 2 4 8 16 32 64
91 345.54 869.81 0 588 1 7 1 2 4 8 16 32 64
92 325.19 858.87 0 256 1 7 1 2 4 8 16 32 64
93 329.42 871.33 0 253 1 7 1 2 4 8 16 32 64
94 319.19 877.42 0 283 1 7 1 2 4 8 16 32 64
95 306.74 878.92 0 269 1 7 1 2 4 8 16 32 64
96 336.87 878.31 0 33 1 7 1 2 4 8 16 32 64
97 341.38 879.86 0 358 1 7 1 2 4 8 16 32 64
98 333.86 866.09 0 445 1 7 1 2 4 8 16 32 64
99 334.11 868.98 0 424 1 7 1 2 4 8 16 32 64
100 336.67 866.67 0 415 1 7 1 2 4 8 16 32 64
101 335.33 867.67 0 440 1 7 1 2 4 8 16 32 64
102 308.11 880.89 0 255 1 7 1 2 4 8 16 32 64
103 347.32 869.73 0 219 1 7 1 2 4 8 16 32 64
104 310.24 874.94 0 379 1 7 1 2 4 8 16 32 64
105 345.54 869.81 0 282 1 7 1 2 4 8 16 32 64
106 314.17 860.72 0 63 1 7 1 2 4 8 16 32 64
107 326.08 854.50 0 423 1 7 1 2 4 8 16 32 64
108 335.78 867.59 0 435 1 7 1 2 4 8 16 32 64
109 346.57 860.24 0 33 1 7 1 2 4 8 16 32 64
110 338.16 856.60 0 170 1 7 1 2 4 8 16 32 64
111 304.10 882.76 0 200 1 7 1 2 4 8 16 32 64
112 306.47 881.52 0 275 1 7 1 2 4 8 16 32 64
113 342.29 876.21 0 282 1 7 1 2 4 8 16 32 64
114 306.96 880.96 0 342 1 7 1 2 4 8 16 32 64
115 323.61 863.37 0 167 1 7 1 2 4 8 16 32 64
116 339.84 859.51 0 334 1 7 1 2 4 8 16 32 64
117 310.38 858.50 0 378 1 7 1 2 4 8 16 32 64
118 331.67 863.24 0 138 1 7 1 2 4 8 16 32 64
119 335.50 868.00 0 409 1 7 1 2 4 8 16 32 64
120 315.58 852.49 0 324 1 7 1 2 4 8 16 32 64
121 335.84 863.91 0 269 1 7 1 2 4 8 16 32 64
122 339.16 864.46 0 512 1 7 1 2 4 8 16 32 64
123 312.50 854.33 0 393 1 7 1 2 4 8 16 32 64
124 341.52 856.78 0 516 1 7 1 2 4 8 16 32 64
125 323.63 862.96 0 551 1 7 1 2 4 8 16 32 64
126 323.63 862.96 0 344 1 7 1 2 4 8 16 32 64
127 336.69 858.38 0 687 1 7 1 2 4 8 16 32 64
128 336.69 858.38 0 266 1 7 1 2 4 8 16 32 64
129 328.28 857.53 0 154 1 7 1 2 4 8 16 32 64
130 317.17 862.62 0 162 1 7 1 2 4 8 16 32 64
131 323.33 862.83 0 623 1 7 1 2 4 8 16 32 64
132 326.41 853.78 0 437 1 7 1 2 4 8 16 32 64
133 310.06 863.24 0 107 1 7 1 2 4 8 16 32 64
134 339.20 878.00 0 158 1 7 1 2 4 8 16 32 64
135 321.38 857.10 0 180 1 7 1 2 4 8 16 32 64
136 330.98 867.54 0 66 1 7 1 2 4 8 16 32 64
137 349.78 857.63 0 323 1 7 1 2 4 8 16 32 64
138 330.75 868.44 0 206 1 7 1 2 4 8 16 32 64
139 313.63 853.34 0 360 1 7 1 2 4 8 16 32 64
140 317.21 858.16 0 413 1 7 1 2 4 8 16 32 64
141 326.31 873.53 0 122 1 7 1 2 4 8 16 32 64
142 339.28 856.11 0 304 1 7 1 2 4 8 16 32 64
143 346.57 860.24 0 30 1 7 1 2 4 8 16 32 64
144 328.57 851.99 0 306 1 7 1 2 4 8 16 32 64
145 350.00 910.00 0 293 1 7 1 2 4 8 16 32 64
146 307.75 852.35 0 477 1 7 1 2 4 8 16 32 64
147 305.17 864.77 0 807 1 7 1 2 4 8 16 32 64
148 303.64 871.76 0 301 1 7 1 2 4 8 16 32 64
149 307.19 861.15 0 115 1 7 1 2 4 8 16 32 64
150 306.46 870.75 0 640 1 7 1 2 4 8 16 32 64
151 303.68 872.00 0 315 1 7 1 2 4 8 16 32 64
152 308.87 856.62 0 223 1 7 1 2 4 8 16 32 64
153 304.18 865.45 0 184 1 7 1 2 4 8 16 32 64
154 304.26 872.24 0 471 1 7 1 2 4 8 16 32 64
155 306.07 866.03 0 286 1 7 1 2 4 8 16 32 64
156 302.54 856.47 0 172 1 7 1 2 4 8 16 32 64
157 301.56 856.47 0 145 1 7 1 2 4 8 16 32 64
158 297.96 852.92 0 25 1 7 1 2 4 8 16 32 64
159 301.67 858.00 0 56 1 7 1 2 4 8 16 32 64
160 307.03 848.42 0 169 1 7 1 2 4 8 16 32 64
161 304.44 850.44 0 348 1 7 1 2 4 8 16 32 64
162 301.56 856.47 0 146 1 7 1 2 4 8 16 32 64
163 301.56 856.47 0 145 1 7 1 2 4 8 16 32 64
164 306.07 866.03 0 173 1 7 1 2 4 8 16 32 64
165 307.60 865.66 0 500 1 7 1 2 4 8 16 32 64
166 304.41 865.76 0 241 1 7 1 2 4 8 16 32 64
167 301.67 858.00 0 122 1 7 1 2 4 8 16 32 64
168 303.68 872.00 0 56 1 7 1 2 4 8 16 32 64
169 297.26 849.93 0 60 1 7 1 2 4 8 16 32 64
170 309.60 855.14 0 289 1 7 1 2 4 8 16 32 64
171 303.68 872.00 0 438 1 7 1 2 4 8 16 32 64
172 304.17 872.33 0 534 1 7 1 2 4 8 16 32 64
173 332.45 842.53 0 323 1 7 1 2 4 8 16 32 64
174 326.24 836.56 0 237 1 7 1 2 4 8 16 32 64
175 330.37 850.34 0 22 1 7 1 2 4 8 16 32 64
176 320.72 842.27 0 135 1 7 1 2 4 8 16 32 64
177 319.65 837.82 0 103 1 7 1 2 4 8 16 32 64
178 325.53 838.89 0 224 1 7 1 2 4 8 16 32 64
179 324.77 849.47 0 277 1 7 1 2 4 8 16 32 64
180 324.57 837.33 0 124 1 7 1 2 4 8 16 32 64
181 322.50 834.67 0 285 1 7 1 2 4 8 16 32 64
182 333.64 847.87 0 267 1 7 1 2 4 8 16 32 64
183 335.81 850.79 0 57 1 7 1 2 4 8 16 32 64
184 313.77 849.42 0 130 1 7 1 2 4 8 16 32 64
185 336.77 840.03 0 112 1 7 1 2 4 8 16 32 64
186 339.86 833.79 0 442 1 7 1 2 4 8 16 32 64
187 339.30 845.35 0 123 1 7 1 2 4 8 16 32 64
188 326.24 836.55 0 576 1 7 1 2 4 8 16 32 64
189 330.52 841.65 0 114 1 7 1 2 4 8 16 32 64
190 336.67 842.83 0 161 1 7 1 2 4 8 16 32 64
191 323.88 833.51 0 526 1 7 1 2 4 8 16 32 64
192 338.83 845.33 0 21 1 7 1 2 4 8 16 32 64
193 338.83 845.33 0 291 1 7 1 2 4 8 16 32 64
194 335.73 844.16 0 223 1 7 1 2 4 8 16 32 64
195 336.67 847.17 0 147 1 7 1 2 4 8 16 32 64
196 336.67 843.67 0 293 1 7 1 2 4 8 16 32 64
197 338.21 841.17 0 17 1 7 1 2 4 8 16 32 64
198 338.53 840.22 0 161 1 7 1 2 4 8 16 32 64
199 338.06 837.59 0 244 1 7 1 2 4 8 16 32 64
200 338.00 841.67 0 97 1 7 1 2 4 8 16 32 64
201 317.74 844.41 0 305 1 7 1 2 4 8 16 32 64
202 339.40 842.07 0 52 1 7 1 2 4 8 16 32 64
203 342.76 851.94 0 90 1 7 1 2 4 8 16 32 64
204 338.35 843.16 0 250 1 7 1 2 4 8 16 32 64
205 332.45 842.53 0 24 1 7 1 2 4 8 16 32 64
206 338.48 844.31 0 370 1 7 1 2 4 8 16 32 64
207 336.67 842.83 0 170 1 7 1 2 4 8 16 32 64
208 338.21 841.17 0 186 1 7 1 2 4 8 16 32 64
209 338.41 841.02 0 172 1 7 1 2 4 8 16 32 64
210 339.33 842.17 0 75 1 7 1 2 4 8 16 32 64
211 342.04 834.55 0 155 1 7 1 2 4 8 16 32 64
212 338.06 841.71 0 89 1 7 1 2 4 8 16 32 64
213 337.24 842.83 0 143 1 7 1 2 4 8 16 32 64
214 338.08 846.34 0 139 1 7 1 2 4 8 16 32 64
215 340.00 833.83 0 134 1 7 1 2 4 8 16 32 64
216 341.23 840.03 0 372 1 7 1 2 4 8 16 32 64
217 338.14 843.58 0 24 1 7 1 2 4 8 16 32 64
218 328.53 846.06 0 224 1 7 1 2 4 8 16 32 64
219 337.05 842.42 0 15 1 7 1 2 4 8 16 32 64
220 337.55 843.87 0 339 1 7 1 2 4 8 16 32 64
221 324.77 849.47 0 155 1 7 1 2 4 8 16 32 64
222 336.69 838.58 0 165 1 7 1 2 4 8 16 32 64
223 330.35 839.40 0 50 1 7 1 2 4 8 16 32 64
224 328.79 843.28 0 78 1 7 1 2 4 8 16 32 64
225 337.00 846.67 0 346 1 7 1 2 4 8 16 32 64
226 338.84 845.31 0 279 1 7 1 2 4 8 16 32 64
227 336.67 843.67 0 480 1 7 1 2 4 8 16 32 64
228 333.64 847.87 0 349 1 7 1 2 4 8 16 32 64
229 335.24 843.56 0 454 1 7 1 2 4 8 16 32 64
230 320.72 842.27 0 191 1 7 1 2 4 8 16 32 64
231 336.67 840.00 0 298 1 7 1 2 4 8 16 32 64
232 337.11 841.06 0 28 1 7 1 2 4 8 16 32 64
233 338.83 845.33 0 351 1 7 1 2 4 8 16 32 64
234 339.33 845.33 0 405 1 7 1 2 4 8 16 32 64
235 337.50 847.47 0 387 1 7 1 2 4 8 16 32 64
236 339.40 842.07 0 155 1 7 1 2 4 8 16 32 64
237 339.33 842.17 0 339 1 7 1 2 4 8 16 32 64
238 338.00 841.67 0 251 1 7 1 2 4 8 16 32 64
239 325.00 828.00 0 123 1 7 1 2 4 8 16 32 64
240 330.86 832.30 0 470 1 7 1 2 4 8 16 32 64
241 334.36 819.67 0 237 1 7 1 2 4 8 16 32 64
242 334.63 824.99 0 207 1 7 1 2 4 8 16 32 64
243 334.67 820.17 0 47 1 7 1 2 4 8 16 32 64
244 334.38 819.41 0 347 1 7 1 2 4 8 16 32 64
245 328.41 836.20 0 380 1 7 1 2 4 8 16 32 64
246 328.10 836.76 0 77 1 7 1 2 4 8 16 32 64
247 328.10 836.76 0 162 1 7 1 2 4 8 16 32 64
248 337.94 846.59 0 28 1 7 1 2 4 8 16 32 64
249 350.19 851.82 0 345 1 7 1 2 4 8 16 32 64
250 334.43 820.15 0 303 1 7 1 2 4 8 16 32 64
251 334.38 819.41 0 342 1 7 1 2 4 8 16 32 64
252 347.67 847.97 0 25 1 7 1 2 4 8 16 32 64
253 334.63 819.86 0 450 1 7 1 2 4 8 16 32 64
254 343.00 838.33 0 384 1 7 1 2 4 8 16 32 64
255 341.01 845.19 0 147 1 7 1 2 4 8 16 32 64
256 343.53 829.28 0 117 1 7 1 2 4 8 16 32 64
257 328.49 836.77 0 384 1 7 1 2 4 8 16 32 64
258 321.67 831.33 0 125 1 7 1 2 4 8 16 32 64
259 342.94 838.25 0 409 1 7 1 2 4 8 16 32 64
260 342.94 844.81 0 332 1 7 1 2 4 8 16 32 64
261 332.94 839.61 0 506 1 7 1 2 4 8 16 32 64
262 337.35 827.46 0 74 1 7 1 2 4 8 16 32 64
263 330.93 820.18 0 67 1 7 1 2 4 8 16 32 64
264 340.74 842.96 0 544 1 7 1 2 4 8 16 32 64
265 345.98 837.62 0 511 1 7 1 2 4 8 16 32 64
266 326.24 836.56 0 647 1 7 1 2 4 8 16 32 64
267 333.33 845.50 0 541 1 7 1 2 4 8 16 32 64
268 342.76 851.94 0 16 1 7 1 2 4 8 16 32 64
269 326.58 837.54 0 331 1 7 1 2 4 8 16 32 64
270 340.66 846.72 0 382 1 7 1 2 4 8 16 32 64
271 340.66 838.84 0 707 1 7 1 2 4 8 16 32 64
272 323.02 840.24 0 258 1 7 1 2 4 8 16 32 64
273 325.42 828.92 0 156 1 7 1 2 4 8 16 32 64
274 339.51 839.89 0 144 1 7 1 2 4 8 16 32 64
275 328.49 836.77 0 34 1 7 1 2 4 8 16 32 64
276 340.66 846.72 0 366 1 7 1 2 4 8 16 32 64
277 329.98 824.05 0 243 1 7 1 2 4 8 16 32 64
278 310.42 848.78 0 370 1 7 1 2 4 8 16 32 64
279 340.98 835.68 0 146 1 7 1 2 4 8 16 32 64
280 337.09 851.47 0 115 1 7 1 2 4 8 16 32 64
281 334.22 845.21 0 226 1 7 1 2 4 8 16 32 64
282 317.70 847.94 0 290 1 7 1 2 4 8 16 32 64
283 344.68 844.28 0 194 1 7 1 2 4 8 16 32 64
284 335.42 842.33 0 210 1 7 1 2 4 8 16 32 64
285 325.58 842.36 0 107 1 7 1 2 4 8 16 32 64
286 333.25 833.89 0 389 1 7 1 2 4 8 16 32 64
287 346.84 844.72 0 498 1 7 1 2 4 8 16 32 64
288 341.69 847.99 0 312 1 7 1 2 4 8 16 32 64
289 337.26 843.36 0 154 1 7 1 2 4 8 16 32 64
290 338.06 841.71 0 161 1 7 1 2 4 8 16 32 64
291 336.11 838.52 0 216 1 7 1 2 4 8 16 32 64
292 339.94 850.04 0 553 1 7 1 2 4 8 16 32 64
293 335.73 844.16 0 267 1 7 1 2 4 8 16 32 64
294 335.37 852.53 0 141 1 7 1 2 4 8 16 32 64
295 342.80 831.09 0 129 1 7 1 2 4 8 16 32 64
296 315.67 841.67 0 241 1 7 1 2 4 8 16 32 64
297 348.75 839.60 0 227 1 7 1 2 4 8 16 32 64
298 349.50 853.00 0 16 1 7 1 2 4 8 16 32 64
299 345.32 839.84 0 311 1 7 1 2 4 8 16 32 64
300 338.61 846.77 0 80 1 7 1 2 4 8 16 32 64
301 341.63 828.26 0 20 1 7 1 2 4 8 16 32 64
302 348.78 833.99 0 151 1 7 1 2 4 8 16 32 64
303 328.75 851.78 0 166 1 7 1 2 4 8 16 32 64
304 328.87 848.30 0 299 1 7 1 2 4 8 16 32 64
305 334.68 819.92 0 317 1 7 1 2 4 8 16 32 64
306 334.34 820.15 0 38 1 7 1 2 4 8 16 32 64
307 340.24 843.44 0 301 1 7 1 2 4 8 16 32 64
308 337.33 849.13 0 128 1 7 1 2 4 8 16 32 64
309 345.12 835.26 0 203 1 7 1 2 4 8 16 32 64
310 331.75 848.74 0 210 1 7 1 2 4 8 16 32 64
311 345.32 839.84 0 55 1 7 1 2 4 8 16 32 64
312 335.97 834.68 0 159 1 7 1 2 4 8 16 32 64
313 343.69 849.38 0 363 1 7 1 2 4 8 16 32 64
314 345.05 849.49 0 711 1 7 1 2 4 8 16 32 64
315 324.77 849.47 0 432 1 7 1 2 4 8 16 32 64
316 324.77 849.47 0 220 1 7 1 2 4 8 16 32 64
317 333.52 816.96 0 156 1 7 1 2 4 8 16 32 64
318 334.68 819.92 0 471 1 7 1 2 4 8 16 32 64
319 299.46 901.21 0 223 1 7 1 2 4 8 16 32 64
320 325.00 921.33 0 25 1 7 1 2 4 8 16 32 64
321 299.46 901.21 0 25 1 7 1 2 4 8 16 32 64
322 307.81 898.57 0 22 1 7 1 2 4 8 16 32 64
323 302.00 932.50 0 25 1 7 1 2 4 8 16 32 64
324 304.58 910.70 0 427 1 7 1 2 4 8 16 32 64
325 302.50 932.58 0 264 1 7 1 2 4 8 16 32 64
326 304.09 908.99 0 62 1 7 1 2 4 8 16 32 64
327 302.10 932.06 0 103 1 7 1 2 4 8 16 32 64
328 302.00 932.33 0 20 1 7 1 2 4 8 16 32 64
329 299.88 902.43 0 237 1 7 1 2 4 8 16 32 64
330 302.79 897.73 0 166 1 7 1 2 4 8 16 32 64
331 335.71 884.20 0 415 1 7 1 2 4 8 16 32 64
332 334.11 910.08 0 407 1 7 1 2 4 8 16 32 64
333 324.62 886.60 0 24 1 7 1 2 4 8 16 32 64
334 317.04 891.26 0 167 1 7 1 2 4 8 16 32 64
335 313.02 892.99 0 46 1 7 1 2 4 8 16 32 64
336 303.83 885.29 0 595 1 7 1 2 4 8 16 32 64
337 303.83 887.00 0 248 1 7 1 2 4 8 16 32 64
338 303.92 886.34 0 290 1 7 1 2 4 8 16 32 64
339 304.16 889.16 0 495 1 7 1 2 4 8 16 32 64
340 304.16 889.16 0 366 1 7 1 2 4 8 16 32 64
341 316.77 886.48 0 436 1 7 1 2 4 8 16 32 64
342 315.68 913.66 0 210 1 7 1 2 4 8 16 32 64
343 346.19 899.67 0 304 1 7 1 2 4 8 16 32 64
344 304.40 885.46 0 369 1 7 1 2 4 8 16 32 64
345 324.21 901.34 0 246 1 7 1 2 4 8 16 32 64
346 349.04 885.67 0 67 1 7 1 2 4 8 16 32 64
347 342.00 905.73 0 81 1 7 1 2 4 8 16 32 64
348 323.41 908.69 0 224 1 7 1 2 4 8 16 32 64
349 334.63 888.18 0 326 1 7 1 2 4 8 16 32 64
350 334.00 884.17 0 444 1 7 1 2 4 8 16 32 64
351 317.04 891.26 0 261 1 7 1 2 4 8 16 32 64
352 312.31 904.59 0 134 1 7 1 2 4 8 16 32 64
353 339.88 884.79 0 209 1 7 1 2 4 8 16 32 64
354 303.98 890.80 0 104 1 7 1 2 4 8 16 32 64
355 324.50 886.50 0 443 1 7 1 2 4 8 16 32 64
356 303.98 890.80 0 488 1 7 1 2 4 8 16 32 64
357 342.49 887.19 0 443 1 7 1 2 4 8 16 32 64
358 305.32 896.67 0 431 1 7 1 2 4 8 16 32 64
359 341.92 887.22 0 320 1 7 1 2 4 8 16 32 64
360 323.20 891.61 0 260 1 7 1 2 4 8 16 32 64
361 323.11 901.79 0 155 1 7 1 2 4 8 16 32 64
362 303.98 890.80 0 260 1 7 1 2 4 8 16 32 64
363 354.44 846.00 0 153 1 7 1 2 4 8 16 32 64
364 351.49 848.67 0 227 1 7 1 2 4 8 16 32 64
365 353.53 862.05 0 689 1 7 1 2 4 8 16 32 64
366 356.13 870.41 0 107 1 7 1 2 4 8 16 32 64
367 351.49 848.67 0 120 1 7 1 2 4 8 16 32 64
368 354.84 864.52 0 247 1 7 1 2 4 8 16 32 64
369 354.44 846.00 0 221 1 7 1 2 4 8 16 32 64
370 355.00 850.17 0 255 1 7 1 2 4 8 16 32 64
371 350.30 851.85 0 386 1 7 1 2 4 8 16 32 64
372 350.28 852.33 0 20 1 7 1 2 4 8 16 32 64
373 356.05 844.64 0 203 1 7 1 2 4 8 16 32 64
374 351.49 848.67 0 314 1 7 1 2 4 8 16 32 64
375 350.09 852.29 0 253 1 7 1 2 4 8 16 32 64
376 352.63 851.76 0 133 1 7 1 2 4 8 16 32 64
377 351.49 848.67 0 404 1 7 1 2 4 8 16 32 64
378 351.51 865.76 0 418 1 7 1 2 4 8 16 32 64
379 351.99 870.29 0 494 1 7 1 2 4 8 16 32 64
380 350.21 857.11 0 538 1 7 1 2 4 8 16 32 64
381 353.26 845.28 0 276 1 7 1 2 4 8 16 32 64
382 357.93 842.74 0 273 1 7 1 2 4 8 16 32 64
383 350.07 852.03 0 95 1 7 1 2 4 8 16 32 64
384 356.55 888.75 0 175 1 7 1 2 4 8 16 32 64
385 354.50 867.95 0 385 1 7 1 2 4 8 16 32 64
386 355.21 843.59 0 322 1 7 1 2 4 8 16 32 64
387 350.09 852.84 0 361 1 7 1 2 4 8 16 32 64
388 356.51 883.91 0 420 1 7 1 2 4 8 16 32 64
389 352.40 858.31 0 506 1 7 1 2 4 8 16 32 64
390 352.25 882.38 0 176 1 7 1 2 4 8 16 32 64
391 356.13 870.41 0 1003 1 7 1 2 4 8 16 32 64
392 355.93 892.60 0 176 1 7 1 2 4 8 16 32 64
393 351.06 899.59 0 67 1 7 1 2 4 8 16 32 64
394 351.52 899.81 0 31 1 7 1 2 4 8 16 32 64
395 351.17 899.67 0 225 1 7 1 2 4 8 16 32 64
396 351.17 899.67 0 315 1 7 1 2 4 8 16 32 64
397 350.57 898.92 0 171 1 7 1 2 4 8 16 32 64
398 360.37 893.83 0 357 1 7 1 2 4 8 16 32 64
399 357.34 843.43 0 347 1 7 1 2 4 8 16 32 64
400 353.71 853.89 0 20 1 7 1 2 4 8 16 32 64
401 350.07 852.03 0 199 1 7 1 2 4 8 16 32 64
402 351.86 861.09 0 462 1 7 1 2 4 8 16 32 64
403 351.06 899.59 0 18 1 7 1 2 4 8 16 32 64
404 350.44 896.63 0 251 1 7 1 2 4 8 16 32 64
405 359.19 887.60 0 155 1 7 1 2 4 8 16 32 64
406 350.74 850.63 0 125 1 7 1 2 4 8 16 32 64
407 356.05 851.90 0 148 1 7 1 2 4 8 16 32 64
408 352.59 889.99 0 327 1 7 1 2 4 8 16 32 64
409 351.17 899.67 0 421 1 7 1 2 4 8 16 32 64
410 351.25 853.24 0 209 1 7 1 2 4 8 16 32 64
411 354.44 846.00 0 262 1 7 1 2 4 8 16 32 64
412 354.44 846.00 0 164 1 7 1 2 4 8 16 32 64
413 351.36 900.08 0 501 1 7 1 2 4 8 16 32 64
414 350.08 852.08 0 118 1 7 1 2 4 8 16 32 64
415 341.82 867.99 0 42 1 7 1 2 4 8 16 32 64
416 345.54 869.81 0 327 1 7 1 2 4 8 16 32 64
417 345.54 869.81 0 53 1 7 1 2 4 8 16 32 64
