2
3 50 5 160

1806.0337130867758

1553.5358760046922
53.046875
4 500 7200 720
29 8 9 2 0

Assigned customers matrix:
Vehicle 0:
0 12 4 41 0 0 0 0 0 0 0 0 0 0 0 0 0 0 0 0 0 0
0 12 5 38 9 39 33 15 41 40 0 0 0 0 0 0 0 0 0 0 0 0
0 12 17 44 42 19 41 13 14 6 0 0 0 0 0 0 0 0 0 0 0 0
0 12 5 38 9 10 39 33 45 41 0 0 0 0 0 0 0 0 0 0 0 0
0 12 37 44 42 41 13 14 6 0 0 0 0 0 0 0 0 0 0 0 0 0

Vehicle 1:
0 32 8 26 31 7 43 25 18 0 0 0 0 0 0 0 0 0 0 0 0 0
0 27 48 23 25 18 47 0 0 0 0 0 0 0 0 0 0 0 0 0 0 0
0 32 8 31 7 43 24 25 18 0 0 0 0 0 0 0 0 0 0 0 0 0
0 27 48 23 25 18 47 0 0 0 0 0 0 0 0 0 0 0 0 0 0 0
0 18 25 0 0 0 0 0 0 0 0 0 0 0 0 0 0 0 0 0 0 0

Vehicle 2:
0 2 20 34 30 49 0 0 0 0 0 0 0 0 0 0 0 0 0 0 0 0
0 2 20 35 29 34 50 16 11 0 0 0 0 0 0 0 0 0 0 0 0 0
0 46 49 30 34 2 20 3 28 0 0 0 0 0 0 0 0 0 0 0 0 0
0 11 16 34 21 35 36 20 2 0 0 0 0 0 0 0 0 0 0 0 0 0
0 1 22 28 3 20 2 34 0 0 0 0 0 0 0 0 0 0 0 0 0 0

Transported demand matrix:
65 157 156 155 153
152 142 155 142 69
121 151 156 149 129

Routes distance matrix:
64.52534718977027 156.84064521756844 99.81089501660193 134.91533185132278 98.24242004497746
129.66940753377818 75.52224453381825 121.95614992268278 75.52224453381825 49.03195570896274
96.77475562916946 105.05926473504232 117.71596073281513 115.81669153258284 112.13256182178166