3
1 50 5 160

707.7178259731398

631.5644526152646
5.921875
1 500 7200 720
6 8

Assigned customers matrix:
Vehicle 0:
0 32 2 22 28 31 26 7 43 24 13 19 17 0 0 0 0 0 0 0 0 0
0 6 18 4 41 40 42 44 15 10 38 0 0 0 0 0 0 0 0 0 0 0
0 46 5 49 9 50 16 29 20 35 36 3 1 0 0 0 0 0 0 0 0 0
0 12 37 45 33 39 30 34 21 11 0 0 0 0 0 0 0 0 0 0 0 0
0 27 48 8 23 14 25 47 0 0 0 0 0 0 0 0 0 0 0 0 0 0

Transported demand matrix:
157 158 160 157 145

Routes distance matrix:
170.1031455214343 138.83955514325208 117.84881963986543 112.80472825877554 91.96820405193716