17
4 40 4 20

1703.8721619155185

1703.8721619155185
3.390625
4 500 7200 720
0 0 0 0 0

Assigned customers matrix:
Vehicle 0:
0 4 8 22 35 14 0 0 0 0 0 0 0 0 0 0 0 0 0 0 0
0 15 23 8 37 4 0 0 0 0 0 0 0 0 0 0 0 0 0 0 0
0 14 22 8 36 4 0 0 0 0 0 0 0 0 0 0 0 0 0 0 0
0 15 38 23 8 4 0 0 0 0 0 0 0 0 0 0 0 0 0 0 0

Vehicle 1:
0 2 6 18 27 10 0 0 0 0 0 0 0 0 0 0 0 0 0 0 0
0 11 19 6 29 2 0 0 0 0 0 0 0 0 0 0 0 0 0 0 0
0 10 18 6 28 2 0 0 0 0 0 0 0 0 0 0 0 0 0 0 0
0 2 6 19 30 11 0 0 0 0 0 0 0 0 0 0 0 0 0 0 0

Vehicle 2:
0 3 7 20 31 12 0 0 0 0 0 0 0 0 0 0 0 0 0 0 0
0 13 21 7 33 3 0 0 0 0 0 0 0 0 0 0 0 0 0 0 0
0 12 20 7 32 3 0 0 0 0 0 0 0 0 0 0 0 0 0 0 0
0 13 34 21 7 3 0 0 0 0 0 0 0 0 0 0 0 0 0 0 0

Vehicle 3:
0 1 25 5 17 9 0 0 0 0 0 0 0 0 0 0 0 0 0 0 0
0 1 5 24 39 16 0 0 0 0 0 0 0 0 0 0 0 0 0 0 0
0 1 5 17 26 9 0 0 0 0 0 0 0 0 0 0 0 0 0 0 0
0 16 24 5 40 1 0 0 0 0 0 0 0 0 0 0 0 0 0 0 0

Transported demand matrix:
15 15 15 15
15 15 15 15
15 15 15 15
15 15 15 15

Routes distance matrix:
106.85219939655816 106.13182084288164 106.13182084288164 106.85219939655816
106.85219939655816 106.13182084288164 106.13182084288164 106.85219939655816
106.85219939655816 106.13182084288164 106.13182084288164 106.85219939655816
106.13182084288165 106.85219939655816 106.85219939655816 106.13182084288164