29
6 102 6 20

34142.2540834451

29796.68465666851
421.15625
4 500 7200 720
78 45 18 1 0

Assigned customers matrix:
Vehicle 0:
0 6 18 30 12 0 0 0 0 0 0 0 0
0 6 99 12 88 27 102 0 0 0 0 0 0
0 6 49 47 17 12 0 0 0 0 0 0 0
0 6 18 30 100 12 0 0 0 0 0 0 0
0 6 50 12 87 27 0 0 0 0 0 0 0
0 6 17 12 85 83 84 0 0 0 0 0 0

Vehicle 1:
0 4 43 16 29 96 10 0 0 0 0 0 0
0 20 4 10 77 76 75 0 0 0 0 0 0
0 4 42 15 10 79 97 0 0 0 0 0 0
0 4 44 16 29 95 10 0 0 0 0 0 0
0 20 60 4 10 0 0 0 0 0 0 0 0
0 59 4 41 40 15 10 0 0 0 0 0 0

Vehicle 2:
0 5 11 81 80 25 26 0 0 0 0 0 0
0 61 62 5 45 46 98 11 0 0 0 0 0
0 5 48 11 0 0 0 0 0 0 0 0 0
0 5 11 82 25 26 86 0 0 0 0 0 0
0 5 11 0 0 0 0 0 0 0 0 0 0
0 5 11 0 0 0 0 0 0 0 0 0 0

Vehicle 3:
0 65 1 54 51 52 64 63 0 0 0 0 0
0 1 53 101 90 89 0 0 0 0 0 0 0
0 21 66 1 0 0 0 0 0 0 0 0 0
0 1 0 0 0 0 0 0 0 0 0 0 0
0 1 32 67 68 0 0 0 0 0 0 0 0
0 21 1 31 34 0 0 0 0 0 0 0 0

Vehicle 4:
0 2 33 13 7 8 0 0 0 0 0 0 0
0 2 8 70 22 7 0 0 0 0 0 0 0
0 2 14 92 8 7 0 0 0 0 0 0 0
0 2 13 7 8 0 0 0 0 0 0 0 0
0 2 8 69 22 7 0 0 0 0 0 0 0
0 2 14 91 8 7 0 0 0 0 0 0 0

Vehicle 5:
0 3 39 9 74 23 24 0 0 0 0 0 0
0 3 9 37 55 56 19 0 0 0 0 0 0
0 3 36 35 28 94 9 0 0 0 0 0 0
0 3 9 73 23 24 78 0 0 0 0 0 0
0 58 57 3 9 38 19 0 0 0 0 0 0
0 3 28 93 9 72 71 0 0 0 0 0 0

Transported demand matrix:
16 19 17 18 17 19
20 19 19 20 15 19
20 20 12 20 10 10
17 13 10 5 11 12
20 20 20 18 20 20
20 19 19 20 19 19

Routes distance matrix:
656.8977682698243 1115.4517567425778 632.3218606924733 659.9228810248003 1094.2258080357 1024.2777922187395
661.0658028783987 1002.1315588526995 946.0113059167917 661.0658028783987 590.7703829725149 635.0175837662648
1677.4046612414845 642.5434121602217 588.5073324981593 1631.637220381632 577.3497018943544 577.3497018943544
201.84198089619804 843.9500808620598 128.89038297251494 115.47 830.3195520251136 191.5843507807196
902.1301580093428 1160.418270209315 905.5409889850885 900.9869952095884 1160.4178779783513 925.4771227294748
1594.2259283330081 607.5225291589851 681.6100301646951 1631.6365754400417 594.2043908449206 1046.5051077497042