32
9 153 6 20

Solution history:
B_obj   B_dis   B_sim   C_obj   C_dis   C_sim   neighbor   iterations   time   scores
1.0057796858058017 91338.16572809845 0.0 1.0057796858058017 91338.16572809845 0.0 0 0 0 3.0 3.0 3.0 3.0 3.0 3.0 3.0
1.0057796858058017 91338.16572809845 0.0 1.0185602623001722 92882.73544314553 0.0 t_move_k 100 79.10158038139343 3.98 3.0 3.0 3.0 3.0 3.0 3.0
1.0057796858058017 91338.16572809845 0.0 1.017451685618196 92748.760737815 0.0 t_swap_r_k 100 473.1355757713318 3.98 3.0 3.0 3.0 3.0 4.01 3.0
1.0057796858058017 91338.16572809845 0.0 1.0168116464161858 92671.41014503826 0.0 swap_t 100 518.89453291893 3.98 3.0 3.0 3.0 3.9699999999999998 4.01 3.0
1.0057796858058017 91338.16572809845 0.0 1.0168116464161858 92671.41014503826 0.0 t_move_k 100 600.8910372257233 4.9402 3.0 3.0 3.0 3.9699999999999998 4.01 3.0
1.0057796858058017 91338.16572809845 0.0 1.0183912727433777 92862.31256537483 0.0 f_swap_t 100 729.0069706439972 4.9402 3.0 3.0 4.01 3.9699999999999998 4.01 3.0
1.0057796858058017 91338.16572809845 0.0 1.0149004852697787 92440.44078081472 0.0 t_swap_r_k 100 1133.4486479759216 4.9402 3.0 3.0 4.01 3.9699999999999998 5.0099 3.0
1.0057796858058017 91338.16572809845 0.0 1.0141663092373423 92351.71347921653 0.0 t_multiswap_k 100 1183.9464538097382 4.9402 3.0 3.0 4.01 3.9699999999999998 5.0099 3.9699999999999998
1.0057796858058017 91338.16572809845 0.0 1.0141663092373423 92351.71347921653 0.0 t_swap_r_k 100 1568.9375665187836 4.9402 3.0 3.0 4.01 3.9699999999999998 5.999801 3.9699999999999998
1.0057796858058017 91338.16572809845 0.0 1.0141663092373423 92351.71347921653 0.0 move_t 100 1644.9647436141968 4.9402 3.9699999999999998 3.0 4.01 3.9699999999999998 5.999801 3.9699999999999998
1.0057796858058017 91338.16572809845 0.0 1.0154323480660024 92504.71794139266 0.0 f_swap_t 100 1713.9113380908966 4.9402 3.9699999999999998 3.0 4.9799 3.9699999999999998 5.999801 3.9699999999999998
1.0057796858058017 91338.16572809845 0.0 1.0152481599969942 92482.4582793666 0.0 t_swap_r_k 100 2091.30530333519 4.9402 3.9699999999999998 3.0 4.9799 3.9699999999999998 6.97980299 3.9699999999999998
1.0057796858058017 91338.16572809845 0.0 1.0151393885632345 92469.31293631249 0.0 t_swap_r_k 100 2444.7439889907837 4.9402 3.9699999999999998 3.0 4.9799 3.9699999999999998 7.950004960099999 3.9699999999999998
1.0057796858058017 91338.16572809845 0.0 1.0151393885632345 92469.31293631249 0.0 t_swap_r_k 100 2770.074507713318 4.9402 3.9699999999999998 3.0 4.9799 3.9699999999999998 8.910504910499 3.9699999999999998
1.0057796858058017 91338.16572809845 0.0 1.0151393885632345 92469.31293631249 0.0 t_move_k 100 2870.267044067383 5.890798 3.9699999999999998 3.0 4.9799 3.9699999999999998 8.910504910499 3.9699999999999998
1.0057796858058017 91338.16572809845 0.0 1.0151393885632345 92469.31293631249 0.0 t_move_k 100 2953.9673974514008 6.83189002 3.9699999999999998 3.0 4.9799 3.9699999999999998 8.910504910499 3.9699999999999998
1.0057796858058017 91338.16572809845 0.0 1.0151393885632345 92469.31293631249 0.0 t_swap_r_k 100 3278.8091776371 6.83189002 3.9699999999999998 3.0 4.9799 3.9699999999999998 9.86139986139401 3.9699999999999998
1.0057796858058017 91338.16572809845 0.0 1.0151393885632345 92469.31293631249 0.0 t_swap_k 100 3425.2584261894226 6.83189002 3.9699999999999998 3.9699999999999998 4.9799 3.9699999999999998 9.86139986139401 3.9699999999999998
1.0057796858058017 91338.16572809845 0.0 1.0223793024945413 93344.27752048206 0.0 t_multiswap_k 100 3481.894387960434 6.83189002 3.9699999999999998 3.9699999999999998 4.9799 3.9699999999999998 9.86139986139401 4.9403
1.0057796858058017 91338.16572809845 0.0 1.022280737094376 93332.36560617102 0.0 t_swap_r_k 100 3816.656947851181 6.83189002 3.9699999999999998 3.9699999999999998 4.9799 3.9699999999999998 10.802785862780071 4.9403