32
9 153 6 20

Solution history:
B_obj   B_dis   B_sim   C_obj   C_dis   C_sim   neighbor   iterations   time   scores
1.0057796858058017 91338.16572809845 0.0 1.0057796858058017 91338.16572809845 0.0 0 0 0 3.0 3.0 3.0 3.0 3.0 3.0 3.0
1.0057796858058017 91338.16572809845 0.0 1.0057796858058017 91338.16572809845 0.0 swap_t 100 67.68906497955322 3.0 3.0 3.0 3.0 3.9699999999999998 3.0 3.0
1.0057796858058017 91338.16572809845 0.0 1.0057796858058017 91338.16572809845 0.0 move_t 100 141.0423300266266 3.0 3.9699999999999998 3.0 3.0 3.9699999999999998 3.0 3.0
1.0057796858058017 91338.16572809845 0.0 1.0082896251656384 91641.4991750299 0.0 t_swap_k 100 327.2787113189697 3.0 3.9699999999999998 3.98 3.0 3.9699999999999998 3.0 3.0
1.0057796858058017 91338.16572809845 0.0 1.0071203016531842 91500.1830391557 0.0 swap_t 100 378.86681056022644 3.0 3.9699999999999998 3.98 3.0 4.9303 3.0 3.0
1.0057796858058017 91338.16572809845 0.0 1.0066137380769011 91438.96336263974 0.0 swap_t 100 448.20980429649353 3.0 3.9699999999999998 3.98 3.0 5.880997 3.0 3.0
1.0057796858058017 91338.16572809845 0.0 1.079112756418871 94428.9854974357 0.0 move_t 100 514.7348582744598 3.0 4.9403 3.98 3.0 5.880997 3.0 3.0
1.0057796858058017 91338.16572809845 0.0 1.0545396197557346 97230.94508120013 0.0 t_move_k 100 604.0119907855988 3.9699999999999998 4.9403 3.98 3.0 5.880997 3.0 3.0
1.0057796858058017 91338.16572809845 0.0 1.0474215434186462 96370.7049234496 0.0 swap_t 100 698.3114500045776 3.9699999999999998 4.9403 3.98 3.0 6.82218703 3.0 3.0
1.0057796858058017 91338.16572809845 0.0 1.035183021296113 94891.6440504346 0.0 t_move_k 100 814.7571516036987 4.9603 4.9403 3.98 3.0 6.82218703 3.0 3.0
1.0057796858058017 91338.16572809845 0.0 1.0155881026755016 92523.54133742003 0.0 t_move_k 100 931.7540807723999 5.970697 4.9403 3.98 3.0 6.82218703 3.0 3.0
1.0057796858058017 91338.16572809845 0.0 1.010158075549107 91867.30681975116 0.0 swap_t 100 1053.0052604675293 5.970697 4.9403 3.98 3.0 7.7539651597 3.0 3.0
1.0057796858058017 91338.16572809845 0.0 1.0267908066400995 92349.12781865768 0.0 swap_t 100 1144.4561560153961 5.970697 4.9403 3.98 3.0 8.686425508103 3.0 3.0
1.0057796858058017 91338.16572809845 0.0 1.0216632886523167 93257.74517221579 0.0 swap_t 100 1236.7459833621979 5.970697 4.9403 3.98 3.0 9.59956125302197 3.0 3.0
1.0057796858058017 91338.16572809845 0.0 1.0210411986246326 93182.56378918374 0.0 t_move_k 100 1290.574598789215 6.910990030000001 4.9403 3.98 3.0 9.59956125302197 3.0 3.0
1.0057796858058017 91338.16572809845 0.0 1.0210411986246326 93182.56378918374 0.0 swap_t 100 1358.7893126010895 6.910990030000001 4.9403 3.98 3.0 10.50356564049175 3.0 3.0
1.0057796858058017 91338.16572809845 0.0 1.0210411986246326 93182.56378918374 0.0 t_multiswap_k 100 1391.7794480323792 6.910990030000001 4.9403 3.98 3.0 10.50356564049175 3.0 3.9699999999999998
1.0057796858058017 91338.16572809845 0.0 1.0210411986246326 93182.56378918374 0.0 t_swap_r_k 100 1599.6054949760437 6.910990030000001 4.9403 3.98 3.0 10.50356564049175 4.01 3.9699999999999998
1.0057796858058017 91338.16572809845 0.0 1.0217611619936813 93269.57344921477 0.0 t_move_k 100 1649.317400932312 7.881880129700001 4.9403 3.98 3.0 10.50356564049175 4.01 3.9699999999999998
1.0057796858058017 91338.16572809845 0.0 1.0217611619936813 93269.57344921477 0.0 t_multiswap_k 100 1702.9041271209717 7.881880129700001 4.9403 3.98 3.0 10.50356564049175 4.01 4.9303
1.0057796858058017 91338.16572809845 0.0 1.0217611619936813 93269.57344921477 0.0 t_swap_r_k 100 1933.5306601524353 7.881880129700001 4.9403 3.98 3.0 10.50356564049175 5.0099 4.9303
1.0057796858058017 91338.16572809845 0.0 1.0217611619936813 93269.57344921477 0.0 swap_t 100 1967.2203040122986 7.881880129700001 4.9403 3.98 3.0 11.398529984086833 5.0099 4.9303
1.0057796858058017 91338.16572809845 0.0 1.089432355810302 101002.5151818336 0.0 swap_t 100 2032.3604600429535 7.881880129700001 4.9403 3.98 3.0 12.304544684245965 5.0099 4.9303
1.0057796858058017 91338.16572809845 0.0 1.078219010024625 100092.66803213424 0.0 t_move_k 100 2119.2559361457825 8.863061328403 4.9403 3.98 3.0 12.304544684245965 5.0099 4.9303
1.0057796858058017 91338.16572809845 0.0 1.0759095726050243 99813.56582585404 0.0 swap_t 100 2168.9953548908234 8.863061328403 4.9403 3.98 3.0 13.181499237403505 5.0099 4.9303
1.0057796858058017 91338.16572809845 0.0 1.0754057618672397 99752.67883784998 0.0 t_move_k 100 2248.4403598308563 9.80443071511897 4.9403 3.98 3.0 13.181499237403505 5.0099 4.9303
1.0057796858058017 91338.16572809845 0.0 1.0975886960288745 100410.28265391121 0.0 swap_t 100 2341.285589694977 9.80443071511897 4.9403 3.98 3.0 14.069684245029471 5.0099 4.9303
1.0057796858058017 91338.16572809845 0.0 1.1169486530944595 104773.257658635 0.0 t_swap_k 100 2435.6472063064575 9.80443071511897 4.9403 5.0402000000000005 3.0 14.069684245029471 5.0099 4.9303
1.0057796858058017 91338.16572809845 0.0 1.1317130336335208 105235.82818137726 0.0 swap_t 100 2513.719281435013 9.80443071511897 4.9403 5.0402000000000005 3.0 14.968987402579176 5.0099 4.9303
1.0057796858058017 91338.16572809845 0.0 1.1200279984368473 105145.40546903451 0.0 f_swap_t 100 2591.2564029693604 9.80443071511897 4.9403 5.0402000000000005 3.9699999999999998 14.968987402579176 5.0099 4.9303
1.0057796858058017 91338.16572809845 0.0 1.1163862250289036 104705.28659666196 0.0 move_t 100 2649.152092695236 9.80443071511897 5.950896999999999 5.0402000000000005 3.9699999999999998 14.968987402579176 5.0099 4.9303
1.0057796858058017 91338.16572809845 0.0 1.110753131353936 104024.51089799055 0.0 t_swap_r_k 100 2875.100898504257 9.80443071511897 5.950896999999999 5.0402000000000005 3.9699999999999998 14.968987402579176 5.999801 4.9303
1.0057796858058017 91338.16572809845 0.0 1.1105654781415726 104001.83246334596 0.0 t_swap_k 100 2984.5641531944275 9.80443071511897 5.950896999999999 5.989798 3.9699999999999998 14.968987402579176 5.999801 4.9303
1.0057796858058017 91338.16572809845 0.0 1.1105314756512314 103997.7231638288 0.0 t_swap_k 100 3131.122626543045 9.80443071511897 5.950896999999999 6.95990002 3.9699999999999998 14.968987402579176 5.999801 4.9303
1.0057796858058017 91338.16572809845 0.0 1.1167811791608138 104753.01794831495 0.0 t_multiswap_k 100 3207.280974626541 9.80443071511897 5.950896999999999 6.95990002 3.9699999999999998 14.968987402579176 5.999801 5.920997
1.0057796858058017 91338.16572809845 0.0 1.108427418737784 103743.44178703194 0.0 t_swap_k 100 3330.5274662971497 9.80443071511897 5.950896999999999 7.9503010198 3.9699999999999998 14.968987402579176 5.999801 5.920997
1.0057796858058017 91338.16572809845 0.0 1.1080399320985643 103696.61290351578 0.0 t_move_k 100 3372.7961809635162 10.73638640796778 5.950896999999999 7.9503010198 3.9699999999999998 14.968987402579176 5.999801 5.920997
1.0057796858058017 91338.16572809845 0.0 1.112714145783159 103865.69600411766 0.0 swap_t 100 3409.0746834278107 10.73638640796778 5.950896999999999 7.9503010198 3.9699999999999998 15.829297528553385 5.999801 5.920997
1.0057796858058017 91338.16572809845 0.0 1.104415993299554 103258.64939532813 0.0 t_swap_k 100 3450.345758676529 10.73638640796778 5.950896999999999 9.020798009602 3.9699999999999998 15.829297528553385 5.999801 5.920997
1.0057796858058017 91338.16572809845 0.0 1.1305824755031022 106407.51957940888 0.0 swap_t 100 3486.5021364688873 10.73638640796778 5.950896999999999 9.020798009602 3.9699999999999998 16.711004553267852 5.999801 5.920997
1.0057796858058017 91338.16572809845 0.0 1.11347838350041 104353.86551929147 0.0 t_swap_k 100 3529.03790807724 10.73638640796778 5.950896999999999 10.02059002950598 3.9699999999999998 16.711004553267852 5.999801 5.920997
1.0057796858058017 91338.16572809845 0.0 1.110281324473248 103967.49166888281 0.0 swap_t 100 3565.1282727718353 10.73638640796778 5.950896999999999 10.02059002950598 3.9699999999999998 17.543894507735175 5.999801 5.920997
1.0057796858058017 91338.16572809845 0.0 1.110219270957069 103959.99232158465 0.0 t_multiswap_k 100 3593.688897371292 10.73638640796778 5.950896999999999 10.02059002950598 3.9699999999999998 17.543894507735175 5.999801 6.86178703
1.0057796858058017 91338.16572809845 0.0 1.110219270957069 103959.99232158465 0.0 move_t 100 3620.526757478714 10.73638640796778 6.89138803 10.02059002950598 3.9699999999999998 17.543894507735175 5.999801 6.86178703