13
9 417 7 2000

Solution history:
B_obj   B_dis   B_sim   C_obj   C_dis   C_sim   neighbor   iterations   time   scores
1.0020560481783205 4491.657738140851 0.0 1.0020560481783205 4491.657738140851 0.0 0 0 0 3.0 3.0 3.0 3.0 3.0 3.0 3.0
1.0020560481783205 4491.657738140851 0.0 1.005062998620803 4509.616761615096 0.0 swap_t 100 44.29341268539429 3.0 3.0 3.0 3.0 3.98 3.0 3.0
1.0014886678473207 4488.269056857884 0.0 1.0014886678473207 4488.269056857884 0.0 f_swap_t 85 91.42278337478638 3.0 3.0 3.0 4.047058823529412 3.98 3.0 3.0
1.001422198767984 4487.872070017244 0.0 1.001422198767984 4487.872070017244 0.0 t_move_k 100 139.3043179512024 3.9699999999999998 3.0 3.0 4.047058823529412 3.98 3.0 3.0
1.001422198767984 4487.872070017244 0.0 1.001422198767984 4487.872070017244 0.0 swap_t 100 201.98325037956238 3.9699999999999998 3.0 3.0 4.047058823529412 4.9402 3.0 3.0
1.001366593096059 4487.539964920567 0.0 1.001366593096059 4487.539964920567 0.0 swap_t 71 239.69396471977234 3.9699999999999998 3.0 3.0 4.047058823529412 5.969211267605633 3.0 3.0
1.0011846048265802 4486.453039257466 0.0 1.0011846048265802 4486.453039257466 0.0 t_move_k 100 278.1301052570343 4.9303 3.0 3.0 4.047058823529412 5.969211267605633 3.0 3.0
1.0011846048265802 4486.453039257466 0.0 1.0011846048265802 4486.453039257466 0.0 swap_t 100 331.8112449645996 4.9303 3.0 3.0 4.047058823529412 6.909519154929577 3.0 3.0
1.0011846048265802 4486.453039257466 0.0 1.0011846048265802 4486.453039257466 0.0 t_move_k 100 371.86588859558105 5.880997 3.0 3.0 4.047058823529412 6.909519154929577 3.0 3.0
1.0011846048265802 4486.453039257466 0.0 1.0011846048265802 4486.453039257466 0.0 swap_t 100 428.03044724464417 5.880997 3.0 3.0 4.047058823529412 7.840423963380282 3.0 3.0
1.0011846048265802 4486.453039257466 0.0 1.0011846048265802 4486.453039257466 0.0 t_swap_k 100 492.10440397262573 5.880997 3.0 3.9699999999999998 4.047058823529412 7.840423963380282 3.0 3.0
1.0010014699500953 4485.359265479463 0.0 1.0010014699500953 4485.359265479463 0.0 move_t 73 520.7725303173065 5.880997 4.054794520547945 3.9699999999999998 4.047058823529412 7.840423963380282 3.0 3.0
1.0008141782028412 4484.24066477426 0.0 1.0085771115164164 4530.604814857293 0.0 swap_t 100 585.8809614181519 5.880997 4.054794520547945 3.9699999999999998 4.047058823529412 8.772019723746478 3.0 3.0
1.0008141782028412 4484.24066477426 0.0 1.00739833451601 4523.5645645352015 0.0 swap_t 100 640.6246485710144 5.880997 4.054794520547945 3.9699999999999998 4.047058823529412 9.714299526509013 3.0 3.0
1.0008141782028412 4484.24066477426 0.0 1.00739833451601 4523.5645645352015 0.0 swap_t 100 692.8007366657257 5.880997 4.054794520547945 3.9699999999999998 4.047058823529412 10.617156531243923 3.0 3.0
1.0008141782028412 4484.24066477426 0.0 1.00739833451601 4523.5645645352015 0.0 t_swap_k 100 772.8869411945343 5.880997 4.054794520547945 4.9303 4.047058823529412 10.617156531243923 3.0 3.0
1.0008141782028412 4484.24066477426 0.0 1.007253873641083 4522.701771385282 0.0 f_swap_t 100 829.19189620018 5.880997 4.054794520547945 4.9303 5.036588235294118 10.617156531243923 3.0 3.0
1.0008141782028412 4484.24066477426 0.0 1.0069137509474693 4520.670387245245 0.0 t_move_k 100 872.1951520442963 6.82218703 4.054794520547945 4.9303 5.036588235294118 10.617156531243923 3.0 3.0
1.0008141782028412 4484.24066477426 0.0 1.006911673450746 4520.6579793878045 0.0 swap_t 100 937.3022394180298 6.82218703 4.054794520547945 4.9303 5.036588235294118 11.510984965931485 3.0 3.0
1.0008141782028412 4484.24066477426 0.0 1.0368546238164118 4699.492369508713 0.0 t_swap_k 100 1003.3844406604767 6.82218703 4.054794520547945 5.900997 5.036588235294118 11.510984965931485 3.0 3.0
1.0008141782028412 4484.24066477426 0.0 1.0329273953230986 4676.036981716585 0.0 t_swap_r_k 100 1198.6996743679047 6.82218703 4.054794520547945 5.900997 5.036588235294118 11.510984965931485 4.01 3.0
1.0008141782028412 4484.24066477426 0.0 1.0321214487938475 4671.223462865953 0.0 t_multiswap_k 100 1240.7480969429016 6.82218703 4.054794520547945 5.900997 5.036588235294118 11.510984965931485 4.01 3.9699999999999998
1.0008141782028412 4484.24066477426 0.0 1.0321214487938475 4671.223462865953 0.0 t_multiswap_k 100 1273.921914100647 6.82218703 4.054794520547945 5.900997 5.036588235294118 11.510984965931485 4.01 4.9303
1.0008141782028412 4484.24066477426 0.0 1.0512282088547138 4785.338663303569 0.0 f_swap_t 100 1334.5422868728638 6.82218703 4.054794520547945 5.900997 6.006222352941176 11.510984965931485 4.01 4.9303
1.0008141782028412 4484.24066477426 0.0 1.0436555492530588 4740.110923721564 0.0 swap_t 100 1399.5205590724945 6.82218703 4.054794520547945 5.900997 6.006222352941176 12.395875116272169 4.01 4.9303
1.0008141782028412 4484.24066477426 0.0 1.0433903509870028 4738.527026023039 0.0 t_move_k 100 1446.8954133987427 7.7539651597 4.054794520547945 5.900997 6.006222352941176 12.395875116272169 4.01 4.9303
1.0008141782028412 4484.24066477426 0.0 1.0428868791987442 4735.520038765713 0.0 t_move_k 100 1497.3897151947021 8.706425508102999 4.054794520547945 5.900997 6.006222352941176 12.395875116272169 4.01 4.9303
1.0008141782028412 4484.24066477426 0.0 1.0426995874514902 4734.40143806051 0.0 f_swap_t 100 1547.373421907425 8.706425508102999 4.054794520547945 5.900997 6.946160129411764 12.395875116272169 4.01 4.9303
1.0008141782028412 4484.24066477426 0.0 1.0426995874514902 4734.40143806051 0.0 t_move_k 100 1609.6884577274323 9.61936125302197 4.054794520547945 5.900997 6.946160129411764 12.395875116272169 4.01 4.9303
1.0008141782028412 4484.24066477426 0.0 1.0426502515839302 4734.106779395335 0.0 f_swap_t 100 1665.5749232769012 9.61936125302197 4.054794520547945 5.900997 7.906698528117646 12.395875116272169 4.01 4.9303
1.0008141782028412 4484.24066477426 0.0 1.042615908566905 4733.901665589594 0.0 t_swap_r_k 100 1862.2614612579346 9.61936125302197 4.054794520547945 5.900997 7.906698528117646 12.395875116272169 5.0099 4.9303
1.0008141782028412 4484.24066477426 0.0 1.0425693313380089 4733.623482904807 0.0 t_swap_r_k 100 2063.8140127658844 9.61936125302197 4.054794520547945 5.900997 7.906698528117646 12.395875116272169 5.999801 4.9303
1.0008141782028412 4484.24066477426 0.0 1.0425693313380089 4733.623482904807 0.0 t_move_k 100 2103.241938352585 10.52316764049175 4.054794520547945 5.900997 7.906698528117646 12.395875116272169 5.999801 4.9303
1.0008141782028412 4484.24066477426 0.0 1.0425693313380089 4733.623482904807 0.0 swap_t 100 2135.299694776535 10.52316764049175 4.054794520547945 5.900997 7.906698528117646 13.271916365109448 5.999801 4.9303
1.0008141782028412 4484.24066477426 0.0 1.0423590550658752 4732.367607033369 0.0 swap_t 100 2176.2215316295624 10.52316764049175 4.054794520547945 5.900997 7.906698528117646 14.169197201458353 5.999801 4.9303
1.0008141782028412 4484.24066477426 0.0 1.0423590550658752 4732.367607033369 0.0 t_swap_r_k 100 2390.5650930404663 10.52316764049175 4.054794520547945 5.900997 7.906698528117646 14.169197201458353 6.97980299 4.9303
1.0008141782028412 4484.24066477426 0.0 1.0423590550658752 4732.367607033369 0.0 swap_t 100 2443.394618034363 10.52316764049175 4.054794520547945 5.900997 7.906698528117646 15.027505229443769 6.97980299 4.9303
1.0008141782028412 4484.24066477426 0.0 1.0423590550658752 4732.367607033369 0.0 t_swap_r_k 100 2658.8458123207092 10.52316764049175 4.054794520547945 5.900997 7.906698528117646 15.027505229443769 7.950004960099999 4.9303
1.0008141782028412 4484.24066477426 0.0 1.0423590550658752 4732.367607033369 0.0 t_swap_r_k 100 2882.5747258663177 10.52316764049175 4.054794520547945 5.900997 7.906698528117646 15.027505229443769 8.910504910499 4.9303
1.0008141782028412 4484.24066477426 0.0 1.0423590550658752 4732.367607033369 0.0 t_move_k 100 2932.1056699752808 11.417935964086832 4.054794520547945 5.900997 7.906698528117646 15.027505229443769 8.910504910499 4.9303
1.0008141782028412 4484.24066477426 0.0 1.0423590550658752 4732.367607033369 0.0 t_swap_r_k 100 3132.350308895111 11.417935964086832 4.054794520547945 5.900997 7.906698528117646 15.027505229443769 9.86139986139401 4.9303
1.0008141782028412 4484.24066477426 0.0 1.039993077916084 4718.236799098421 0.0 f_swap_t 100 3178.702778339386 11.417935964086832 4.054794520547945 5.900997 8.857631542836469 15.027505229443769 9.86139986139401 4.9303
1.0008141782028412 4484.24066477426 0.0 1.0391899265505398 4713.4399743741415 0.0 swap_t 100 3233.9079871177673 11.417935964086832 4.054794520547945 5.900997 8.857631542836469 15.87723017714933 9.86139986139401 4.9303
1.0008141782028412 4484.24066477426 0.0 1.038969989529651 4712.1263996423495 0.0 swap_t 100 3286.73393201828 11.417935964086832 4.054794520547945 5.900997 8.857631542836469 16.718457875377837 9.86139986139401 4.9303
1.0008141782028412 4484.24066477426 0.0 1.056772826070104 4818.453911669513 0.0 swap_t 100 3338.5397233963013 11.417935964086832 4.054794520547945 5.900997 8.857631542836469 17.61127329662406 9.86139986139401 4.9303
1.0008141782028412 4484.24066477426 0.0 1.0551561686497017 4808.798418797857 0.0 t_move_k 100 3388.23353099823 12.303756604445963 4.054794520547945 5.900997 8.857631542836469 17.61127329662406 9.86139986139401 4.9303
1.0008141782028412 4484.24066477426 0.0 1.055148706926818 4808.753853628263 0.0 t_swap_r_k 100 3595.2446744441986 12.303756604445963 4.054794520547945 5.900997 8.857631542836469 17.61127329662406 10.802785862780071 4.9303
1.0008141782028412 4484.24066477426 0.0 1.055148706926818 4808.753853628263 0.0 t_move_k 100 3634.906900405884 13.180719038401504 4.054794520547945 5.900997 8.857631542836469 17.61127329662406 10.802785862780071 4.9303
1.0008141782028412 4484.24066477426 0.0 1.055148706926818 4808.753853628263 0.0 t_swap_r_k 100 3841.2478816509247 13.180719038401504 4.054794520547945 5.900997 8.857631542836469 17.61127329662406 11.73475800415227 4.9303
1.0008141782028412 4484.24066477426 0.0 1.055148706926818 4808.753853628263 0.0 f_swap_t 100 3901.710119009018 13.180719038401504 4.054794520547945 5.900997 9.769055227408105 17.61127329662406 11.73475800415227 4.9303
1.0008141782028412 4484.24066477426 0.0 1.055148706926818 4808.753853628263 0.0 t_swap_k 100 3950.997876882553 13.180719038401504 4.054794520547945 6.84198703 9.769055227408105 17.61127329662406 11.73475800415227 4.9303
1.0008141782028412 4484.24066477426 0.0 1.055148706926818 4808.753853628263 0.0 t_swap_r_k 100 4157.223663806915 13.180719038401504 4.054794520547945 6.84198703 9.769055227408105 17.61127329662406 12.657410424110749 4.9303