13

Similarity 1
0.22

Similarity combination matrix:
0.23255813953488372 0.18604651162790697 0.023255813953488372 0.0 0.023255813953488372 0.023255813953488372 0.18604651162790697 0.09302325581395349 0.3023255813953488
0.3888888888888889 0.25925925925925924 0.25925925925925924 0.0 0.0 0.0 0.018518518518518517 0.0 0.07407407407407407
0.16326530612244897 0.22448979591836735 0.14285714285714285 0.1836734693877551 0.04081632653061224 0.0 0.04081632653061224 0.10204081632653061 0.14285714285714285
0.08 0.22 0.22 0.34 0.12 0.04 0.0 0.06 0.0
0.08 0.08 0.12 0.36 0.22 0.18 0.08 0.02 0.02
0.041666666666666664 0.041666666666666664 0.10416666666666667 0.22916666666666666 0.2916666666666667 0.22916666666666666 0.16666666666666666 0.125 0.020833333333333332
0.0 0.0 0.08163265306122448 0.08163265306122448 0.2857142857142857 0.3673469387755102 0.3877551020408163 0.10204081632653061 0.0
0.0 0.0 0.06 0.12 0.22 0.32 0.28 0.18 0.02
0.05454545454545454 0.01818181818181818 0.01818181818181818 0.0 0.03636363636363636 0.16363636363636364 0.2909090909090909 0.2545454545454545 0.2727272727272727

Similarity combination pairings:
(np.int64(0), np.int64(8)) (np.int64(1), np.int64(0)) (np.int64(2), np.int64(1)) (np.int64(3), np.int64(2)) (np.int64(4), np.int64(3)) (np.int64(5), np.int64(4)) (np.int64(6), np.int64(6)) (np.int64(7), np.int64(5)) (np.int64(8), np.int64(7))
0.3023255813953488 0.3888888888888889 0.22448979591836735 0.22 0.36 0.2916666666666667 0.3877551020408163 0.32 0.2545454545454545

Similarity 2
0.0

Similarity combination matrix:
0.0 0.0 0.0 0.0 0.0 0.0 0.0 0.02040816326530612 0.02040816326530612
0.015873015873015872 0.0 0.0 0.0 0.0 0.0 0.0 0.0 0.0
0.0 0.0 0.0 0.0 0.0 0.0 0.0 0.0 0.0
0.0 0.0 0.0 0.02619047619047619 0.0 0.0 0.0 0.0 0.0
0.0 0.0 0.0 0.0 0.015873015873015872 0.0 0.0 0.0 0.0
0.0 0.0 0.0 0.0 0.0 0.0 0.0 0.0 0.0
0.0 0.0 0.015873015873015872 0.0 0.0 0.0 0.014285714285714287 0.0 0.0
0.0 0.0 0.0 0.0 0.0 0.0 0.0 0.0 0.0
0.0 0.0 0.0 0.0 0.0 0.0 0.0 0.0 0.0

Similarity combination pairings:
(np.int64(0), np.int64(7)) (np.int64(1), np.int64(0)) (np.int64(2), np.int64(1)) (np.int64(3), np.int64(3)) (np.int64(4), np.int64(4)) (np.int64(5), np.int64(5)) (np.int64(6), np.int64(2)) (np.int64(7), np.int64(6)) (np.int64(8), np.int64(8))
0.02040816326530612 0.015873015873015872 0.0 0.02619047619047619 0.015873015873015872 0.0 0.015873015873015872 0.0 0.0

Similarity 3
0.0

Similarity combination matrix:
0.0 0.0 0.0 0.0 0.0 0.0 0.0 0.023809523809523808 0.047619047619047616
0.017857142857142856 0.0 0.0 0.0 0.0 0.0 0.0 0.0 0.0
0.0 0.0 0.0 0.0 0.0 0.0 0.0 0.0 0.0
0.0 0.0 0.0 0.02886002886002886 0.0 0.0 0.0 0.0 0.0
0.0 0.0 0.0 0.0 0.017857142857142856 0.0 0.0 0.0 0.0
0.0 0.0 0.0 0.0 0.0 0.0 0.0 0.0 0.0
0.0 0.0 0.017857142857142856 0.0 0.0 0.0 0.015873015873015872 0.0 0.0
0.0 0.0 0.0 0.0 0.0 0.0 0.0 0.0 0.0
0.0 0.0 0.0 0.0 0.0 0.0 0.0 0.0 0.0

Similarity combination pairings:
(np.int64(0), np.int64(8)) (np.int64(1), np.int64(0)) (np.int64(2), np.int64(1)) (np.int64(3), np.int64(3)) (np.int64(4), np.int64(4)) (np.int64(5), np.int64(5)) (np.int64(6), np.int64(2)) (np.int64(7), np.int64(6)) (np.int64(8), np.int64(7))
0.047619047619047616 0.017857142857142856 0.0 0.02886002886002886 0.017857142857142856 0.0 0.017857142857142856 0.0 0.0
