13
9 417 7 2000

Solution history:
B_obj   B_dis   B_sim   C_obj   C_dis   C_sim   neighbor   iterations   time   scores
1.0020560481783205 4491.657738140851 0.0 1.0020560481783205 4491.657738140851 0.0 0 0 0 3.0 3.0 3.0 3.0 3.0 3.0 3.0
1.0020560481783205 4491.657738140851 0.0 1.0020560481783205 4491.657738140851 0.0 f_swap_t 100 53.041693449020386 3.0 3.0 3.0 3.9699999999999998 3.0 3.0 3.0
0.9989328897184988 4473.00466182097 0.0 1.0038715820250246 4502.501021259386 0.0 t_swap_k 100 127.43904209136963 3.0 3.0 3.98 3.9699999999999998 3.0 3.0 3.0
0.9989328897184988 4473.00466182097 0.0 1.003098638096795 4497.884610574584 0.0 t_swap_r_k 100 329.90288639068604 3.0 3.0 3.98 3.9699999999999998 3.0 4.01 3.0
0.9989328897184988 4473.00466182097 0.0 1.003098638096795 4497.884610574584 0.0 t_multiswap_k 100 385.1805639266968 3.0 3.0 3.98 3.9699999999999998 3.0 4.01 3.9699999999999998
0.9989328897184988 4473.00466182097 0.0 1.003098638096795 4497.884610574584 0.0 move_t 100 427.7690887451172 3.0 3.9699999999999998 3.98 3.9699999999999998 3.0 4.01 3.9699999999999998
0.9989328897184988 4473.00466182097 0.0 1.0082261666370909 4528.508795170061 0.0 t_swap_k 100 495.899288892746 3.0 3.9699999999999998 4.9502 3.9699999999999998 3.0 4.01 3.9699999999999998
0.9989328897184988 4473.00466182097 0.0 1.0076841719495344 4525.2717297435 0.0 t_swap_r_k 100 689.8164739608765 3.0 3.9699999999999998 4.9502 3.9699999999999998 3.0 5.0099 3.9699999999999998
0.9989328897184988 4473.00466182097 0.0 1.0073158889805782 4523.072158247008 0.0 t_swap_k 100 764.8767263889313 3.0 3.9699999999999998 5.930698 3.9699999999999998 3.0 5.0099 3.9699999999999998
0.9989328897184988 4473.00466182097 0.0 1.0073158889805782 4523.072158247008 0.0 swap_t 100 815.0213620662689 3.0 3.9699999999999998 5.930698 3.9699999999999998 3.9699999999999998 5.0099 3.9699999999999998
0.9989328897184988 4473.00466182097 0.0 1.0073158889805782 4523.072158247008 0.0 t_swap_r_k 100 1024.0387272834778 3.0 3.9699999999999998 5.930698 3.9699999999999998 3.9699999999999998 5.999801 3.9699999999999998
0.9989328897184988 4473.00466182097 0.0 1.0073158889805782 4523.072158247008 0.0 t_move_k 100 1057.9793825149536 3.9699999999999998 3.9699999999999998 5.930698 3.9699999999999998 3.9699999999999998 5.999801 3.9699999999999998
0.9989328897184988 4473.00466182097 0.0 1.0120389972244603 4551.28094101406 0.0 t_swap_k 100 1118.5275149345398 3.9699999999999998 3.9699999999999998 6.91139102 3.9699999999999998 3.9699999999999998 5.999801 3.9699999999999998
0.9989328897184988 4473.00466182097 0.0 1.011151298111685 4545.9791545332555 0.0 t_swap_k 100 1185.979222536087 3.9699999999999998 3.9699999999999998 7.8422771097999995 3.9699999999999998 3.9699999999999998 5.999801 3.9699999999999998
0.9989328897184988 4473.00466182097 0.0 1.0235743029564308 4620.175600366018 0.0 f_swap_t 100 1245.3608236312866 3.9699999999999998 3.9699999999999998 7.8422771097999995 4.9703 3.9699999999999998 5.999801 3.9699999999999998
0.9989328897184988 4473.00466182097 0.0 1.0233820435328345 4619.027330194109 0.0 t_swap_r_k 100 1446.6451816558838 3.9699999999999998 3.9699999999999998 7.8422771097999995 4.9703 3.9699999999999998 6.97980299 3.9699999999999998
0.9989328897184988 4473.00466182097 0.0 1.0233820435328345 4619.027330194109 0.0 t_swap_k 100 1514.5228295326233 3.9699999999999998 3.9699999999999998 8.763854338702 4.9703 3.9699999999999998 6.97980299 3.9699999999999998
0.9989328897184988 4473.00466182097 0.0 1.0199949570299318 4598.797942587473 0.0 t_swap_k 100 1571.4888849258423 3.9699999999999998 3.9699999999999998 9.73621579531498 4.9703 3.9699999999999998 6.97980299 3.9699999999999998
0.9989328897184988 4473.00466182097 0.0 1.0193621535145785 4595.018521075812 0.0 t_move_k 100 1641.6329944133759 4.9303 3.9699999999999998 9.73621579531498 4.9703 3.9699999999999998 6.97980299 3.9699999999999998
0.9989328897184988 4473.00466182097 0.0 1.0190599307692902 4593.213494527851 0.0 t_move_k 100 1703.3842577934265 5.910997 3.9699999999999998 9.73621579531498 4.9703 3.9699999999999998 6.97980299 3.9699999999999998
0.9989328897184988 4473.00466182097 0.0 1.0181722316565147 4587.911708047047 0.0 t_move_k 100 1753.4240589141846 6.85188703 3.9699999999999998 9.73621579531498 4.9703 3.9699999999999998 6.97980299 3.9699999999999998
0.9989328897184988 4473.00466182097 0.0 1.018116821425145 4587.580770219864 0.0 t_move_k 100 1793.2046670913696 7.8133681597 3.9699999999999998 9.73621579531498 4.9703 3.9699999999999998 6.97980299 3.9699999999999998
0.9989328897184988 4473.00466182097 0.0 1.0179553994077228 4586.6166765789485 0.0 f_swap_t 100 1874.551260471344 7.8133681597 3.9699999999999998 9.73621579531498 5.920597 3.9699999999999998 6.97980299 3.9699999999999998
0.9989328897184988 4473.00466182097 0.0 1.0179553994077228 4586.6166765789485 0.0 t_move_k 100 1944.6706221103668 8.735234478103001 3.9699999999999998 9.73621579531498 5.920597 3.9699999999999998 6.97980299 3.9699999999999998
0.9989328897184988 4473.00466182097 0.0 1.0152104345739459 4570.222363194429 0.0 t_move_k 100 1995.2808759212494 9.67788213332197 3.9699999999999998 9.73621579531498 5.920597 3.9699999999999998 6.97980299 3.9699999999999998
0.9989328897184988 4473.00466182097 0.0 1.015157299449216 4569.905013450698 0.0 f_swap_t 100 2054.1544303894043 9.67788213332197 3.9699999999999998 9.73621579531498 6.86139103 3.9699999999999998 6.97980299 3.9699999999999998
0.9989328897184988 4473.00466182097 0.0 1.012451125937917 4553.742381393923 0.0 move_t 100 2099.5404059886932 9.67788213332197 4.9902999999999995 9.73621579531498 6.86139103 3.9699999999999998 6.97980299 3.9699999999999998
0.9989328897184988 4473.00466182097 0.0 1.0120437201937253 4551.309148966775 0.0 t_swap_r_k 100 2305.7140147686005 9.67788213332197 4.9902999999999995 9.73621579531498 6.86139103 3.9699999999999998 7.950004960099999 3.9699999999999998
0.9989328897184988 4473.00466182097 0.0 1.0120437201937253 4551.309148966775 0.0 t_swap_r_k 100 2503.4965782165527 9.67788213332197 4.9902999999999995 9.73621579531498 6.86139103 3.9699999999999998 8.910504910499 3.9699999999999998
0.9989328897184988 4473.00466182097 0.0 1.0120437201937253 4551.309148966775 0.0 t_swap_r_k 100 2696.0746445655823 9.67788213332197 4.9902999999999995 9.73621579531498 6.86139103 3.9699999999999998 9.86139986139401 3.9699999999999998
0.9989328897184988 4473.00466182097 0.0 1.0120437201937253 4551.309148966775 0.0 t_multiswap_k 100 2734.287095785141 9.67788213332197 4.9902999999999995 9.73621579531498 6.86139103 3.9699999999999998 9.86139986139401 4.9303
0.9989328897184988 4473.00466182097 0.0 1.0120437201937253 4551.309148966775 0.0 t_swap_r_k 100 2937.0724952220917 9.67788213332197 4.9902999999999995 9.73621579531498 6.86139103 3.9699999999999998 10.802785862780071 4.9303
0.9989328897184988 4473.00466182097 0.0 1.0120437201937253 4551.309148966775 0.0 move_t 100 2994.844081401825 9.67788213332197 5.940396999999999 9.73621579531498 6.86139103 3.9699999999999998 10.802785862780071 4.9303
0.9989328897184988 4473.00466182097 0.0 1.0120437201937253 4551.309148966775 0.0 t_swap_r_k 100 3196.4759559631348 9.67788213332197 5.940396999999999 9.73621579531498 6.86139103 3.9699999999999998 11.73475800415227 4.9303
0.9989328897184988 4473.00466182097 0.0 1.0200450341404514 4599.097028329173 0.0 t_move_k 100 3253.7122645378113 10.591103311988752 5.940396999999999 9.73621579531498 6.86139103 3.9699999999999998 11.73475800415227 4.9303
0.9989328897184988 4473.00466182097 0.0 1.0200450341404514 4599.097028329173 0.0 swap_t 100 3319.571836709976 10.591103311988752 5.940396999999999 9.73621579531498 6.86139103 4.9303 11.73475800415227 4.9303
0.9989328897184988 4473.00466182097 0.0 1.0200450341404514 4599.097028329173 0.0 t_swap_k 100 3381.6189489364624 10.591103311988752 5.940396999999999 10.63885363736183 6.86139103 4.9303 11.73475800415227 4.9303
0.9989328897184988 4473.00466182097 0.0 1.0120437201937253 4551.309148966775 0.0 t_move_k 100 3427.1879420280457 11.515192278868865 5.940396999999999 10.63885363736183 6.86139103 4.9303 11.73475800415227 4.9303
0.9989328897184988 4473.00466182097 0.0 1.0120437201937253 4551.309148966775 0.0 t_swap_k 100 3509.7338037490845 11.515192278868865 5.940396999999999 11.532465100988212 6.86139103 4.9303 11.73475800415227 4.9303
0.9989328897184988 4473.00466182097 0.0 1.0120437201937253 4551.309148966775 0.0 t_swap_r_k 100 3734.7552490234375 11.515192278868865 5.940396999999999 11.532465100988212 6.86139103 4.9303 12.657410424110749 4.9303