13
9 417 7 2000

Solution history:
B_obj   B_dis   B_sim   C_obj   C_dis   C_sim   neighbor   iterations   time   scores
0.9470560481783206 4491.657738140851 0.22 0.9470560481783206 4491.657738140851 0.22 0 0 0 3.0 3.0 3.0 3.0 3.0 3.0 3.0
0.9470560481783206 4491.657738140851 0.22 0.9470560481783206 4491.657738140851 0.22 t_move_k 100 116.08999681472778 3.9699999999999998 3.0 3.0 3.0 3.0 3.0 3.0
0.9439328897184989 4473.00466182097 0.22 0.9571889557911377 4552.176569149819 0.22 swap_t 100 282.66014218330383 3.9699999999999998 3.0 3.0 3.0 3.98 3.0 3.0
0.9439328897184989 4473.00466182097 0.22 0.9555891488024213 4542.621715548407 0.22 t_swap_k 100 461.385372877121 3.9699999999999998 3.0 3.9699999999999998 3.0 3.98 3.0 3.0
0.9439328897184989 4473.00466182097 0.22 0.9555891488024213 4542.621715548407 0.22 t_swap_k 100 677.3688402175903 3.9699999999999998 3.0 4.9303 3.0 3.98 3.0 3.0
0.9439328897184989 4473.00466182097 0.22 0.9516467238310113 4548.938086611891 0.24 t_multiswap_k 100 802.084269285202 3.9699999999999998 3.0 4.9303 3.0 3.98 3.0 4.0
0.9439328897184989 4473.00466182097 0.22 0.9593721915623183 4595.078473355851 0.24 t_swap_k 100 962.9591374397278 3.9699999999999998 3.0 5.890997 3.0 3.98 3.0 4.0
0.9439328897184989 4473.00466182097 0.22 0.9569863146536517 4588.1420842069465 0.24489795918367346 t_swap_r_k 100 1422.0446066856384 3.9699999999999998 3.0 5.890997 3.0 3.98 4.04 4.0
0.9439328897184989 4473.00466182097 0.22 0.9569863146536515 4588.142084206946 0.24489795918367346 t_multiswap_k 100 1512.8164541721344 3.9699999999999998 3.0 5.890997 3.0 3.98 4.04 4.96
0.9439328897184989 4473.00466182097 0.22 0.9569863146536515 4588.142084206946 0.24489795918367346 t_swap_k 100 1651.5334298610687 3.9699999999999998 3.0 6.832087029999999 3.0 3.98 4.04 4.96
0.9439328897184989 4473.00466182097 0.22 0.9648129998772705 4634.88699282621 0.24489795918367346 t_multiswap_k 100 1710.5745995044708 3.9699999999999998 3.0 6.832087029999999 3.0 3.98 4.04 5.9803999999999995
0.9439328897184989 4473.00466182097 0.22 0.9638987403593773 4629.426574220229 0.24489795918367346 t_multiswap_k 100 1773.6149280071259 3.9699999999999998 3.0 6.832087029999999 3.0 3.98 4.04 6.920596
0.9439328897184989 4473.00466182097 0.22 0.9638607971473041 4629.199958235248 0.24489795918367346 t_swap_r_k 100 2122.5402748584747 3.9699999999999998 3.0 6.832087029999999 3.0 3.98 5.0396 6.920596
0.9439328897184989 4473.00466182097 0.22 0.9638607971473041 4629.199958235248 0.24489795918367346 t_move_k 100 2197.912321805954 4.9303 3.0 6.832087029999999 3.0 3.98 5.0396 6.920596
0.9439328897184989 4473.00466182097 0.22 0.9633107869072359 4625.9150198894395 0.24489795918367346 f_swap_t 100 2290.36044216156 4.9303 3.0 6.832087029999999 4.0 3.98 5.0396 6.920596
0.9439328897184989 4473.00466182097 0.22 0.9633107869072359 4625.9150198894395 0.24489795918367346 t_swap_k 100 2341.3999621868134 4.9303 3.0 7.763766159699999 4.0 3.98 5.0396 6.920596
0.9439328897184989 4473.00466182097 0.22 1.0009939431921628 4843.6645504654125 0.24 t_swap_k 100 2405.6266441345215 4.9303 3.0 8.776128498102999 4.0 3.98 5.0396 6.920596
0.9439328897184989 4473.00466182097 0.22 0.9983299666244345 4827.753939821901 0.24 swap_t 100 2453.008914709091 4.9303 3.0 8.776128498102999 4.0 4.9402 5.0396 6.920596
0.9439328897184989 4473.00466182097 0.22 0.996315402772703 4823.035219381992 0.24489795918367346 t_multiswap_k 100 2502.6756024360657 4.9303 3.0 8.776128498102999 4.0 4.9402 5.0396 7.881390039999999
0.9439328897184989 4473.00466182097 0.22 0.9945393478026752 4826.832650113762 0.2545454545454545 t_swap_k 100 2565.9824175834656 4.9303 3.0 9.718367213121969 4.0 4.9402 5.0396 7.881390039999999
0.9439328897184989 4473.00466182097 0.22 0.9926640819982496 4815.632617640222 0.2545454545454545 swap_t 100 2617.666646718979 4.9303 3.0 9.718367213121969 4.0 5.920798 5.0396 7.881390039999999
0.9439328897184989 4473.00466182097 0.22 0.992228249086372 4813.029603841033 0.2545454545454545 t_multiswap_k 100 2639.146290540695 4.9303 3.0 9.718367213121969 4.0 5.920798 5.0396 8.8025761396
0.9439328897184989 4473.00466182097 0.22 0.992228249086372 4813.029603841033 0.2545454545454545 t_swap_r_k 100 2836.7290370464325 4.9303 3.0 9.718367213121969 4.0 5.920798 6.029204 8.8025761396
0.9439328897184989 4473.00466182097 0.22 0.992228249086372 4813.029603841033 0.2545454545454545 t_swap_k 100 2908.384562253952 4.9303 3.0 10.62118354099075 4.0 5.920798 6.029204 8.8025761396
0.9439328897184989 4473.00466182097 0.22 0.992228249086372 4813.029603841033 0.2545454545454545 swap_t 100 2945.793791770935 4.9303 3.0 10.62118354099075 4.0 6.8615900199999995 6.029204 8.8025761396
0.9439328897184989 4473.00466182097 0.22 0.992228249086372 4813.029603841033 0.2545454545454545 t_swap_k 100 3017.8828794956207 4.9303 3.0 11.514971705580841 4.0 6.8615900199999995 6.029204 8.8025761396
0.9439328897184989 4473.00466182097 0.22 0.992228249086372 4813.029603841033 0.2545454545454545 t_swap_r_k 100 3218.1038250923157 4.9303 3.0 11.514971705580841 4.0 6.8615900199999995 7.00891196 8.8025761396
0.9439328897184989 4473.00466182097 0.22 0.9919220634622892 4811.200908983715 0.2545454545454545 t_swap_k 100 3278.0864996910095 4.9303 3.0 12.429821988525033 4.0 6.8615900199999995 7.00891196 8.8025761396
0.9439328897184989 4473.00466182097 0.22 0.9824947770664566 4754.896403498944 0.2545454545454545 t_swap_k 100 3344.271010875702 4.9303 3.0 13.365523768639783 4.0 6.8615900199999995 7.00891196 8.8025761396
0.9439328897184989 4473.00466182097 0.22 0.9881560520198106 4788.708390668743 0.2545454545454545 t_swap_k 100 3408.034723997116 4.9303 3.0 14.301868530953385 4.0 6.8615900199999995 7.00891196 8.8025761396
0.9439328897184989 4473.00466182097 0.22 0.9865033942642908 4778.837885652448 0.2545454545454545 f_swap_t 100 3451.495487689972 4.9303 3.0 14.301868530953385 4.96 6.8615900199999995 7.00891196 8.8025761396
0.9439328897184989 4473.00466182097 0.22 1.0061970507253446 4896.4583271738575 0.2545454545454545 t_swap_k 100 3508.8296854496 4.9303 3.0 15.198849845643851 4.96 6.8615900199999995 7.00891196 8.8025761396
0.9439328897184989 4473.00466182097 0.22 1.000298392994715 4861.228570422875 0.2545454545454545 swap_t 100 3552.832467317581 4.9303 3.0 15.198849845643851 4.96 7.8529741198 7.00891196 8.8025761396
0.9439328897184989 4473.00466182097 0.22 0.9961930301987347 4836.709274799755 0.2545454545454545 t_swap_k 100 3618.4365923404694 4.9303 3.0 16.076861347187414 4.96 7.8529741198 7.00891196 8.8025761396