1
3 51 2 160

699.9420712391357

616.5486730407642
5.03125
4 250 7200 720
2 1 1 2 1

Assigned customers matrix:
Vehicle 0:
0 12 17 4 19 45 33 39 30 34 38 0 0 0 0 0 0 0 0 0 0 0
0 46 27 48 23 7 43 14 25 47 0 0 0 0 0 0 0 0 0 0 0 0

Vehicle 1:
0 51 0 0 0 0 0 0 0 0 0 0 0 0 0 0 0 0 0 0 0 0
0 32 1 22 20 35 36 29 21 50 9 49 10 5 0 0 0 0 0 0 0 0

Vehicle 2:
0 6 24 26 8 31 28 3 2 16 11 0 0 0 0 0 0 0 0 0 0 0
0 18 13 41 40 42 44 15 37 0 0 0 0 0 0 0 0 0 0 0 0 0

Transported demand matrix:
157 157
160 157
160 146

Routes distance matrix:
138.07830695871155 105.29940335994883
0.0 135.97990005452982
128.29431939887488 108.89674326869921