2
3 50 5 160

1806.0337130867758

1576.1025167890068
35.296875
4 250 7200 720
25 14 9 3 1

Assigned customers matrix:
Vehicle 0:
0 12 5 37 44 42 41 13 0 0 0 0 0 0 0 0 0 0 0 0 0 0
0 12 47 38 9 10 39 33 45 41 0 0 0 0 0 0 0 0 0 0 0 0
0 12 5 15 44 42 19 41 13 0 0 0 0 0 0 0 0 0 0 0 0 0
0 12 47 4 41 40 33 39 9 38 0 0 0 0 0 0 0 0 0 0 0 0
0 12 17 41 0 0 0 0 0 0 0 0 0 0 0 0 0 0 0 0 0 0

Vehicle 1:
0 27 8 26 31 28 14 25 18 0 0 0 0 0 0 0 0 0 0 0 0 0
0 6 48 23 7 43 25 18 0 0 0 0 0 0 0 0 0 0 0 0 0 0
0 27 8 31 28 14 25 18 0 0 0 0 0 0 0 0 0 0 0 0 0 0
0 6 48 23 7 43 24 25 18 0 0 0 0 0 0 0 0 0 0 0 0 0
0 18 25 0 0 0 0 0 0 0 0 0 0 0 0 0 0 0 0 0 0 0

Vehicle 2:
0 1 2 20 34 30 49 0 0 0 0 0 0 0 0 0 0 0 0 0 0 0
0 2 20 35 29 34 50 16 11 0 0 0 0 0 0 0 0 0 0 0 0 0
0 46 32 2 20 3 34 30 49 0 0 0 0 0 0 0 0 0 0 0 0 0
0 11 16 34 21 35 36 20 2 0 0 0 0 0 0 0 0 0 0 0 0 0
0 32 2 22 3 20 34 0 0 0 0 0 0 0 0 0 0 0 0 0 0 0

Transported demand matrix:
138 159 148 160 59
160 147 153 157 69
128 151 154 149 120

Routes distance matrix:
97.79839615153213 144.8484679983211 100.35315900703833 144.93693167609993 66.41837323567094
117.79410502864877 99.71190029591688 109.75267131389279 100.04007639957746 49.03195570896274
102.01272045384361 105.05926473504232 113.38062293002517 115.81669153258284 109.14718032185212