4
5 75 2 140

1191.564504632046

1061.5680088637143
23.8125
4 250 7200 720
1 1 8 5 1

Assigned customers matrix:
Vehicle 0:
0 68 63 42 64 22 61 28 62 73 0 0 0 0 0 0 0 0 0 0
0 17 3 49 24 18 25 55 31 39 0 0 0 0 0 0 0 0 0 0

Vehicle 1:
0 4 1 43 41 56 23 33 0 0 0 0 0 0 0 0 0 0 0 0
0 29 20 70 60 37 47 21 48 0 0 0 0 0 0 0 0 0 0 0

Vehicle 2:
0 58 10 9 32 50 0 0 0 0 0 0 0 0 0 0 0 0 0 0
0 6 51 2 30 74 5 46 0 0 0 0 0 0 0 0 0 0 0 0

Vehicle 3:
0 12 72 38 65 11 19 27 45 0 0 0 0 0 0 0 0 0 0 0
0 52 8 35 14 59 54 13 0 0 0 0 0 0 0 0 0 0 0 0

Vehicle 4:
0 75 67 26 40 44 16 0 0 0 0 0 0 0 0 0 0 0 0 0
0 34 7 53 66 57 15 36 71 69 0 0 0 0 0 0 0 0 0 0

Transported demand matrix:
140 138
140 140
126 137
140 128
137 138

Routes distance matrix:
119.16800620552658 132.49510276891212
93.3398394145933 104.93936905331498
86.16099565860208 92.63671534995535
101.15303366497135 100.30894921569276
68.06865426831797 163.29734326382803