5
6 75 5 140

2803.066737056107

2510.1809666295762
65.765625
4 250 7200 720
17 6 8 7 0

Assigned customers matrix:
Vehicle 0:
0 21 69 36 60 70 20 37 67 0 0 0 0 0 0 0 0 0 0 0
0 67 30 2 62 21 29 0 0 0 0 0 0 0 0 0 0 0 0 0
0 67 5 20 47 21 48 0 0 0 0 0 0 0 0 0 0 0 0 0
0 67 30 2 62 22 21 0 0 0 0 0 0 0 0 0 0 0 0 0
0 48 21 61 71 47 5 67 0 0 0 0 0 0 0 0 0 0 0 0

Vehicle 1:
0 46 35 14 0 0 0 0 0 0 0 0 0 0 0 0 0 0 0 0
0 17 6 45 52 8 14 0 0 0 0 0 0 0 0 0 0 0 0 0
0 34 46 27 13 54 14 0 0 0 0 0 0 0 0 0 0 0 0 0
0 17 6 45 52 8 14 0 0 0 0 0 0 0 0 0 0 0 0 0
0 34 27 15 57 54 19 14 7 0 0 0 0 0 0 0 0 0 0 0

Vehicle 2:
0 1 42 64 28 74 4 0 0 0 0 0 0 0 0 0 0 0 0 0
0 75 4 28 64 56 23 0 0 0 0 0 0 0 0 0 0 0 0 0
0 4 68 73 1 43 64 28 0 0 0 0 0 0 0 0 0 0 0 0
0 75 4 28 64 56 49 0 0 0 0 0 0 0 0 0 0 0 0 0
0 63 43 41 64 28 4 0 0 0 0 0 0 0 0 0 0 0 0 0

Vehicle 3:
0 0 0 0 0 0 0 0 0 0 0 0 0 0 0 0 0 0 0 0
0 26 12 58 31 55 44 0 0 0 0 0 0 0 0 0 0 0 0 0
0 0 0 0 0 0 0 0 0 0 0 0 0 0 0 0 0 0 0 0
0 26 12 72 58 31 44 0 0 0 0 0 0 0 0 0 0 0 0 0
0 0 0 0 0 0 0 0 0 0 0 0 0 0 0 0 0 0 0 0

Vehicle 4:
0 53 11 65 66 0 0 0 0 0 0 0 0 0 0 0 0 0 0 0
0 39 10 38 11 66 0 0 0 0 0 0 0 0 0 0 0 0 0 0
0 53 11 66 59 0 0 0 0 0 0 0 0 0 0 0 0 0 0 0
0 39 10 38 11 66 0 0 0 0 0 0 0 0 0 0 0 0 0 0
0 11 66 59 0 0 0 0 0 0 0 0 0 0 0 0 0 0 0 0

Vehicle 5:
0 33 51 3 32 9 40 0 0 0 0 0 0 0 0 0 0 0 0 0
0 40 9 32 24 16 0 0 0 0 0 0 0 0 0 0 0 0 0 0
0 33 32 50 9 40 0 0 0 0 0 0 0 0 0 0 0 0 0 0
0 16 24 32 9 40 0 0 0 0 0 0 0 0 0 0 0 0 0 0
0 32 50 18 25 9 40 0 0 0 0 0 0 0 0 0 0 0 0 0

Transported demand matrix:
138 137 140 136 136
68 126 122 126 135
126 139 139 138 131
0 104 0 98 0
105 140 120 140 98
140 136 139 136 139

Routes distance matrix:
109.81130201031621 86.35086395752822 93.99679574077093 90.35190755418108 113.28762333052762
57.82698428302546 93.23716820510165 80.62758953842697 93.23716820510165 94.03848648271398
97.19699470661723 111.82887352900208 102.03361145723913 117.0023707397191 102.2742353040461
0.0 109.59880764630525 0.0 96.59823757961601 0.0
81.25808766264214 92.60029306625444 91.63476093386063 92.60029306625444 90.11795231057786
77.50915404842898 84.29881603522111 85.14406471834008 84.29881603522111 81.41970848253725