7
4 100 2 200

1215.712237778415

1002.9258356506111
45.78125
4 250 7200 720
19 5 46 2 1

Assigned customers matrix:
Vehicle 0:
0 27 52 7 82 8 46 49 64 11 62 10 30 51 50 0 0 0 0 0 0 0 0 0 0 0 0 0 0 0 0 0 0 0 0 0 0
0 6 94 59 93 61 5 60 88 69 1 33 78 34 80 12 0 0 0 0 0 0 0 0 0 0 0 0 0 0 0 0 0 0 0 0 0

Vehicle 1:
0 28 68 79 81 9 71 35 65 66 20 70 0 0 0 0 0 0 0 0 0 0 0 0 0 0 0 0 0 0 0 0 0 0 0 0 0
0 58 40 21 73 72 74 75 23 67 25 55 4 26 0 0 0 0 0 0 0 0 0 0 0 0 0 0 0 0 0 0 0 0 0 0 0

Vehicle 2:
0 76 77 3 29 24 54 39 56 22 41 2 0 0 0 0 0 0 0 0 0 0 0 0 0 0 0 0 0 0 0 0 0 0 0 0 0
0 53 13 95 92 98 100 91 16 86 45 83 0 0 0 0 0 0 0 0 0 0 0 0 0 0 0 0 0 0 0 0 0 0 0 0 0

Vehicle 3:
0 96 99 85 37 97 87 42 57 15 43 14 44 38 17 84 0 0 0 0 0 0 0 0 0 0 0 0 0 0 0 0 0 0 0 0 0
0 89 18 48 47 36 19 63 90 32 31 0 0 0 0 0 0 0 0 0 0 0 0 0 0 0 0 0 0 0 0 0 0 0 0 0 0

Transported demand matrix:
186 200
199 196
137 168
197 175

Routes distance matrix:
152.99281622389722 143.85218705079168
125.51561159901537 106.43200068826121
116.11999344095338 92.56369111605322
149.2598447747767 116.18969075686238