24
3 51 6 20

5108.711959155171

4433.551223425548
22.75
4 250 7200 720
44 4 8 1 0

Assigned customers matrix:
Vehicle 0:
0 3 24 9 27 4 0 0 0 0 0 0 0
0 14 45 4 26 3 22 8 0 0 0 0 0
0 43 42 3 4 29 10 0 0 0 0 0 0
0 3 25 9 4 0 0 0 0 0 0 0 0
0 14 44 4 3 23 8 0 0 0 0 0 0
0 46 47 31 10 28 4 3 0 0 0 0 0

Vehicle 1:
0 5 6 0 0 0 0 0 0 0 0 0 0
0 5 32 11 6 37 12 38 0 0 0 0 0
0 48 6 5 0 0 0 0 0 0 0 0 0
0 5 6 0 0 0 0 0 0 0 0 0 0
0 5 33 11 35 34 6 12 0 0 0 0 0
0 50 51 49 6 5 30 0 0 0 0 0 0

Vehicle 2:
0 2 1 0 0 0 0 0 0 0 0 0 0
0 2 18 7 17 1 0 0 0 0 0 0 0
0 15 1 2 40 13 0 0 0 0 0 0 0
0 41 2 1 0 0 0 0 0 0 0 0 0
0 2 19 7 1 39 36 0 0 0 0 0 0
0 15 1 16 2 21 20 13 0 0 0 0 0

Transported demand matrix:
15 20 17 13 18 19
8 20 10 8 20 16
8 15 16 10 17 20

Routes distance matrix:
233.2276260798244 303.7002770281088 283.1540357156948 232.08459540718633 287.7686861212493 285.3457087520284
173.2035403818687 342.9414186836659 175.89855395861352 173.2035403818687 344.77448820828226 253.3088165873193
173.20504038169383 233.2276260798244 199.44082876387932 175.89963052868097 295.3834636818978 267.7833466838631