26
3 51 6 20

5095.500142759081

4472.463133004166
19.4375
4 250 7200 720
32 6 3 1 0

Assigned customers matrix:
Vehicle 0:
0 3 24 9 27 4 0 0 0 0 0 0 0
0 44 4 3 23 22 8 0 0 0 0 0 0
0 3 26 4 29 10 31 0 0 0 0 0 0
0 43 42 3 25 9 4 0 0 0 0 0 0
0 4 3 8 0 0 0 0 0 0 0 0 0
0 3 4 28 10 0 0 0 0 0 0 0 0

Vehicle 1:
0 46 5 34 6 48 0 0 0 0 0 0 0
0 5 33 11 35 6 12 0 0 0 0 0 0
0 14 45 30 5 6 0 0 0 0 0 0 0
0 5 6 0 0 0 0 0 0 0 0 0 0
0 5 32 11 6 37 12 0 0 0 0 0 0
0 14 47 5 6 0 0 0 0 0 0 0 0

Vehicle 2:
0 15 51 1 2 40 13 0 0 0 0 0 0
0 2 19 7 1 38 39 0 0 0 0 0 0
0 50 1 2 0 0 0 0 0 0 0 0 0
0 15 49 36 1 2 13 0 0 0 0 0 0
0 2 18 7 17 1 0 0 0 0 0 0 0
0 41 2 21 20 16 1 0 0 0 0 0 0

Transported demand matrix:
17 19 19 19 13 15
16 20 17 10 20 15
20 19 12 20 17 18

Routes distance matrix:
233.2276260798244 288.590495174147 299.9947228080602 240.88949960784402 273.20504038169383 274.34913151503713
194.5242230984597 333.2279135366259 233.80075165484834 173.2035403818687 333.2275264095439 186.62434625412098
200.04572923038617 288.06400791083394 175.90031804268312 252.6433502955426 233.2276260798244 257.7172845428224