28
6 102 6 20

33794.612677890844

29835.703748496282
177.96875
4 250 7200 720
83 15 17 2 0

Assigned customers matrix:
Vehicle 0:
0 6 12 88 27 0 0 0 0 0 0 0 0
0 6 47 17 12 0 0 0 0 0 0 0 0
0 6 30 12 85 26 0 0 0 0 0 0 0
0 6 50 12 87 27 102 0 0 0 0 0 0
0 63 64 6 49 17 12 0 0 0 0 0 0
0 6 52 30 12 86 26 83 0 0 0 0 0

Vehicle 1:
0 44 16 29 80 79 10 4 0 0 0 0 0
0 20 59 4 40 15 10 0 0 0 0 0 0
0 4 95 10 77 76 24 23 0 0 0 0 0
0 4 43 16 29 96 10 0 0 0 0 0 0
0 20 60 4 41 15 10 0 0 0 0 0 0
0 4 42 10 78 24 75 23 0 0 0 0 0

Vehicle 2:
0 5 11 81 25 0 0 0 0 0 0 0 0
0 5 11 0 0 0 0 0 0 0 0 0 0
0 5 11 0 0 0 0 0 0 0 0 0 0
0 61 62 5 11 84 82 25 0 0 0 0 0
0 5 45 46 97 98 11 0 0 0 0 0 0
0 5 48 11 0 0 0 0 0 0 0 0 0

Vehicle 3:
0 1 54 18 101 7 0 0 0 0 0 0 0
0 1 32 13 7 100 99 0 0 0 0 0 0
0 21 65 1 53 7 0 0 0 0 0 0 0
0 1 51 18 7 68 67 92 0 0 0 0 0
0 1 31 34 13 7 0 0 0 0 0 0 0
0 21 66 1 7 89 90 0 0 0 0 0 0

Vehicle 4:
0 58 57 3 2 0 0 0 0 0 0 0 0
0 2 3 0 0 0 0 0 0 0 0 0 0
0 2 3 14 28 91 69 22 0 0 0 0 0
0 2 3 0 0 0 0 0 0 0 0 0 0
0 2 3 0 0 0 0 0 0 0 0 0 0
0 2 3 14 28 70 22 0 0 0 0 0 0

Vehicle 5:
0 33 8 93 9 0 0 0 0 0 0 0 0
0 19 38 94 9 8 0 0 0 0 0 0 0
0 55 36 35 8 9 0 0 0 0 0 0 0
0 39 9 8 0 0 0 0 0 0 0 0 0
0 19 37 9 8 0 0 0 0 0 0 0 0
0 56 8 72 71 74 73 9 0 0 0 0 0

Transported demand matrix:
14 14 16 18 18 20
20 18 20 18 18 20
14 10 10 20 18 12
16 18 16 20 16 18
14 10 20 10 10 18
14 16 16 12 14 20

Routes distance matrix:
1083.0677852009317 628.241483110213 1157.631945940674 1111.986971676482 622.2596131724918 1168.8034123152177
863.1243160583332 641.6621836110346 1692.0277449077912 661.0658028783987 626.8750991874238 1605.0602596906224
1083.0681774318955 577.3497018943544 577.3497018943544 1313.0057543809853 640.5327508664982 588.5073324981593
618.0098326102061 791.3617180583665 601.9283775161065 1037.0362065830036 632.3223061052755 870.6652294532273
182.00844458252635 173.2035403818687 1223.2778546233808 173.2035403818687 173.2035403818687 1209.847766708051
871.2663020540831 882.8410850367818 875.8442962243699 870.2825485719571 872.5879385147706 1135.193183992701