29
6 102 6 20

34142.2540834451

30686.209708643983
181.125
4 250 7200 720
62 32 15 2 0

Assigned customers matrix:
Vehicle 0:
0 6 99 12 97 98 0 0 0 0 0 0 0
0 6 12 88 27 0 0 0 0 0 0 0 0
0 6 49 47 48 12 0 0 0 0 0 0 0
0 6 52 100 12 0 0 0 0 0 0 0 0
0 6 50 12 87 27 102 0 0 0 0 0 0
0 6 12 85 86 83 84 0 0 0 0 0 0

Vehicle 1:
0 4 44 16 29 95 10 0 0 0 0 0 0
0 59 4 40 39 15 10 0 0 0 0 0 0
0 20 62 60 4 42 10 0 0 0 0 0 0
0 4 43 16 29 96 10 0 0 0 0 0 0
0 4 41 15 10 0 0 0 0 0 0 0 0
0 20 4 10 78 77 75 0 0 0 0 0 0

Vehicle 2:
0 5 11 80 79 25 26 0 0 0 0 0 0
0 5 46 11 0 0 0 0 0 0 0 0 0
0 5 45 81 82 11 17 0 0 0 0 0 0
0 61 5 11 26 25 0 0 0 0 0 0 0
0 5 11 0 0 0 0 0 0 0 0 0 0
0 5 17 11 0 0 0 0 0 0 0 0 0

Vehicle 3:
0 1 54 51 18 30 7 0 0 0 0 0 0
0 21 66 1 7 89 90 0 0 0 0 0 0
0 1 31 34 33 13 7 0 0 0 0 0 0
0 1 53 18 30 101 7 0 0 0 0 0 0
0 21 65 1 7 68 67 0 0 0 0 0 0
0 63 64 1 32 13 7 0 0 0 0 0 0

Vehicle 4:
0 2 8 0 0 0 0 0 0 0 0 0 0
0 58 2 8 70 22 23 0 0 0 0 0 0
0 2 36 14 28 8 0 0 0 0 0 0 0
0 2 8 0 0 0 0 0 0 0 0 0 0
0 2 8 71 23 69 22 0 0 0 0 0 0
0 2 35 14 28 92 8 0 0 0 0 0 0

Vehicle 5:
0 3 9 24 0 0 0 0 0 0 0 0 0
0 3 9 37 55 56 19 0 0 0 0 0 0
0 3 9 0 0 0 0 0 0 0 0 0 0
0 3 94 93 9 76 24 0 0 0 0 0 0
0 19 57 3 9 0 0 0 0 0 0 0 0
0 3 38 91 72 74 73 9 0 0 0 0 0

Transported demand matrix:
16 15 16 14 19 18
20 19 19 20 15 19
20 12 19 18 10 13
20 19 19 20 19 19
10 20 18 10 20 20
13 19 10 19 15 20

Routes distance matrix:
880.9753844141486 1083.0677852009317 643.8424842915364 622.1896596802031 1111.986971676482 1099.9107005359886
661.0658028783987 642.4838821866399 628.7955112163712 661.0658028783987 613.4547162149088 1054.9898128654024
1714.739620520683 588.5079171252509 891.1827597924513 1580.045231808966 577.3497018943544 612.3105979254327
676.9082974659598 870.6652294532273 643.8691099924065 661.0658028783987 870.6652294532273 649.0359167265926
577.3497018943544 1615.1831252655916 658.0396412150812 577.3497018943544 1593.902053817239 661.0652417850192
1077.3511091167602 607.5225291589851 577.3497018943544 1128.240921971043 590.770007770532 981.9120437843103