30
9 153 6 20

125606.57424333305

104605.15561669189
1049.765625
4 250 7200 720
94 15 35 5 0

Assigned customers matrix:
Vehicle 0:
0 77 61 112 113 11 17 132 133 0 0 0 0
0 26 11 97 44 149 17 0 0 0 0 0 0
0 23 11 17 0 0 0 0 0 0 0 0 0
0 76 11 17 135 134 0 0 0 0 0 0 0
0 26 60 11 96 44 148 17 0 0 0 0 0
0 64 23 11 98 99 17 0 0 0 0 0 0

Vehicle 1:
0 49 48 8 14 33 0 0 0 0 0 0 0
0 53 20 107 106 8 29 14 0 0 0 0 0
0 70 51 50 8 85 28 14 0 0 0 0 0
0 8 14 122 120 121 33 0 0 0 0 0 0
0 20 8 87 29 142 14 84 0 0 0 0 0
0 71 8 86 143 14 28 82 0 0 0 0 0

Vehicle 2:
0 25 72 9 15 124 0 0 0 0 0 0 0
0 73 9 15 126 127 0 0 0 0 0 0 0
0 34 108 9 91 30 15 0 0 0 0 0 0
0 25 52 9 145 15 0 0 0 0 0 0 0
0 89 144 15 9 0 0 0 0 0 0 0 0
0 34 109 9 90 30 15 0 0 0 0 0 0

Vehicle 3:
0 4 22 10 16 128 39 0 0 0 0 0 0
0 4 10 94 16 0 0 0 0 0 0 0 0
0 74 75 4 110 111 10 16 0 0 0 0 0
0 4 22 10 16 129 39 0 0 0 0 0 0
0 4 10 93 92 16 131 130 0 0 0 0 0
0 95 146 147 16 10 4 0 0 0 0 0 0

Vehicle 4:
0 5 0 0 0 0 0 0 0 0 0 0 0
0 5 35 31 40 41 42 0 0 0 0 0 0
0 5 24 36 0 0 0 0 0 0 0 0 0
0 5 0 0 0 0 0 0 0 0 0 0 0
0 5 35 31 40 41 42 0 0 0 0 0 0
0 5 66 24 36 0 0 0 0 0 0 0 0

Vehicle 5:
0 6 67 114 115 12 18 0 0 0 0 0 0
0 6 12 103 18 137 136 0 0 0 0 0 0
0 6 65 12 101 32 18 0 0 0 0 0 0
0 6 12 18 151 150 102 79 0 0 0 0 0
0 78 6 12 18 138 139 0 0 0 0 0 0
0 6 12 100 32 18 0 0 0 0 0 0 0

Vehicle 6:
0 3 0 0 0 0 0 0 0 0 0 0 0
0 3 55 21 0 0 0 0 0 0 0 0 0
0 3 0 0 0 0 0 0 0 0 0 0 0
0 3 0 0 0 0 0 0 0 0 0 0 0
0 3 54 21 0 0 0 0 0 0 0 0 0
0 3 56 57 58 59 0 0 0 0 0 0 0

Vehicle 7:
0 1 7 105 45 152 13 0 0 0 0 0 0
0 1 7 83 13 0 0 0 0 0 0 0 0
0 1 69 116 117 7 13 0 0 0 0 0 0
0 1 7 104 45 153 13 0 0 0 0 0 0
0 80 81 1 68 7 13 0 0 0 0 0 0
0 1 7 13 141 140 118 0 0 0 0 0 0

Vehicle 8:
0 27 2 19 0 0 0 0 0 0 0 0 0
0 2 43 123 38 37 0 0 0 0 0 0 0
0 2 0 0 0 0 0 0 0 0 0 0 0
0 27 46 47 19 2 62 63 0 0 0 0 0
0 2 88 43 125 38 37 119 0 0 0 0 0
0 2 0 0 0 0 0 0 0 0 0 0 0

Transported demand matrix:
20 18 11 14 20 17
15 20 19 17 20 19
15 14 18 15 12 18
20 14 20 20 20 18
4 19 10 4 19 12
18 18 19 20 18 17
4 9 4 4 9 12
19 14 18 19 18 18
10 15 4 18 19 4

Routes distance matrix:
2729.7293126655113 2007.2793644440085 1751.5414613278099 2572.5181720455444 2021.3150287031885 1874.0345686734227
2374.284254668447 2000.138089161091 1958.91356643252 3655.0535395832844 2027.4293742100306 1958.1741262733008
2519.437252220142 2572.517600199244 2016.1957407595205 1786.4574315711754 1852.938683814014 2016.1954769193544
3284.1622117607694 1794.6419873136651 1786.027350109254 3284.1622117607694 2860.72716626514 1882.842572093578
115.46954038186868 6010.487406084632 473.2042322723271 115.46954038186868 6010.487406084632 473.9682807941671
1783.685154650744 2634.326061079232 1960.2488948243804 1883.4339591731025 2687.6340378486248 1949.0909245355024
115.46954038186868 216.61472326063463 115.46954038186868 115.46954038186868 216.61433103489668 242.01026505617443
2013.2643334880531 1794.6419873136651 1793.1223827805811 2001.13369009821 1752.0122532280116 3336.585638254528
267.9741166226132 4552.132947014436 115.46954038186868 416.41351669080257 4741.065748854105 115.46954038186868