31
9 153 6 20

127635.67882667744

102434.06557373563
1309.890625
4 250 7200 720
156 46 41 3 2

Assigned customers matrix:
Vehicle 0:
0 35 112 11 96 149 17 32 0 0 0 0 0
0 63 22 11 17 133 0 0 0 0 0 0 0
0 11 95 94 146 147 17 45 0 0 0 0 0
0 35 113 11 97 148 17 32 0 0 0 0 0
0 76 77 22 11 17 135 134 0 0 0 0 0
0 11 98 99 17 150 151 45 0 0 0 0 0

Vehicle 1:
0 70 50 19 8 14 122 38 0 0 0 0 0
0 20 34 107 8 84 85 14 0 0 0 0 0
0 71 48 8 14 121 37 33 0 0 0 0 0
0 19 8 14 123 38 0 0 0 0 0 0 0
0 20 34 106 8 143 142 14 0 0 0 0 0
0 8 87 86 14 120 37 33 0 0 0 0 0

Vehicle 2:
0 21 9 88 29 43 144 15 0 0 0 0 0
0 51 109 108 9 15 126 39 0 0 0 0 0
0 25 53 52 9 91 30 15 0 0 0 0 0
0 21 9 89 29 43 145 15 0 0 0 0 0
0 73 9 15 127 39 124 125 0 0 0 0 0
0 25 72 9 90 30 15 0 0 0 0 0 0

Vehicle 3:
0 4 10 93 92 16 0 0 0 0 0 0 0
0 4 10 16 111 75 0 0 0 0 0 0 0
0 4 10 16 110 74 0 0 0 0 0 0 0
0 4 10 16 128 129 0 0 0 0 0 0 0
0 4 10 16 0 0 0 0 0 0 0 0 0
0 4 10 16 131 130 0 0 0 0 0 0 0

Vehicle 4:
0 26 5 23 36 0 0 0 0 0 0 0 0
0 5 31 44 40 41 42 153 152 0 0 0 0
0 5 0 0 0 0 0 0 0 0 0 0 0
0 26 5 23 36 105 104 0 0 0 0 0 0
0 5 31 44 132 40 41 42 0 0 0 0 0
0 5 0 0 0 0 0 0 0 0 0 0 0

Vehicle 5:
0 6 12 18 138 139 0 0 0 0 0 0 0
0 6 12 18 115 79 0 0 0 0 0 0 0
0 78 114 18 12 6 0 0 0 0 0 0 0
0 6 12 18 137 136 0 0 0 0 0 0 0
0 6 12 100 101 18 0 0 0 0 0 0 0
0 6 12 103 102 18 0 0 0 0 0 0 0

Vehicle 6:
0 27 3 0 0 0 0 0 0 0 0 0 0
0 3 0 0 0 0 0 0 0 0 0 0 0
0 3 56 57 58 59 0 0 0 0 0 0 0
0 27 69 68 3 54 55 60 61 0 0 0 0
0 3 0 0 0 0 0 0 0 0 0 0 0
0 3 0 0 0 0 0 0 0 0 0 0 0

Vehicle 7:
0 81 1 117 7 13 0 0 0 0 0 0 0
0 1 7 83 28 13 0 0 0 0 0 0 0
0 80 116 13 7 1 0 0 0 0 0 0 0
0 1 7 13 118 119 0 0 0 0 0 0 0
0 1 7 82 28 13 0 0 0 0 0 0 0
0 1 7 13 141 140 0 0 0 0 0 0 0

Vehicle 8:
0 2 66 67 24 0 0 0 0 0 0 0 0
0 2 0 0 0 0 0 0 0 0 0 0 0
0 2 0 0 0 0 0 0 0 0 0 0 0
0 2 49 46 47 24 65 64 62 0 0 0 0
0 2 0 0 0 0 0 0 0 0 0 0 0
0 2 0 0 0 0 0 0 0 0 0 0 0

Transported demand matrix:
20 16 20 20 20 20
20 20 20 16 20 20
20 20 20 20 20 18
19 19 19 19 15 19
11 19 5 15 17 5
19 19 19 19 19 19
7 5 13 19 5 5
19 19 19 19 19 19
11 5 5 19 5 5

Routes distance matrix:
2126.2488596537696 2584.2274048106465 3225.0868520046097 2013.658167265389 2596.004537469952 2807.0216916997224
3321.7499779342743 1974.9439370231457 3585.366146051786 3268.6926045829505 1938.645232918892 3692.4032808807997
2035.9173323985422 3304.999943445423 1958.0944537293396 2035.916864326133 4105.021785384459 1956.7976142694044
1907.8408151533495 1742.809437618597 1736.5163290708085 2684.9358055350285 1732.0499999999997 2684.9363511117904
501.49028488525937 6080.3485938513095 115.46954038186868 927.9501897000056 6052.301208768222 115.46954038186868
2684.93902427188 1742.8094603277993 1736.5164370002983 2571.733059634427 1852.3762250411796 1907.8415399741575
192.25071286684403 115.46954038186868 242.01026505617443 434.51314107791416 115.46954038186868 115.46954038186868
1779.8434053170276 1949.0916808807588 1736.5163290708088 2684.9358055350285 1949.0916808807588 2684.9363511117904
297.27192088208244 115.46954038186868 115.46954038186868 366.18696982630354 115.46954038186868 115.46954038186868