32
9 153 6 20

126353.92675262937

106085.68211636167
702.390625
4 250 7200 720
84 25 15 3 0

Assigned customers matrix:
Vehicle 0:
0 76 77 113 11 17 132 133 0 0 0 0 0
0 64 23 11 97 44 17 0 0 0 0 0 0
0 26 11 148 17 147 146 0 0 0 0 0 0
0 11 17 135 134 136 137 0 0 0 0 0 0
0 23 11 96 44 149 17 0 0 0 0 0 0
0 26 112 11 98 99 17 0 0 0 0 0 0

Vehicle 1:
0 70 50 107 8 14 122 123 0 0 0 0 0
0 8 87 29 142 14 84 0 0 0 0 0 0
0 34 8 14 152 153 141 0 0 0 0 0 0
0 71 8 14 120 121 0 0 0 0 0 0 0
0 8 86 29 143 14 85 0 0 0 0 0 0
0 34 106 8 14 0 0 0 0 0 0 0 0

Vehicle 2:
0 72 9 88 43 144 15 0 0 0 0 0 0
0 109 108 9 91 30 15 0 0 0 0 0 0
0 9 15 127 39 124 125 0 0 0 0 0 0
0 9 89 43 145 15 0 0 0 0 0 0 0
0 9 90 30 15 0 0 0 0 0 0 0 0
0 73 9 15 126 39 0 0 0 0 0 0 0

Vehicle 3:
0 4 10 94 95 16 0 0 0 0 0 0 0
0 4 10 16 111 75 0 0 0 0 0 0 0
0 4 10 16 110 74 0 0 0 0 0 0 0
0 4 10 16 128 129 0 0 0 0 0 0 0
0 4 10 93 92 16 0 0 0 0 0 0 0
0 4 10 16 131 130 0 0 0 0 0 0 0

Vehicle 4:
0 24 33 45 18 0 0 0 0 0 0 0 0
0 22 31 32 18 41 40 0 0 0 0 0 0
0 18 138 42 0 0 0 0 0 0 0 0 0
0 24 33 45 151 18 0 0 0 0 0 0 0
0 22 31 32 18 41 40 0 0 0 0 0 0
0 67 150 18 139 42 140 0 0 0 0 0 0

Vehicle 5:
0 5 6 66 12 0 0 0 0 0 0 0 0
0 5 6 114 115 12 0 0 0 0 0 0 0
0 5 6 12 103 102 0 0 0 0 0 0 0
0 5 65 6 12 0 0 0 0 0 0 0 0
0 5 6 12 100 101 0 0 0 0 0 0 0
0 78 79 6 5 12 0 0 0 0 0 0 0

Vehicle 6:
0 25 3 53 52 51 48 49 0 0 0 0 0
0 3 0 0 0 0 0 0 0 0 0 0 0
0 3 54 21 57 58 59 35 0 0 0 0 0
0 25 3 0 0 0 0 0 0 0 0 0 0
0 3 0 0 0 0 0 0 0 0 0 0 0
0 3 55 56 21 35 0 0 0 0 0 0 0

Vehicle 7:
0 80 104 13 7 1 0 0 0 0 0 0 0
0 69 117 13 7 1 0 0 0 0 0 0 0
0 68 116 13 7 1 0 0 0 0 0 0 0
0 1 7 83 82 13 0 0 0 0 0 0 0
0 1 7 13 105 81 0 0 0 0 0 0 0
0 1 7 13 118 119 0 0 0 0 0 0 0

Vehicle 8:
0 27 46 47 2 20 60 61 0 0 0 0 0
0 2 19 36 28 37 38 0 0 0 0 0 0
0 2 0 0 0 0 0 0 0 0 0 0 0
0 27 62 63 2 20 0 0 0 0 0 0 0
0 2 19 36 28 37 38 0 0 0 0 0 0
0 2 0 0 0 0 0 0 0 0 0 0 0

Transported demand matrix:
20 20 19 18 20 19
20 19 19 16 19 15
19 19 19 17 15 17
19 19 19 19 19 19
14 20 10 16 20 16
17 19 19 17 19 19
18 5 19 8 5 15
19 19 19 19 19 19
19 20 5 15 20 5

Routes distance matrix:
2724.057043963113 2013.7171518316732 2319.758184819547 3141.153518506655 2032.7566557228615 1868.8007840407354
2585.9726522038327 2007.938018559522 3376.338605148817 2572.5180807796623 1994.9261288763996 1799.1523743367911
2002.9964452149172 1993.1188060256584 4104.236685982851 2013.2646584247884 1949.0930798690667 3249.986039458441
1907.8408151533495 1742.809437618597 1736.5163290708085 2684.9358055350285 1907.8408151533495 2684.9363511117904
1924.2824993827467 5366.024778282951 3249.2018128688705 1933.3579597746498 5366.024778282951 3435.8531510655284
656.8385116487688 680.2567232503835 914.9782192466502 662.562290870548 952.7128961876613 677.5237972037373
276.2399510012289 115.46954038186868 530.0604748250787 128.28478965082996 115.46954038186868 508.6854541197697
1760.431530108648 1743.861693594158 1737.2263993309539 1907.8408151533495 1778.464237347883 2684.9358055350285
470.1218124336707 4724.565259725506 115.46954038186868 414.2385868088998 4724.565259725506 115.46954038186868