1
3 51 2 160

670.8041339662027
100 15
Neighbourhoods:
t_move_k move_t t_swap_k f_swap_t swap_t t_swap_r_k t_multiswap_k
300.0 0.0 300.0 100.0 700.0 500.0 200.0
0.0 0.0 0.0 0.0 0.0 0.0 0.0
0.0 0.0 0.0 0.0 0.0 0.0 0.0
-5289726745.989962 0.0 -5289726737.130587 -1763242253.777904 -12342695715.398455 -8816211247.85827 -3526484499.477683
-17632422.486633204 0.0 -17632422.457101956 -17632422.53777904 -17632422.45056922 -17632422.495716542 -17632422.497388415
0.0 0.0 0.0 0.0 0.0 0.0 0.0
0.0 0.0 0.0 0.0 0.0 0.0 0.0

Assigned customers matrix:
Vehicle 0:
0 51 18 47 0 0 0 0 0 0 0 0 0 0 0 0 0 0 0 0 0 0 0 0 0 0 0 0 0 0 0 0 0 0 0 0 0 0 0 0 0 0 0 0 0 0 0 0
0 4 13 41 40 19 42 15 37 5 0 0 0 0 0 0 0 0 0 0 0 0 0 0 0 0 0 0 0 0 0 0 0 0 0 0 0 0 0 0 0 0 0 0 0 0 0 0

Vehicle 1:
0 46 12 17 44 39 30 38 11 29 22 31 8 1 0 0 0 0 0 0 0 0 0 0 0 0 0 0 0 0 0 0 0 0 0 0 0 0 0 0 0 0 0 0 0 0 0 0
0 45 33 10 49 9 34 21 50 16 27 0 0 0 0 0 0 0 0 0 0 0 0 0 0 0 0 0 0 0 0 0 0 0 0 0 0 0 0 0 0 0 0 0 0 0 0 0

Vehicle 2:
0 6 14 25 24 43 7 48 0 0 0 0 0 0 0 0 0 0 0 0 0 0 0 0 0 0 0 0 0 0 0 0 0 0 0 0 0 0 0 0 0 0 0 0 0 0 0 0
0 32 2 20 35 36 3 28 26 23 0 0 0 0 0 0 0 0 0 0 0 0 0 0 0 0 0 0 0 0 0 0 0 0 0 0 0 0 0 0 0 0 0 0 0 0 0 0

Transported demand matrix:
158 160
158 159
143 159

Routes distance matrix:
32.261061940588554 121.75156467120873
174.30983455393644 127.03214466838983
93.67218573250138 121.77734239957776

Solution history:
1.0 670.8041339662027 1.0 1.0 0 0 0 3.0 3.0 3.0 3.0 3.0 3.0 3.0
1.0 670.8041339662027 1.0 1.0 t_swap_r_k 100 -1763242254.934154 3.0 3.0 3.0 3.0 3.0 3.9699999999999998 3.0
1.0 670.8041339662027 1.0 1.0 f_swap_t 100 -1763242253.777904 3.0 3.0 3.0 3.9699999999999998 3.0 3.9699999999999998 3.0
1.0 670.8041339662027 1.0 1.0 t_swap_r_k 100 -1763242252.074779 3.0 3.0 3.0 3.9699999999999998 3.0 4.9303 3.0
1.0 670.8041339662027 1.0 1.0 t_move_k 100 -1763242251.887279 3.9699999999999998 3.0 3.0 3.9699999999999998 3.0 4.9303 3.0
1.0 670.8041339662027 1.0 1.0 t_swap_r_k 100 -1763242250.387279 3.9699999999999998 3.0 3.0 3.9699999999999998 3.0 5.880997 3.0
1.0 670.8041339662027 1.0 1.0 t_multiswap_k 100 -1763242250.215404 3.9699999999999998 3.0 3.0 3.9699999999999998 3.0 5.880997 3.9699999999999998
1.0 670.8041339662027 1.0 1.0 t_swap_k 100 -1763242249.918529 3.9699999999999998 3.0 3.9699999999999998 3.9699999999999998 3.0 5.880997 3.9699999999999998
1.0 670.8041339662027 1.0 1.0 swap_t 100 -1763242249.512279 3.9699999999999998 3.0 3.9699999999999998 3.9699999999999998 3.9699999999999998 5.880997 3.9699999999999998
1.0 670.8041339662027 1.0 1.0 t_multiswap_k 100 -1763242249.262279 3.9699999999999998 3.0 3.9699999999999998 3.9699999999999998 3.9699999999999998 5.880997 4.9303
1.0 670.8041339662027 1.0 1.0 swap_t 100 -1763242248.715404 3.9699999999999998 3.0 3.9699999999999998 3.9699999999999998 4.9303 5.880997 4.9303
1.0 670.8041339662027 1.0 1.0 swap_t 100 -1763242248.262279 3.9699999999999998 3.0 3.9699999999999998 3.9699999999999998 5.880997 5.880997 4.9303
1.0 670.8041339662027 1.0 1.0 t_move_k 100 -1763242248.106029 4.9303 3.0 3.9699999999999998 3.9699999999999998 5.880997 5.880997 4.9303
1.0 670.8041339662027 1.0 1.0 t_swap_r_k 100 -1763242246.231029 4.9303 3.0 3.9699999999999998 3.9699999999999998 5.880997 6.82218703 4.9303
1.0 670.8041339662027 1.0 1.0 t_move_k 100 -1763242245.996654 5.880997 3.0 3.9699999999999998 3.9699999999999998 5.880997 6.82218703 4.9303
1.0 670.8041339662027 1.0 1.0 t_swap_r_k 100 -1763242244.231029 5.880997 3.0 3.9699999999999998 3.9699999999999998 5.880997 7.7539651597 4.9303
1.0 670.8041339662027 1.0 1.0 t_swap_k 100 -1763242243.746654 5.880997 3.0 4.9303 3.9699999999999998 5.880997 7.7539651597 4.9303
1.0 670.8041339662027 1.0 1.0 t_swap_k 100 -1763242243.465404 5.880997 3.0 5.880997 3.9699999999999998 5.880997 7.7539651597 4.9303
1.0 670.8041339662027 1.0 1.0 swap_t 100 -1763242242.981029 5.880997 3.0 5.880997 3.9699999999999998 6.82218703 7.7539651597 4.9303
1.0 670.8041339662027 1.0 1.0 swap_t 100 -1763242242.559154 5.880997 3.0 5.880997 3.9699999999999998 7.7539651597 7.7539651597 4.9303
1.0 670.8041339662027 1.0 1.0 swap_t 100 -1763242241.934154 5.880997 3.0 5.880997 3.9699999999999998 8.676425508103 7.7539651597 4.9303
1.0 670.8041339662027 1.0 1.0 swap_t 100 -1763242241.434154 5.880997 3.0 5.880997 3.9699999999999998 9.58966125302197 7.7539651597 4.9303