1
3 51 2 160

670.8041339662027
100 15
Neighbourhoods:
t_move_k move_t t_swap_k f_swap_t swap_t t_swap_r_k t_multiswap_k
900.0 100.0 300.0 100.0 200.0 900.0 400.0
0.0 0.0 0.0 0.0 0.0 0.0 0.0
0.0 0.0 0.0 0.0 0.0 0.0 0.0
-15869180286.385017 -1763242257.5132658 -5289726750.055423 -1763242255.9038908 -3526484502.2140317 -15869180255.603767 -7052968993.599938
-17632422.540427797 -17632422.575132657 -17632422.50018474 -17632422.559038907 -17632422.51107016 -17632422.50622641 -17632422.483999845
0.0 0.0 0.0 0.0 0.0 0.0 0.0
0.0 0.0 0.0 0.0 0.0 0.0 0.0

Assigned customers matrix:
Vehicle 0:
0 51 18 47 0 0 0 0 0 0 0 0 0 0 0 0 0 0 0 0 0 0 0 0 0 0 0 0 0 0 0 0 0 0 0 0 0 0 0 0 0 0 0 0 0 0 0 0
0 4 13 41 40 19 42 15 37 5 0 0 0 0 0 0 0 0 0 0 0 0 0 0 0 0 0 0 0 0 0 0 0 0 0 0 0 0 0 0 0 0 0 0 0 0 0 0

Vehicle 1:
0 46 12 17 44 39 30 38 11 29 22 31 8 1 0 0 0 0 0 0 0 0 0 0 0 0 0 0 0 0 0 0 0 0 0 0 0 0 0 0 0 0 0 0 0 0 0 0
0 45 33 10 49 9 34 21 50 16 27 0 0 0 0 0 0 0 0 0 0 0 0 0 0 0 0 0 0 0 0 0 0 0 0 0 0 0 0 0 0 0 0 0 0 0 0 0

Vehicle 2:
0 6 14 25 24 43 7 48 0 0 0 0 0 0 0 0 0 0 0 0 0 0 0 0 0 0 0 0 0 0 0 0 0 0 0 0 0 0 0 0 0 0 0 0 0 0 0 0
0 32 2 20 35 36 3 28 26 23 0 0 0 0 0 0 0 0 0 0 0 0 0 0 0 0 0 0 0 0 0 0 0 0 0 0 0 0 0 0 0 0 0 0 0 0 0 0

Transported demand matrix:
158 160
158 159
143 159

Routes distance matrix:
32.261061940588554 121.75156467120873
174.30983455393644 127.03214466838983
93.67218573250138 121.77734239957776

Solution history:
1.0 670.8041339662027 1.0 1.0 0 0 0 3.0 3.0 3.0 3.0 3.0 3.0 3.0
1.0 670.8041339662027 1.0 1.0 t_move_k 100 -1763242257.8882658 3.9699999999999998 3.0 3.0 3.0 3.0 3.0 3.0
1.0 670.8041339662027 1.0 1.0 t_multiswap_k 100 -1763242257.7476408 3.9699999999999998 3.0 3.0 3.0 3.0 3.0 3.9699999999999998
1.0 670.8041339662027 1.0 1.0 move_t 100 -1763242257.5132658 3.9699999999999998 3.9699999999999998 3.0 3.0 3.0 3.0 3.9699999999999998
1.0 670.8041339662027 1.0 1.0 t_move_k 100 -1763242257.4195158 4.9303 3.9699999999999998 3.0 3.0 3.0 3.0 3.9699999999999998
1.0 670.8041339662027 1.0 1.0 t_swap_r_k 100 -1763242256.4663908 4.9303 3.9699999999999998 3.0 3.0 3.0 3.9699999999999998 3.9699999999999998
1.0 670.8041339662027 1.0 1.0 t_move_k 100 -1763242256.3413908 5.880997 3.9699999999999998 3.0 3.0 3.0 3.9699999999999998 3.9699999999999998
1.0 670.8041339662027 1.0 1.0 t_move_k 100 -1763242256.2476408 6.82218703 3.9699999999999998 3.0 3.0 3.0 3.9699999999999998 3.9699999999999998
1.0 670.8041339662027 1.0 1.0 f_swap_t 100 -1763242255.9038908 6.82218703 3.9699999999999998 3.0 3.9699999999999998 3.0 3.9699999999999998 3.9699999999999998
1.0 670.8041339662027 1.0 1.0 t_swap_r_k 100 -1763242254.9351408 6.82218703 3.9699999999999998 3.0 3.9699999999999998 3.0 4.9303 3.9699999999999998
1.0 670.8041339662027 1.0 1.0 swap_t 100 -1763242254.6226408 6.82218703 3.9699999999999998 3.0 3.9699999999999998 3.9699999999999998 4.9303 3.9699999999999998
1.0 670.8041339662027 1.0 1.0 t_swap_r_k 100 -1763242253.6382658 6.82218703 3.9699999999999998 3.0 3.9699999999999998 3.9699999999999998 5.880997 3.9699999999999998
1.0 670.8041339662027 1.0 1.0 t_move_k 100 -1763242253.5288908 7.7539651597 3.9699999999999998 3.0 3.9699999999999998 3.9699999999999998 5.880997 3.9699999999999998
1.0 670.8041339662027 1.0 1.0 t_swap_k 100 -1763242253.2945158 7.7539651597 3.9699999999999998 3.9699999999999998 3.9699999999999998 3.9699999999999998 5.880997 3.9699999999999998
1.0 670.8041339662027 1.0 1.0 t_move_k 100 -1763242253.1538908 8.676425508103 3.9699999999999998 3.9699999999999998 3.9699999999999998 3.9699999999999998 5.880997 3.9699999999999998
1.0 670.8041339662027 1.0 1.0 t_move_k 100 -1763242253.0757658 9.58966125302197 3.9699999999999998 3.9699999999999998 3.9699999999999998 3.9699999999999998 5.880997 3.9699999999999998
1.0 670.8041339662027 1.0 1.0 t_swap_k 100 -1763242252.7788908 9.58966125302197 3.9699999999999998 4.9303 3.9699999999999998 3.9699999999999998 5.880997 3.9699999999999998
1.0 670.8041339662027 1.0 1.0 t_move_k 100 -1763242252.6851408 10.493764640491749 3.9699999999999998 4.9303 3.9699999999999998 3.9699999999999998 5.880997 3.9699999999999998
1.0 670.8041339662027 1.0 1.0 t_swap_r_k 100 -1763242251.7476408 10.493764640491749 3.9699999999999998 4.9303 3.9699999999999998 3.9699999999999998 6.82218703 3.9699999999999998
1.0 670.8041339662027 1.0 1.0 t_swap_r_k 100 -1763242250.7632658 10.493764640491749 3.9699999999999998 4.9303 3.9699999999999998 3.9699999999999998 7.7539651597 3.9699999999999998
1.0 670.8041339662027 1.0 1.0 t_swap_r_k 100 -1763242249.4195158 10.493764640491749 3.9699999999999998 4.9303 3.9699999999999998 3.9699999999999998 8.676425508103 3.9699999999999998
1.0 670.8041339662027 1.0 1.0 t_swap_r_k 100 -1763242247.9976408 10.493764640491749 3.9699999999999998 4.9303 3.9699999999999998 3.9699999999999998 9.58966125302197 3.9699999999999998
1.0 670.8041339662027 1.0 1.0 swap_t 100 -1763242247.5913908 10.493764640491749 3.9699999999999998 4.9303 3.9699999999999998 4.9303 9.58966125302197 3.9699999999999998
1.0 670.8041339662027 1.0 1.0 t_swap_r_k 100 -1763242246.2163908 10.493764640491749 3.9699999999999998 4.9303 3.9699999999999998 4.9303 10.493764640491749 3.9699999999999998
1.0 670.8041339662027 1.0 1.0 t_move_k 100 -1763242246.0445158 11.388826994086832 3.9699999999999998 4.9303 3.9699999999999998 4.9303 10.493764640491749 3.9699999999999998
1.0 670.8041339662027 1.0 1.0 t_multiswap_k 100 -1763242245.8570158 11.388826994086832 3.9699999999999998 4.9303 3.9699999999999998 4.9303 10.493764640491749 4.9303
1.0 670.8041339662027 1.0 1.0 t_multiswap_k 100 -1763242245.7163908 11.388826994086832 3.9699999999999998 4.9303 3.9699999999999998 4.9303 10.493764640491749 5.880997
1.0 670.8041339662027 1.0 1.0 t_swap_r_k 100 -1763242244.4195158 11.388826994086832 3.9699999999999998 4.9303 3.9699999999999998 4.9303 11.388826994086832 5.880997
1.0 670.8041339662027 1.0 1.0 t_multiswap_k 100 -1763242244.2788908 11.388826994086832 3.9699999999999998 4.9303 3.9699999999999998 4.9303 11.388826994086832 6.82218703
1.0 670.8041339662027 1.0 1.0 t_swap_k 100 -1763242243.9820158 11.388826994086832 3.9699999999999998 5.880997 3.9699999999999998 4.9303 11.388826994086832 6.82218703