1
3 51 2 160

670.8041339662027
100 15
Neighbourhoods:
t_move_k move_t t_swap_k f_swap_t swap_t t_swap_r_k t_multiswap_k
400.0 0.0 0.0 300.0 100.0 400.0 100.0
0.0 0.0 0.0 0.0 0.0 0.0 0.0
0.0 0.0 0.0 0.0 0.0 0.0 0.0
-7052968984.039972 0.0 0.0 -5289726726.549511 -1763242246.7717118 -7052968975.243097 -1763242243.1154618
-17632422.46009993 0.0 0.0 -17632422.421831705 -17632422.46771712 -17632422.438107744 -17632422.43115462
0.0 0.0 0.0 0.0 0.0 0.0 0.0
0.0 0.0 0.0 0.0 0.0 0.0 0.0

Assigned customers matrix:
Vehicle 0:
0 51 18 47 0 0 0 0 0 0 0 0 0 0 0 0 0 0 0 0 0 0 0 0 0 0 0 0 0 0 0 0 0 0 0 0 0 0 0 0 0 0 0 0 0 0 0 0
0 4 13 41 40 19 42 15 37 5 0 0 0 0 0 0 0 0 0 0 0 0 0 0 0 0 0 0 0 0 0 0 0 0 0 0 0 0 0 0 0 0 0 0 0 0 0 0

Vehicle 1:
0 46 12 17 44 39 30 38 11 29 22 31 8 1 0 0 0 0 0 0 0 0 0 0 0 0 0 0 0 0 0 0 0 0 0 0 0 0 0 0 0 0 0 0 0 0 0 0
0 45 33 10 49 9 34 21 50 16 27 0 0 0 0 0 0 0 0 0 0 0 0 0 0 0 0 0 0 0 0 0 0 0 0 0 0 0 0 0 0 0 0 0 0 0 0 0

Vehicle 2:
0 6 14 25 24 43 7 48 0 0 0 0 0 0 0 0 0 0 0 0 0 0 0 0 0 0 0 0 0 0 0 0 0 0 0 0 0 0 0 0 0 0 0 0 0 0 0 0
0 32 2 20 35 36 3 28 26 23 0 0 0 0 0 0 0 0 0 0 0 0 0 0 0 0 0 0 0 0 0 0 0 0 0 0 0 0 0 0 0 0 0 0 0 0 0 0

Transported demand matrix:
158 160
158 159
143 159

Routes distance matrix:
32.261061940588554 121.75156467120873
174.30983455393644 127.03214466838983
93.67218573250138 121.77734239957776

Solution history:
1.0 670.8041339662027 1.0 1.0 0 0 0 3.0 3.0 3.0 3.0 3.0 3.0 3.0
1.0 670.8041339662027 1.0 1.0 t_move_k 100 -1763242251.9435868 3.9699999999999998 3.0 3.0 3.0 3.0 3.0 3.0
1.0 670.8041339662027 1.0 1.0 t_swap_r_k 100 -1763242248.2717118 3.9699999999999998 3.0 3.0 3.0 3.0 3.9699999999999998 3.0
1.0 670.8041339662027 1.0 1.0 t_move_k 100 -1763242247.8029618 4.9303 3.0 3.0 3.0 3.0 3.9699999999999998 3.0
1.0 670.8041339662027 1.0 1.0 swap_t 100 -1763242246.7717118 4.9303 3.0 3.0 3.0 3.9699999999999998 3.9699999999999998 3.0
1.0 670.8041339662027 1.0 1.0 f_swap_t 100 -1763242245.0217118 4.9303 3.0 3.0 3.9699999999999998 3.9699999999999998 3.9699999999999998 3.0
1.0 670.8041339662027 1.0 1.0 t_swap_r_k 100 -1763242243.3185868 4.9303 3.0 3.0 3.9699999999999998 3.9699999999999998 4.9303 3.0
1.0 670.8041339662027 1.0 1.0 t_multiswap_k 100 -1763242243.1154618 4.9303 3.0 3.0 3.9699999999999998 3.9699999999999998 4.9303 3.9699999999999998
1.0 670.8041339662027 1.0 1.0 t_swap_r_k 100 -1763242242.3029618 4.9303 3.0 3.0 3.9699999999999998 3.9699999999999998 5.880997 3.9699999999999998
1.0 670.8041339662027 1.0 1.0 t_move_k 100 -1763242242.1935868 5.880997 3.0 3.0 3.9699999999999998 3.9699999999999998 5.880997 3.9699999999999998
1.0 670.8041339662027 1.0 1.0 t_move_k 100 -1763242242.0998368 6.82218703 3.0 3.0 3.9699999999999998 3.9699999999999998 5.880997 3.9699999999999998
1.0 670.8041339662027 1.0 1.0 t_swap_r_k 100 -1763242241.3498368 6.82218703 3.0 3.0 3.9699999999999998 3.9699999999999998 6.82218703 3.9699999999999998
1.0 670.8041339662027 1.0 1.0 f_swap_t 100 -1763242240.9904618 6.82218703 3.0 3.0 4.9303 3.9699999999999998 6.82218703 3.9699999999999998
1.0 670.8041339662027 1.0 1.0 f_swap_t 100 -1763242240.5373368 6.82218703 3.0 3.0 5.880997 3.9699999999999998 6.82218703 3.9699999999999998