5

Similarity 1
0.4166666666666667

Similarity combination matrix:
0.4583333333333333 0.4166666666666667 0.3333333333333333 0.125 0.20833333333333334 0.4166666666666667
0.04 0.28 0.6 0.28 0.0 0.48
0.3888888888888889 0.3888888888888889 0.4444444444444444 0.7222222222222222 0.3333333333333333 0.16666666666666666
0.4 0.5 0.35 0.4 0.25 0.25
0.3333333333333333 0.2222222222222222 0.0 0.3333333333333333 0.6666666666666666 0.0
0.5833333333333334 0.4166666666666667 0.0 0.25 0.4166666666666667 0.16666666666666666

Similarity combination pairings:
(np.int64(0), np.int64(5)) (np.int64(1), np.int64(2)) (np.int64(2), np.int64(3)) (np.int64(3), np.int64(1)) (np.int64(4), np.int64(4)) (np.int64(5), np.int64(0))
0.4166666666666667 0.6 0.7222222222222222 0.5 0.6666666666666666 0.5833333333333334

Similarity 2
0.0

Similarity combination matrix:
0.0 0.0 0.02857142857142857 0.0 0.13333333333333333 0.02222222222222222
0.0 0.02 0.02857142857142857 0.0 0.0 0.0
0.025 0.02857142857142857 0.06666666666666667 0.03333333333333333 0.0 0.0
0.11428571428571428 0.04722222222222222 0.0 0.13333333333333333 0.0 0.0
0.0 0.0 0.0 0.0 0.050793650793650794 0.0
0.0 0.0 0.0 0.0 0.0 0.0

Similarity combination pairings:
(np.int64(0), np.int64(4)) (np.int64(1), np.int64(1)) (np.int64(2), np.int64(2)) (np.int64(3), np.int64(3)) (np.int64(4), np.int64(0)) (np.int64(5), np.int64(5))
0.13333333333333333 0.02 0.06666666666666667 0.13333333333333333 0.0 0.0

Similarity 3
0.0

Similarity combination matrix:
0.0 0.0 0.03333333333333333 0.0 0.16 0.05
0.0 0.02222222222222222 0.03333333333333333 0.0 0.0 0.0
0.02857142857142857 0.03333333333333333 0.08 0.04 0.0 0.0
0.13333333333333333 0.07857142857142857 0.0 0.16 0.0 0.0
0.0 0.0 0.0 0.0 0.09166666666666666 0.0
0.0 0.0 0.0 0.0 0.0 0.0

Similarity combination pairings:
(np.int64(0), np.int64(4)) (np.int64(1), np.int64(1)) (np.int64(2), np.int64(2)) (np.int64(3), np.int64(3)) (np.int64(4), np.int64(0)) (np.int64(5), np.int64(5))
0.16 0.02222222222222222 0.08 0.16 0.0 0.0
