1
3 51 2 160

699.9420712391357

599.9329154940724
15.0625
4 750 7200 720
2 3 3 2 0

Assigned customers matrix:
Vehicle 0:
0 12 17 37 45 33 39 30 34 21 38 0 0 0 0 0 0 0 0 0 0 0
0 27 48 23 24 14 25 13 47 0 0 0 0 0 0 0 0 0 0 0 0 0

Vehicle 1:
0 51 0 0 0 0 0 0 0 0 0 0 0 0 0 0 0 0 0 0 0 0
0 46 5 49 9 50 16 29 20 35 36 22 1 0 0 0 0 0 0 0 0 0

Vehicle 2:
0 32 2 3 28 31 8 26 7 43 6 0 0 0 0 0 0 0 0 0 0 0
0 11 10 15 44 42 19 41 40 4 18 0 0 0 0 0 0 0 0 0 0 0

Transported demand matrix:
156 155
160 152
158 156

Routes distance matrix:
119.8323155914426 96.20585237853356
0.0 117.81424201073342
126.90977187797262 139.17073363539015