3
1 50 5 160

707.7178259731398

630.4864454608355
6.34375
1 750 7200 720
5 8

Assigned customers matrix:
Vehicle 0:
0 32 2 22 28 31 26 7 43 24 13 19 17 0 0 0 0 0 0 0 0 0
0 6 18 41 40 42 44 10 38 11 0 0 0 0 0 0 0 0 0 0 0 0
0 46 5 49 9 50 21 29 20 35 36 3 1 0 0 0 0 0 0 0 0 0
0 12 37 15 45 33 39 30 34 16 0 0 0 0 0 0 0 0 0 0 0 0
0 27 48 8 23 14 25 4 47 0 0 0 0 0 0 0 0 0 0 0 0 0

Transported demand matrix:
157 158 153 155 154

Routes distance matrix:
170.1031455214343 138.11899623403866 117.9937731599148 105.77393676566011 98.49659377978767