19
4 112 4 40

4855.767886527179

4855.767886527179
6.375
4 750 7200 720
0 0 0 0 0

Assigned customers matrix:
Vehicle 0:
0 22 75 30 38 46 54 107 62 16 12 93 8 4 0 0 0 0 0 0 0 0 0 0 0 0 0 0 0 0 0 0 0 0 0 0 0 0 0 0 0 0 0
0 4 23 31 39 47 55 63 16 108 12 92 8 77 0 0 0 0 0 0 0 0 0 0 0 0 0 0 0 0 0 0 0 0 0 0 0 0 0 0 0 0 0
0 4 22 76 8 12 109 16 62 54 46 91 38 30 0 0 0 0 0 0 0 0 0 0 0 0 0 0 0 0 0 0 0 0 0 0 0 0 0 0 0 0 0
0 4 23 78 31 39 94 47 55 110 63 16 12 8 0 0 0 0 0 0 0 0 0 0 0 0 0 0 0 0 0 0 0 0 0 0 0 0 0 0 0 0 0

Vehicle 1:
0 2 6 85 10 14 58 99 50 42 34 26 67 18 0 0 0 0 0 0 0 0 0 0 0 0 0 0 0 0 0 0 0 0 0 0 0 0 0 0 0 0 0
0 19 27 35 43 51 59 14 100 10 84 6 69 2 0 0 0 0 0 0 0 0 0 0 0 0 0 0 0 0 0 0 0 0 0 0 0 0 0 0 0 0 0
0 18 26 34 83 42 50 58 14 101 10 6 68 2 0 0 0 0 0 0 0 0 0 0 0 0 0 0 0 0 0 0 0 0 0 0 0 0 0 0 0 0 0
0 19 70 27 35 86 43 51 102 59 14 10 6 2 0 0 0 0 0 0 0 0 0 0 0 0 0 0 0 0 0 0 0 0 0 0 0 0 0 0 0 0 0

Vehicle 2:
0 3 7 89 11 15 60 103 52 44 36 28 71 20 0 0 0 0 0 0 0 0 0 0 0 0 0 0 0 0 0 0 0 0 0 0 0 0 0 0 0 0 0
0 21 29 37 45 53 61 15 104 11 88 7 73 3 0 0 0 0 0 0 0 0 0 0 0 0 0 0 0 0 0 0 0 0 0 0 0 0 0 0 0 0 0
0 3 20 72 7 11 105 15 60 52 44 87 36 28 0 0 0 0 0 0 0 0 0 0 0 0 0 0 0 0 0 0 0 0 0 0 0 0 0 0 0 0 0
0 3 7 11 15 61 106 53 45 90 37 29 74 21 0 0 0 0 0 0 0 0 0 0 0 0 0 0 0 0 0 0 0 0 0 0 0 0 0 0 0 0 0

Vehicle 3:
0 1 65 5 9 112 13 57 49 41 82 33 25 17 0 0 0 0 0 0 0 0 0 0 0 0 0 0 0 0 0 0 0 0 0 0 0 0 0 0 0 0 0
0 1 24 79 5 9 13 64 111 56 48 95 40 32 0 0 0 0 0 0 0 0 0 0 0 0 0 0 0 0 0 0 0 0 0 0 0 0 0 0 0 0 0
0 1 17 5 96 9 13 57 98 49 41 33 25 66 0 0 0 0 0 0 0 0 0 0 0 0 0 0 0 0 0 0 0 0 0 0 0 0 0 0 0 0 0
0 24 32 40 48 56 64 13 97 9 81 5 80 1 0 0 0 0 0 0 0 0 0 0 0 0 0 0 0 0 0 0 0 0 0 0 0 0 0 0 0 0 0

Transported demand matrix:
35 35 35 35
35 35 35 35
35 35 35 35
35 35 35 35

Routes distance matrix:
304.59189225009374 298.6273397806103 302.2516488689198 308.375234070244
304.5918922500938 298.09568404955263 301.21943476981045 307.7156429703515
304.5918922500938 298.09568404955263 302.2516488689198 307.71564297035155
301.2194347698105 312.4638729838453 305.8652575753768 298.09568404955263