24
3 51 6 20

5108.711959155171

4359.019994209876
88.1875
4 750 7200 720
39 6 9 2 0

Assigned customers matrix:
Vehicle 0:
0 3 24 9 27 4 0 0 0 0 0 0 0
0 14 44 4 26 3 22 8 0 0 0 0 0
0 43 42 3 4 29 10 0 0 0 0 0 0
0 3 25 9 4 0 0 0 0 0 0 0 0
0 14 45 4 3 23 8 20 0 0 0 0 0
0 47 30 31 10 28 4 3 0 0 0 0 0

Vehicle 1:
0 5 6 0 0 0 0 0 0 0 0 0 0
0 51 38 12 6 35 11 5 0 0 0 0 0
0 48 6 32 5 0 0 0 0 0 0 0 0
0 46 5 6 0 0 0 0 0 0 0 0 0
0 5 33 11 34 6 37 12 0 0 0 0 0
0 5 6 0 0 0 0 0 0 0 0 0 0

Vehicle 2:
0 2 1 0 0 0 0 0 0 0 0 0 0
0 2 18 7 1 0 0 0 0 0 0 0 0
0 15 1 16 19 2 40 13 0 0 0 0 0
0 41 2 1 0 0 0 0 0 0 0 0 0
0 49 36 39 1 17 7 2 0 0 0 0 0
0 15 50 1 2 21 13 0 0 0 0 0 0

Transported demand matrix:
15 20 17 13 20 19
8 20 12 10 20 8
8 13 20 10 19 18

Routes distance matrix:
233.2276260798244 303.7002770281088 283.1540357156948 232.08459540718633 297.4827974248772 289.6261075929446
173.2035403818687 341.85306799506475 191.82920952171486 175.89855395861352 334.37112886935137 173.2035403818687
173.20504038169383 232.08420318144834 219.451841552622 175.89963052868097 296.94556535619483 231.79923285211916