25
3 51 6 20

5108.711959155171

4357.324610315471
101.25
4 750 7200 720
44 7 11 1 0

Assigned customers matrix:
Vehicle 0:
0 44 4 27 9 24 3 0 0 0 0 0 0
0 14 45 4 3 22 8 13 0 0 0 0 0
0 43 3 4 29 10 0 0 0 0 0 0 0
0 3 25 9 4 0 0 0 0 0 0 0 0
0 14 4 26 3 23 8 13 0 0 0 0 0
0 47 30 31 10 28 4 3 0 0 0 0 0

Vehicle 1:
0 5 6 0 0 0 0 0 0 0 0 0 0
0 51 38 12 6 35 11 5 0 0 0 0 0
0 15 49 6 5 46 0 0 0 0 0 0 0
0 5 6 0 0 0 0 0 0 0 0 0 0
0 5 33 11 34 6 37 12 0 0 0 0 0
0 15 6 32 5 0 0 0 0 0 0 0 0

Vehicle 2:
0 2 1 0 0 0 0 0 0 0 0 0 0
0 2 18 7 17 1 0 0 0 0 0 0 0
0 41 40 2 1 0 0 0 0 0 0 0 0
0 50 1 2 0 0 0 0 0 0 0 0 0
0 48 36 39 1 16 7 2 0 0 0 0 0
0 42 21 20 2 19 1 0 0 0 0 0 0

Transported demand matrix:
18 20 16 14 20 20
10 20 16 10 20 14
10 16 14 12 20 18

Routes distance matrix:
235.92290374081372 287.76902581401635 277.04372166202427 232.08459540718633 303.09503686883494 289.6261075929446
173.2035403818687 341.85306799506475 189.31935983086578 173.2035403818687 334.37112886935137 201.95001038587293
173.20504038169383 233.2276260798244 182.0099445823515 175.90031804268312 298.1024134835852 255.43722881462088