26
3 51 6 20

5095.500142759081

4460.912496226603
91.0
4 750 7200 720
26 7 8 1 0

Assigned customers matrix:
Vehicle 0:
0 3 24 9 27 4 0 0 0 0 0 0 0
0 44 4 3 22 8 20 0 0 0 0 0 0
0 3 26 4 29 10 31 0 0 0 0 0 0
0 3 25 9 4 0 0 0 0 0 0 0 0
0 4 3 8 0 0 0 0 0 0 0 0 0
0 3 4 28 10 0 0 0 0 0 0 0 0

Vehicle 1:
0 5 6 0 0 0 0 0 0 0 0 0 0
0 5 33 11 35 6 12 0 0 0 0 0 0
0 14 45 30 5 6 0 0 0 0 0 0 0
0 46 5 6 0 0 0 0 0 0 0 0 0
0 5 32 11 6 37 12 0 0 0 0 0 0
0 14 47 5 34 6 0 0 0 0 0 0 0

Vehicle 2:
0 13 40 2 1 50 0 0 0 0 0 0 0
0 15 51 1 38 7 2 0 0 0 0 0 0
0 48 49 36 39 1 2 0 0 0 0 0 0
0 13 41 2 19 16 1 0 0 0 0 0 0
0 15 1 17 7 18 2 0 0 0 0 0 0
0 43 42 23 21 2 1 0 0 0 0 0 0

Transported demand matrix:
17 19 19 15 13 15
10 20 17 12 20 17
17 20 18 19 20 18

Routes distance matrix:
233.2276260798244 286.7580318061186 299.9947228080602 232.08459540718633 273.20504038169383 274.34913151503713
173.2035403818687 333.2279135366259 233.80075165484834 175.89855395861352 333.2275264095439 202.55500181722232
189.32062391886052 288.79280146503015 239.29355310110358 206.6364874477975 246.0431085858325 239.29348595133712