28
6 102 6 20

33794.612677890844

28222.94132310711
598.890625
4 750 7200 720
113 20 31 1 0

Assigned customers matrix:
Vehicle 0:
0 6 12 88 27 89 0 0 0 0 0 0 0
0 6 49 47 17 12 0 0 0 0 0 0 0
0 6 51 52 12 0 0 0 0 0 0 0 0
0 63 64 6 12 87 27 0 0 0 0 0 0
0 6 50 17 12 0 0 0 0 0 0 0 0
0 6 12 85 86 0 0 0 0 0 0 0 0

Vehicle 1:
0 44 16 29 80 79 10 4 0 0 0 0 0
0 20 59 4 42 15 10 0 0 0 0 0 0
0 4 94 76 75 24 78 10 0 0 0 0 0
0 4 43 16 29 96 10 0 0 0 0 0 0
0 20 60 4 41 40 15 10 0 0 0 0 0
0 4 95 10 77 24 0 0 0 0 0 0 0

Vehicle 2:
0 5 11 84 26 81 25 0 0 0 0 0 0
0 5 48 11 0 0 0 0 0 0 0 0 0
0 61 62 5 11 0 0 0 0 0 0 0 0
0 5 11 83 26 82 25 0 0 0 0 0 0
0 5 45 46 97 98 11 0 0 0 0 0 0
0 5 11 0 0 0 0 0 0 0 0 0 0

Vehicle 3:
0 1 53 18 30 102 7 13 0 0 0 0 0
0 1 101 7 90 100 99 0 0 0 0 0 0
0 21 65 1 7 0 0 0 0 0 0 0 0
0 1 54 18 30 7 67 13 0 0 0 0 0
0 1 31 7 0 0 0 0 0 0 0 0 0
0 21 66 1 32 7 0 0 0 0 0 0 0

Vehicle 4:
0 34 33 8 71 23 74 9 0 0 0 0 0
0 19 36 14 8 9 0 0 0 0 0 0 0
0 28 93 9 8 69 22 68 0 0 0 0 0
0 56 35 8 72 23 73 9 0 0 0 0 0
0 19 14 92 8 9 0 0 0 0 0 0 0
0 57 28 91 8 70 22 9 0 0 0 0 0

Vehicle 5:
0 58 3 55 2 0 0 0 0 0 0 0 0
0 2 3 39 0 0 0 0 0 0 0 0 0
0 2 38 37 3 0 0 0 0 0 0 0 0
0 2 3 0 0 0 0 0 0 0 0 0 0
0 2 3 0 0 0 0 0 0 0 0 0 0
0 2 3 0 0 0 0 0 0 0 0 0 0

Transported demand matrix:
16 16 14 18 14 14
20 18 20 18 20 16
18 12 14 18 18 10
20 18 14 20 12 16
20 16 20 20 16 20
14 12 14 10 10 10

Routes distance matrix:
1131.637025064704 632.3218606924733 600.0559171252509 1091.873929911914 613.4542003852403 894.9788961876613
863.1243160583332 626.8750991874238 1268.9643000887688 661.0658028783987 645.7426890777905 1097.6901418373848
1631.6370250454183 588.5073324981593 586.155454374373 1593.9017141321656 640.5327508664982 577.3497018943544
680.5572240483799 871.8776615971665 590.7703829725149 881.363319444934 599.1040634946419 601.9283775161065
1174.3922424493894 888.4246370450221 1487.4132937228947 1170.9660198257473 890.0699486033944 1518.6357772408805
176.09484991163802 225.1826174174139 200.68212936506575 173.2035403818687 173.2035403818687 173.2035403818687