30
9 153 6 20

125606.57424333305

105638.9460886848
4013.90625
4 750 7200 720
141 19 58 9 0

Assigned customers matrix:
Vehicle 0:
0 5 11 17 132 133 0 0 0 0 0 0 0
0 5 11 17 0 0 0 0 0 0 0 0 0
0 5 11 98 99 17 0 0 0 0 0 0 0
0 5 11 97 148 17 135 134 0 0 0 0 0
0 5 62 11 96 149 17 0 0 0 0 0 0
0 5 61 112 113 11 17 0 0 0 0 0 0

Vehicle 1:
0 71 70 50 107 8 14 0 0 0 0 0 0
0 27 80 46 19 8 14 0 0 0 0 0 0
0 51 20 34 106 8 84 14 0 0 0 0 0
0 49 48 8 14 120 121 118 0 0 0 0 0
0 27 47 19 8 14 0 0 0 0 0 0 0
0 20 34 8 86 143 142 14 0 0 0 0 0

Vehicle 2:
0 25 53 109 108 9 15 0 0 0 0 0 0
0 9 88 29 15 126 124 125 0 0 0 0 0
0 72 9 15 0 0 0 0 0 0 0 0 0
0 25 52 9 145 15 0 0 0 0 0 0 0
0 9 89 29 144 15 90 91 0 0 0 0 0
0 73 9 15 0 0 0 0 0 0 0 0 0

Vehicle 3:
0 74 75 4 10 16 0 0 0 0 0 0 0
0 4 10 16 0 0 0 0 0 0 0 0 0
0 26 4 22 110 10 16 0 0 0 0 0 0
0 4 10 94 146 147 16 0 0 0 0 0 0
0 4 10 16 131 130 129 0 0 0 0 0 0
0 26 4 22 111 10 16 0 0 0 0 0 0

Vehicle 4:
0 0 0 0 0 0 0 0 0 0 0 0 0
0 35 95 31 44 40 41 42 0 0 0 0 0
0 63 23 24 36 104 33 45 0 0 0 0 0
0 0 0 0 0 0 0 0 0 0 0 0 0
0 35 31 44 40 41 137 42 0 0 0 0 0
0 64 23 24 36 102 33 45 0 0 0 0 0

Vehicle 5:
0 6 114 115 12 18 0 0 0 0 0 0 0
0 78 6 66 67 12 18 0 0 0 0 0 0
0 6 65 12 100 32 18 0 0 0 0 0 0
0 79 6 12 103 150 151 18 0 0 0 0 0
0 6 12 18 136 139 138 0 0 0 0 0 0
0 6 12 101 32 18 0 0 0 0 0 0 0

Vehicle 6:
0 3 0 0 0 0 0 0 0 0 0 0 0
0 3 54 21 92 30 128 39 0 0 0 0 0
0 76 77 60 59 58 57 56 3 0 0 0 0
0 3 0 0 0 0 0 0 0 0 0 0 0
0 3 55 21 93 30 127 39 0 0 0 0 0
0 3 0 0 0 0 0 0 0 0 0 0 0

Vehicle 7:
0 1 7 83 28 13 0 0 0 0 0 0 0
0 1 7 13 0 0 0 0 0 0 0 0 0
0 1 69 116 117 7 13 0 0 0 0 0 0
0 1 7 82 85 28 13 0 0 0 0 0 0
0 1 7 13 153 152 105 81 0 0 0 0 0
0 1 68 7 13 141 140 0 0 0 0 0 0

Vehicle 8:
0 2 0 0 0 0 0 0 0 0 0 0 0
0 2 87 43 38 37 119 0 0 0 0 0 0
0 2 0 0 0 0 0 0 0 0 0 0 0
0 2 0 0 0 0 0 0 0 0 0 0 0
0 2 43 123 122 38 37 0 0 0 0 0 0
0 2 0 0 0 0 0 0 0 0 0 0 0

Transported demand matrix:
16 12 16 20 18 18
16 18 20 18 16 20
17 19 10 15 19 10
16 12 20 18 18 20
0 20 19 0 20 19
16 18 19 20 18 17
4 19 18 4 19 4
17 12 18 19 20 18
4 17 4 4 17 4

Routes distance matrix:
2684.93902427188 1732.0501056786002 1852.3762250411796 2652.2639749330333 1946.9247217616476 1783.685154650744
1747.5167216177338 1778.9128723101476 1863.9123637646298 2863.0055103719415 1780.8320167234965 1968.3077712704062
1779.4191964138176 3452.171715768052 1733.9132150326914 1786.4574315711754 2027.9396137992621 1732.8362050792089
1740.85425868442 1732.0499999999997 1784.381892217838 1904.2312983886404 3348.3343511117905 1804.317893572914
0.0 6014.546661210163 1369.8110274194769 0.0 6032.503161890505 1316.713550697496
1777.2231270346292 1757.4513344862414 1960.2485551393074 1911.8108827625797 3336.586582602851 1949.0912642205758
115.46954038186868 3068.8616637254645 263.66627963635995 115.46954038186868 3109.369931956354 115.46954038186868
1949.0916808807588 1732.0499999999997 1793.1223827805811 2043.429283951165 1883.4336372432358 2696.094345655382
115.46954038186868 4658.582321417408 115.46954038186868 115.46954038186868 4725.338097265997 115.46954038186868