32
9 153 6 20

126353.92675262937

103117.82415087939
5358.4375
4 750 7200 720
158 59 62 3 0

Assigned customers matrix:
Vehicle 0:
0 76 77 61 112 11 17 0 0 0 0 0 0
0 11 97 31 44 149 17 0 0 0 0 0 0
0 60 22 113 11 17 132 0 0 0 0 0 0
0 62 63 11 148 17 134 136 0 0 0 0 0
0 11 96 95 31 44 17 0 0 0 0 0 0
0 59 22 11 98 99 17 0 0 0 0 0 0

Vehicle 1:
0 81 49 48 8 14 122 123 0 0 0 0 0
0 70 50 8 84 85 14 0 0 0 0 0 0
0 20 107 8 14 120 118 0 0 0 0 0 0
0 8 14 0 0 0 0 0 0 0 0 0 0
0 71 8 87 86 143 142 14 0 0 0 0 0
0 72 52 20 106 8 14 0 0 0 0 0 0

Vehicle 2:
0 9 88 29 43 144 15 0 0 0 0 0 0
0 56 21 9 15 126 127 0 0 0 0 0 0
0 25 53 34 108 9 15 0 0 0 0 0 0
0 9 89 29 43 145 15 0 0 0 0 0 0
0 55 54 21 9 15 125 0 0 0 0 0 0
0 25 51 34 109 9 15 0 0 0 0 0 0

Vehicle 3:
0 26 4 10 93 16 0 0 0 0 0 0 0
0 4 10 16 111 75 0 0 0 0 0 0 0
0 4 10 16 110 74 0 0 0 0 0 0 0
0 26 4 10 16 131 0 0 0 0 0 0 0
0 4 57 10 146 16 0 0 0 0 0 0 0
0 4 10 94 147 16 0 0 0 0 0 0 0

Vehicle 4:
0 78 67 24 36 33 151 18 0 0 0 0 0
0 23 18 137 41 135 133 40 0 0 0 0 0
0 65 100 32 18 138 42 45 0 0 0 0 0
0 79 66 24 36 33 150 18 0 0 0 0 0
0 64 23 101 18 41 40 130 0 0 0 0 0
0 32 18 139 42 140 141 45 0 0 0 0 0

Vehicle 5:
0 5 6 12 0 0 0 0 0 0 0 0 0
0 5 6 12 0 0 0 0 0 0 0 0 0
0 5 6 12 0 0 0 0 0 0 0 0 0
0 5 6 12 103 102 0 0 0 0 0 0 0
0 5 6 12 0 0 0 0 0 0 0 0 0
0 5 6 114 115 12 0 0 0 0 0 0 0

Vehicle 6:
0 73 3 0 0 0 0 0 0 0 0 0 0
0 3 58 35 92 30 129 39 0 0 0 0 0
0 3 0 0 0 0 0 0 0 0 0 0 0
0 3 0 0 0 0 0 0 0 0 0 0 0
0 3 35 91 90 30 128 39 0 0 0 0 0
0 3 0 0 0 0 0 0 0 0 0 0 0

Vehicle 7:
0 80 104 13 7 1 0 0 0 0 0 0 0
0 69 117 13 7 1 0 0 0 0 0 0 0
0 68 116 13 7 1 0 0 0 0 0 0 0
0 1 7 152 13 119 0 0 0 0 0 0 0
0 1 7 105 153 13 0 0 0 0 0 0 0
0 1 7 83 82 13 0 0 0 0 0 0 0

Vehicle 8:
0 2 0 0 0 0 0 0 0 0 0 0 0
0 2 19 28 37 38 124 0 0 0 0 0 0
0 27 2 0 0 0 0 0 0 0 0 0 0
0 2 0 0 0 0 0 0 0 0 0 0 0
0 2 19 28 121 37 38 0 0 0 0 0 0
0 27 46 47 2 0 0 0 0 0 0 0 0

Transported demand matrix:
18 20 19 20 20 19
20 18 19 10 20 19
20 19 20 20 19 20
20 19 19 20 19 19
20 20 20 20 20 20
15 15 15 19 15 19
7 20 5 5 20 5
19 19 19 19 19 19
5 19 8 5 19 12

Routes distance matrix:
1747.5175912603513 2016.4252286361657 2444.677820430211 2737.641183375559 2101.686644284815 1874.0348476840009
2614.3353169297343 1912.154994081729 2864.16294641977 1732.0501056773012 1962.7503253217733 1785.8014524774696
2016.4254701679856 2593.3911234417565 1800.8579301804457 2016.4250020955767 2431.7334145742125 1800.8580585712434
1807.4574698196734 1742.809437618597 1736.5163290708085 2411.3426557032544 1791.0498136361318 1880.583978476649
1907.0666711399203 4810.773665775661 3394.683749478071 1869.765875615349 4911.953988215191 3600.0217749272624
635.0837018943545 635.0837018943545 635.0837018943545 914.9782192466502 635.0837018943545 680.2567232503835
118.16413052885582 3375.521194241495 115.46954038186868 115.46954038186868 3352.344882676864 115.46954038186868
1760.431530108648 1743.861693594158 1737.2263993309539 2559.573699319296 1925.170300689606 1907.8408151533495
115.46954038186868 4661.177373324243 167.9724887693398 115.46954038186868 4555.721199686833 222.9461263853256