1
3 51 2 160

699.9420712391357

612.0513845918333
9.90625
4 500 7200 7200
2 5 1 1 0

Assigned customers matrix:
Vehicle 0:
0 47 4 17 37 45 33 39 30 34 38 0 0 0 0 0 0 0 0 0 0 0
0 27 48 23 43 25 14 12 5 0 0 0 0 0 0 0 0 0 0 0 0 0

Vehicle 1:
0 51 0 0 0 0 0 0 0 0 0 0 0 0 0 0 0 0 0 0 0 0
0 46 11 49 9 50 16 21 29 35 36 20 22 1 0 0 0 0 0 0 0 0

Vehicle 2:
0 6 24 7 26 8 31 28 3 2 32 0 0 0 0 0 0 0 0 0 0 0
0 10 15 44 42 19 40 41 13 18 0 0 0 0 0 0 0 0 0 0 0 0

Transported demand matrix:
153 158
160 158
157 151

Routes distance matrix:
115.46555800278455 116.17279902759198
0.0 131.8634484688163
119.66400092005883 130.38759031493242