2
3 50 5 160

1806.0337130867758

1604.6253588639722
54.296875
4 500 7200 7200
21 3 4 0 1

Assigned customers matrix:
Vehicle 0:
0 12 38 5 15 44 41 13 6 0 0 0 0 0 0 0 0 0 0 0 0 0
0 46 9 39 33 42 40 41 47 12 0 0 0 0 0 0 0 0 0 0 0 0
0 6 13 41 19 44 5 38 12 0 0 0 0 0 0 0 0 0 0 0 0 0
0 9 10 39 33 45 42 41 47 12 0 0 0 0 0 0 0 0 0 0 0 0
0 12 41 0 0 0 0 0 0 0 0 0 0 0 0 0 0 0 0 0 0 0

Vehicle 1:
0 37 17 4 18 25 23 26 31 8 32 0 0 0 0 0 0 0 0 0 0 0
0 18 25 43 7 48 27 0 0 0 0 0 0 0 0 0 0 0 0 0 0 0
0 32 1 31 8 23 14 25 18 0 0 0 0 0 0 0 0 0 0 0 0 0
0 27 48 7 43 24 25 18 0 0 0 0 0 0 0 0 0 0 0 0 0 0
0 14 25 18 0 0 0 0 0 0 0 0 0 0 0 0 0 0 0 0 0 0

Vehicle 2:
0 30 34 20 2 0 0 0 0 0 0 0 0 0 0 0 0 0 0 0 0 0
0 11 16 50 34 29 35 20 2 0 0 0 0 0 0 0 0 0 0 0 0 0
0 49 30 34 2 20 3 28 0 0 0 0 0 0 0 0 0 0 0 0 0 0
0 11 16 34 21 35 36 20 2 0 0 0 0 0 0 0 0 0 0 0 0 0
0 49 34 2 20 3 28 22 0 0 0 0 0 0 0 0 0 0 0 0 0 0

Transported demand matrix:
156 154 155 157 56
159 131 159 141 90
103 151 151 149 140

Routes distance matrix:
118.23255657506029 145.20920684829318 117.63482216990288 132.37064161150707 64.34873485768277
132.93549039181383 91.97960091336265 105.98615716985822 92.3077770170232 50.459057461440025
95.96227043613091 105.05926473504232 117.69671256915167 115.81669153258284 115.75890083297784