3
1 50 5 160

707.7178259731398

659.6180964299969
2.53125
1 500 7200 7200
6 1

Assigned customers matrix:
Vehicle 0:
0 4 19 24 7 26 8 31 28 3 2 32 0 0 0 0 0 0 0 0 0 0
0 6 18 13 41 40 42 15 10 38 0 0 0 0 0 0 0 0 0 0 0 0
0 1 22 36 35 20 29 21 16 50 9 49 5 46 0 0 0 0 0 0 0 0
0 34 30 39 33 45 44 37 17 12 0 0 0 0 0 0 0 0 0 0 0 0
0 47 25 14 43 23 48 27 11 0 0 0 0 0 0 0 0 0 0 0 0 0

Transported demand matrix:
160 156 160 149 152

Routes distance matrix:
165.62253848887698 141.40344597434532 125.85567572548939 112.04455904657216 114.69187719471303