4
5 75 2 140

1191.564504632046

1054.966252371066
19.890625
4 500 7200 7200
3 17 3 1 0

Assigned customers matrix:
Vehicle 0:
0 68 73 62 28 61 22 64 42 63 0 0 0 0 0 0 0 0 0 0
0 12 72 39 31 25 55 18 32 3 0 0 0 0 0 0 0 0 0 0

Vehicle 1:
0 4 1 43 41 56 23 33 0 0 0 0 0 0 0 0 0 0 0 0
0 29 37 20 70 60 47 21 48 0 0 0 0 0 0 0 0 0 0 0

Vehicle 2:
0 58 10 9 49 17 6 75 0 0 0 0 0 0 0 0 0 0 0 0
0 2 30 5 57 46 67 0 0 0 0 0 0 0 0 0 0 0 0 0

Vehicle 3:
0 52 13 54 59 11 38 0 0 0 0 0 0 0 0 0 0 0 0 0
0 26 53 14 19 35 27 45 0 0 0 0 0 0 0 0 0 0 0 0

Vehicle 4:
0 51 16 24 50 44 40 0 0 0 0 0 0 0 0 0 0 0 0 0
0 74 69 71 36 15 34 8 66 65 7 0 0 0 0 0 0 0 0 0

Transported demand matrix:
140 131
140 140
140 140
132 134
130 137

Routes distance matrix:
116.87754066509339 124.85937225178621
93.3398394145933 102.2843070818081
109.34743754445192 79.08663259511117
103.71259421678552 83.7126260955074
83.8678582085009 166.6862167769519