6
1 75 10 140

1202.7378153136133

1029.4858845730282
4.21875
1 500 7200 7200
13 1

Assigned customers matrix:
Vehicle 0:
0 51 16 49 24 44 40 12 0 0 0 0 0 0 0 0 0 0 0 0
0 38 66 7 34 15 36 71 69 74 0 0 0 0 0 0 0 0 0 0
0 45 27 19 53 11 65 72 26 0 0 0 0 0 0 0 0 0 0 0
0 8 35 14 59 54 13 52 0 0 0 0 0 0 0 0 0 0 0 0
0 58 10 9 17 6 75 0 0 0 0 0 0 0 0 0 0 0 0 0
0 2 30 5 57 46 67 0 0 0 0 0 0 0 0 0 0 0 0 0
0 4 1 43 41 56 23 33 0 0 0 0 0 0 0 0 0 0 0 0
0 48 21 47 60 70 20 37 29 0 0 0 0 0 0 0 0 0 0 0
0 63 42 64 22 61 28 62 73 68 0 0 0 0 0 0 0 0 0 0
0 39 31 25 55 18 50 32 3 0 0 0 0 0 0 0 0 0 0 0

Transported demand matrix:
129 136 140 128 135 140 140 140 140 136

Routes distance matrix:
77.1476557234619 162.7934512973067 102.01262288586517 95.03224510462974 78.8211943056093 79.08663259511117 93.3398394145933 102.2843070818081 116.87754066509342 121.41111509492711