7
4 100 2 200

1215.712237778415

1083.1900255982239
14.953125
4 500 7200 7200
12 6 7 0 0

Assigned customers matrix:
Vehicle 0:
0 33 34 9 51 30 10 64 49 36 47 19 62 0 0 0 0 0 0 0 0 0 0 0 0 0 0 0 0 0 0 0 0 0 0 0 0
0 50 1 69 52 5 93 59 37 42 13 94 0 0 0 0 0 0 0 0 0 0 0 0 0 0 0 0 0 0 0 0 0 0 0 0 0

Vehicle 1:
0 76 79 78 81 35 71 65 66 88 70 0 0 0 0 0 0 0 0 0 0 0 0 0 0 0 0 0 0 0 0 0 0 0 0 0 0
0 40 21 73 72 75 23 4 25 80 68 12 0 0 0 0 0 0 0 0 0 0 0 0 0 0 0 0 0 0 0 0 0 0 0 0 0

Vehicle 2:
0 89 92 2 57 41 22 74 56 39 67 55 54 24 29 3 26 77 0 0 0 0 0 0 0 0 0 0 0 0 0 0 0 0 0 0 0
0 53 58 95 98 100 91 16 86 61 45 7 27 28 0 0 0 0 0 0 0 0 0 0 0 0 0 0 0 0 0 0 0 0 0 0 0

Vehicle 3:
0 60 84 17 85 44 38 14 43 15 87 97 99 96 6 0 0 0 0 0 0 0 0 0 0 0 0 0 0 0 0 0 0 0 0 0 0
0 31 20 32 90 63 11 48 82 46 8 83 18 0 0 0 0 0 0 0 0 0 0 0 0 0 0 0 0 0 0 0 0 0 0 0 0

Transported demand matrix:
195 177
147 187
200 200
183 169

Routes distance matrix:
168.1843577416111 109.83652271622104
145.78520652852842 106.89289581367358
191.38871224860944 119.93898019932665
135.88712738588438 136.69915023778154