9
1 100 8 200

1212.1105703506355

989.8837252355922
9.875
1 500 7200 7200
69 2

Assigned customers matrix:
Vehicle 0:
0 60 84 17 44 38 14 43 15 57 2 87 97 95 0 0 0 0 0 0 0 0 0 0 0 0 0 0 0 0 0 0 0 0 0 0 0
0 27 31 10 63 11 19 47 48 18 52 0 0 0 0 0 0 0 0 0 0 0 0 0 0 0 0 0 0 0 0 0 0 0 0 0 0
0 26 76 29 24 54 55 25 39 56 22 41 42 100 91 98 37 92 13 0 0 0 0 0 0 0 0 0 0 0 0 0 0 0 0 0 0
0 6 99 61 86 16 85 93 59 0 0 0 0 0 0 0 0 0 0 0 0 0 0 0 0 0 0 0 0 0 0 0 0 0 0 0 0
0 12 68 77 3 79 78 34 35 65 66 20 70 69 0 0 0 0 0 0 0 0 0 0 0 0 0 0 0 0 0 0 0 0 0 0 0
0 58 73 74 75 23 67 4 72 21 40 53 0 0 0 0 0 0 0 0 0 0 0 0 0 0 0 0 0 0 0 0 0 0 0 0 0
0 28 50 33 81 51 30 32 90 64 49 36 46 83 89 0 0 0 0 0 0 0 0 0 0 0 0 0 0 0 0 0 0 0 0 0 0
0 80 9 71 1 88 62 7 82 8 45 5 96 94 0 0 0 0 0 0 0 0 0 0 0 0 0 0 0 0 0 0 0 0 0 0 0

Transported demand matrix:
153 182 194 170 195 185 194 185

Routes distance matrix:
130.1048187770878 97.6188345096711 155.68240506176343 72.11170695635168 122.29443086473175 100.53713659829356 149.80805090705405 162.10449632842915