14
2 20 4 20

954.807118897525

954.807118897525
4.5
4 500 7200 7200
0 0 0 0 0

Assigned customers matrix:
Vehicle 0:
0 6 15 10 4 2 0 0 0 0 0 0 0 0 0 0 0
0 7 11 4 16 2 0 0 0 0 0 0 0 0 0 0 0
0 6 10 4 17 2 0 0 0 0 0 0 0 0 0 0 0
0 7 18 11 4 2 0 0 0 0 0 0 0 0 0 0 0

Vehicle 1:
0 5 14 9 3 1 0 0 0 0 0 0 0 0 0 0 0
0 8 12 3 13 1 0 0 0 0 0 0 0 0 0 0 0
0 1 20 3 9 5 0 0 0 0 0 0 0 0 0 0 0
0 8 19 12 3 1 0 0 0 0 0 0 0 0 0 0 0

Transported demand matrix:
15 15 15 15
15 15 15 15

Routes distance matrix:
120.56938494913479 118.13239477524641 118.13239477524641 120.56938494913479
120.56938494913479 118.13239477524641 118.13239477524644 120.56938494913479