15
2 38 4 30

1899.8857333857848

1899.8857333857848
4.390625
4 500 7200 7200
0 0 0 0 0

Assigned customers matrix:
Vehicle 0:
0 8 25 12 16 20 6 35 4 2 0 0 0 0 0 0 0 0 0 0 0 0 0 0 0 0
0 9 13 17 21 6 34 4 27 2 0 0 0 0 0 0 0 0 0 0 0 0 0 0 0 0
0 2 26 4 6 20 33 16 12 8 0 0 0 0 0 0 0 0 0 0 0 0 0 0 0 0
0 2 4 6 21 36 17 13 28 9 0 0 0 0 0 0 0 0 0 0 0 0 0 0 0 0

Vehicle 1:
0 1 23 3 5 19 32 15 11 7 0 0 0 0 0 0 0 0 0 0 0 0 0 0 0 0
0 10 29 14 18 37 22 5 3 1 0 0 0 0 0 0 0 0 0 0 0 0 0 0 0 0
0 7 24 11 15 19 5 38 3 1 0 0 0 0 0 0 0 0 0 0 0 0 0 0 0 0
0 1 30 3 31 5 22 18 14 10 0 0 0 0 0 0 0 0 0 0 0 0 0 0 0 0

Transported demand matrix:
25 25 25 25
25 25 25 25

Routes distance matrix:
234.46601600972403 232.02902583583565 239.56130954872648 241.99829972261486
239.56130954872648 241.99829972261483 234.46601600972403 232.0290258358357