16
2 56 4 40

3201.146525110604

3179.0510337214164
8.5
4 500 7200 7200
2 0 0 0 0

Assigned customers matrix:
Vehicle 0:
0 2 10 46 23 27 31 53 8 52 6 4 18 14 35 0 0 0 0 0 0 0 0 0 0 0 0 0 0 0 0 0 0 0 0
0 2 11 37 4 43 22 26 30 8 6 19 15 0 0 0 0 0 0 0 0 0 0 0 0 0 0 0 0 0 0 0 0 0 0
0 10 14 18 44 6 8 31 54 27 23 4 36 2 0 0 0 0 0 0 0 0 0 0 0 0 0 0 0 0 0 0 0 0 0
0 2 11 4 22 26 51 30 8 6 45 19 15 38 0 0 0 0 0 0 0 0 0 0 0 0 0 0 0 0 0 0 0 0 0

Vehicle 1:
0 1 33 3 24 28 55 32 7 5 41 17 13 9 0 0 0 0 0 0 0 0 0 0 0 0 0 0 0 0 0 0 0 0 0
0 1 3 21 25 50 29 7 5 48 20 16 39 12 0 0 0 0 0 0 0 0 0 0 0 0 0 0 0 0 0 0 0 0 0
0 1 9 34 13 17 3 5 49 7 56 32 28 24 47 0 0 0 0 0 0 0 0 0 0 0 0 0 0 0 0 0 0 0 0
0 1 12 40 16 20 3 5 7 29 25 21 42 0 0 0 0 0 0 0 0 0 0 0 0 0 0 0 0 0 0 0 0 0 0

Transported demand matrix:
36 34 35 35
35 35 36 34

Routes distance matrix:
424.07349508317174 381.9857355210033 391.95767728394384 399.0929349597746
391.9576772839438 394.39466745783216 408.30222294267037 375.1766648165634