18
4 76 4 30

3217.1674403595134

3217.1674403595134
6.578125
4 500 7200 7200
0 0 0 0 0

Assigned customers matrix:
Vehicle 0:
0 18 55 26 34 42 12 73 8 4 0 0 0 0 0 0 0 0 0 0 0 0 0 0 0 0 0 0 0 0 0 0 0
0 4 57 8 72 12 43 35 27 19 0 0 0 0 0 0 0 0 0 0 0 0 0 0 0 0 0 0 0 0 0 0 0
0 18 26 34 71 42 12 8 56 4 0 0 0 0 0 0 0 0 0 0 0 0 0 0 0 0 0 0 0 0 0 0 0
0 4 8 12 43 74 35 27 58 19 0 0 0 0 0 0 0 0 0 0 0 0 0 0 0 0 0 0 0 0 0 0 0

Vehicle 1:
0 2 6 65 10 38 30 22 47 14 0 0 0 0 0 0 0 0 0 0 0 0 0 0 0 0 0 0 0 0 0 0 0
0 2 15 23 31 39 10 64 6 49 0 0 0 0 0 0 0 0 0 0 0 0 0 0 0 0 0 0 0 0 0 0 0
0 2 14 22 30 63 38 10 6 48 0 0 0 0 0 0 0 0 0 0 0 0 0 0 0 0 0 0 0 0 0 0 0
0 15 50 23 31 66 39 10 6 2 0 0 0 0 0 0 0 0 0 0 0 0 0 0 0 0 0 0 0 0 0 0 0

Vehicle 2:
0 3 7 69 11 40 32 24 51 16 0 0 0 0 0 0 0 0 0 0 0 0 0 0 0 0 0 0 0 0 0 0 0
0 3 53 7 68 11 41 33 25 17 0 0 0 0 0 0 0 0 0 0 0 0 0 0 0 0 0 0 0 0 0 0 0
0 16 24 32 67 40 11 7 52 3 0 0 0 0 0 0 0 0 0 0 0 0 0 0 0 0 0 0 0 0 0 0 0
0 3 7 11 41 70 33 25 54 17 0 0 0 0 0 0 0 0 0 0 0 0 0 0 0 0 0 0 0 0 0 0 0

Vehicle 3:
0 13 21 29 62 37 9 5 45 1 0 0 0 0 0 0 0 0 0 0 0 0 0 0 0 0 0 0 0 0 0 0 0
0 1 5 9 44 75 36 28 59 20 0 0 0 0 0 0 0 0 0 0 0 0 0 0 0 0 0 0 0 0 0 0 0
0 13 46 21 29 37 9 76 5 1 0 0 0 0 0 0 0 0 0 0 0 0 0 0 0 0 0 0 0 0 0 0 0
0 20 28 36 44 9 61 5 60 1 0 0 0 0 0 0 0 0 0 0 0 0 0 0 0 0 0 0 0 0 0 0 0

Transported demand matrix:
25 25 25 25
25 25 25 25
25 25 25 25
25 25 25 25

Routes distance matrix:
199.76359752905344 199.04321897537693 202.1669696956347 202.88734824931123
199.76359752905347 199.5748747064346 202.69862542669236 202.8873482493112
199.76359752905347 199.04321897537693 202.1669696956347 202.88734824931123
202.1669696956347 202.88734824931123 199.76359752905344 199.04321897537693