19
4 112 4 40

4855.767886527179

4855.767886527179
6.53125
4 500 7200 7200
0 0 0 0 0

Assigned customers matrix:
Vehicle 0:
0 4 8 93 12 16 62 107 54 46 38 30 75 22 0 0 0 0 0 0 0 0 0 0 0 0 0 0 0 0 0 0 0 0 0 0 0 0 0 0 0 0 0
0 4 23 77 31 8 92 12 108 16 63 55 47 39 0 0 0 0 0 0 0 0 0 0 0 0 0 0 0 0 0 0 0 0 0 0 0 0 0 0 0 0 0
0 4 22 76 8 12 109 16 62 54 46 91 38 30 0 0 0 0 0 0 0 0 0 0 0 0 0 0 0 0 0 0 0 0 0 0 0 0 0 0 0 0 0
0 23 78 31 39 94 47 55 110 63 16 12 8 4 0 0 0 0 0 0 0 0 0 0 0 0 0 0 0 0 0 0 0 0 0 0 0 0 0 0 0 0 0

Vehicle 1:
0 18 67 26 34 42 50 99 58 14 10 85 6 2 0 0 0 0 0 0 0 0 0 0 0 0 0 0 0 0 0 0 0 0 0 0 0 0 0 0 0 0 0
0 2 69 6 84 10 100 14 59 51 43 35 27 19 0 0 0 0 0 0 0 0 0 0 0 0 0 0 0 0 0 0 0 0 0 0 0 0 0 0 0 0 0
0 18 26 34 83 42 50 58 14 101 10 6 68 2 0 0 0 0 0 0 0 0 0 0 0 0 0 0 0 0 0 0 0 0 0 0 0 0 0 0 0 0 0
0 2 6 10 14 59 102 51 43 86 35 27 70 19 0 0 0 0 0 0 0 0 0 0 0 0 0 0 0 0 0 0 0 0 0 0 0 0 0 0 0 0 0

Vehicle 2:
0 20 71 28 36 44 52 103 60 15 11 89 7 3 0 0 0 0 0 0 0 0 0 0 0 0 0 0 0 0 0 0 0 0 0 0 0 0 0 0 0 0 0
0 21 29 37 45 53 61 15 104 11 88 7 73 3 0 0 0 0 0 0 0 0 0 0 0 0 0 0 0 0 0 0 0 0 0 0 0 0 0 0 0 0 0
0 3 20 28 36 87 44 52 60 15 105 11 7 72 0 0 0 0 0 0 0 0 0 0 0 0 0 0 0 0 0 0 0 0 0 0 0 0 0 0 0 0 0
0 3 21 7 11 15 61 106 53 45 90 37 29 74 0 0 0 0 0 0 0 0 0 0 0 0 0 0 0 0 0 0 0 0 0 0 0 0 0 0 0 0 0

Vehicle 3:
0 17 25 33 82 41 49 57 13 112 9 5 65 1 0 0 0 0 0 0 0 0 0 0 0 0 0 0 0 0 0 0 0 0 0 0 0 0 0 0 0 0 0
0 24 79 32 40 95 48 56 111 64 13 9 5 1 0 0 0 0 0 0 0 0 0 0 0 0 0 0 0 0 0 0 0 0 0 0 0 0 0 0 0 0 0
0 17 66 25 33 41 49 98 57 13 9 96 5 1 0 0 0 0 0 0 0 0 0 0 0 0 0 0 0 0 0 0 0 0 0 0 0 0 0 0 0 0 0
0 24 32 40 48 56 64 13 97 9 81 5 80 1 0 0 0 0 0 0 0 0 0 0 0 0 0 0 0 0 0 0 0 0 0 0 0 0 0 0 0 0 0

Transported demand matrix:
35 35 35 35
35 35 35 35
35 35 35 35
35 35 35 35

Routes distance matrix:
304.5918922500938 304.84697656794526 302.2516488689198 307.7156429703515
304.59189225009374 298.0956840495527 301.21943476981045 307.71564297035155
304.59189225009374 298.09568404955263 301.75109050086814 308.98900829563456
301.21943476981045 307.7156429703515 304.59189225009374 298.09568404955263