20
4 184 4 60

9441.617486866793

9441.617486866793
10.65625
4 500 7200 7200
0 0 0 0 0

Assigned customers matrix:
Vehicle 0:
0 4 30 115 38 46 54 62 16 164 20 180 24 103 95 87 79 71 12 133 8 0 0 0 0 0 0 0 0 0 0 0 0 0 0 0 0 0 0 0 0 0 0 0 0 0 0 0 0 0 0 0 0 0 0 0 0 0 0 0 0 0 0
0 4 31 117 39 8 132 147 70 78 86 94 102 24 181 20 16 12 63 55 134 47 0 0 0 0 0 0 0 0 0 0 0 0 0 0 0 0 0 0 0 0 0 0 0 0 0 0 0 0 0 0 0 0 0 0 0 0 0 0 0 0 0
0 4 30 116 38 8 12 149 71 79 87 95 103 24 20 179 163 16 62 54 131 46 0 0 0 0 0 0 0 0 0 0 0 0 0 0 0 0 0 0 0 0 0 0 0 0 0 0 0 0 0 0 0 0 0 0 0 0 0 0 0 0 0
0 4 8 12 148 70 78 86 94 102 24 20 16 165 182 166 150 63 55 47 39 118 31 0 0 0 0 0 0 0 0 0 0 0 0 0 0 0 0 0 0 0 0 0 0 0 0 0 0 0 0 0 0 0 0 0 0 0 0 0 0 0 0

Vehicle 1:
0 2 26 107 34 6 125 10 67 75 83 91 99 22 172 18 156 14 58 50 42 0 0 0 0 0 0 0 0 0 0 0 0 0 0 0 0 0 0 0 0 0 0 0 0 0 0 0 0 0 0 0 0 0 0 0 0 0 0 0 0 0 0
0 2 27 35 43 126 51 59 14 18 173 22 98 90 82 74 66 139 10 124 6 109 0 0 0 0 0 0 0 0 0 0 0 0 0 0 0 0 0 0 0 0 0 0 0 0 0 0 0 0 0 0 0 0 0 0 0 0 0 0 0 0 0
0 2 26 108 34 6 10 141 67 75 83 91 99 22 18 171 155 14 58 50 123 42 0 0 0 0 0 0 0 0 0 0 0 0 0 0 0 0 0 0 0 0 0 0 0 0 0 0 0 0 0 0 0 0 0 0 0 0 0 0 0 0 0
0 2 27 6 10 140 66 74 82 90 98 22 18 14 157 174 158 142 59 51 43 35 110 0 0 0 0 0 0 0 0 0 0 0 0 0 0 0 0 0 0 0 0 0 0 0 0 0 0 0 0 0 0 0 0 0 0 0 0 0 0 0 0

Vehicle 2:
0 3 28 111 7 129 11 69 77 85 93 101 23 176 19 160 15 60 52 44 36 0 0 0 0 0 0 0 0 0 0 0 0 0 0 0 0 0 0 0 0 0 0 0 0 0 0 0 0 0 0 0 0 0 0 0 0 0 0 0 0 0 0
0 3 29 37 45 130 53 61 15 19 177 23 100 92 84 76 68 143 11 128 7 113 0 0 0 0 0 0 0 0 0 0 0 0 0 0 0 0 0 0 0 0 0 0 0 0 0 0 0 0 0 0 0 0 0 0 0 0 0 0 0 0 0
0 3 28 112 36 44 127 52 60 159 175 19 23 101 93 85 77 69 15 145 11 7 0 0 0 0 0 0 0 0 0 0 0 0 0 0 0 0 0 0 0 0 0 0 0 0 0 0 0 0 0 0 0 0 0 0 0 0 0 0 0 0 0
0 3 29 114 7 11 144 68 76 84 92 100 23 19 15 161 178 162 146 61 53 45 37 0 0 0 0 0 0 0 0 0 0 0 0 0 0 0 0 0 0 0 0 0 0 0 0 0 0 0 0 0 0 0 0 0 0 0 0 0 0 0 0

Vehicle 3:
0 25 33 41 122 49 57 154 170 153 17 21 104 96 88 80 72 13 152 9 5 105 1 0 0 0 0 0 0 0 0 0 0 0 0 0 0 0 0 0 0 0 0 0 0 0 0 0 0 0 0 0 0 0 0 0 0 0 0 0 0 0 0
0 32 119 40 48 56 64 167 13 17 21 97 89 81 73 65 138 137 9 5 1 0 0 0 0 0 0 0 0 0 0 0 0 0 0 0 0 0 0 0 0 0 0 0 0 0 0 0 0 0 0 0 0 0 0 0 0 0 0 0 0 0 0
0 1 25 106 33 41 49 57 13 17 169 21 104 183 96 88 80 72 151 9 136 5 0 0 0 0 0 0 0 0 0 0 0 0 0 0 0 0 0 0 0 0 0 0 0 0 0 0 0 0 0 0 0 0 0 0 0 0 0 0 0 0 0
0 1 5 121 9 65 73 81 89 97 21 184 17 168 13 64 56 135 48 40 120 32 0 0 0 0 0 0 0 0 0 0 0 0 0 0 0 0 0 0 0 0 0 0 0 0 0 0 0 0 0 0 0 0 0 0 0 0 0 0 0 0 0

Transported demand matrix:
54 55 55 56
54 55 55 56
54 55 55 56
56 54 55 55

Routes distance matrix:
533.0281061776975 555.1104748687752 634.1754653593376 631.3992816423614
538.4002658074152 544.55305484741 634.1754653593376 632.6726469676445
537.1167450912989 544.55305484741 622.4498652836138 636.1475116558553
636.5856353895807 587.0806641271993 571.8644275153891 539.47082249442