21
6 60 4 20

2476.4553897066003

2476.4553897066003
9.78125
4 500 7200 7200
0 0 0 0 0

Assigned customers matrix:
Vehicle 0:
0 6 12 34 55 22 0 0 0 0 0 0 0 0 0 0 0 0 0 0 0 0 0
0 6 23 35 12 57 0 0 0 0 0 0 0 0 0 0 0 0 0 0 0 0 0
0 22 34 12 56 6 0 0 0 0 0 0 0 0 0 0 0 0 0 0 0 0 0
0 6 12 35 58 23 0 0 0 0 0 0 0 0 0 0 0 0 0 0 0 0 0

Vehicle 1:
0 18 47 30 10 4 0 0 0 0 0 0 0 0 0 0 0 0 0 0 0 0 0
0 4 19 31 10 49 0 0 0 0 0 0 0 0 0 0 0 0 0 0 0 0 0
0 18 30 10 48 4 0 0 0 0 0 0 0 0 0 0 0 0 0 0 0 0 0
0 19 50 31 10 4 0 0 0 0 0 0 0 0 0 0 0 0 0 0 0 0 0

Vehicle 2:
0 20 51 32 11 5 0 0 0 0 0 0 0 0 0 0 0 0 0 0 0 0 0
0 21 33 11 53 5 0 0 0 0 0 0 0 0 0 0 0 0 0 0 0 0 0
0 20 32 11 52 5 0 0 0 0 0 0 0 0 0 0 0 0 0 0 0 0 0
0 21 54 33 11 5 0 0 0 0 0 0 0 0 0 0 0 0 0 0 0 0 0

Vehicle 3:
0 1 37 7 25 13 0 0 0 0 0 0 0 0 0 0 0 0 0 0 0 0 0
0 1 7 36 59 24 0 0 0 0 0 0 0 0 0 0 0 0 0 0 0 0 0
0 13 38 25 7 1 0 0 0 0 0 0 0 0 0 0 0 0 0 0 0 0 0
0 24 36 7 60 1 0 0 0 0 0 0 0 0 0 0 0 0 0 0 0 0 0

Vehicle 4:
0 2 8 26 39 14 0 0 0 0 0 0 0 0 0 0 0 0 0 0 0 0 0
0 15 27 8 41 2 0 0 0 0 0 0 0 0 0 0 0 0 0 0 0 0 0
0 2 40 8 26 14 0 0 0 0 0 0 0 0 0 0 0 0 0 0 0 0 0
0 2 8 27 42 15 0 0 0 0 0 0 0 0 0 0 0 0 0 0 0 0 0

Vehicle 5:
0 16 43 28 9 3 0 0 0 0 0 0 0 0 0 0 0 0 0 0 0 0 0
0 17 29 9 45 3 0 0 0 0 0 0 0 0 0 0 0 0 0 0 0 0 0
0 16 28 9 44 3 0 0 0 0 0 0 0 0 0 0 0 0 0 0 0 0 0
0 3 9 29 46 17 0 0 0 0 0 0 0 0 0 0 0 0 0 0 0 0 0

Transported demand matrix:
15 15 15 15
15 15 15 15
15 15 15 15
15 15 15 15
15 15 15 15
15 15 15 15

Routes distance matrix:
103.35131772101272 103.26186013202253 103.01944322674845 103.35158331962252
103.35205854139355 103.26231586939376 103.01995089935151 103.35205854139355
103.35158331962252 103.01944322674845 103.0194937185213 103.35131772101273
103.0199508993515 103.35205854139355 103.35205854139355 103.01995089935151
103.35158331962252 103.01944322674845 103.0194937185213 103.35131772101272
103.35131772101273 103.0194937185213 103.01944322674845 103.35158331962252