22
6 114 4 30

4608.946941020468

4608.946941020468
13.4375
4 500 7200 7200
0 0 0 0 0

Assigned customers matrix:
Vehicle 0:
0 28 85 40 12 111 18 65 53 6 0 0 0 0 0 0 0 0 0 0 0 0 0 0 0 0 0 0 0 0 0 0 0
0 6 52 64 18 110 12 41 87 29 0 0 0 0 0 0 0 0 0 0 0 0 0 0 0 0 0 0 0 0 0 0 0
0 6 53 112 65 18 12 40 86 28 0 0 0 0 0 0 0 0 0 0 0 0 0 0 0 0 0 0 0 0 0 0 0
0 6 52 109 64 18 12 41 88 29 0 0 0 0 0 0 0 0 0 0 0 0 0 0 0 0 0 0 0 0 0 0 0

Vehicle 1:
0 24 77 36 48 60 16 102 10 4 0 0 0 0 0 0 0 0 0 0 0 0 0 0 0 0 0 0 0 0 0 0 0
0 25 37 49 61 16 103 10 79 4 0 0 0 0 0 0 0 0 0 0 0 0 0 0 0 0 0 0 0 0 0 0 0
0 24 36 48 101 60 16 10 78 4 0 0 0 0 0 0 0 0 0 0 0 0 0 0 0 0 0 0 0 0 0 0 0
0 25 80 37 49 104 61 16 10 4 0 0 0 0 0 0 0 0 0 0 0 0 0 0 0 0 0 0 0 0 0 0 0

Vehicle 2:
0 5 11 17 62 105 50 38 81 26 0 0 0 0 0 0 0 0 0 0 0 0 0 0 0 0 0 0 0 0 0 0 0
0 27 39 51 108 63 17 11 83 5 0 0 0 0 0 0 0 0 0 0 0 0 0 0 0 0 0 0 0 0 0 0 0
0 26 38 50 62 17 106 11 82 5 0 0 0 0 0 0 0 0 0 0 0 0 0 0 0 0 0 0 0 0 0 0 0
0 5 11 107 17 63 51 39 84 27 0 0 0 0 0 0 0 0 0 0 0 0 0 0 0 0 0 0 0 0 0 0 0

Vehicle 3:
0 1 67 7 91 13 55 43 31 19 0 0 0 0 0 0 0 0 0 0 0 0 0 0 0 0 0 0 0 0 0 0 0
0 30 89 42 54 66 13 114 7 1 0 0 0 0 0 0 0 0 0 0 0 0 0 0 0 0 0 0 0 0 0 0 0
0 1 7 13 55 92 43 31 68 19 0 0 0 0 0 0 0 0 0 0 0 0 0 0 0 0 0 0 0 0 0 0 0
0 1 30 42 54 113 66 13 7 90 0 0 0 0 0 0 0 0 0 0 0 0 0 0 0 0 0 0 0 0 0 0 0

Vehicle 4:
0 2 20 69 32 44 93 56 14 8 0 0 0 0 0 0 0 0 0 0 0 0 0 0 0 0 0 0 0 0 0 0 0
0 2 21 33 45 96 57 14 8 71 0 0 0 0 0 0 0 0 0 0 0 0 0 0 0 0 0 0 0 0 0 0 0
0 20 32 44 56 14 94 8 70 2 0 0 0 0 0 0 0 0 0 0 0 0 0 0 0 0 0 0 0 0 0 0 0
0 2 8 95 14 57 45 33 72 21 0 0 0 0 0 0 0 0 0 0 0 0 0 0 0 0 0 0 0 0 0 0 0

Vehicle 5:
0 3 47 59 15 99 9 34 73 22 0 0 0 0 0 0 0 0 0 0 0 0 0 0 0 0 0 0 0 0 0 0 0
0 3 46 58 15 98 9 35 75 23 0 0 0 0 0 0 0 0 0 0 0 0 0 0 0 0 0 0 0 0 0 0 0
0 3 47 100 59 15 9 34 74 22 0 0 0 0 0 0 0 0 0 0 0 0 0 0 0 0 0 0 0 0 0 0 0
0 3 46 97 58 15 9 35 76 23 0 0 0 0 0 0 0 0 0 0 0 0 0 0 0 0 0 0 0 0 0 0 0

Transported demand matrix:
25 25 25 25
25 25 25 25
25 25 25 25
25 25 25 25
25 25 25 25
25 25 25 25

Routes distance matrix:
193.2067899728641 193.2080321109546 194.8180017094281 194.81775384628756
190.3469461387162 190.01483849667412 191.624108942259 191.95621658430105
191.9560074318135 191.6239838033106 190.01330551013274 190.34568910959638
190.01483849667414 190.3469461387162 191.95621658430107 191.86647391230127
192.25533217786162 191.8664591678942 190.01330551013274 190.34568910959638
193.20678997286416 193.2080321109546 194.8180017094281 194.81775384628756