23
6 168 4 40

6836.870593098069

6836.870593098069
19.4375
4 500 7200 7200
0 0 0 0 0

Assigned customers matrix:
Vehicle 0:
0 6 12 18 165 24 94 82 70 139 58 46 115 34 0 0 0 0 0 0 0 0 0 0 0 0 0 0 0 0 0 0 0 0 0 0 0 0 0 0 0 0 0
0 35 47 59 142 71 83 166 95 24 18 12 117 6 0 0 0 0 0 0 0 0 0 0 0 0 0 0 0 0 0 0 0 0 0 0 0 0 0 0 0 0 0
0 6 12 140 18 24 94 163 82 70 58 46 116 34 0 0 0 0 0 0 0 0 0 0 0 0 0 0 0 0 0 0 0 0 0 0 0 0 0 0 0 0 0
0 35 118 47 59 71 83 95 24 164 18 141 12 6 0 0 0 0 0 0 0 0 0 0 0 0 0 0 0 0 0 0 0 0 0 0 0 0 0 0 0 0 0

Vehicle 1:
0 30 107 42 54 66 78 155 90 22 16 132 10 4 0 0 0 0 0 0 0 0 0 0 0 0 0 0 0 0 0 0 0 0 0 0 0 0 0 0 0 0 0
0 4 109 10 133 16 156 22 91 79 67 55 43 31 0 0 0 0 0 0 0 0 0 0 0 0 0 0 0 0 0 0 0 0 0 0 0 0 0 0 0 0 0
0 30 42 54 131 66 78 90 22 157 16 10 108 4 0 0 0 0 0 0 0 0 0 0 0 0 0 0 0 0 0 0 0 0 0 0 0 0 0 0 0 0 0
0 4 31 10 16 22 91 158 79 67 134 55 43 110 0 0 0 0 0 0 0 0 0 0 0 0 0 0 0 0 0 0 0 0 0 0 0 0 0 0 0 0 0

Vehicle 2:
0 5 57 69 81 93 23 160 17 137 11 44 111 32 0 0 0 0 0 0 0 0 0 0 0 0 0 0 0 0 0 0 0 0 0 0 0 0 0 0 0 0 0
0 5 56 68 80 92 23 161 17 136 11 45 113 33 0 0 0 0 0 0 0 0 0 0 0 0 0 0 0 0 0 0 0 0 0 0 0 0 0 0 0 0 0
0 5 57 138 69 81 162 93 23 17 11 44 112 32 0 0 0 0 0 0 0 0 0 0 0 0 0 0 0 0 0 0 0 0 0 0 0 0 0 0 0 0 0
0 5 56 135 68 80 159 92 23 17 11 45 114 33 0 0 0 0 0 0 0 0 0 0 0 0 0 0 0 0 0 0 0 0 0 0 0 0 0 0 0 0 0

Vehicle 3:
0 25 37 49 61 73 146 85 19 13 121 7 97 1 0 0 0 0 0 0 0 0 0 0 0 0 0 0 0 0 0 0 0 0 0 0 0 0 0 0 0 0 0
0 1 7 144 13 145 19 96 84 72 60 48 119 36 0 0 0 0 0 0 0 0 0 0 0 0 0 0 0 0 0 0 0 0 0 0 0 0 0 0 0 0 0
0 1 25 98 37 49 122 61 73 85 19 168 13 7 0 0 0 0 0 0 0 0 0 0 0 0 0 0 0 0 0 0 0 0 0 0 0 0 0 0 0 0 0
0 1 120 7 13 19 96 167 84 72 143 60 48 36 0 0 0 0 0 0 0 0 0 0 0 0 0 0 0 0 0 0 0 0 0 0 0 0 0 0 0 0 0

Vehicle 4:
0 26 99 38 8 14 148 20 87 75 63 125 51 2 0 0 0 0 0 0 0 0 0 0 0 0 0 0 0 0 0 0 0 0 0 0 0 0 0 0 0 0 0
0 2 50 62 74 86 20 149 14 124 8 39 101 27 0 0 0 0 0 0 0 0 0 0 0 0 0 0 0 0 0 0 0 0 0 0 0 0 0 0 0 0 0
0 2 26 100 38 8 14 20 87 150 75 63 126 51 0 0 0 0 0 0 0 0 0 0 0 0 0 0 0 0 0 0 0 0 0 0 0 0 0 0 0 0 0
0 2 50 123 62 74 147 86 20 14 8 39 102 27 0 0 0 0 0 0 0 0 0 0 0 0 0 0 0 0 0 0 0 0 0 0 0 0 0 0 0 0 0

Vehicle 5:
0 3 9 15 153 21 88 76 64 127 52 40 103 28 0 0 0 0 0 0 0 0 0 0 0 0 0 0 0 0 0 0 0 0 0 0 0 0 0 0 0 0 0
0 29 41 53 130 65 77 154 89 21 15 9 105 3 0 0 0 0 0 0 0 0 0 0 0 0 0 0 0 0 0 0 0 0 0 0 0 0 0 0 0 0 0
0 3 9 128 15 21 88 151 76 64 52 40 104 28 0 0 0 0 0 0 0 0 0 0 0 0 0 0 0 0 0 0 0 0 0 0 0 0 0 0 0 0 0
0 29 106 41 53 65 77 89 21 152 15 129 9 3 0 0 0 0 0 0 0 0 0 0 0 0 0 0 0 0 0 0 0 0 0 0 0 0 0 0 0 0 0

Transported demand matrix:
35 35 35 35
35 35 35 35
35 35 35 35
35 35 35 35
35 35 35 35
35 35 35 35

Routes distance matrix:
282.42003012143766 285.4405912484043 284.1638348897032 280.8098605522601
284.16334411886913 280.47859270004955 282.08891804701847 286.3494582909351
283.6718494132456 283.67212767424206 288.63663698349984 288.6340755792624
283.83123647682714 280.81070034209154 282.72040237564363 285.4415618237961
285.28038875315417 283.67212767424206 288.7539750682992 288.6340755792624
282.42003012143766 285.4405912484043 284.1638348897032 280.8098605522601