24
3 51 6 20

5108.711959155171

4416.37142788074
83.734375
4 500 7200 7200
31 5 1 1 0

Assigned customers matrix:
Vehicle 0:
0 4 27 9 24 3 0 0 0 0 0 0 0
0 44 4 3 22 8 0 0 0 0 0 0 0
0 42 3 4 29 10 0 0 0 0 0 0 0
0 4 9 25 3 0 0 0 0 0 0 0 0
0 8 23 3 26 4 45 0 0 0 0 0 0
0 47 10 28 4 3 43 0 0 0 0 0 0

Vehicle 1:
0 6 5 0 0 0 0 0 0 0 0 0 0
0 12 6 35 11 32 5 0 0 0 0 0 0
0 50 51 49 6 5 14 0 0 0 0 0 0
0 6 5 0 0 0 0 0 0 0 0 0 0
0 5 33 11 34 6 37 12 0 0 0 0 0
0 6 5 31 30 46 14 0 0 0 0 0 0

Vehicle 2:
0 2 1 0 0 0 0 0 0 0 0 0 0
0 1 17 7 18 2 41 0 0 0 0 0 0
0 15 1 2 40 13 0 0 0 0 0 0 0
0 2 1 38 39 36 48 0 0 0 0 0 0
0 1 16 7 19 2 0 0 0 0 0 0 0
0 13 21 20 2 1 15 0 0 0 0 0 0

Transported demand matrix:
15 15 15 13 17 17
8 18 17 8 20 17
8 17 16 16 15 18

Routes distance matrix:
233.2276260798244 277.04392050249066 281.92701234596757 232.08459540718633 297.85724337562624 280.59592662500773
173.2035403818687 333.2275738438589 221.69226089845472 173.2035403818687 334.37112886935137 242.62878473594745
173.20504038169383 235.92221622681154 199.44082876387932 250.76990494963252 233.22801830556236 242.742265805708