26
3 51 6 20

5095.500142759081

4490.656520583734
82.9375
4 500 7200 7200
34 6 0 1 0

Assigned customers matrix:
Vehicle 0:
0 4 27 9 24 3 0 0 0 0 0 0 0
0 44 4 3 23 8 0 0 0 0 0 0 0
0 3 4 28 10 0 0 0 0 0 0 0 0
0 3 25 9 4 0 0 0 0 0 0 0 0
0 4 26 3 22 8 0 0 0 0 0 0 0
0 10 29 4 3 42 43 0 0 0 0 0 0

Vehicle 1:
0 6 5 31 30 45 14 0 0 0 0 0 0
0 5 33 11 35 6 12 0 0 0 0 0 0
0 47 5 34 6 48 0 0 0 0 0 0 0
0 14 46 5 6 51 50 0 0 0 0 0 0
0 6 37 12 11 32 5 0 0 0 0 0 0
0 5 6 0 0 0 0 0 0 0 0 0 0

Vehicle 2:
0 1 2 40 13 0 0 0 0 0 0 0 0
0 2 19 7 38 1 0 0 0 0 0 0 0
0 2 1 15 0 0 0 0 0 0 0 0 0
0 13 2 1 39 36 49 0 0 0 0 0 0
0 41 2 18 7 17 1 0 0 0 0 0 0
0 15 1 16 2 20 21 0 0 0 0 0 0

Transported demand matrix:
17 17 15 15 17 19
19 20 16 19 20 10
15 17 13 19 19 19

Routes distance matrix:
233.2276260798244 277.0435808097236 274.34913151503713 232.08459540718633 290.2798940555939 283.1540357156948
245.34875165484834 333.2279135366259 199.4075513584486 222.20599754079097 333.2275264095438 173.2035403818687
186.62534625787123 276.51597351800774 186.0205228877019 250.88139172678007 235.92221622681154 257.930925501376