27
6 102 6 20

33794.612677890844

30681.056282304384
179.0625
4 500 7200 7200
39 5 1 0 0

Assigned customers matrix:
Vehicle 0:
0 6 12 88 27 30 0 0 0 0 0 0 0
0 6 12 0 0 0 0 0 0 0 0 0 0
0 48 47 49 12 6 0 0 0 0 0 0 0
0 30 27 87 12 6 0 0 0 0 0 0 0
0 12 6 0 0 0 0 0 0 0 0 0 0
0 6 50 12 86 85 83 84 0 0 0 0 0

Vehicle 1:
0 4 10 79 80 29 16 44 0 0 0 0 0
0 4 10 15 41 0 0 0 0 0 0 0 0
0 20 62 10 4 60 0 0 0 0 0 0 0
0 16 29 96 10 78 77 4 0 0 0 0 0
0 40 39 15 75 76 10 4 0 0 0 0 0
0 20 43 95 10 42 4 59 0 0 0 0 0

Vehicle 2:
0 46 98 81 25 26 11 5 0 0 0 0 0
0 17 11 5 0 0 0 0 0 0 0 0 0
0 5 11 0 0 0 0 0 0 0 0 0 0
0 45 25 82 26 11 97 5 0 0 0 0 0
0 17 11 5 0 0 0 0 0 0 0 0 0
0 61 11 5 0 0 0 0 0 0 0 0 0

Vehicle 3:
0 65 1 51 52 18 7 92 0 0 0 0 0
0 1 33 13 7 101 100 99 0 0 0 0 0
0 31 7 1 66 21 0 0 0 0 0 0 0
0 54 18 102 7 53 1 0 0 0 0 0 0
0 1 32 7 68 67 13 34 0 0 0 0 0
0 21 1 7 89 90 64 63 0 0 0 0 0

Vehicle 4:
0 24 23 8 2 0 0 0 0 0 0 0 0
0 8 2 0 0 0 0 0 0 0 0 0 0
0 2 28 91 8 70 22 0 0 0 0 0 0
0 2 8 23 24 0 0 0 0 0 0 0 0
0 8 2 0 0 0 0 0 0 0 0 0 0
0 2 22 69 8 28 0 0 0 0 0 0 0

Vehicle 5:
0 3 9 0 0 0 0 0 0 0 0 0 0
0 3 9 37 55 56 19 0 0 0 0 0 0
0 3 9 94 14 35 36 0 0 0 0 0 0
0 9 3 0 0 0 0 0 0 0 0 0 0
0 19 57 38 71 72 9 3 0 0 0 0 0
0 58 3 9 73 74 93 14 0 0 0 0 0

Transported demand matrix:
16 8 14 16 8 18
20 13 15 20 19 19
20 11 8 20 11 10
19 19 15 17 19 19
14 8 18 14 8 16
8 17 17 8 19 19

Routes distance matrix:
1083.0677852009735 577.3497018943544 622.6196121737614 1083.068177431937 577.3497018943544 1058.2104763501093
863.1243160583333 599.0081815835449 608.2313274152073 929.548969860582 986.5643077896385 607.6940722663214
1596.045432451191 596.8410575448631 577.3497018943544 1603.5261063536914 596.8410575448631 578.1348143067712
876.5220120751295 831.0102819135715 598.077911835793 634.6572938775097 871.7322791973753 875.8828366564272
1577.350218232221 577.3497018943544 1160.6576424123264 1577.3502182322209 577.3497018943544 1155.805136050964
577.3497018943544 607.5225291589851 615.1098509521505 577.3497018943544 982.423168936966 873.8419257933124