28
6 102 6 20

33794.612677890844

29635.212024361907
908.890625
4 500 7200 7200
68 32 13 0 0

Assigned customers matrix:
Vehicle 0:
0 6 12 27 30 0 0 0 0 0 0 0 0
0 63 6 12 17 50 0 0 0 0 0 0 0
0 6 12 99 0 0 0 0 0 0 0 0 0
0 6 12 88 27 87 30 0 0 0 0 0 0
0 6 12 17 49 0 0 0 0 0 0 0 0
0 6 12 86 85 83 84 48 0 0 0 0 0

Vehicle 1:
0 4 10 79 80 29 16 44 0 0 0 0 0
0 4 10 15 0 0 0 0 0 0 0 0 0
0 4 10 95 60 20 0 0 0 0 0 0 0
0 16 29 96 10 78 77 4 0 0 0 0 0
0 4 10 15 39 40 0 0 0 0 0 0 0
0 20 59 4 43 10 42 41 0 0 0 0 0

Vehicle 2:
0 26 25 81 11 5 0 0 0 0 0 0 0
0 5 11 0 0 0 0 0 0 0 0 0 0
0 5 11 0 0 0 0 0 0 0 0 0 0
0 5 97 98 25 82 11 26 0 0 0 0 0
0 61 62 45 46 11 5 0 0 0 0 0 0
0 47 11 5 0 0 0 0 0 0 0 0 0

Vehicle 3:
0 21 65 1 7 102 18 54 0 0 0 0 0
0 34 33 13 7 1 0 0 0 0 0 0 0
0 1 7 68 67 31 0 0 0 0 0 0 0
0 21 18 101 7 53 1 0 0 0 0 0 0
0 1 32 13 7 89 90 100 0 0 0 0 0
0 64 51 52 7 1 66 0 0 0 0 0 0

Vehicle 4:
0 2 8 0 0 0 0 0 0 0 0 0 0
0 55 8 2 0 0 0 0 0 0 0 0 0
0 28 91 23 22 69 8 2 0 0 0 0 0
0 2 8 0 0 0 0 0 0 0 0 0 0
0 2 8 35 0 0 0 0 0 0 0 0 0
0 2 8 70 22 23 73 28 0 0 0 0 0

Vehicle 5:
0 3 9 0 0 0 0 0 0 0 0 0 0
0 56 36 9 3 0 0 0 0 0 0 0 0
0 19 14 9 75 24 76 3 0 0 0 0 0
0 3 9 94 37 57 0 0 0 0 0 0 0
0 92 71 72 74 9 3 58 0 0 0 0 0
0 19 38 14 93 9 24 3 0 0 0 0 0

Transported demand matrix:
14 16 12 18 14 20
20 12 16 20 16 20
16 10 10 20 18 12
20 16 16 18 20 18
10 12 20 10 12 20
10 14 20 16 20 20

Routes distance matrix:
1077.3511091168018 609.2501824252358 590.8248831375636 1097.6147675394675 599.0080455278967 1047.0528457464698
863.1243160583333 596.8414211699811 596.8608253907794 929.548969860582 610.5549673336062 610.1874311556627
1583.0681774318957 577.3497018943544 577.3497018943544 1608.1116575734382 588.3983766755232 584.6568951258383
636.9196823064331 610.5549673336062 857.2448464808128 612.5545321090783 944.9599277393402 619.6697937368203
577.3497018943544 579.211811249445 1630.0411198635534 577.3497018943544 581.60830096141 1643.1656665544183
577.3497018943544 599.257872908368 1118.5952469178449 591.5892944650599 994.8819157390853 1132.9032837498592