29
6 102 6 20

34142.2540834451

28315.73140438702
1138.46875
4 500 7200 7200
80 57 12 3 0

Assigned customers matrix:
Vehicle 0:
0 97 98 26 12 99 6 0 0 0 0 0 0
0 30 27 87 12 6 0 0 0 0 0 0 0
0 6 50 12 85 48 47 49 0 0 0 0 0
0 83 84 26 86 12 6 0 0 0 0 0 0
0 30 27 88 12 100 6 0 0 0 0 0 0
0 6 12 0 0 0 0 0 0 0 0 0 0

Vehicle 1:
0 62 16 29 10 4 60 0 0 0 0 0 0
0 41 15 10 4 59 0 0 0 0 0 0 0
0 4 10 24 75 76 42 0 0 0 0 0 0
0 43 16 29 95 10 4 0 0 0 0 0 0
0 40 39 15 10 96 4 0 0 0 0 0 0
0 4 77 24 78 10 44 0 0 0 0 0 0

Vehicle 2:
0 20 11 5 0 0 0 0 0 0 0 0 0
0 5 11 82 25 0 0 0 0 0 0 0 0
0 5 11 17 0 0 0 0 0 0 0 0 0
0 20 45 46 11 5 0 0 0 0 0 0 0
0 80 79 25 81 11 5 0 0 0 0 0 0
0 17 11 5 61 0 0 0 0 0 0 0 0

Vehicle 3:
0 51 52 18 102 7 1 0 0 0 0 0 0
0 33 13 7 89 90 1 0 0 0 0 0 0
0 21 65 1 7 32 31 0 0 0 0 0 0
0 1 67 68 7 18 66 0 0 0 0 0 0
0 1 54 101 7 13 34 0 0 0 0 0 0
0 1 7 53 64 63 21 0 0 0 0 0 0

Vehicle 4:
0 9 8 92 19 0 0 0 0 0 0 0 0
0 9 8 69 22 0 0 0 0 0 0 0 0
0 28 9 73 23 72 8 0 0 0 0 0 0
0 19 8 9 0 0 0 0 0 0 0 0 0
0 9 8 70 22 0 0 0 0 0 0 0 0
0 28 91 8 71 23 9 0 0 0 0 0 0

Vehicle 5:
0 2 36 38 3 0 0 0 0 0 0 0 0
0 56 2 55 57 3 58 0 0 0 0 0 0
0 3 37 14 35 2 0 0 0 0 0 0 0
0 2 3 0 0 0 0 0 0 0 0 0 0
0 2 3 0 0 0 0 0 0 0 0 0 0
0 2 14 74 93 94 3 0 0 0 0 0 0

Transported demand matrix:
19 18 20 19 20 10
20 17 19 20 19 19
13 15 13 17 19 15
19 19 19 19 19 19
15 15 20 13 15 20
14 18 17 10 10 19

Routes distance matrix:
1212.7801840808734 1083.068177431937 840.5898333625703 1151.6362837806405 1123.2836880479204 577.3497018943544
652.5573065064484 601.7034592445343 1152.97572949482 654.1664001075931 650.7706836378344 1106.4110094367577
583.4947977483286 1083.0677852009317 596.8410575448631 586.3512211656025 1151.638105426485 599.536071121608
635.0472811968483 891.6513323793638 599.0294366120712 885.490236176957 629.5300497335458 607.5226438590632
882.4477244206211 1371.7417851996327 1230.2104349622512 872.1687276614339 1371.7421774305963 1227.5187897896492
193.21457352723021 178.88067759948268 233.22628568335244 173.2035403818687 173.2035403818687 759.0020974854283