30
9 153 6 20

125606.57424333305

103884.69515412409
3399.796875
4 500 7200 7200
103 43 24 1 0

Assigned customers matrix:
Vehicle 0:
0 77 112 113 132 133 17 11 0 0 0 0 0
0 98 99 134 135 17 11 76 0 0 0 0 0
0 22 31 44 149 17 11 0 0 0 0 0 0
0 11 17 59 75 0 0 0 0 0 0 0 0
0 96 148 17 11 64 0 0 0 0 0 0 0
0 22 97 31 44 17 11 0 0 0 0 0 0

Vehicle 1:
0 8 14 122 123 34 0 0 0 0 0 0 0
0 8 14 19 0 0 0 0 0 0 0 0 0
0 107 8 14 120 121 84 85 0 0 0 0 0
0 70 8 14 106 34 0 0 0 0 0 0 0
0 86 143 14 8 19 0 0 0 0 0 0 0
0 8 14 142 87 0 0 0 0 0 0 0 0

Vehicle 2:
0 25 109 108 9 15 127 39 0 0 0 0 0
0 9 15 145 43 89 0 0 0 0 0 0 0
0 9 15 124 125 0 0 0 0 0 0 0 0
0 25 9 15 126 39 90 0 0 0 0 0 0
0 91 15 144 43 88 9 71 0 0 0 0 0
0 9 15 72 0 0 0 0 0 0 0 0 0

Vehicle 3:
0 58 16 10 4 0 0 0 0 0 0 0 0
0 4 92 30 16 10 35 0 0 0 0 0 0
0 4 110 111 10 16 129 128 0 0 0 0 0
0 4 10 16 130 131 94 0 0 0 0 0 0
0 35 10 16 30 93 4 0 0 0 0 0 0
0 74 95 146 147 16 10 4 0 0 0 0 0

Vehicle 4:
0 33 42 41 40 32 5 0 0 0 0 0 0
0 5 0 0 0 0 0 0 0 0 0 0 0
0 26 5 23 24 0 0 0 0 0 0 0 0
0 33 42 41 40 32 5 0 0 0 0 0 0
0 5 0 0 0 0 0 0 0 0 0 0 0
0 26 5 23 24 0 0 0 0 0 0 0 0

Vehicle 5:
0 6 67 114 115 12 18 101 0 0 0 0 0
0 103 18 12 6 0 0 0 0 0 0 0 0
0 65 100 136 137 18 12 6 0 0 0 0 0
0 79 102 150 18 12 6 0 0 0 0 0 0
0 6 12 18 139 138 151 66 0 0 0 0 0
0 6 12 18 78 0 0 0 0 0 0 0 0

Vehicle 6:
0 3 0 0 0 0 0 0 0 0 0 0 0
0 56 21 55 3 0 0 0 0 0 0 0 0
0 3 0 0 0 0 0 0 0 0 0 0 0
0 73 3 52 53 51 50 48 49 0 0 0 0
0 57 21 54 3 0 0 0 0 0 0 0 0
0 3 0 0 0 0 0 0 0 0 0 0 0

Vehicle 7:
0 1 7 13 140 141 104 80 0 0 0 0 0
0 1 7 13 119 118 0 0 0 0 0 0 0
0 1 7 13 117 116 69 0 0 0 0 0 0
0 82 13 7 1 0 0 0 0 0 0 0 0
0 81 105 152 153 13 7 1 0 0 0 0 0
0 1 83 13 7 68 0 0 0 0 0 0 0

Vehicle 8:
0 2 46 45 36 27 61 60 0 0 0 0 0
0 2 0 0 0 0 0 0 0 0 0 0 0
0 2 28 37 38 29 20 0 0 0 0 0 0
0 27 62 63 45 36 47 2 0 0 0 0 0
0 2 0 0 0 0 0 0 0 0 0 0 0
0 2 28 37 38 29 20 0 0 0 0 0 0

Transported demand matrix:
18 18 19 12 14 19
15 11 18 15 15 12
20 15 12 18 19 10
14 20 20 18 20 20
19 4 13 19 4 13
20 14 20 18 20 14
4 11 4 18 11 4
20 16 18 14 20 16
19 4 19 19 4 19

Routes distance matrix:
2581.3627927135467 2596.6594977607024 1933.3579597748662 1749.8141766958688 1810.3808918419277 1976.7873408818791
2573.7996628001074 1747.049903304912 2609.3491112919332 1773.8835502777022 1797.5739815936518 1852.937193057963
3296.1760624091594 1941.0327129079121 2571.7333885311346 3271.528040201072 2065.324994233954 1733.6910524688137
1735.4656459175 1946.1379965100223 2616.905472413181 2575.8736137836354 1981.2705464344465 1884.0866668944393
6331.534989806551 115.46954038186868 328.2861509111872 6331.534989806551 115.46954038186868 328.2861509111872
1811.7792991342606 1760.144636831733 2572.406122904525 1791.7825819528812 2595.9936793988336 1732.7502718339908
115.46954038186868 218.78148367419845 115.46954038186868 260.33206618185784 226.32822330901877 115.46954038186868
2576.160947283041 2571.7323809883474 1751.5447653415865 1777.8731721982251 1883.4336372432356 1767.0020321100988
1404.0621106057679 115.46954038186868 4508.660031640918 1371.6775057011416 115.46954038186868 4508.660031640918