31
9 153 6 20

127635.67882667744

106044.35748578126
4772.1875
4 500 7200 7200
79 75 18 2 1

Assigned customers matrix:
Vehicle 0:
0 11 17 132 147 146 44 31 0 0 0 0 0
0 77 112 11 17 148 96 0 0 0 0 0 0
0 74 35 113 17 11 0 0 0 0 0 0 0
0 11 17 149 44 31 97 76 0 0 0 0 0
0 98 99 17 11 0 0 0 0 0 0 0 0
0 150 151 134 135 17 11 35 0 0 0 0 0

Vehicle 1:
0 43 123 122 14 8 71 0 0 0 0 0 0
0 8 14 120 121 152 153 33 0 0 0 0 0
0 70 107 106 87 86 14 8 0 0 0 0 0
0 43 142 14 8 0 0 0 0 0 0 0 0
0 33 85 84 14 143 8 0 0 0 0 0 0
0 14 8 0 0 0 0 0 0 0 0 0 0

Vehicle 2:
0 25 52 9 15 126 39 0 0 0 0 0 0
0 73 9 15 124 125 0 0 0 0 0 0 0
0 109 108 89 88 144 15 9 0 0 0 0 0
0 25 9 145 15 127 39 0 0 0 0 0 0
0 15 9 0 0 0 0 0 0 0 0 0 0
0 9 15 72 0 0 0 0 0 0 0 0 0

Vehicle 3:
0 4 10 16 93 55 0 0 0 0 0 0 0
0 4 10 16 110 0 0 0 0 0 0 0 0
0 75 111 16 10 4 0 0 0 0 0 0 0
0 92 16 10 4 0 0 0 0 0 0 0 0
0 95 94 16 10 4 0 0 0 0 0 0 0
0 4 10 16 130 131 0 0 0 0 0 0 0

Vehicle 4:
0 5 45 42 41 133 40 32 23 0 0 0 0
0 5 0 0 0 0 0 0 0 0 0 0 0
0 5 0 0 0 0 0 0 0 0 0 0 0
0 23 32 40 41 42 45 5 0 0 0 0 0
0 5 0 0 0 0 0 0 0 0 0 0 0
0 5 0 0 0 0 0 0 0 0 0 0 0

Vehicle 5:
0 6 12 18 79 78 0 0 0 0 0 0 0
0 6 12 18 139 138 0 0 0 0 0 0 0
0 6 12 18 115 114 0 0 0 0 0 0 0
0 6 12 18 101 100 0 0 0 0 0 0 0
0 136 137 18 12 6 0 0 0 0 0 0 0
0 6 12 18 103 102 0 0 0 0 0 0 0

Vehicle 6:
0 24 69 3 0 0 0 0 0 0 0 0 0
0 3 34 90 30 128 129 0 0 0 0 0 0
0 3 21 56 60 61 26 0 0 0 0 0 0
0 3 53 51 50 48 49 68 24 0 0 0 0
0 3 30 91 34 0 0 0 0 0 0 0 0
0 26 59 58 57 21 54 3 0 0 0 0 0

Vehicle 7:
0 141 140 13 7 1 0 0 0 0 0 0 0
0 1 7 13 105 117 0 0 0 0 0 0 0
0 1 7 13 104 116 0 0 0 0 0 0 0
0 118 119 13 7 1 0 0 0 0 0 0 0
0 1 7 13 83 82 0 0 0 0 0 0 0
0 1 7 13 81 80 0 0 0 0 0 0 0

Vehicle 8:
0 2 46 36 27 64 62 63 22 0 0 0 0
0 2 0 0 0 0 0 0 0 0 0 0 0
0 19 28 37 38 29 20 2 0 0 0 0 0
0 22 65 36 67 66 27 47 2 0 0 0 0
0 2 0 0 0 0 0 0 0 0 0 0 0
0 19 28 37 38 29 20 2 0 0 0 0 0

Transported demand matrix:
20 18 16 20 14 20
18 20 20 14 18 10
18 16 20 18 10 12
19 17 19 17 19 19
19 5 5 17 5 5
19 19 19 19 19 19
9 15 15 19 11 17
19 19 19 19 19 19
19 5 17 19 5 17

Routes distance matrix:
2732.646023215173 1804.859790852191 1775.5130677770103 1982.2141984702012 1780.1442795223552 3169.375230730233
2583.6562948532455 3174.386851232003 1794.2833379437293 1933.3571601756971 2457.095105290527 1732.0501056773014
3255.7651766785484 2572.5184879327426 1880.033428766821 3303.188447329341 1732.0511056776008 1733.6910524688137
1766.2468057341716 1736.5163290686446 1742.809437618597 1777.8731721982251 1780.14488474006 2571.7323234488076
6415.884163050202 115.46954038186868 115.46954038186868 6383.380946876319 115.46954038186868 115.46954038186868
1734.9175008280067 2571.734177495271 1748.9442459769264 1780.1442795236544 2571.7330596344264 1780.1449483917459
310.82424613182724 2632.9237839685347 311.7660563553544 371.92910253987804 1145.3044410043972 275.29720710289587
2571.7323234488076 1785.6840757682962 1763.0145420609524 2571.7323809883474 1780.1448847400602 1734.9164411243194
689.1231560936641 115.46954038186868 4515.469357344822 707.0235643117705 115.46954038186868 4515.469357344822