32
9 153 6 20

126353.92675262937

105343.33447463407
2196.46875
4 500 7200 7200
74 37 17 2 0

Assigned customers matrix:
Vehicle 0:
0 77 112 113 132 133 17 11 0 0 0 0 0
0 76 11 97 17 99 98 0 0 0 0 0 0
0 35 44 17 11 64 0 0 0 0 0 0 0
0 78 137 134 135 17 148 11 0 0 0 0 0
0 11 17 149 147 146 96 0 0 0 0 0 0
0 35 44 17 11 0 0 0 0 0 0 0 0

Vehicle 1:
0 34 123 122 14 8 19 0 0 0 0 0 0
0 71 8 14 120 121 84 85 0 0 0 0 0
0 107 142 14 8 24 0 0 0 0 0 0 0
0 34 14 8 19 0 0 0 0 0 0 0 0
0 70 106 87 86 143 14 8 0 0 0 0 0
0 24 152 153 141 14 8 0 0 0 0 0 0

Vehicle 2:
0 43 15 126 39 127 9 0 0 0 0 0 0
0 73 9 15 124 125 0 0 0 0 0 0 0
0 52 9 88 145 15 30 0 0 0 0 0 0
0 9 39 15 144 43 89 0 0 0 0 0 0
0 90 15 9 108 109 53 72 0 0 0 0 0
0 9 15 30 91 0 0 0 0 0 0 0 0

Vehicle 3:
0 131 130 16 10 4 0 0 0 0 0 0 0
0 4 10 16 111 110 0 0 0 0 0 0 0
0 4 10 16 93 92 0 0 0 0 0 0 0
0 4 10 16 129 128 0 0 0 0 0 0 0
0 4 10 16 75 0 0 0 0 0 0 0 0
0 95 94 16 10 4 0 0 0 0 0 0 0

Vehicle 4:
0 5 31 40 41 32 23 0 0 0 0 0 0
0 5 0 0 0 0 0 0 0 0 0 0 0
0 33 45 42 138 151 5 0 0 0 0 0 0
0 5 31 40 41 32 23 0 0 0 0 0 0
0 5 0 0 0 0 0 0 0 0 0 0 0
0 33 45 140 42 139 5 0 0 0 0 0 0

Vehicle 5:
0 6 12 18 114 67 0 0 0 0 0 0 0
0 79 150 18 12 6 0 0 0 0 0 0 0
0 6 12 18 103 115 0 0 0 0 0 0 0
0 65 12 18 102 6 0 0 0 0 0 0 0
0 66 12 18 101 6 0 0 0 0 0 0 0
0 6 12 18 136 100 0 0 0 0 0 0 0

Vehicle 6:
0 74 3 51 50 48 49 0 0 0 0 0 0
0 3 25 0 0 0 0 0 0 0 0 0 0
0 26 22 58 57 21 54 3 0 0 0 0 0
0 3 0 0 0 0 0 0 0 0 0 0 0
0 3 25 0 0 0 0 0 0 0 0 0 0
0 26 59 22 56 21 55 3 0 0 0 0 0

Vehicle 7:
0 116 117 13 7 1 0 0 0 0 0 0 0
0 105 104 13 7 1 0 0 0 0 0 0 0
0 68 7 13 83 1 0 0 0 0 0 0 0
0 118 119 13 7 1 0 0 0 0 0 0 0
0 81 69 13 7 1 0 0 0 0 0 0 0
0 80 1 7 13 82 0 0 0 0 0 0 0

Vehicle 8:
0 60 61 27 36 46 2 0 0 0 0 0 0
0 2 0 0 0 0 0 0 0 0 0 0 0
0 2 28 37 38 29 20 0 0 0 0 0 0
0 2 47 36 27 62 63 0 0 0 0 0 0
0 2 0 0 0 0 0 0 0 0 0 0 0
0 2 28 37 38 29 20 0 0 0 0 0 0

Transported demand matrix:
20 18 18 20 18 16
20 20 17 16 20 19
20 16 19 20 20 15
19 19 19 19 17 19
20 5 18 20 5 18
19 19 19 19 19 19
15 8 20 5 8 20
19 19 19 19 19 19
17 5 20 17 5 20

Routes distance matrix:
2581.3627927135467 1843.5223933795771 1943.4718998235264 3179.0228737850866 2346.802794397819 1924.2824993823378
2593.2915250306637 2596.6595843604036 1963.5203150934303 1785.5164808863235 1805.8930483379263 3307.8271608925706
3503.400068788689 2572.5184879327426 1950.814170184969 3488.013302226599 1808.3331331932818 1876.8601172535386
2571.7323234488076 1748.9444716502292 1780.1448847400602 2571.7323809883474 1733.6898714526985 1780.14488474006
4508.660031640918 115.46954038186868 3100.187733830725 4508.660031640918 115.46954038186868 3371.0736782842973
1737.226504179737 1772.6381411686884 1760.418931384387 1787.333780130586 1770.0509692669164 2398.5285887496802
288.8174579174547 128.28478965082996 319.7193638056932 115.46954038186868 128.28478965082996 329.23811690493307
1748.9444716502292 1780.14488474006 1767.0020321100985 2571.7323809883474 1739.657938144087 1780.5684498592145
611.4268158433042 115.46954038186868 4508.660031640918 588.9362355511614 115.46954038186868 4508.660031640918