10
4 100 5 200

Solution history:
B_obj   B_dis   B_sim   C_obj   C_dis   C_sim   neighbor   iterations   time   scores
1.0 2041.209359525368 1.0 1.0 2041.209359525368 1.0 0 0 0 3.0 3.0 3.0 3.0 3.0 3.0 3.0
1.0 2041.209359525368 1.0 1.0096040860528683 2041.209359525368 0.02 t_swap_r_k 100 44.80569529533386 3.0 3.0 3.0 3.0 3.0 4.04 3.0
1.0 2041.209359525368 1.0 1.0315772597702368 2127.528634246787 0.02 t_move_k 100 78.18432378768921 4.05 3.0 3.0 3.0 3.0 4.04 3.0
1.0 2041.209359525368 1.0 1.0260899632544018 2105.9723738029957 0.02 move_t 100 96.36913394927979 4.05 3.9699999999999998 3.0 3.0 3.0 4.04 3.0
1.0 2041.209359525368 1.0 1.0936573462755954 2332.119712094493 0.0 t_swap_k 100 151.4149158000946 4.05 3.9699999999999998 4.09 3.0 3.0 4.04 3.0
1.0 2041.209359525368 1.0 1.085475111232948 2299.976672424113 0.0 swap_t 100 176.15488648414612 4.05 3.9699999999999998 4.09 3.0 3.9699999999999998 4.04 3.0
1.0 2041.209359525368 1.0 1.083796831298603 2293.3837282925315 0.0 t_swap_r_k 100 221.7973828315735 4.05 3.9699999999999998 4.09 3.0 3.9699999999999998 5.0396 3.0
1.0 2041.209359525368 1.0 1.0670498699286255 2227.5950726418714 0.0 t_swap_k 100 251.410626411438 4.05 3.9699999999999998 5.0790999999999995 3.0 3.9699999999999998 5.0396 3.0
1.0 2041.209359525368 1.0 1.1342129462406256 2488.9907687807936 0.0 move_t 100 286.89799332618713 4.05 5.000299999999999 5.0790999999999995 3.0 3.9699999999999998 5.0396 3.0
1.0 2041.209359525368 1.0 1.1107664589773405 2399.331040714459 0.0 t_swap_k 100 325.6635446548462 4.05 5.000299999999999 6.0583089999999995 3.0 3.9699999999999998 5.0396 3.0
1.0 2041.209359525368 1.0 1.1050338340725836 2376.811033800873 0.0 t_multiswap_k 100 351.1899447441101 4.05 5.000299999999999 6.0583089999999995 3.0 3.9699999999999998 5.0396 4.0
1.0 2041.209359525368 1.0 1.1034173517067587 2370.460854841169 0.0 t_multiswap_k 100 368.67586040496826 4.05 5.000299999999999 6.0583089999999995 3.0 3.9699999999999998 5.0396 4.96
1.0 2041.209359525368 1.0 1.111326338198639 2401.5304666570055 0.0 t_move_k 100 400.4099311828613 5.0595 5.000299999999999 6.0583089999999995 3.0 3.9699999999999998 5.0396 4.96
1.0 2041.209359525368 1.0 1.1295978257573693 2473.3080612110584 0.0 t_multiswap_k 100 419.8136384487152 5.0595 5.000299999999999 6.0583089999999995 3.0 3.9699999999999998 5.0396 5.9204
1.0 2041.209359525368 1.0 1.145313373378505 2525.9533234114465 0.0 move_t 100 453.7776951789856 5.0595 5.960296999999999 6.0583089999999995 3.0 3.9699999999999998 5.0396 5.9204
1.0 2041.209359525368 1.0 1.1605234873762797 2594.796231994249 0.0 t_move_k 100 489.5178575515747 6.128905 5.960296999999999 6.0583089999999995 3.0 3.9699999999999998 5.0396 5.9204
1.0 2041.209359525368 1.0 1.153332719402793 2566.5480652002657 0.0 t_move_k 100 520.0233898162842 7.14761595 5.960296999999999 6.0583089999999995 3.0 3.9699999999999998 5.0396 5.9204
1.0 2041.209359525368 1.0 1.142721183482013 2524.8617755388877 0.0 t_move_k 100 541.0684673786163 8.1061397905 5.960296999999999 6.0583089999999995 3.0 3.9699999999999998 5.0396 5.9204
1.0 2041.209359525368 1.0 1.1408958130956472 2517.69100221885 0.0 t_move_k 100 580.2352411746979 9.025078392595 5.960296999999999 6.0583089999999995 3.0 3.9699999999999998 5.0396 5.9204
1.0 2041.209359525368 1.0 1.138376559005454 2519.1306954654096 0.0 swap_t 100 600.7422320842743 9.025078392595 5.960296999999999 6.0583089999999995 3.0 4.9603 5.0396 5.9204
1.0 2041.209359525368 1.0 1.1600146080299338 2592.797153633412 0.0 t_swap_k 100 632.3754987716675 9.025078392595 5.960296999999999 7.11772591 3.0 4.9603 5.0396 5.9204
1.0 2041.209359525368 1.0 1.1295797272855876 2501.296917484754 0.014285714285714285 move_t 100 662.2415592670441 9.025078392595 6.930694029999999 7.11772591 3.0 4.9603 5.0396 5.9204
1.0 2041.209359525368 1.0 1.2023113155243603 2758.95526811357 0.0 t_swap_k 100 712.3984818458557 9.025078392595 6.930694029999999 8.0865486509 3.0 4.9603 5.0396 5.9204
1.0 2041.209359525368 1.0 1.171593815911 2638.284839618078 0.0 t_multiswap_k 100 734.333167552948 9.025078392595 6.930694029999999 8.0865486509 3.0 4.9603 5.0396 6.861196
1.0 2041.209359525368 1.0 1.1672876049976983 2621.3683482811966 0.0 f_swap_t 100 787.877450466156 9.025078392595 6.930694029999999 8.0865486509 3.9699999999999998 4.9603 5.0396 6.861196
1.0 2041.209359525368 1.0 1.1672876049976983 2621.3683482811966 0.0 move_t 100 807.7716135978699 9.025078392595 7.861387089699999 8.0865486509 3.9699999999999998 4.9603 5.0396 6.861196
1.0 2041.209359525368 1.0 1.1616704677264578 2599.3020222465157 0.0 t_multiswap_k 100 823.2614357471466 9.025078392595 7.861387089699999 8.0865486509 3.9699999999999998 4.9603 5.0396 7.85258404
1.0 2041.209359525368 1.0 1.1421488443622612 2522.6134022111587 0.0 t_multiswap_k 100 845.3981275558472 9.025078392595 7.861387089699999 8.0865486509 3.9699999999999998 4.9603 5.0396 8.8340581996
1.0 2041.209359525368 1.0 1.1397493880511038 2513.187393425677 0.0 t_swap_r_k 100 886.4377090930939 9.025078392595 7.861387089699999 8.0865486509 3.9699999999999998 4.9603 6.029204 8.8340581996
1.0 2041.209359525368 1.0 1.1311872081528482 2479.551780821043 0.0 t_move_k 100 916.6641204357147 9.96482760866905 7.861387089699999 8.0865486509 3.9699999999999998 4.9603 6.029204 8.8340581996
1.0 2041.209359525368 1.0 1.1288122644487395 2470.222067203896 0.0 swap_t 100 941.428074836731 9.96482760866905 7.861387089699999 8.0865486509 3.9699999999999998 5.910697 6.029204 8.8340581996
1.0 2041.209359525368 1.0 1.1272415127449489 2464.0515362836645 0.0 t_move_k 100 986.7896366119385 10.865179332582361 7.861387089699999 8.0865486509 3.9699999999999998 5.910697 6.029204 8.8340581996
1.0 2041.209359525368 1.0 1.1272415127449489 2464.0515362836645 0.0 swap_t 100 1007.9446737766266 10.865179332582361 7.861387089699999 8.0865486509 3.9699999999999998 6.85159003 6.029204 8.8340581996
1.0 2041.209359525368 1.0 1.1560147133568117 2577.083993050103 0.0 t_swap_k 100 1070.3898661136627 10.865179332582361 7.861387089699999 9.085683164391 3.9699999999999998 6.85159003 6.029204 8.8340581996
1.0 2041.209359525368 1.0 1.1433562807393582 2553.5459781131167 0.013333333333333332 f_swap_t 100 1110.2704319953918 10.865179332582361 7.861387089699999 9.085683164391 4.9603 6.85159003 6.029204 8.8340581996
1.0 2041.209359525368 1.0 1.2013799798600453 2783.356569256539 0.014285714285714285 f_swap_t 100 1151.015741109848 10.865179332582361 7.861387089699999 9.085683164391 5.980697 6.85159003 6.029204 8.8340581996
1.0 2041.209359525368 1.0 1.1833592246164373 2684.5039957271324 0.0 f_swap_t 100 1194.0688245296478 10.865179332582361 7.861387089699999 9.085683164391 7.02089003 6.85159003 6.029204 8.8340581996
1.0 2041.209359525368 1.0 1.183068551424454 2657.546433763614 0.0 move_t 100 1226.4648807048798 10.865179332582361 8.792773218803 9.085683164391 7.02089003 6.85159003 6.029204 8.8340581996
1.0 2041.209359525368 1.0 1.19933708668996 2747.2713266336896 0.0 t_swap_k 100 1256.7690906524658 10.865179332582361 8.792773218803 10.10482633274709 7.02089003 6.85159003 6.029204 8.8340581996
1.0 2041.209359525368 1.0 1.2111515142393439 2793.683048054955 0.0 t_move_k 100 1287.0014662742615 11.976527539256537 8.792773218803 10.10482633274709 7.02089003 6.85159003 6.029204 8.8340581996
1.0 2041.209359525368 1.0 1.1863468643996884 2696.2406206924757 0.0 t_move_k 100 1313.529911994934 12.886762263863972 8.792773218803 10.10482633274709 7.02089003 6.85159003 6.029204 8.8340581996
1.0 2041.209359525368 1.0 1.1741648222756453 2648.3847645335636 0.0 t_swap_r_k 100 1356.0099704265594 12.886762263863972 8.792773218803 10.10482633274709 7.02089003 6.85159003 7.00891196 8.8340581996
1.0 2041.209359525368 1.0 1.1703778216634955 2633.5079356141273 0.0 swap_t 100 1372.6149089336395 12.886762263863972 8.792773218803 10.10482633274709 7.02089003 7.783074129699999 7.00891196 8.8340581996
1.0 2041.209359525368 1.0 1.1703778216634955 2633.5079356141273 0.0 swap_t 100 1388.3639886379242 12.886762263863972 8.792773218803 10.10482633274709 7.02089003 8.705243388403 7.00891196 8.8340581996
1.0 2041.209359525368 1.0 1.1703778216634955 2633.5079356141273 0.0 t_swap_k 100 1421.9372761249542 12.886762263863972 8.792773218803 11.003778069419619 7.02089003 8.705243388403 7.00891196 8.8340581996
1.0 2041.209359525368 1.0 1.2128273346210545 2800.2663300957415 0.0 move_t 100 1451.7022957801819 12.886762263863972 9.79484548661497 11.003778069419619 7.02089003 8.705243388403 7.00891196 8.8340581996
1.0 2041.209359525368 1.0 1.1830660574553233 2683.352319731439 0.0 t_multiswap_k 100 1472.5846030712128 12.886762263863972 9.79484548661497 11.003778069419619 7.02089003 8.705243388403 7.00891196 9.855717617604
1.0 2041.209359525368 1.0 1.170879338908835 2661.6673833258174 0.013333333333333332 swap_t 100 1492.5297498703003 12.886762263863972 9.79484548661497 11.003778069419619 7.02089003 9.64819095451897 7.00891196 9.855717617604
1.0 2041.209359525368 1.0 1.1655542932802456 2644.7776298548793 0.015384615384615385 t_multiswap_k 100 1525.0590484142303 12.886762263863972 9.79484548661497 11.003778069419619 7.02089003 9.64819095451897 7.00891196 10.75716044142796
1.0 2041.209359525368 1.0 1.1793365170488253 2698.9196293245204 0.015384615384615385 t_swap_k 100 1557.4833436012268 12.886762263863972 9.79484548661497 11.963740288725422 7.02089003 9.64819095451897 7.00891196 10.75716044142796
1.0 2041.209359525368 1.0 1.1663963705510556 2653.579897570739 0.01818181818181818 t_multiswap_k 100 1579.6767308712006 12.886762263863972 9.79484548661497 11.963740288725422 7.02089003 9.64819095451897 7.00891196 11.74958883701368
1.0 2041.209359525368 1.0 1.1544073832002897 2606.4824365451436 0.01818181818181818 t_multiswap_k 100 1611.9533462524414 12.886762263863972 9.79484548661497 11.963740288725422 7.02089003 9.64819095451897 7.00891196 12.692092948643545
1.0 2041.209359525368 1.0 1.1500877471470077 2589.513205974457 0.01818181818181818 t_multiswap_k 100 1634.8534405231476 12.886762263863972 9.79484548661497 11.963740288725422 7.02089003 9.64819095451897 7.00891196 13.56517201915711
1.0 2041.209359525368 1.0 1.1604682658590988 2630.2919691146926 0.01818181818181818 t_move_k 100 1676.067595243454 13.827894641225331 9.79484548661497 11.963740288725422 7.02089003 9.64819095451897 7.00891196 13.56517201915711
1.0 2041.209359525368 1.0 1.2015467414201721 2755.9517201057492 0.0 t_move_k 100 1720.308515071869 14.759615694813078 9.79484548661497 11.963740288725422 7.02089003 9.64819095451897 7.00891196 13.56517201915711
1.0 2041.209359525368 1.0 1.1773178430999738 2696.483740294529 0.01818181818181818 t_multiswap_k 100 1756.2698991298676 14.759615694813078 9.79484548661497 11.963740288725422 7.02089003 9.64819095451897 7.00891196 14.46952029896554
1.0 2041.209359525368 1.0 1.1694758661398545 2665.6773682935413 0.01818181818181818 t_swap_r_k 100 1817.8794004917145 14.759615694813078 9.79484548661497 11.963740288725422 7.02089003 9.64819095451897 7.9788228403999994 14.46952029896554
1.0 2041.209359525368 1.0 1.166274169831323 2653.0998450469915 0.01818181818181818 swap_t 100 1832.0397975444794 14.759615694813078 9.79484548661497 11.963740288725422 7.02089003 10.581709044973781 7.9788228403999994 14.46952029896554
1.0 2041.209359525368 1.0 1.1629081124746066 2639.8766469127686 0.01818181818181818 f_swap_t 100 1884.5189707279205 14.759615694813078 9.79484548661497 11.963740288725422 7.9506811297 10.581709044973781 7.9788228403999994 14.46952029896554
1.0 2041.209359525368 1.0 1.1629081124746066 2639.8766469127686 0.01818181818181818 swap_t 100 1911.2602982521057 14.759615694813078 9.79484548661497 11.963740288725422 7.9506811297 11.475891954524043 7.9788228403999994 14.46952029896554
1.0 2041.209359525368 1.0 1.1629081124746066 2639.8766469127686 0.01818181818181818 swap_t 100 1931.0966913700104 14.759615694813078 9.79484548661497 11.963740288725422 7.9506811297 12.361133034978803 7.9788228403999994 14.46952029896554
1.0 2041.209359525368 1.0 1.1629081124746066 2639.8766469127686 0.01818181818181818 swap_t 100 1958.0717878341675 14.759615694813078 9.79484548661497 11.963740288725422 7.9506811297 13.237521704629014 7.9788228403999994 14.46952029896554
1.0 2041.209359525368 1.0 1.25558193711788 3003.935905341339 0.01818181818181818 t_swap_k 100 2001.1034066677094 14.759615694813078 9.79484548661497 13.064102885838167 7.9506811297 13.237521704629014 7.9788228403999994 14.46952029896554
1.0 2041.209359525368 1.0 1.232439134678975 2913.0218686508483 0.01818181818181818 t_move_k 100 2041.854472875595 15.672019537864948 9.79484548661497 13.064102885838167 7.9506811297 13.237521704629014 7.9788228403999994 14.46952029896554
1.0 2041.209359525368 1.0 1.2657344027686932 3008.106117323701 0.0 t_move_k 100 2087.696780204773 16.7952993424863 9.79484548661497 13.064102885838167 7.9506811297 13.237521704629014 7.9788228403999994 14.46952029896554
1.0 2041.209359525368 1.0 1.2124198551640168 2834.378259384217 0.01818181818181818 t_multiswap_k 100 2107.1517622470856 16.7952993424863 9.79484548661497 13.064102885838167 7.9506811297 13.237521704629014 7.9788228403999994 15.504825095975884
1.0 2041.209359525368 1.0 1.268549667692036 3057.2417398569346 0.02 swap_t 100 2133.7728440761566 16.7952993424863 9.79484548661497 13.064102885838167 7.9506811297 14.145146487582723 7.9788228403999994 15.504825095975884
1.0 2041.209359525368 1.0 1.267125225329563 3052.8537516245874 0.02 t_multiswap_k 100 2176.3892872333527 16.7952993424863 9.79484548661497 13.064102885838167 7.9506811297 14.145146487582723 7.9788228403999994 16.429776845016125
1.0 2041.209359525368 1.0 1.2565919166329116 3011.474769288819 0.02 t_swap_r_k 100 2227.4138066768646 16.7952993424863 9.79484548661497 13.064102885838167 7.9506811297 14.145146487582723 8.939034611996 16.429776845016125
1.0 2041.209359525368 1.0 1.2908576380185601 3130.810612552596 0.0 swap_t 100 2255.183003425598 16.7952993424863 9.79484548661497 13.064102885838167 7.9506811297 15.043695022706896 8.939034611996 16.429776845016125
1.0 2041.209359525368 1.0 1.269288917325059 3022.069649512485 0.0 t_multiswap_k 100 2288.6647160053253 16.7952993424863 9.79484548661497 13.064102885838167 7.9506811297 15.043695022706896 8.939034611996 17.475479076565964
1.0 2041.209359525368 1.0 1.2502682392216267 2947.348939627046 0.0 swap_t 100 2317.8557119369507 16.7952993424863 9.79484548661497 13.064102885838167 7.9506811297 15.953258072479827 8.939034611996 17.475479076565964
1.0 2041.209359525368 1.0 1.2450521697902492 2926.858165922509 0.0 f_swap_t 100 2356.7205123901367 16.7952993424863 9.79484548661497 13.064102885838167 8.961174318403 15.953258072479827 8.939034611996 17.475479076565964
1.0 2041.209359525368 1.0 1.2394283055231343 2904.765413600375 0.0 swap_t 100 2380.1365201473236 16.7952993424863 9.79484548661497 13.064102885838167 8.961174318403 16.79372549175503 8.939034611996 17.475479076565964
1.0 2041.209359525368 1.0 1.2390386898029147 2903.2348497035973 0.0 swap_t 100 2398.735127925873 16.7952993424863 9.79484548661497 13.064102885838167 8.961174318403 17.62578823683748 8.939034611996 17.475479076565964
1.0 2041.209359525368 1.0 1.233838812830046 2882.807686349227 0.0 t_move_k 100 2437.0202503204346 17.737346349061436 9.79484548661497 13.064102885838167 8.961174318403 17.62578823683748 8.939034611996 17.475479076565964
1.0 2041.209359525368 1.0 1.2220134345371774 2836.3529460974823 0.0 t_move_k 100 2487.790356874466 18.749972885570823 9.79484548661497 13.064102885838167 8.961174318403 17.62578823683748 8.939034611996 17.475479076565964
1.0 2041.209359525368 1.0 1.2030579016794605 2784.514884067612 0.014285714285714285 swap_t 100 2516.0628039836884 18.749972885570823 9.79484548661497 13.064102885838167 8.961174318403 18.509530354469106 8.939034611996 17.475479076565964
1.0 2041.209359525368 1.0 1.230978975328732 2871.573119048673 0.0 t_multiswap_k 100 2542.9155118465424 18.749972885570823 9.79484548661497 13.064102885838167 8.961174318403 18.509530354469106 8.939034611996 18.340724285800306
1.0 2041.209359525368 1.0 1.2212453212254024 2833.3354946892737 0.0 t_move_k 100 2580.9049894809723 19.622473156715117 9.79484548661497 13.064102885838167 8.961174318403 18.509530354469106 8.939034611996 18.340724285800306
1.0 2041.209359525368 1.0 1.2399632742184659 2910.444188615118 0.0 swap_t 100 2611.6230132579803 19.622473156715117 9.79484548661497 13.064102885838167 8.961174318403 19.404435050924416 8.939034611996 18.340724285800306
1.0 2041.209359525368 1.0 1.2494434656785889 2944.1089045296967 0.0 t_swap_k 100 2658.9189121723175 19.622473156715117 9.79484548661497 14.093461856979786 8.961174318403 19.404435050924416 8.939034611996 18.340724285800306
1.0 2041.209359525368 1.0 1.2466601992759365 2933.175138642088 0.0 t_swap_k 100 2702.2309308052063 19.622473156715117 9.79484548661497 15.102527238409989 8.961174318403 19.404435050924416 8.939034611996 18.340724285800306
1.0 2041.209359525368 1.0 1.26326819121521 3046.178169048336 0.014285714285714285 swap_t 100 2733.454835176468 19.622473156715117 9.79484548661497 15.102527238409989 8.961174318403 20.380390700415173 8.939034611996 18.340724285800306
1.0 2041.209359525368 1.0 1.2565042258730466 2971.8463495982573 0.0 t_multiswap_k 100 2763.9108934402466 19.622473156715117 9.79484548661497 15.102527238409989 8.961174318403 20.380390700415173 8.939034611996 19.317317042942303
1.0 2041.209359525368 1.0 1.2341418957283086 2912.058269457328 0.014285714285714285 t_move_k 100 2812.737048149109 20.546248425147965 9.79484548661497 15.102527238409989 8.961174318403 20.380390700415173 8.939034611996 19.317317042942303
1.0 2041.209359525368 1.0 1.2129513528422282 2828.813476674675 0.014285714285714285 t_move_k 100 2849.354907512665 21.660785940896485 9.79484548661497 15.102527238409989 8.961174318403 20.380390700415173 8.939034611996 19.317317042942303
1.0 2041.209359525368 1.0 1.2023363155762166 2798.3374140288147 0.02 t_swap_k 100 2889.393689393997 21.660785940896485 9.79484548661497 16.021501966025887 8.961174318403 20.380390700415173 8.939034611996 19.317317042942303
1.0 2041.209359525368 1.0 1.2092830748433165 2831.8640531798396 0.02 move_t 100 2915.4425208568573 21.660785940896485 10.766897031748819 16.021501966025887 8.961174318403 20.380390700415173 8.939034611996 19.317317042942303
1.0 2041.209359525368 1.0 1.2098553346100958 2788.591144311576 0.0 t_move_k 100 2947.2273936271667 22.48417808148752 10.766897031748819 16.021501966025887 8.961174318403 20.380390700415173 8.939034611996 19.317317042942303
1.0 2041.209359525368 1.0 1.2091376481386602 2785.7717893795793 0.0 swap_t 100 2965.387016057968 22.48417808148752 10.766897031748819 16.021501966025887 8.961174318403 21.176586793411023 8.939034611996 19.317317042942303
1.0 2041.209359525368 1.0 1.2078215417586498 2780.6016055162927 0.0 t_multiswap_k 100 2980.2001543045044 22.48417808148752 10.766897031748819 16.021501966025887 8.961174318403 21.176586793411023 8.939034611996 20.31414387251288
1.0 2041.209359525368 1.0 1.1778858511323345 2691.0623846260933 0.014285714285714285 t_move_k 100 3015.6169197559357 23.319336300672646 10.766897031748819 16.021501966025887 8.961174318403 21.176586793411023 8.939034611996 20.31414387251288
1.0 2041.209359525368 1.0 1.1741897158804886 2684.1952253856034 0.01818181818181818 t_swap_k 100 3042.681195497513 23.319336300672646 10.766897031748819 16.89128694636563 8.961174318403 21.176586793411023 8.939034611996 20.31414387251288
1.0 2041.209359525368 1.0 1.1738345169434437 2682.799864159141 0.01818181818181818 f_swap_t 100 3087.0226328372955 23.319336300672646 10.766897031748819 16.89128694636563 9.87156257521897 21.176586793411023 8.939034611996 20.31414387251288
1.0 2041.209359525368 1.0 1.1738345169434437 2682.799864159141 0.01818181818181818 t_multiswap_k 100 3110.015843153 23.319336300672646 10.766897031748819 16.89128694636563 9.87156257521897 21.176586793411023 8.939034611996 21.11100243378775
1.0 2041.209359525368 1.0 1.1729533715881357 2679.3383783959716 0.01818181818181818 t_multiswap_k 100 3129.9885897636414 23.319336300672646 10.766897031748819 16.89128694636563 9.87156257521897 21.176586793411023 8.939034611996 21.929892409449874
1.0 2041.209359525368 1.0 1.1717138526376631 2674.4690600997405 0.01818181818181818 t_swap_r_k 100 3169.138509750366 23.319336300672646 10.766897031748819 16.89128694636563 9.87156257521897 21.176586793411023 9.88964426587604 21.929892409449874
1.0 2041.209359525368 1.0 1.1717138526376631 2674.4690600997405 0.01818181818181818 f_swap_t 100 3208.1022431850433 23.319336300672646 10.766897031748819 16.89128694636563 10.77284694946678 21.176586793411023 9.88964426587604 21.929892409449874
1.0 2041.209359525368 1.0 1.1717138526376631 2674.4690600997405 0.01818181818181818 t_multiswap_k 100 3219.228167772293 23.319336300672646 10.766897031748819 16.89128694636563 10.77284694946678 21.176586793411023 9.88964426587604 22.710593485355375
1.0 2041.209359525368 1.0 1.1717138526376631 2674.4690600997405 0.01818181818181818 swap_t 100 3245.258688926697 23.319336300672646 10.766897031748819 16.89128694636563 10.77284694946678 21.96482092547691 9.88964426587604 22.710593485355375
1.0 2041.209359525368 1.0 1.1717138526376631 2674.4690600997405 0.01818181818181818 f_swap_t 100 3287.0318524837494 23.319336300672646 10.766897031748819 16.89128694636563 11.665118479972111 21.96482092547691 9.88964426587604 22.710593485355375
1.0 2041.209359525368 1.0 1.1717138526376631 2674.4690600997405 0.01818181818181818 swap_t 100 3314.8342962265015 23.319336300672646 10.766897031748819 16.89128694636563 11.665118479972111 22.745172716222143 9.88964426587604 22.710593485355375
1.0 2041.209359525368 1.0 1.1717138526376631 2674.4690600997405 0.01818181818181818 t_swap_k 100 3346.3746523857117 23.319336300672646 10.766897031748819 17.72237407690197 11.665118479972111 22.745172716222143 9.88964426587604 22.710593485355375
1.0 2041.209359525368 1.0 1.1961123760910142 2770.3160631706746 0.01818181818181818 t_move_k 100 3405.1018645763397 24.23614293766592 10.766897031748819 17.72237407690197 11.665118479972111 22.745172716222143 9.88964426587604 22.710593485355375
1.0 2041.209359525368 1.0 1.2230749439961366 2875.118213541922 0.01818181818181818 swap_t 100 3430.0817358493805 24.23614293766592 10.766897031748819 17.72237407690197 11.665118479972111 23.58772098905992 9.88964426587604 22.710593485355375
1.0 2041.209359525368 1.0 1.2155439506029526 2838.9982210920557 0.014285714285714285 swap_t 100 3459.045748233795 24.23614293766592 10.766897031748819 17.72237407690197 11.665118479972111 24.35184377916932 9.88964426587604 22.710593485355375
1.0 2041.209359525368 1.0 1.226703883462315 2890.4915445504244 0.01818181818181818 t_move_k 100 3496.1916699409485 25.143781508289262 10.766897031748819 17.72237407690197 11.665118479972111 24.35184377916932 9.88964426587604 22.710593485355375
1.0 2041.209359525368 1.0 1.2174230764329472 2844.5095033391754 0.013333333333333332 t_multiswap_k 100 3515.271136522293 25.143781508289262 10.766897031748819 17.72237407690197 11.665118479972111 24.35184377916932 9.88964426587604 23.55348755050182
1.0 2041.209359525368 1.0 1.2370879057544317 2921.7606927387887 0.013333333333333332 f_swap_t 100 3564.0805099010468 25.143781508289262 10.766897031748819 17.72237407690197 12.64846729517239 24.35184377916932 9.88964426587604 23.55348755050182
1.0 2041.209359525368 1.0 1.2105065728926687 2817.3387551858013 0.013333333333333332 move_t 100 3589.0353894233704 25.143781508289262 11.779228061431331 17.72237407690197 12.64846729517239 24.35184377916932 9.88964426587604 23.55348755050182
1.0 2041.209359525368 1.0 1.207367079645664 2805.0055900472557 0.013333333333333332 t_move_k 100 3621.128260612488 26.032343693206368 11.779228061431331 17.72237407690197 12.64846729517239 24.35184377916932 9.88964426587604 23.55348755050182
1.0 2041.209359525368 1.0 1.2027241385329466 2786.766289954378 0.013333333333333332 swap_t 100 3653.468067407608 26.032343693206368 11.779228061431331 17.72237407690197 12.64846729517239 25.10832534137763 9.88964426587604 23.55348755050182
1.0 2041.209359525368 1.0 1.2027241385329466 2786.766289954378 0.013333333333333332 swap_t 100 3683.234709739685 26.032343693206368 11.779228061431331 17.72237407690197 12.64846729517239 25.857242087963854 9.88964426587604 23.55348755050182
1.0 2041.209359525368 1.0 1.2281110902891483 2886.4962284316234 0.013333333333333332 t_multiswap_k 100 3709.2068877220154 26.032343693206368 11.779228061431331 17.72237407690197 12.64846729517239 25.857242087963854 9.88964426587604 24.357952674996803
1.0 2041.209359525368 1.0 1.2145478399929932 2833.214442946819 0.013333333333333332 move_t 100 3746.690970659256 26.032343693206368 12.721435780817018 17.72237407690197 12.64846729517239 25.857242087963854 9.88964426587604 24.357952674996803
1.0 2041.209359525368 1.0 1.21121450665966 2833.214442946819 0.02 t_swap_r_k 100 3796.3874247074127 26.032343693206368 12.721435780817018 17.72237407690197 12.64846729517239 25.857242087963854 10.890747823217279 24.357952674996803
1.0 2041.209359525368 1.0 1.21121450665966 2833.214442946819 0.02 swap_t 100 3812.7373309135437 26.032343693206368 12.721435780817018 17.72237407690197 12.64846729517239 26.598669667084216 10.890747823217279 24.357952674996803
1.0 2041.209359525368 1.0 1.2108563968649357 2831.8076467257165 0.02 move_t 100 3849.674161195755 26.032343693206368 13.624221423008848 17.72237407690197 12.64846729517239 26.598669667084216 10.890747823217279 24.357952674996803
1.0 2041.209359525368 1.0 1.2527543997849941 2996.3994927127446 0.02 t_move_k 100 3887.772893190384 26.872020256274304 13.624221423008848 17.72237407690197 12.64846729517239 26.598669667084216 10.890747823217279 24.357952674996803
1.0 2041.209359525368 1.0 1.2409341178741349 2910.6808371835496 0.0 t_move_k 100 3926.61709189415 27.82330005371156 13.624221423008848 17.72237407690197 12.64846729517239 26.598669667084216 10.890747823217279 24.357952674996803
1.0 2041.209359525368 1.0 1.238031532788846 2901.7888155831033 0.0 swap_t 100 3971.543196439743 27.82330005371156 13.624221423008848 17.72237407690197 12.64846729517239 27.362682970413374 10.890747823217279 24.357952674996803
1.0 2041.209359525368 1.0 1.2355363141824967 2889.4761397764323 0.0 swap_t 100 3986.5106678009033 27.82330005371156 13.624221423008848 17.72237407690197 12.64846729517239 28.08905614070924 10.890747823217279 24.357952674996803
1.0 2041.209359525368 1.0 1.2530046491201947 2987.0425665622292 0.0 swap_t 100 4004.818808555603 27.82330005371156 13.624221423008848 17.72237407690197 12.64846729517239 28.938165579302147 10.890747823217279 24.357952674996803
1.0 2041.209359525368 1.0 1.2357593267084641 2914.904680673213 0.0125 t_move_k 100 4051.547289133072 28.745067053174445 13.624221423008848 17.72237407690197 12.64846729517239 28.938165579302147 10.890747823217279 24.357952674996803
1.0 2041.209359525368 1.0 1.2237143528994998 2867.5872828042634 0.0125 t_swap_k 100 4093.5404603481293 28.745067053174445 13.624221423008848 18.635150336132952 12.64846729517239 28.938165579302147 10.890747823217279 24.357952674996803
1.0 2041.209359525368 1.0 1.2334602005127335 2905.872808069775 0.0125 t_move_k 100 4140.11995100975 29.6176163826427 13.624221423008848 18.635150336132952 12.64846729517239 28.938165579302147 10.890747823217279 24.357952674996803
1.0 2041.209359525368 1.0 1.2229017164384233 2864.394926941857 0.0125 t_move_k 100 4179.736957788467 30.601440218816276 13.624221423008848 18.635150336132952 12.64846729517239 28.938165579302147 10.890747823217279 24.357952674996803
1.0 2041.209359525368 1.0 1.209944483686866 2815.1306475542992 0.013333333333333332 t_multiswap_k 100 4198.926138162613 30.601440218816276 13.624221423008848 18.635150336132952 12.64846729517239 28.938165579302147 10.890747823217279 25.244373148246833
1.0 2041.209359525368 1.0 1.2460448573742733 2930.7578334616674 0.0 f_swap_t 100 4247.514353275299 30.601440218816276 13.624221423008848 18.635150336132952 13.571982622220666 28.938165579302147 10.890747823217279 25.244373148246833
1.0 2041.209359525368 1.0 1.2231311756457601 2840.7438731005723 0.0 f_swap_t 100 4282.2376101017 30.601440218816276 13.624221423008848 18.635150336132952 14.43626279599846 28.938165579302147 10.890747823217279 25.244373148246833
1.0 2041.209359525368 1.0 1.2446719246701596 2876.9757063363068 0.0 swap_t 100 4306.3531885147095 30.601440218816276 13.624221423008848 18.635150336132952 14.43626279599846 29.658783923509127 10.890747823217279 25.244373148246833
1.0 2041.209359525368 1.0 1.2783613233426283 3045.493814072489 0.0 swap_t 100 4340.249288320541 30.601440218816276 13.624221423008848 18.635150336132952 14.43626279599846 30.442196084274034 10.890747823217279 25.244373148246833
1.0 2041.209359525368 1.0 1.265862416330058 3008.6090049772392 0.0 t_swap_k 100 4387.753118753433 30.601440218816276 13.624221423008848 19.48879883277162 14.43626279599846 30.442196084274034 10.890747823217279 25.244373148246833
1.0 2041.209359525368 1.0 1.2679944313038147 3016.984398927929 0.0 swap_t 100 4415.136057376862 30.601440218816276 13.624221423008848 19.48879883277162 14.43626279599846 31.177774123431295 10.890747823217279 25.244373148246833
1.0 2041.209359525368 1.0 1.2584212582876373 2979.377207442161 0.0 swap_t 100 4450.522515296936 30.601440218816276 13.624221423008848 19.48879883277162 14.43626279599846 31.92599638219698 10.890747823217279 25.244373148246833
1.0 2041.209359525368 1.0 1.2326114178326857 2913.6986646870655 0.01818181818181818 t_multiswap_k 100 4493.618494510651 30.601440218816276 13.624221423008848 19.48879883277162 14.43626279599846 31.92599638219698 10.890747823217279 26.171929416764364
1.0 2041.209359525368 1.0 1.2239172332648833 2843.8318168106935 0.0 t_swap_r_k 100 4541.488760232925 30.601440218816276 13.624221423008848 19.48879883277162 14.43626279599846 31.92599638219698 11.821840344985105 26.171929416764364
1.0 2041.209359525368 1.0 1.2393096160806754 2904.299154755752 0.0 swap_t 100 4574.392603635788 30.601440218816276 13.624221423008848 19.48879883277162 14.43626279599846 32.716736418375014 11.821840344985105 26.171929416764364
1.0 2041.209359525368 1.0 1.2554203651599884 2967.588518123677 0.0 t_move_k 100 4632.153922796249 31.425425816628113 13.624221423008848 19.48879883277162 14.43626279599846 32.716736418375014 11.821840344985105 26.171929416764364
1.0 2041.209359525368 1.0 1.257739854480373 2976.7003850954206 0.0 t_move_k 100 4673.426322937012 32.251171558461834 13.624221423008848 19.48879883277162 14.43626279599846 32.716736418375014 11.821840344985105 26.171929416764364
1.0 2041.209359525368 1.0 1.241814475125917 2914.139226965883 0.0 t_move_k 100 4714.774391412735 33.108659842877216 13.624221423008848 19.48879883277162 14.43626279599846 32.716736418375014 11.821840344985105 26.171929416764364
1.0 2041.209359525368 1.0 1.2663201643510564 3010.3323984376157 0.0 move_t 100 4752.688613176346 33.108659842877216 14.647979208778759 19.48879883277162 14.43626279599846 32.716736418375014 11.821840344985105 26.171929416764364
1.0 2041.209359525368 1.0 1.2399236177633328 2906.7111950284248 0.0 t_swap_k 100 4796.495538234711 33.108659842877216 14.647979208778759 20.523910844443904 14.43626279599846 32.716736418375014 11.821840344985105 26.171929416764364
1.0 2041.209359525368 1.0 1.2228655588512747 2839.700425788466 0.0 t_move_k 100 4831.529855489731 33.87757324444844 14.647979208778759 20.523910844443904 14.43626279599846 32.716736418375014 11.821840344985105 26.171929416764364
1.0 2041.209359525368 1.0 1.2135792191229329 2803.2200283512248 0.0 t_multiswap_k 100 4853.07503080368 33.87757324444844 14.647979208778759 20.523910844443904 14.43626279599846 32.716736418375014 11.821840344985105 26.970210122596722
1.0 2041.209359525368 1.0 1.2055925932042442 2771.845418309 0.0 t_move_k 100 4904.72056388855 34.53879751200396 14.647979208778759 20.523910844443904 14.43626279599846 32.716736418375014 11.821840344985105 26.970210122596722
1.0 2041.209359525368 1.0 1.2034222383432325 2763.3194101910854 0.0 t_multiswap_k 100 4922.297313213348 34.53879751200396 14.647979208778759 20.523910844443904 14.43626279599846 32.716736418375014 11.821840344985105 27.700508021370755
1.0 2041.209359525368 1.0 1.2177931867372584 2797.1154130066175 0.013333333333333332 swap_t 100 4940.15002822876 34.53879751200396 14.647979208778759 20.523910844443904 14.43626279599846 33.39956905419126 11.821840344985105 27.700508021370755
1.0 2041.209359525368 1.0 1.2193069449122187 2825.7207896110112 0.0 t_move_k 100 4977.845938682556 35.38340953688392 14.647979208778759 20.523910844443904 14.43626279599846 33.39956905419126 11.821840344985105 27.700508021370755
1.0 2041.209359525368 1.0 1.2050198342077998 2769.5953955403647 0.0 swap_t 100 4999.846997976303 35.38340953688392 14.647979208778759 20.523910844443904 14.43626279599846 34.09557336364935 11.821840344985105 27.700508021370755
1.0 2041.209359525368 1.0 1.20277682536739 2786.973264576935 0.013333333333333332 t_move_k 100 5035.116808176041 36.12957544151508 14.647979208778759 20.523910844443904 14.43626279599846 34.09557336364935 11.821840344985105 27.700508021370755
1.0 2041.209359525368 1.0 1.195751832945013 2759.376329394843 0.013333333333333332 t_move_k 100 5072.336164474487 36.81827968709993 14.647979208778759 20.523910844443904 14.43626279599846 34.09557336364935 11.821840344985105 27.700508021370755
1.0 2041.209359525368 1.0 1.2056802365528607 2798.3790064588998 0.013333333333333332 swap_t 100 5095.798164129257 36.81827968709993 14.647979208778759 20.523910844443904 14.43626279599846 34.79461763001286 11.821840344985105 27.700508021370755
1.0 2041.209359525368 1.0 1.1942866490078927 2755.491173825159 0.014285714285714285 t_move_k 100 5122.334943532944 37.450096890228934 14.647979208778759 20.523910844443904 14.43626279599846 34.79461763001286 11.821840344985105 27.700508021370755
1.0 2041.209359525368 1.0 1.1946701076424389 2756.9975502660604 0.014285714285714285 t_move_k 100 5165.427340507507 38.17559592132665 14.647979208778759 20.523910844443904 14.43626279599846 34.79461763001286 11.821840344985105 27.700508021370755
1.0 2041.209359525368 1.0 1.199266241718802 2773.182310284544 0.013333333333333332 t_swap_k 100 5202.827074050903 38.17559592132665 14.647979208778759 21.358671735999465 14.43626279599846 34.79461763001286 11.821840344985105 27.700508021370755
1.0 2041.209359525368 1.0 1.202241231197546 2784.8692398747853 0.013333333333333332 t_multiswap_k 100 5225.433105707169 38.17559592132665 14.647979208778759 21.358671735999465 14.43626279599846 34.79461763001286 11.821840344985105 28.493502941157047
1.0 2041.209359525368 1.0 1.1972995974000924 2765.456557354651 0.013333333333333332 t_multiswap_k 100 5249.765550613403 38.17559592132665 14.647979208778759 21.358671735999465 14.43626279599846 34.79461763001286 11.821840344985105 29.208567911745476
1.0 2041.209359525368 1.0 1.1961741785223106 2761.035469052275 0.013333333333333332 f_swap_t 100 5290.08375120163 38.17559592132665 14.647979208778759 21.358671735999465 15.291900168038474 34.79461763001286 11.821840344985105 29.208567911745476
1.0 2041.209359525368 1.0 1.1901960862854306 2737.551169845314 0.013333333333333332 t_multiswap_k 100 5312.915686368942 38.17559592132665 14.647979208778759 21.358671735999465 15.291900168038474 34.79461763001286 11.821840344985105 29.976482232628022
1.0 2041.209359525368 1.0 1.1832424500564693 2710.2345498758427 0.013333333333333332 t_swap_r_k 100 5355.645157337189 38.17559592132665 14.647979208778759 21.358671735999465 15.291900168038474 34.79461763001286 12.743621941535254 29.976482232628022
1.0 2041.209359525368 1.0 1.1810643035262023 2701.6779330143922 0.013333333333333332 move_t 100 5390.417042970657 38.17559592132665 15.501499416690972 21.358671735999465 15.291900168038474 34.79461763001286 12.743621941535254 29.976482232628022
1.0 2041.209359525368 1.0 1.1802779922107158 2702.5635564413997 0.013333333333333332 move_t 100 5412.112512588501 38.17559592132665 16.406484422524063 21.358671735999465 15.291900168038474 34.79461763001286 12.743621941535254 29.976482232628022