10
4 100 5 200

Solution history:
B_obj   B_dis   B_sim   C_obj   C_dis   C_sim   neighbor   iterations   time   scores
1.0 2041.209359525368 1.0 1.0 2041.209359525368 1.0 0 0 0 3.0 3.0 3.0 3.0 3.0 3.0 3.0
0.8448406872071107 2078.3213944959625 0.3684210526315789 0.8448406872071107 2078.3213944959625 0.3684210526315789 t_move_k 2 0.5685563087463379 6.0 3.0 3.0 3.0 3.0 3.0 3.0
0.8405981694119383 2061.655114795888 0.3684210526315789 0.8540711190893493 2114.5821639090996 0.3684210526315789 t_move_k 100 5.267353296279907 6.95 3.0 3.0 3.0 3.0 3.0 3.0
0.8405981694119383 2061.655114795888 0.3684210526315789 0.8755023777414559 2283.9080477011066 0.4117647058823529 t_move_k 100 7.886066675186157 8.0405 3.0 3.0 3.0 3.0 3.0 3.0
0.8405981694119383 2061.655114795888 0.3684210526315789 0.8811130344188745 2290.228263312551 0.3684210526315789 move_t 100 12.194958448410034 8.0405 4.01 3.0 3.0 3.0 3.0 3.0
0.8405981694119383 2061.655114795888 0.3684210526315789 0.8660990935607209 2246.968246427026 0.4117647058823529 f_swap_t 100 33.5287709236145 8.0405 4.01 3.0 3.9699999999999998 3.0 3.0 3.0
0.8405981694119383 2061.655114795888 0.3684210526315789 0.8687201181694406 2257.2646626917754 0.4117647058823529 move_t 100 49.16379427909851 8.0405 5.0699 3.0 3.9699999999999998 3.0 3.0 3.0
0.8405981694119383 2061.655114795888 0.3684210526315789 0.8836918261326578 2316.079424243689 0.4117647058823529 move_t 100 65.12807297706604 8.0405 6.029201 3.0 3.9699999999999998 3.0 3.0 3.0
0.8397103806614018 2293.774980086939 0.4883720930232558 0.8397103806614018 2293.774980086939 0.4883720930232558 t_swap_r_k 61 89.17540216445923 8.0405 6.029201 3.0 3.9699999999999998 3.0 4.147540983606557 3.0
0.8391095913523609 2291.414843218053 0.4883720930232558 0.8442174445550551 2311.4805009838014 0.4883720930232558 f_swap_t 100 119.03388381004333 8.0405 6.029201 3.0 4.9703 3.0 4.147540983606557 3.0
0.8232930648993608 2274.9602973283704 0.5116279069767442 0.8232930648993608 2274.9602973283704 0.5116279069767442 move_t 1 121.52392363548279 8.0405 8.0 3.0 4.9703 3.0 4.147540983606557 3.0
0.8180958122279147 2254.54344326288 0.5116279069767442 0.8448980437429323 2394.7641539980123 0.5294117647058824 t_move_k 100 138.2779884338379 9.020095 8.0 3.0 4.9703 3.0 4.147540983606557 3.0
0.8180958122279147 2254.54344326288 0.5116279069767442 0.8296572418583203 2334.8922856109402 0.5294117647058824 t_move_k 100 176.08445119857788 10.01989405 8.0 3.0 4.9703 3.0 4.147540983606557 3.0
0.8180958122279147 2254.54344326288 0.5116279069767442 0.8241113339835413 2323.8537755510856 0.5348837209302325 swap_t 100 185.6870813369751 10.01989405 8.0 3.0 4.9703 4.0 4.147540983606557 3.0
0.8180958122279147 2254.54344326288 0.5116279069767442 0.8194008790348883 2351.0282497379017 0.5581395348837209 t_multiswap_k 100 201.23619985580444 10.01989405 8.0 3.0 4.9703 4.0 4.147540983606557 4.0
0.8047748749284627 2339.250544199902 0.5813953488372093 0.8047748749284627 2339.250544199902 0.5813953488372093 t_move_k 5 203.92901611328125 10.41591524 8.0 3.0 4.9703 4.0 4.147540983606557 4.0
0.7990617211948221 2316.8070277100646 0.5813953488372093 0.8107454075272551 2362.7051461730794 0.5813953488372093 t_move_k 100 237.2470154762268 11.4817560876 8.0 3.0 4.9703 4.0 4.147540983606557 4.0
0.7869915400594762 2269.390605541807 0.5813953488372093 0.7869915400594762 2269.390605541807 0.5813953488372093 t_move_k 60 251.5757074356079 12.473726819473335 8.0 3.0 4.9703 4.0 4.147540983606557 4.0
0.7855961419582329 2263.908932589312 0.5813953488372093 0.7988782783139653 2361.765387073121 0.6046511627906976 t_move_k 100 289.23240065574646 13.4489895512786 8.0 3.0 4.9703 4.0 4.147540983606557 4.0
0.7855961419582329 2263.908932589312 0.5813953488372093 0.8363285319532215 2326.168742508722 0.5116279069767442 t_swap_r_k 100 348.1591331958771 13.4489895512786 8.0 3.0 4.9703 4.0 5.146065573770492 4.0
0.7855961419582329 2263.908932589312 0.5813953488372093 0.8323407119507364 2356.1820111839393 0.5348837209302325 t_move_k 100 368.9522485733032 14.374499655765815 8.0 3.0 4.9703 4.0 5.146065573770492 4.0
0.7855961419582329 2263.908932589312 0.5813953488372093 0.9173436422246871 2332.736014918365 0.35294117647058826 t_swap_r_k 100 427.1891260147095 14.374499655765815 8.0 3.0 4.9703 4.0 6.134604918032787 4.0
0.7855961419582329 2263.908932589312 0.5813953488372093 0.9173436422246871 2332.736014918365 0.35294117647058826 t_move_k 100 451.36154985427856 15.230754659208158 8.0 3.0 4.9703 4.0 6.134604918032787 4.0
0.7855961419582329 2263.908932589312 0.5813953488372093 0.866338193504461 2363.448512971102 0.47058823529411764 t_move_k 100 475.01354336738586 16.198447112616076 8.0 3.0 4.9703 4.0 6.134604918032787 4.0
0.7855961419582329 2263.908932589312 0.5813953488372093 0.8900238656084176 2499.9523259532907 0.47058823529411764 move_t 100 491.48115396499634 16.198447112616076 8.97 3.0 4.9703 4.0 6.134604918032787 4.0
0.7855961419582329 2263.908932589312 0.5813953488372093 0.8662875870475157 2443.8597024192786 0.5116279069767442 t_multiswap_k 100 502.95795249938965 16.198447112616076 8.97 3.0 4.9703 4.0 6.134604918032787 4.99
0.7855961419582329 2263.908932589312 0.5813953488372093 0.8563675530776877 2439.8209009168268 0.5294117647058824 move_t 100 532.897308588028 16.198447112616076 9.910300000000001 3.0 4.9703 4.0 6.134604918032787 4.99
0.7855961419582329 2263.908932589312 0.5813953488372093 0.8453432088502215 2361.5819414214443 0.5116279069767442 swap_t 100 554.7362592220306 16.198447112616076 9.910300000000001 3.0 4.9703 4.99 6.134604918032787 4.99
0.7855961419582329 2263.908932589312 0.5813953488372093 0.8347151589857504 2354.7617748188513 0.5294117647058824 t_move_k 100 583.1108074188232 17.096462641489914 9.910300000000001 3.0 4.9703 4.99 6.134604918032787 4.99
0.7855961419582329 2263.908932589312 0.5813953488372093 0.881441156658169 2422.778896571625 0.47058823529411764 t_move_k 100 601.8383567333221 17.955498015075015 9.910300000000001 3.0 4.9703 4.99 6.134604918032787 4.99
0.7855961419582329 2263.908932589312 0.5813953488372093 0.8481224015632771 2407.430700582245 0.5294117647058824 t_swap_k 100 633.4762921333313 17.955498015075015 9.910300000000001 4.03 4.9703 4.99 6.134604918032787 4.99
0.7855961419582329 2263.908932589312 0.5813953488372093 0.8740065520146383 2509.1138312251114 0.5294117647058824 move_t 100 644.5838670730591 17.955498015075015 10.841197000000001 4.03 4.9703 4.99 6.134604918032787 4.99
0.7855961419582329 2263.908932589312 0.5813953488372093 0.8413346345492825 2496.306668031552 0.5882352941176471 t_move_k 100 673.7489776611328 18.905943034924267 10.841197000000001 4.03 4.9703 4.99 6.134604918032787 4.99
0.7855961419582329 2263.908932589312 0.5813953488372093 0.8353787166493509 2472.909478347659 0.5882352941176471 t_move_k 100 701.4420785903931 19.746883604575025 10.841197000000001 4.03 4.9703 4.99 6.134604918032787 4.99
0.7855961419582329 2263.908932589312 0.5813953488372093 0.8344153988461975 2469.1251868673294 0.5882352941176471 t_move_k 100 731.4271285533905 20.549414768529275 10.841197000000001 4.03 4.9703 4.99 6.134604918032787 4.99
0.7855961419582329 2263.908932589312 0.5813953488372093 0.9156923572340065 2672.872081125534 0.5294117647058824 swap_t 100 741.824756860733 20.549414768529275 10.841197000000001 4.03 4.9703 5.9801 6.134604918032787 4.99
0.7855961419582329 2263.908932589312 0.5813953488372093 0.9308490175591371 2732.4134083499225 0.5294117647058824 t_move_k 100 755.0468239784241 21.533920620843983 10.841197000000001 4.03 4.9703 5.9801 6.134604918032787 4.99
0.7855961419582329 2263.908932589312 0.5813953488372093 0.8856801332293123 2647.29593713042 0.5294117647058824 move_t 100 775.717250585556 21.533920620843983 11.762785030000002 4.03 4.9703 5.9801 6.134604918032787 4.99
0.7855961419582329 2263.908932589312 0.5813953488372093 0.8986618751409465 2678.6528686973124 0.5813953488372093 move_t 100 793.5222609043121 21.533920620843983 12.655157179700002 4.03 4.9703 5.9801 6.134604918032787 4.99
0.7855961419582329 2263.908932589312 0.5813953488372093 0.8790277848656454 2630.9451994269784 0.5813953488372093 t_swap_k 100 833.1824901103973 21.533920620843983 12.655157179700002 5.0197 4.9703 5.9801 6.134604918032787 4.99
0.7855961419582329 2263.908932589312 0.5813953488372093 0.8678647520916589 2587.092413064111 0.5813953488372093 t_move_k 100 862.9093039035797 22.418581414635543 12.655157179700002 5.0197 4.9703 5.9801 6.134604918032787 4.99
0.7855961419582329 2263.908932589312 0.5813953488372093 0.8637983301169125 2584.5529056439127 0.5882352941176471 t_move_k 100 889.0274369716644 23.22439560048919 12.655157179700002 5.0197 4.9703 5.9801 6.134604918032787 4.99
0.7855961419582329 2263.908932589312 0.5813953488372093 0.8600200080591833 2569.7101695020083 0.5882352941176471 swap_t 100 898.4157521724701 23.22439560048919 12.655157179700002 5.0197 4.9703 6.920299 6.134604918032787 4.99
0.7855961419582329 2263.908932589312 0.5813953488372093 0.8536753463734044 2544.7858412227342 0.5882352941176471 t_move_k 100 929.8793981075287 24.022151644484296 12.655157179700002 5.0197 4.9703 6.920299 6.134604918032787 4.99
0.7855961419582329 2263.908932589312 0.5813953488372093 0.8518116410030245 2537.464472997331 0.5882352941176471 t_move_k 100 966.2396426200867 24.851930128039452 12.655157179700002 5.0197 4.9703 6.920299 6.134604918032787 4.99
0.7855961419582329 2263.908932589312 0.5813953488372093 0.8506506307601032 2565.1475644160264 0.6046511627906976 f_swap_t 100 1007.8652195930481 24.851930128039452 12.655157179700002 5.0197 5.950597 6.920299 6.134604918032787 4.99
0.7855961419582329 2263.908932589312 0.5813953488372093 0.8380062768212797 2598.772556735398 0.6470588235294118 t_move_k 100 1031.7895131111145 25.693410826759056 12.655157179700002 5.0197 5.950597 6.920299 6.134604918032787 4.99
0.7855961419582329 2263.908932589312 0.5813953488372093 0.8366111251258039 2593.2918517617404 0.6470588235294118 f_swap_t 100 1058.6540999412537 25.693410826759056 12.655157179700002 5.0197 6.92109103 6.920299 6.134604918032787 4.99
0.7855961419582329 2263.908932589312 0.5813953488372093 0.8381062983112677 2599.165480515248 0.6470588235294118 t_move_k 100 1081.774846315384 26.506476718491466 12.655157179700002 5.0197 6.92109103 6.920299 6.134604918032787 4.99
0.7855961419582329 2263.908932589312 0.5813953488372093 0.8339072167024641 2582.669835251156 0.6470588235294118 t_swap_k 100 1112.5176756381989 26.506476718491466 12.655157179700002 6.029503 6.92109103 6.920299 6.134604918032787 4.99
0.7855961419582329 2263.908932589312 0.5813953488372093 0.830291707475477 2568.4666919894507 0.6470588235294118 t_move_k 100 1147.783480644226 27.27141195130655 12.655157179700002 6.029503 6.92109103 6.920299 6.134604918032787 4.99
0.7855961419582329 2263.908932589312 0.5813953488372093 0.8284465715754676 2561.218271952369 0.6470588235294118 t_swap_r_k 100 1196.3360950946808 27.27141195130655 12.655157179700002 6.029503 6.92109103 6.920299 7.113258868852459 4.99
0.7855961419582329 2263.908932589312 0.5813953488372093 0.8282364823461765 2560.3929587712846 0.6470588235294118 t_swap_r_k 100 1242.0535960197449 27.27141195130655 12.655157179700002 6.029503 6.92109103 6.920299 8.082126280163935 4.99
0.7855961419582329 2263.908932589312 0.5813953488372093 0.8282364823461765 2560.3929587712846 0.6470588235294118 f_swap_t 100 1275.3273797035217 27.27141195130655 12.655157179700002 6.029503 7.8518801197000005 6.920299 8.082126280163935 4.99
0.7855961419582329 2263.908932589312 0.5813953488372093 0.821913340496407 2535.553168877787 0.6470588235294118 move_t 100 1290.4627902507782 27.27141195130655 13.618605607903001 6.029503 7.8518801197000005 6.920299 8.082126280163935 4.99
0.7855961419582329 2263.908932589312 0.5813953488372093 0.818562339747311 2522.3891190243853 0.6470588235294118 t_move_k 100 1325.5981633663177 28.058697831793484 13.618605607903001 6.029503 7.8518801197000005 6.920299 8.082126280163935 4.99
0.7855961419582329 2263.908932589312 0.5813953488372093 0.819051329066381 2613.1877444976153 0.6923076923076923 move_t 100 1358.863289117813 28.058697831793484 14.552419551823972 6.029503 7.8518801197000005 6.920299 8.082126280163935 4.99
0.7855961419582329 2263.908932589312 0.5813953488372093 0.8103040250512165 2578.8248914992823 0.6923076923076923 t_multiswap_k 100 1383.4244480133057 28.058697831793484 14.552419551823972 6.029503 7.8518801197000005 6.920299 8.082126280163935 5.9401
0.7855961419582329 2263.908932589312 0.5813953488372093 0.8084772909986309 2571.648761161612 0.6923076923076923 swap_t 100 1396.9467098712921 28.058697831793484 14.552419551823972 6.029503 7.8518801197000005 7.85109601 8.082126280163935 5.9401
0.7855961419582329 2263.908932589312 0.5813953488372093 0.8038547923611981 2564.031073742124 0.6976744186046512 move_t 100 1430.149403333664 28.058697831793484 15.466895356305733 6.029503 7.8518801197000005 7.85109601 8.082126280163935 5.9401
0.7855961419582329 2263.908932589312 0.5813953488372093 0.80128160659265 2553.9225872703237 0.6976744186046512 t_swap_r_k 100 1476.3692438602448 28.058697831793484 15.466895356305733 6.029503 7.8518801197000005 7.85109601 9.041305017362296 5.9401
0.7855961419582329 2263.908932589312 0.5813953488372093 0.8639220714041581 2721.86386416603 0.6578947368421053 t_multiswap_k 100 1497.3521132469177 28.058697831793484 15.466895356305733 6.029503 7.8518801197000005 7.85109601 9.041305017362296 6.950699
0.7855961419582329 2263.908932589312 0.5813953488372093 0.8410245774310123 2631.91349567931 0.6578947368421053 move_t 100 1516.6738035678864 28.058697831793484 16.312226402742674 6.029503 7.8518801197000005 7.85109601 9.041305017362296 6.950699
0.7855961419582329 2263.908932589312 0.5813953488372093 0.8177726424300955 2634.8278650060097 0.7058823529411765 t_move_k 100 1547.387770652771 28.89811085347555 16.312226402742674 6.029503 7.8518801197000005 7.85109601 9.041305017362296 6.950699
0.7855961419582329 2263.908932589312 0.5813953488372093 0.8087340069663009 2599.320547413133 0.7058823529411765 move_t 100 1573.9348034858704 28.89811085347555 17.179104138715246 6.029503 7.8518801197000005 7.85109601 9.041305017362296 6.950699
0.7855961419582329 2263.908932589312 0.5813953488372093 0.8228034596786168 2663.7125521595904 0.7105263157894737 move_t 100 1598.5023362636566 28.89811085347555 18.137313097328093 6.029503 7.8518801197000005 7.85109601 9.041305017362296 6.950699
0.7855961419582329 2263.908932589312 0.5813953488372093 0.8615741574936331 2764.32972352173 0.6842105263157895 t_swap_k 100 1630.8338253498077 28.89811085347555 18.137313097328093 7.04920797 7.8518801197000005 7.85109601 9.041305017362296 6.950699
0.7855961419582329 2263.908932589312 0.5813953488372093 0.8448406417098346 2698.593887425592 0.6842105263157895 t_multiswap_k 100 1653.5823867321014 28.89811085347555 18.137313097328093 7.04920797 7.8518801197000005 7.85109601 9.041305017362296 7.94119201
0.7855961419582329 2263.908932589312 0.5813953488372093 0.829646862631003 2626.5261036824277 0.6842105263157895 move_t 100 1688.3663432598114 28.89811085347555 18.97593996635481 7.04920797 7.8518801197000005 7.85109601 9.041305017362296 7.94119201
0.7855961419582329 2263.908932589312 0.5813953488372093 0.8225318599328337 2591.722951018135 0.6744186046511628 t_multiswap_k 100 1701.2883803844452 28.89811085347555 18.97593996635481 7.04920797 7.8518801197000005 7.85109601 9.041305017362296 8.9617800899
0.7855961419582329 2263.908932589312 0.5813953488372093 0.8882793665137716 2575.93106304514 0.5348837209302325 t_swap_r_k 100 1756.466341972351 28.89811085347555 18.97593996635481 7.04920797 7.8518801197000005 7.85109601 9.990891967188674 8.9617800899
0.7855961419582329 2263.908932589312 0.5813953488372093 0.8806649527996464 2576.156650828724 0.5348837209302325 move_t 100 1775.3453481197357 28.89811085347555 19.816180566691262 7.04920797 7.8518801197000005 7.85109601 9.990891967188674 8.9617800899
0.7855961419582329 2263.908932589312 0.5813953488372093 0.8710878098448911 2599.753852473036 0.5813953488372093 t_move_k 100 1810.4078478813171 29.669129744940797 19.816180566691262 7.04920797 7.8518801197000005 7.85109601 9.990891967188674 8.9617800899
0.7855961419582329 2263.908932589312 0.5813953488372093 0.8818915581448326 2623.107325774156 0.6046511627906976 swap_t 100 1828.1944620609283 29.669129744940797 19.816180566691262 7.04920797 7.8518801197000005 8.8125850499 9.990891967188674 8.9617800899
0.7855961419582329 2263.908932589312 0.5813953488372093 0.8542640948413898 2625.0216687403063 0.627906976744186 t_multiswap_k 100 1855.7704315185547 29.669129744940797 19.816180566691262 7.04920797 7.8518801197000005 8.8125850499 9.990891967188674 9.902162289001
0.7855961419582329 2263.908932589312 0.5813953488372093 0.8521551147185512 2616.736764750246 0.627906976744186 t_swap_r_k 100 1909.115149974823 29.669129744940797 19.816180566691262 7.04920797 7.8518801197000005 8.8125850499 10.930983047516786 9.902162289001
0.7855961419582329 2263.908932589312 0.5813953488372093 0.9228005763194629 2816.3369512555396 0.5882352941176471 t_move_k 100 1949.6751427650452 30.562438447491388 19.816180566691262 7.04920797 7.8518801197000005 8.8125850499 10.930983047516786 9.902162289001
0.7855961419582329 2263.908932589312 0.5813953488372093 0.9276235196053364 2892.5711795101097 0.5882352941176471 move_t 100 1972.4522831439972 30.562438447491388 20.66801876102435 7.04920797 7.8518801197000005 8.8125850499 10.930983047516786 9.902162289001
0.7855961419582329 2263.908932589312 0.5813953488372093 0.9665388640808863 3004.6246569734867 0.6052631578947368 move_t 100 1993.790646314621 30.562438447491388 21.591338573414106 7.04920797 7.8518801197000005 8.8125850499 10.930983047516786 9.902162289001
0.7855961419582329 2263.908932589312 0.5813953488372093 0.9812370578287267 3121.451721119988 0.627906976744186 swap_t 100 2018.3254871368408 30.562438447491388 21.591338573414106 7.04920797 7.8518801197000005 9.894459199400998 10.930983047516786 9.902162289001
0.7855961419582329 2263.908932589312 0.5813953488372093 0.9376971346275664 2936.6194911976722 0.6153846153846154 move_t 100 2044.5299491882324 30.562438447491388 22.465425187679966 7.04920797 7.8518801197000005 9.894459199400998 10.930983047516786 9.902162289001
0.7855961419582329 2263.908932589312 0.5813953488372093 0.9563550282197761 2948.152044922248 0.5882352941176471 f_swap_t 100 2081.034794807434 30.562438447491388 22.465425187679966 7.04920797 8.813361318503 9.894459199400998 10.930983047516786 9.902162289001
0.7855961419582329 2263.908932589312 0.5813953488372093 0.9583331225057279 2955.9227778300287 0.5882352941176471 move_t 100 2101.191452026367 30.562438447491388 23.320770935803164 7.04920797 8.813361318503 9.894459199400998 10.930983047516786 9.902162289001
0.7855961419582329 2263.908932589312 0.5813953488372093 0.9202644884685691 2838.618196617194 0.6046511627906976 t_move_k 100 2126.6161596775055 31.446814063016475 23.320770935803164 7.04920797 8.813361318503 9.894459199400998 10.930983047516786 9.902162289001
0.7855961419582329 2263.908932589312 0.5813953488372093 0.901089934900168 2763.293003341946 0.6046511627906976 t_move_k 100 2149.3338854312897 32.16234592238631 23.320770935803164 7.04920797 8.813361318503 9.894459199400998 10.930983047516786 9.902162289001
0.7855961419582329 2263.908932589312 0.5813953488372093 0.9367838909546247 2921.48966617717 0.6153846153846154 move_t 100 2176.604351758957 32.16234592238631 24.247563226445134 7.04920797 8.813361318503 9.894459199400998 10.930983047516786 9.902162289001
0.7855961419582329 2263.908932589312 0.5813953488372093 0.9016879582479238 2818.533742552375 0.631578947368421 f_swap_t 100 2206.8083486557007 32.16234592238631 24.247563226445134 7.04920797 9.85522770531797 9.894459199400998 10.930983047516786 9.902162289001
0.7855961419582329 2263.908932589312 0.5813953488372093 0.877624732331645 2724.003920175874 0.631578947368421 t_swap_r_k 100 2265.499766111374 32.16234592238631 24.247563226445134 7.04920797 9.85522770531797 9.894459199400998 11.861673217041618 9.902162289001
0.7855961419582329 2263.908932589312 0.5813953488372093 0.8773419639107332 2722.8930945245056 0.631578947368421 t_multiswap_k 100 2296.8689851760864 32.16234592238631 24.247563226445134 7.04920797 9.85522770531797 9.894459199400998 11.861673217041618 10.80314066611099
0.7855961419582329 2263.908932589312 0.5813953488372093 0.8711544351988059 2742.323221977874 0.6538461538461539 t_move_k 100 2332.8125698566437 32.930722463162446 24.247563226445134 7.04920797 9.85522770531797 9.894459199400998 11.861673217041618 10.80314066611099
0.7855961419582329 2263.908932589312 0.5813953488372093 0.8710855457737179 2742.0525972021337 0.6538461538461539 swap_t 100 2364.336116552353 32.930722463162446 24.247563226445134 7.04920797 9.85522770531797 10.795514607406988 11.861673217041618 10.80314066611099
0.7855961419582329 2263.908932589312 0.5813953488372093 0.968848919697812 3080.784748685016 0.6153846153846154 swap_t 100 2389.2790174484253 32.930722463162446 24.247563226445134 7.04920797 9.85522770531797 11.737559461332918 11.861673217041618 10.80314066611099
0.7855961419582329 2263.908932589312 0.5813953488372093 0.9554813763783264 2998.0466064116604 0.6153846153846154 move_t 100 2408.1293654441833 32.930722463162446 25.015087594180685 7.04920797 9.85522770531797 11.737559461332918 11.861673217041618 10.80314066611099
0.7855961419582329 2263.908932589312 0.5813953488372093 0.9257904562251165 2943.6233641617546 0.6470588235294118 move_t 100 2438.250919342041 32.930722463162446 25.884936718238876 7.04920797 9.85522770531797 11.737559461332918 11.861673217041618 10.80314066611099
0.7855961419582329 2263.908932589312 0.5813953488372093 0.971659662358419 2886.652579044193 0.5263157894736842 t_swap_r_k 100 2486.3281128406525 32.930722463162446 25.884936718238876 7.04920797 9.85522770531797 11.737559461332918 12.783056484871203 10.80314066611099
0.7855961419582329 2263.908932589312 0.5813953488372093 0.9710927102684825 2884.425368089845 0.5263157894736842 t_swap_r_k 100 2542.5465557575226 32.930722463162446 25.884936718238876 7.04920797 9.85522770531797 11.737559461332918 13.69522592002249 10.80314066611099
0.7855961419582329 2263.908932589312 0.5813953488372093 0.9478489897350687 2946.980974498216 0.6046511627906976 t_move_k 100 2577.651446580887 33.791415238530824 25.884936718238876 7.04920797 9.85522770531797 11.737559461332918 13.69522592002249 10.80314066611099
0.7855961419582329 2263.908932589312 0.5813953488372093 0.9385051160544038 2910.274561051622 0.6046511627906976 t_swap_r_k 100 2631.838357448578 33.791415238530824 25.884936718238876 7.04920797 9.85522770531797 11.737559461332918 14.598273660822265 10.80314066611099
0.7855961419582329 2263.908932589312 0.5813953488372093 0.9648430576893909 2963.253051586145 0.5789473684210527 t_move_k 100 2661.8872368335724 34.493501086145514 25.884936718238876 7.04920797 9.85522770531797 11.737559461332918 14.598273660822265 10.80314066611099
0.7855961419582329 2263.908932589312 0.5813953488372093 0.9448368018199891 2884.6606043251986 0.5789473684210527 t_move_k 100 2688.2001633644104 35.20856607528406 25.884936718238876 7.04920797 9.85522770531797 11.737559461332918 14.598273660822265 10.80314066611099
0.7855961419582329 2263.908932589312 0.5813953488372093 0.939321868154436 2862.9957742796873 0.5789473684210527 t_swap_k 100 2718.7799928188324 35.20856607528406 25.884936718238876 8.0387158903 9.85522770531797 11.737559461332918 14.598273660822265 10.80314066611099
0.7855961419582329 2263.908932589312 0.5813953488372093 0.9443173054209341 2882.619818002585 0.5789473684210527 t_move_k 100 2752.339319229126 35.94648041453122 25.884936718238876 8.0387158903 9.85522770531797 11.737559461332918 14.598273660822265 10.80314066611099
0.7855961419582329 2263.908932589312 0.5813953488372093 0.9335383652507272 2840.2758985612904 0.5789473684210527 t_move_k 100 2790.8339536190033 36.61701561038591 25.884936718238876 8.0387158903 9.85522770531797 11.737559461332918 14.598273660822265 10.80314066611099
0.7855961419582329 2263.908932589312 0.5813953488372093 0.9992323730797861 3036.008597288318 0.5526315789473685 swap_t 100 2804.593886613846 36.61701561038591 25.884936718238876 8.0387158903 9.85522770531797 12.700183866719588 14.598273660822265 10.80314066611099
0.7855961419582329 2263.908932589312 0.5813953488372093 0.9769880774104378 3010.9634691745446 0.5789473684210527 t_move_k 100 2854.599478006363 37.42084545428205 25.884936718238876 8.0387158903 9.85522770531797 12.700183866719588 14.598273660822265 10.80314066611099
0.7855961419582329 2263.908932589312 0.5813953488372093 0.9577061188331502 2935.216346751155 0.5789473684210527 t_swap_r_k 100 2908.7598593235016 37.42084545428205 25.884936718238876 8.0387158903 9.85522770531797 12.700183866719588 15.492290924214043 10.80314066611099
0.7855961419582329 2263.908932589312 0.5813953488372093 0.9559815046662237 2928.4413835174323 0.5789473684210527 t_swap_r_k 100 2943.753655910492 37.42084545428205 25.884936718238876 8.0387158903 9.85522770531797 12.700183866719588 16.377368014971903 10.80314066611099
0.7855961419582329 2263.908932589312 0.5813953488372093 0.9559815046662237 2928.4413835174323 0.5789473684210527 t_swap_r_k 100 3008.3822717666626 37.42084545428205 25.884936718238876 8.0387158903 9.85522770531797 12.700183866719588 17.253594334822186 10.80314066611099
0.7855961419582329 2263.908932589312 0.5813953488372093 0.9559815046662237 2928.4413835174323 0.5789473684210527 f_swap_t 100 3040.6734404563904 37.42084545428205 25.884936718238876 8.0387158903 10.75667542826479 12.700183866719588 17.253594334822186 10.80314066611099
0.7855961419582329 2263.908932589312 0.5813953488372093 0.9523513039854541 2862.491137137832 0.5526315789473685 move_t 100 3064.8629302978516 37.42084545428205 26.686087351056486 8.0387158903 10.75667542826479 12.700183866719588 17.253594334822186 10.80314066611099
0.7855961419582329 2263.908932589312 0.5813953488372093 0.9787465587890669 2966.1820868404666 0.5526315789473685 move_t 100 3081.9337561130524 37.42084545428205 27.56922647754592 8.0387158903 10.75667542826479 12.700183866719588 17.253594334822186 10.80314066611099
0.7855961419582329 2263.908932589312 0.5813953488372093 0.954962137069767 2872.7475170834573 0.5526315789473685 t_swap_r_k 100 3123.293163537979 37.42084545428205 27.56922647754592 8.0387158903 10.75667542826479 12.700183866719588 18.121058391473962 10.80314066611099
0.7855961419582329 2263.908932589312 0.5813953488372093 0.949888876929987 2900.5310369196723 0.5769230769230769 t_move_k 100 3166.524058818817 38.17663699973923 27.56922647754592 8.0387158903 10.75667542826479 12.700183866719588 18.121058391473962 10.80314066611099
0.7855961419582329 2263.908932589312 0.5813953488372093 0.9390490159577981 2857.947796590545 0.5769230769230769 f_swap_t 100 3192.4547023773193 38.17663699973923 27.56922647754592 8.0387158903 11.649108673982143 12.700183866719588 18.121058391473962 10.80314066611099
0.7855961419582329 2263.908932589312 0.5813953488372093 0.9594952819338356 2942.2448836023163 0.5789473684210527 t_move_k 100 3234.051781654358 38.91487062974184 27.56922647754592 8.0387158903 11.649108673982143 12.700183866719588 18.121058391473962 10.80314066611099
0.7855961419582329 2263.908932589312 0.5813953488372093 0.9453302938723228 2886.5992353389133 0.5789473684210527 move_t 100 3261.6921153068542 38.91487062974184 28.293534212770464 8.0387158903 11.649108673982143 12.700183866719588 18.121058391473962 10.80314066611099
0.7855961419582329 2263.908932589312 0.5813953488372093 0.9818146439169195 2984.9191169566698 0.5526315789473685 move_t 100 3290.847650051117 38.91487062974184 29.17059887064276 8.0387158903 11.649108673982143 12.700183866719588 18.121058391473962 10.80314066611099
0.7855961419582329 2263.908932589312 0.5813953488372093 0.9658511847012063 2915.5239819693593 0.5526315789473685 swap_t 100 3313.934889793396 38.91487062974184 29.17059887064276 8.0387158903 11.649108673982143 13.573182028052392 18.121058391473962 10.80314066611099
0.7855961419582329 2263.908932589312 0.5813953488372093 0.9587562532000856 2939.3416878639073 0.5789473684210527 move_t 100 3344.2779302597046 38.91487062974184 29.90889288193633 8.0387158903 11.649108673982143 13.573182028052392 18.121058391473962 10.80314066611099
0.7855961419582329 2263.908932589312 0.5813953488372093 0.9587562532000856 2939.3416878639073 0.5789473684210527 t_swap_r_k 100 3400.5514845848083 38.91487062974184 29.90889288193633 8.0387158903 11.649108673982143 13.573182028052392 18.979847807559224 10.80314066611099
0.7855961419582329 2263.908932589312 0.5813953488372093 0.9893880612892981 3055.69937945584 0.5769230769230769 swap_t 100 3428.2627234458923 38.91487062974184 29.90889288193633 8.0387158903 11.649108673982143 14.587450207771868 18.979847807559224 10.80314066611099
0.7855961419582329 2263.908932589312 0.5813953488372093 0.9644226799133848 2966.4099575108803 0.5813953488372093 t_swap_r_k 100 3483.930717229843 38.91487062974184 29.90889288193633 8.0387158903 11.649108673982143 14.587450207771868 19.860049329483633 10.80314066611099
0.7855961419582329 2263.908932589312 0.5813953488372093 0.955880130830999 2927.324328833563 0.5813953488372093 move_t 100 3518.0255908966064 38.91487062974184 30.709803953116968 8.0387158903 11.649108673982143 14.587450207771868 19.860049329483633 10.80314066611099
0.7855961419582329 2263.908932589312 0.5813953488372093 0.9369351622532395 2949.7861598067802 0.627906976744186 t_move_k 100 3546.0567784309387 39.865721923444426 30.709803953116968 8.0387158903 11.649108673982143 14.587450207771868 19.860049329483633 10.80314066611099
0.7855961419582329 2263.908932589312 0.5813953488372093 0.9205026892169365 2885.2329381093723 0.627906976744186 t_swap_r_k 100 3589.7616531848907 39.865721923444426 30.709803953116968 8.0387158903 11.649108673982143 14.587450207771868 20.701448836188796 10.80314066611099
0.7855961419582329 2263.908932589312 0.5813953488372093 0.9397306168130031 2960.7678055726237 0.627906976744186 swap_t 100 3612.16863822937 39.865721923444426 30.709803953116968 8.0387158903 11.649108673982143 15.541575705694148 20.701448836188796 10.80314066611099
0.7855961419582329 2263.908932589312 0.5813953488372093 0.9338253637727205 2937.5696473984713 0.627906976744186 t_swap_k 100 3640.690590620041 39.865721923444426 30.709803953116968 9.098328731397 11.649108673982143 15.541575705694148 20.701448836188796 10.80314066611099
0.7855961419582329 2263.908932589312 0.5813953488372093 0.9575581918504815 2985.1225418250897 0.6046511627906976 t_move_k 100 3673.9237229824066 40.62706470420998 30.709803953116968 9.098328731397 11.649108673982143 15.541575705694148 20.701448836188796 10.80314066611099
0.7855961419582329 2263.908932589312 0.5813953488372093 0.9386690294840849 2910.9184775176354 0.6046511627906976 t_swap_r_k 100 3707.1572823524475 40.62706470420998 30.709803953116968 9.098328731397 11.649108673982143 15.541575705694148 21.534434347826906 10.80314066611099
0.7855961419582329 2263.908932589312 0.5813953488372093 0.959715403114986 3016.2586421665983 0.6046511627906976 swap_t 100 3721.2417645454407 40.62706470420998 30.709803953116968 9.098328731397 11.649108673982143 16.426159948637206 21.534434347826906 10.80314066611099
0.7855961419582329 2263.908932589312 0.5813953488372093 0.9457554014300059 2959.8391487955532 0.6153846153846154 move_t 100 3752.467737674713 40.62706470420998 31.5927059135858 9.098328731397 11.649108673982143 16.426159948637206 21.534434347826906 10.80314066611099
0.7855961419582329 2263.908932589312 0.5813953488372093 0.915911082720503 2842.598918563228 0.6153846153846154 t_move_k 100 3783.371524333954 41.48079405716788 31.5927059135858 9.098328731397 11.649108673982143 16.426159948637206 21.534434347826906 10.80314066611099
0.7855961419582329 2263.908932589312 0.5813953488372093 0.9033120241526186 2793.1048576805783 0.6153846153846154 move_t 100 3803.13973402977 41.48079405716788 32.276778854449944 9.098328731397 11.649108673982143 16.426159948637206 21.534434347826906 10.80314066611099
0.7855961419582329 2263.908932589312 0.5813953488372093 0.8913554905944416 2808.3492660032657 0.6470588235294118 swap_t 100 3824.6505579948425 41.48079405716788 32.276778854449944 9.098328731397 11.649108673982143 17.321898349150835 21.534434347826906 10.80314066611099
0.7855961419582329 2263.908932589312 0.5813953488372093 0.8870383227289871 2791.3897314458113 0.6470588235294118 t_move_k 100 3851.7969839572906 42.1159861165962 32.276778854449944 9.098328731397 11.649108673982143 17.321898349150835 21.534434347826906 10.80314066611099
0.7855961419582329 2263.908932589312 0.5813953488372093 0.8854298840921722 2785.0711514195664 0.6470588235294118 move_t 100 3895.0019686222076 42.1159861165962 32.95401106590545 9.098328731397 11.649108673982143 17.321898349150835 21.534434347826906 10.80314066611099
0.7855961419582329 2263.908932589312 0.5813953488372093 0.9023820872361086 2851.2019778983613 0.6153846153846154 move_t 100 3914.559691429138 42.1159861165962 33.664470955246394 9.098328731397 11.649108673982143 17.321898349150835 21.534434347826906 10.80314066611099
0.7855961419582329 2263.908932589312 0.5813953488372093 0.8961291621880279 2827.102126878838 0.6470588235294118 t_multiswap_k 100 3935.6569323539734 42.1159861165962 33.664470955246394 9.098328731397 11.649108673982143 17.321898349150835 21.534434347826906 11.695109259449879
0.7855961419582329 2263.908932589312 0.5813953488372093 0.8961291621880279 2827.102126878838 0.6470588235294118 t_swap_r_k 100 3985.7942411899567 42.1159861165962 33.664470955246394 9.098328731397 11.649108673982143 17.321898349150835 22.359090004348637 11.695109259449879
0.7855961419582329 2263.908932589312 0.5813953488372093 0.8940780903685497 2819.0447094963433 0.6470588235294118 t_move_k 100 4011.851225376129 42.92482625543023 33.664470955246394 9.098328731397 11.649108673982143 17.321898349150835 22.359090004348637 11.695109259449879
0.7855961419582329 2263.908932589312 0.5813953488372093 0.9409507373337367 2940.9645371711895 0.6153846153846154 t_move_k 100 4042.6007034778595 43.68557799287593 33.664470955246394 9.098328731397 11.649108673982143 17.321898349150835 22.359090004348637 11.695109259449879
0.7855961419582329 2263.908932589312 0.5813953488372093 0.9240364439283258 2874.518535425603 0.6153846153846154 move_t 100 4064.702445268631 43.68557799287593 34.32782624569393 9.098328731397 11.649108673982143 17.321898349150835 22.359090004348637 11.695109259449879
0.7855961419582329 2263.908932589312 0.5813953488372093 0.9185425907475523 2877.5328998519917 0.627906976744186 t_move_k 100 4084.0841152668 44.36872221294717 34.32782624569393 9.098328731397 11.649108673982143 17.321898349150835 22.359090004348637 11.695109259449879
0.7855961419582329 2263.908932589312 0.5813953488372093 0.9016775915896179 2811.280545312077 0.627906976744186 t_move_k 100 4108.630437135696 45.0750349908177 34.32782624569393 9.098328731397 11.649108673982143 17.321898349150835 22.359090004348637 11.695109259449879
0.7855961419582329 2263.908932589312 0.5813953488372093 0.9224318547064623 2848.3345430682634 0.6052631578947368 t_move_k 100 4142.985394001007 45.63428464090952 34.32782624569393 9.098328731397 11.649108673982143 17.321898349150835 22.359090004348637 11.695109259449879
0.7855961419582329 2263.908932589312 0.5813953488372093 0.9004103643343515 2851.981373088811 0.6511627906976745 t_move_k 100 4170.3032166957855 46.26794179450042 34.32782624569393 9.098328731397 11.649108673982143 17.321898349150835 22.359090004348637 11.695109259449879
0.7855961419582329 2263.908932589312 0.5813953488372093 0.8873679204724525 2846.424515460332 0.6744186046511628 t_move_k 100 4204.4846205711365 46.925262376555416 34.32782624569393 9.098328731397 11.649108673982143 17.321898349150835 22.359090004348637 11.695109259449879
0.7855961419582329 2263.908932589312 0.5813953488372093 0.8766198304237101 2804.201787438362 0.6744186046511628 t_move_k 100 4246.112523555756 47.48600975278986 34.32782624569393 9.098328731397 11.649108673982143 17.321898349150835 22.359090004348637 11.695109259449879
0.7855961419582329 2263.908932589312 0.5813953488372093 0.8741210313653442 2794.385521241813 0.6744186046511628 f_swap_t 100 4276.928807258606 47.48600975278986 34.32782624569393 9.098328731397 12.53261758724232 17.321898349150835 22.359090004348637 11.695109259449879
0.7855961419582329 2263.908932589312 0.5813953488372093 0.873962226692047 2793.7616739816167 0.6744186046511628 swap_t 100 4304.847438573837 47.48600975278986 34.32782624569393 9.098328731397 12.53261758724232 18.148679365659326 22.359090004348637 11.695109259449879
0.7855961419582329 2263.908932589312 0.5813953488372093 0.8786832074501258 2831.540805653649 0.6842105263157895 t_move_k 100 4355.900391101837 48.171149655261964 34.32782624569393 9.098328731397 12.53261758724232 18.148679365659326 22.359090004348637 11.695109259449879
0.7855961419582329 2263.908932589312 0.5813953488372093 0.8908258859211811 2806.268770401085 0.6470588235294118 t_move_k 100 4386.525059938431 48.789438158709345 34.32782624569393 9.098328731397 12.53261758724232 18.148679365659326 22.359090004348637 11.695109259449879
0.7855961419582329 2263.908932589312 0.5813953488372093 0.8964875105322938 2828.509860216431 0.6470588235294118 t_move_k 100 4415.39940404892 49.40154377712225 34.32782624569393 9.098328731397 12.53261758724232 18.148679365659326 22.359090004348637 11.695109259449879
0.7855961419582329 2263.908932589312 0.5813953488372093 0.8899328141716152 2802.7604330671948 0.6470588235294118 t_swap_r_k 100 4449.878813743591 49.40154377712225 34.32782624569393 9.098328731397 12.53261758724232 18.148679365659326 23.17549910430515 11.695109259449879
0.7855961419582329 2263.908932589312 0.5813953488372093 0.9020376977298323 2850.313180010919 0.6470588235294118 t_move_k 100 4483.396102666855 50.017528339351024 34.32782624569393 9.098328731397 12.53261758724232 18.148679365659326 23.17549910430515 11.695109259449879
0.7855961419582329 2263.908932589312 0.5813953488372093 0.9011676806997728 2846.895410689292 0.6470588235294118 move_t 100 4502.443436861038 50.017528339351024 35.024547983236985 9.098328731397 12.53261758724232 18.148679365659326 23.17549910430515 11.695109259449879
0.7855961419582329 2263.908932589312 0.5813953488372093 0.9276067815384913 2920.3530817544292 0.631578947368421 move_t 100 4520.619688510895 50.017528339351024 35.694302503404614 9.098328731397 12.53261758724232 18.148679365659326 23.17549910430515 11.695109259449879
0.7855961419582329 2263.908932589312 0.5813953488372093 0.9202818060353405 2891.5776949615624 0.631578947368421 swap_t 100 4536.376593828201 50.017528339351024 35.694302503404614 9.098328731397 12.53261758724232 18.967192572002734 23.17549910430515 11.695109259449879
0.7855961419582329 2263.908932589312 0.5813953488372093 0.9158992424480763 2904.7667833905516 0.6470588235294118 t_swap_k 100 4580.927974462509 50.017528339351024 35.694302503404614 10.06734544408303 12.53261758724232 18.967192572002734 23.17549910430515 11.695109259449879
0.7855961419582329 2263.908932589312 0.5813953488372093 0.8910766272472379 2860.9937753711497 0.6744186046511628 t_move_k 100 4615.885703325272 50.63735305595751 35.694302503404614 10.06734544408303 12.53261758724232 18.967192572002734 23.17549910430515 11.695109259449879
0.7855961419582329 2263.908932589312 0.5813953488372093 0.9191412761412668 2938.78663394476 0.6578947368421053 t_move_k 100 4633.616376161575 51.260979525397936 35.694302503404614 10.06734544408303 12.53261758724232 18.967192572002734 23.17549910430515 11.695109259449879
0.7855961419582329 2263.908932589312 0.5813953488372093 0.8947911485758595 2884.399987392293 0.6842105263157895 move_t 100 4652.342999219894 51.260979525397936 36.42735947837057 10.06734544408303 12.53261758724232 18.967192572002734 23.17549910430515 11.695109259449879
0.7855961419582329 2263.908932589312 0.5813953488372093 0.9274856322362879 2834.7416948747996 0.5882352941176471 t_swap_k 100 4679.250059366226 51.260979525397936 36.42735947837057 11.0966719896422 12.53261758724232 18.967192572002734 23.17549910430515 11.695109259449879
0.7855961419582329 2263.908932589312 0.5813953488372093 0.9557595554686804 2979.2588690181924 0.6052631578947368 move_t 100 4699.038487911224 51.260979525397936 37.22308588358686 11.0966719896422 12.53261758724232 18.967192572002734 23.17549910430515 11.695109259449879
0.7855961419582329 2263.908932589312 0.5813953488372093 0.9145768696238967 2899.571982468176 0.6470588235294118 t_move_k 100 4732.394740819931 51.898369730143955 37.22308588358686 11.0966719896422 12.53261758724232 18.967192572002734 23.17549910430515 11.695109259449879
0.7855961419582329 2263.908932589312 0.5813953488372093 0.8963575942510416 2849.2833641147295 0.6578947368421053 t_swap_k 100 4756.398027420044 51.898369730143955 37.22308588358686 12.015705269745778 12.53261758724232 18.967192572002734 23.17549910430515 11.695109259449879
0.7855961419582329 2263.908932589312 0.5813953488372093 0.8929258562577709 2835.8021465890647 0.6578947368421053 swap_t 100 4791.741680145264 51.898369730143955 37.22308588358686 12.015705269745778 12.53261758724232 19.777520646282706 23.17549910430515 11.695109259449879
0.7855961419582329 2263.908932589312 0.5813953488372093 0.8884351685470842 2804.9380907528216 0.6511627906976745 t_move_k 100 4818.157777786255 52.43938603284251 37.22308588358686 12.015705269745778 12.53261758724232 19.777520646282706 23.17549910430515 11.695109259449879
0.7855961419582329 2263.908932589312 0.5813953488372093 0.9023098135666137 2851.3821581191023 0.6470588235294118 f_swap_t 100 4844.610010147095 52.43938603284251 37.22308588358686 12.015705269745778 13.447291411369898 19.777520646282706 23.17549910430515 11.695109259449879
0.7855961419582329 2263.908932589312 0.5813953488372093 0.9005348545353125 2844.4094204430226 0.6470588235294118 f_swap_t 100 4869.172231197357 52.43938603284251 37.22308588358686 12.015705269745778 14.312818497256199 19.777520646282706 23.17549910430515 11.695109259449879
0.7855961419582329 2263.908932589312 0.5813953488372093 0.8917676657410563 2809.9684522060234 0.6470588235294118 t_move_k 100 4886.50802564621 53.03499217251409 37.22308588358686 12.015705269745778 14.312818497256199 19.777520646282706 23.17549910430515 11.695109259449879
0.7855961419582329 2263.908932589312 0.5813953488372093 0.9348333127665334 2804.4922821624878 0.5581395348837209 t_swap_r_k 100 4932.623137950897 53.03499217251409 37.22308588358686 12.015705269745778 14.312818497256199 19.777520646282706 23.983744113262098 11.695109259449879
0.7855961419582329 2263.908932589312 0.5813953488372093 0.9277494420566337 2822.3430450930978 0.5813953488372093 f_swap_t 100 4964.452513694763 53.03499217251409 37.22308588358686 12.015705269745778 15.229690312283637 19.777520646282706 23.983744113262098 11.695109259449879
0.7855961419582329 2263.908932589312 0.5813953488372093 0.9185165498325253 2831.751605688566 0.6046511627906976 t_move_k 100 4988.940964221954 53.56464225078895 37.22308588358686 12.015705269745778 15.229690312283637 19.777520646282706 23.983744113262098 11.695109259449879
0.7855961419582329 2263.908932589312 0.5813953488372093 0.9112778930599609 2803.3153128433887 0.6046511627906976 t_move_k 100 5021.811440706253 54.08899582828106 37.22308588358686 12.015705269745778 15.229690312283637 19.777520646282706 23.983744113262098 11.695109259449879
0.7855961419582329 2263.908932589312 0.5813953488372093 0.9383441346173692 2909.64216260672 0.6046511627906976 t_move_k 100 5059.748429059982 54.56810586999825 37.22308588358686 12.015705269745778 15.229690312283637 19.777520646282706 23.983744113262098 11.695109259449879
0.7855961419582329 2263.908932589312 0.5813953488372093 0.8979833327843078 2751.0890475120646 0.6046511627906976 t_multiswap_k 100 5082.133725404739 54.56810586999825 37.22308588358686 12.015705269745778 15.229690312283637 19.777520646282706 23.983744113262098 12.66815816685538
0.7855961419582329 2263.908932589312 0.5813953488372093 0.8782172673579394 2719.119158047063 0.627906976744186 t_move_k 100 5118.160805463791 55.08242481129827 37.22308588358686 12.015705269745778 15.229690312283637 19.777520646282706 23.983744113262098 12.66815816685538
0.7855961419582329 2263.908932589312 0.5813953488372093 0.9243708197816263 2706.9644977442313 0.5294117647058824 t_swap_r_k 100 5162.643074274063 55.08242481129827 37.22308588358686 12.015705269745778 15.229690312283637 19.777520646282706 24.783906672129476 12.66815816685538
0.7855961419582329 2263.908932589312 0.5813953488372093 0.9043827305699665 2725.741090251073 0.5789473684210527 t_move_k 100 5196.475158214569 55.861600563185284 37.22308588358686 12.015705269745778 15.229690312283637 19.777520646282706 24.783906672129476 12.66815816685538
0.7855961419582329 2263.908932589312 0.5813953488372093 0.8940712937373188 2685.233707923033 0.5789473684210527 t_move_k 100 5225.540238618851 56.40298455755343 37.22308588358686 12.015705269745778 15.229690312283637 19.777520646282706 24.783906672129476 12.66815816685538
0.7855961419582329 2263.908932589312 0.5813953488372093 0.8822200949273397 2638.677534517453 0.5789473684210527 t_swap_r_k 100 5276.120144367218 56.40298455755343 37.22308588358686 12.015705269745778 15.229690312283637 19.777520646282706 25.57606760540818 12.66815816685538
0.7855961419582329 2263.908932589312 0.5813953488372093 0.8809105462346896 2633.533111831139 0.5789473684210527 t_move_k 100 5307.625091075897 56.89895471197789 37.22308588358686 12.015705269745778 15.229690312283637 19.777520646282706 25.57606760540818 12.66815816685538
0.7855961419582329 2263.908932589312 0.5813953488372093 0.8803049094688186 2631.153932243928 0.5789473684210527 t_move_k 100 5332.353429317474 57.35996516485812 37.22308588358686 12.015705269745778 15.229690312283637 19.777520646282706 25.57606760540818 12.66815816685538
0.7855961419582329 2263.908932589312 0.5813953488372093 0.8803049094688186 2631.153932243928 0.5789473684210527 move_t 100 5362.405922412872 57.35996516485812 37.85085502475099 12.015705269745778 15.229690312283637 19.777520646282706 25.57606760540818 12.66815816685538
0.7855961419582329 2263.908932589312 0.5813953488372093 0.8803049094688186 2631.153932243928 0.5789473684210527 t_move_k 100 5387.042172908783 57.78636551320954 37.85085502475099 12.015705269745778 15.229690312283637 19.777520646282706 25.57606760540818 12.66815816685538
0.7855961419582329 2263.908932589312 0.5813953488372093 0.8803049094688186 2631.153932243928 0.5789473684210527 t_swap_r_k 100 5422.482112169266 57.78636551320954 37.85085502475099 12.015705269745778 15.229690312283637 19.777520646282706 26.3603069293541 12.66815816685538