10
4 100 5 200

Solution history:
B_obj   B_dis   B_sim   C_obj   C_dis   C_sim   neighbor   iterations   time   scores
1.0 2041.209359525368 1.0 1.0 2041.209359525368 1.0 0 0 0 3.0 3.0 3.0 3.0 3.0 3.0 3.0
1.0 2041.209359525368 1.0 1.0 2041.209359525368 1.0 swap_t 100 13.754684209823608 3.0 3.0 3.0 3.0 3.9699999999999998 3.0 3.0
1.0 2041.209359525368 1.0 1.0 2041.209359525368 1.0 move_t 100 23.20732617378235 3.0 3.9699999999999998 3.0 3.0 3.9699999999999998 3.0 3.0
1.0 2041.209359525368 1.0 1.0 2041.209359525368 1.0 swap_t 100 36.892508029937744 3.0 3.9699999999999998 3.0 3.0 4.9303 3.0 3.0
1.0 2041.209359525368 1.0 1.0 2041.209359525368 1.0 swap_t 100 42.34761571884155 3.0 3.9699999999999998 3.0 3.0 5.880997 3.0 3.0
1.0 2041.209359525368 1.0 1.0 2041.209359525368 1.0 swap_t 100 61.22870063781738 3.0 3.9699999999999998 3.0 3.0 6.82218703 3.0 3.0
1.0 2041.209359525368 1.0 1.0 2041.209359525368 1.0 swap_t 100 69.47906160354614 3.0 3.9699999999999998 3.0 3.0 7.7539651597 3.0 3.0
1.0 2041.209359525368 1.0 1.0 2041.209359525368 1.0 swap_t 100 78.05993366241455 3.0 3.9699999999999998 3.0 3.0 8.676425508103 3.0 3.0
1.0 2041.209359525368 1.0 1.0 2041.209359525368 1.0 move_t 100 93.37159729003906 3.0 4.9303 3.0 3.0 8.676425508103 3.0 3.0
1.0 2041.209359525368 1.0 1.0 2041.209359525368 1.0 swap_t 100 113.94950985908508 3.0 4.9303 3.0 3.0 9.58966125302197 3.0 3.0
1.0 2041.209359525368 1.0 1.0 2041.209359525368 1.0 f_swap_t 100 150.37181520462036 3.0 4.9303 3.0 3.9699999999999998 9.58966125302197 3.0 3.0
1.0 2041.209359525368 1.0 1.0196040860528686 2041.209359525368 0.0 t_swap_r_k 100 205.3641653060913 3.0 4.9303 3.0 3.9699999999999998 9.58966125302197 4.01 3.0
1.0 2041.209359525368 1.0 1.0196040860528686 2041.209359525368 0.0 swap_t 100 219.95134830474854 3.0 4.9303 3.0 3.9699999999999998 10.493764640491749 4.01 3.0
1.0 2041.209359525368 1.0 1.0196040860528686 2041.209359525368 0.0 swap_t 100 236.11567330360413 3.0 4.9303 3.0 3.9699999999999998 11.388826994086832 4.01 3.0
1.0 2041.209359525368 1.0 1.0196040860528686 2041.209359525368 0.0 t_swap_r_k 100 284.47423362731934 3.0 4.9303 3.0 3.9699999999999998 11.388826994086832 5.0099 3.0
1.0 2041.209359525368 1.0 1.0196040860528686 2041.209359525368 0.0 swap_t 100 294.3389174938202 3.0 4.9303 3.0 3.9699999999999998 12.274938724145963 5.0099 3.0
1.0 2041.209359525368 1.0 1.0196040860528686 2041.209359525368 0.0 move_t 100 314.6635777950287 3.0 5.880997 3.0 3.9699999999999998 12.274938724145963 5.0099 3.0
1.0 2041.209359525368 1.0 1.0196040860528686 2041.209359525368 0.0 t_swap_r_k 100 356.45642828941345 3.0 5.880997 3.0 3.9699999999999998 12.274938724145963 5.999801 3.0
1.0 2041.209359525368 1.0 1.0551519654765424 2180.8554210913653 0.0 move_t 100 382.4635720252991 3.0 6.83218703 3.0 3.9699999999999998 12.274938724145963 5.999801 3.0
1.0 2041.209359525368 1.0 1.043697536670416 2135.857916424508 0.0 t_swap_r_k 100 428.49817419052124 3.0 6.83218703 3.0 3.9699999999999998 12.274938724145963 6.97980299 3.0
1.0 2041.209359525368 1.0 1.0647543224512872 2218.577258652817 0.0 move_t 100 461.29534125328064 3.0 7.8638651596999996 3.0 3.9699999999999998 12.274938724145963 6.97980299 3.0
1.0 2041.209359525368 1.0 1.0462642124776398 2145.9408292059893 0.0 f_swap_t 100 488.0996708869934 3.0 7.8638651596999996 3.0 4.9303 12.274938724145963 6.97980299 3.0
1.0 2041.209359525368 1.0 1.0591182264263317 2235.7203910434732 0.02 move_t 100 509.7709424495697 3.0 8.825226508103 3.0 4.9303 12.274938724145963 6.97980299 3.0
1.0 2041.209359525368 1.0 1.0502243947390082 2200.7819196774867 0.02 t_swap_r_k 100 567.6407821178436 3.0 8.825226508103 3.0 4.9303 12.274938724145963 7.950004960099999 3.0
1.0 2041.209359525368 1.0 1.0455614040522103 2199.299829482874 0.02857142857142857 t_swap_r_k 100 634.951779127121 3.0 8.825226508103 3.0 4.9303 12.274938724145963 8.940504910499 3.0
1.0 2041.209359525368 1.0 1.0538171230136042 2249.478864364566 0.037606837606837605 t_swap_k 100 657.0984959602356 3.0 8.825226508103 3.98 4.9303 12.274938724145963 8.940504910499 3.0
1.0 2041.209359525368 1.0 1.0767183101233828 2295.7949233101585 0.015384615384615385 move_t 100 685.2214317321777 3.0 9.77697424302197 3.98 4.9303 12.274938724145963 8.940504910499 3.0
1.0 2041.209359525368 1.0 1.14317280700621 2517.09830217818 0.0 swap_t 100 699.4254953861237 3.0 9.77697424302197 3.98 4.9303 13.172189336904504 8.940504910499 3.0
1.0 2041.209359525368 1.0 1.1286577806060978 2469.6151938671387 0.0 move_t 100 726.2140429019928 3.0 10.67920450059175 3.98 4.9303 13.172189336904504 8.940504910499 3.0
1.0 2041.209359525368 1.0 1.1271715305368126 2463.776618626005 0.0 swap_t 100 739.0051341056824 3.0 10.67920450059175 3.98 4.9303 14.070467443535458 8.940504910499 3.0
1.0 2041.209359525368 1.0 1.1183016227471774 2443.3155591730415 0.0 move_t 100 768.1185431480408 3.0 11.632412455585833 3.98 4.9303 14.070467443535458 8.940504910499 3.0
1.0 2041.209359525368 1.0 1.175598296409802 2654.0160151295804 0.0 t_swap_k 100 800.7924206256866 3.0 11.632412455585833 5.1002 4.9303 14.070467443535458 8.940504910499 3.0
1.0 2041.209359525368 1.0 1.1379472417402918 2506.107853415114 0.0 t_swap_r_k 100 847.9938859939575 3.0 11.632412455585833 5.1002 4.9303 14.070467443535458 9.891099861394009 3.0
1.0 2041.209359525368 1.0 1.1905627668596244 2756.4511625156792 0.02222222222222222 t_move_k 100 871.7639169692993 4.22 11.632412455585833 5.1002 4.9303 14.070467443535458 9.891099861394009 3.0
1.0 2041.209359525368 1.0 1.1701209750836974 2676.1477587925506 0.02222222222222222 move_t 100 899.6310362815857 4.22 12.646088331029974 5.1002 4.9303 14.070467443535458 9.891099861394009 3.0
1.0 2041.209359525368 1.0 1.1605034651522381 2594.7175768177226 0.0 t_swap_r_k 100 961.0271067619324 4.22 12.646088331029974 5.1002 4.9303 14.070467443535458 10.832188862780068 3.0
1.0 2041.209359525368 1.0 1.1588676028795648 2588.291265956235 0.0 t_swap_r_k 100 1009.5642559528351 4.22 12.646088331029974 5.1002 4.9303 14.070467443535458 11.763866974152268 3.0
1.0 2041.209359525368 1.0 1.1588676028795648 2588.291265956235 0.0 t_swap_r_k 100 1065.2173414230347 4.22 12.646088331029974 5.1002 4.9303 14.070467443535458 12.686228304410745 3.0
1.0 2041.209359525368 1.0 1.2285317559367033 2801.64957537795 0.0 move_t 100 1094.3547205924988 4.22 13.549627447719674 5.1002 4.9303 14.070467443535458 12.686228304410745 3.0
1.0 2041.209359525368 1.0 1.2036177450633154 2764.0874375365106 0.0 swap_t 100 1110.6955392360687 4.22 13.549627447719674 5.1002 4.9303 14.929762769100103 12.686228304410745 3.0
1.0 2041.209359525368 1.0 1.2508432733034018 2979.826312035422 0.015384615384615385 swap_t 100 1131.9100089073181 4.22 13.549627447719674 5.1002 4.9303 15.890465141409102 12.686228304410745 3.0
1.0 2041.209359525368 1.0 1.229094327738575 2894.387893750514 0.015384615384615385 t_swap_r_k 100 1195.4351127147675 4.22 13.549627447719674 5.1002 4.9303 15.890465141409102 13.599366021366638 3.0
1.0 2041.209359525368 1.0 1.1957680345500974 2763.4690973042416 0.015384615384615385 t_move_k 100 1235.2030482292175 5.3978 13.549627447719674 5.1002 4.9303 15.890465141409102 13.599366021366638 3.0
1.0 2041.209359525368 1.0 1.205203161100123 2768.177815909785 0.0 swap_t 100 1262.0345106124878 5.3978 13.549627447719674 5.1002 4.9303 16.77156048999501 13.599366021366638 3.0
1.0 2041.209359525368 1.0 1.1906422546123707 2713.1146040584354 0.0 swap_t 100 1283.5130672454834 5.3978 13.549627447719674 5.1002 4.9303 17.60384488509506 13.599366021366638 3.0
1.0 2041.209359525368 1.0 1.1833581944968803 2720.2126179864827 0.01818181818181818 f_swap_t 100 1323.273342847824 5.3978 13.549627447719674 5.1002 5.910997 17.60384488509506 13.599366021366638 3.0
1.0 2041.209359525368 1.0 1.1796773956676592 2705.752991470051 0.01818181818181818 t_move_k 100 1349.9571914672852 6.403822 13.549627447719674 5.1002 5.910997 17.60384488509506 13.599366021366638 3.0
1.0 2041.209359525368 1.0 1.1763354997403495 2671.9706752738375 0.0 swap_t 100 1371.5627512931824 6.403822 13.549627447719674 5.1002 5.910997 18.45780643624411 13.599366021366638 3.0
1.0 2041.209359525368 1.0 1.1648201304982504 2647.3878062554336 0.01818181818181818 t_swap_r_k 100 1424.828134059906 6.403822 13.549627447719674 5.1002 5.910997 18.45780643624411 14.503372361152971 3.0
1.0 2041.209359525368 1.0 1.1646660538512994 2646.7825325436165 0.01818181818181818 t_move_k 100 1457.4523038864136 7.37978378 13.549627447719674 5.1002 5.910997 18.45780643624411 14.503372361152971 3.0
1.0 2041.209359525368 1.0 1.1625654873958293 2638.5306807504917 0.01818181818181818 t_swap_r_k 100 1510.476253271103 7.37978378 13.549627447719674 5.1002 5.910997 18.45780643624411 15.39833863754144 3.0
1.0 2041.209359525368 1.0 1.2107743992087558 2829.8988894070735 0.01818181818181818 move_t 100 1542.1446673870087 7.37978378 14.534131173242477 5.1002 5.910997 18.45780643624411 15.39833863754144 3.0
1.0 2041.209359525368 1.0 1.1863012631176402 2728.438270127968 0.01818181818181818 move_t 100 1571.7357501983643 7.37978378 15.568789861510052 5.1002 5.910997 18.45780643624411 15.39833863754144 3.0
1.0 2041.209359525368 1.0 1.1754287143204063 2696.998647572489 0.02222222222222222 move_t 100 1595.516634941101 7.37978378 16.573101962894953 5.1002 5.910997 18.45780643624411 15.39833863754144 3.0
1.0 2041.209359525368 1.0 1.170271670970393 2661.1508881062496 0.014285714285714285 move_t 100 1615.6204504966736 7.37978378 17.437370943266004 5.1002 5.910997 18.45780643624411 15.39833863754144 3.0
1.0 2041.209359525368 1.0 1.170271670970393 2661.1508881062496 0.014285714285714285 swap_t 100 1637.5860607624054 7.37978378 17.437370943266004 5.1002 5.910997 19.273228371881668 15.39833863754144 3.0
1.0 2041.209359525368 1.0 1.167241048592341 2656.8981253713605 0.01818181818181818 swap_t 100 1662.12064909935 7.37978378 17.437370943266004 5.1002 5.910997 20.11049608816285 15.39833863754144 3.0
1.0 2041.209359525368 1.0 1.1517021463143613 2595.8552013106455 0.01818181818181818 t_swap_k 100 1697.948284626007 7.37978378 17.437370943266004 6.169198 5.910997 20.11049608816285 15.39833863754144 3.0
1.0 2041.209359525368 1.0 1.180142730101175 2715.517156935552 0.02222222222222222 move_t 100 1733.1106123924255 7.37978378 18.522997233833344 6.169198 5.910997 20.11049608816285 15.39833863754144 3.0
1.0 2041.209359525368 1.0 1.1652817453137543 2683.0831506799746 0.02222222222222222 swap_t 100 1751.408620595932 7.37978378 18.522997233833344 6.169198 5.910997 20.939391127281223 15.39833863754144 3.0
1.0 2041.209359525368 1.0 1.1619082370424898 2635.9487426772575 0.01818181818181818 swap_t 100 1771.2788710594177 7.37978378 18.522997233833344 6.169198 5.910997 21.75999721600841 15.39833863754144 3.0
1.0 2041.209359525368 1.0 1.1689611884042954 2663.655511577704 0.01818181818181818 move_t 100 1790.741399049759 7.37978378 19.40776726149501 6.169198 5.910997 21.75999721600841 15.39833863754144 3.0
1.0 2041.209359525368 1.0 1.1694573249569724 2665.6045312296083 0.01818181818181818 t_move_k 100 1819.9090387821198 8.4359859422 19.40776726149501 6.169198 5.910997 21.75999721600841 15.39833863754144 3.0
1.0 2041.209359525368 1.0 1.1601287622784153 2628.9582654255087 0.01818181818181818 move_t 100 1833.8513009548187 8.4359859422 20.24368958888006 6.169198 5.910997 21.75999721600841 15.39833863754144 3.0
1.0 2041.209359525368 1.0 1.198318841974778 2786.920078259776 0.02222222222222222 move_t 100 1857.521176815033 8.4359859422 21.14125269299126 6.169198 5.910997 21.75999721600841 15.39833863754144 3.0
1.0 2041.209359525368 1.0 1.2196554898627867 2859.5723226283035 0.015384615384615385 swap_t 100 1876.0731604099274 8.4359859422 21.14125269299126 6.169198 5.910997 22.612397243848328 15.39833863754144 3.0
1.0 2041.209359525368 1.0 1.1965507373634916 2785.2825826924827 0.02 swap_t 100 1899.1270577907562 8.4359859422 21.14125269299126 6.169198 5.910997 23.416273271409846 15.39833863754144 3.0
1.0 2041.209359525368 1.0 1.2065431339802857 2819.2283342333517 0.02222222222222222 swap_t 100 1920.3840825557709 8.4359859422 21.14125269299126 6.169198 5.910997 24.22211053869575 15.39833863754144 3.0
1.0 2041.209359525368 1.0 1.1975551478868947 2783.919987302364 0.02222222222222222 move_t 100 1950.039499282837 8.4359859422 21.959840166061348 6.169198 5.910997 24.22211053869575 15.39833863754144 3.0
1.0 2041.209359525368 1.0 1.1945250028549554 2772.0163849906526 0.02222222222222222 t_move_k 100 1983.858210325241 9.451626082778 21.959840166061348 6.169198 5.910997 24.22211053869575 15.39833863754144 3.0
1.0 2041.209359525368 1.0 1.1945250028549554 2772.0163849906526 0.02222222222222222 t_swap_r_k 100 2053.654260158539 9.451626082778 21.959840166061348 6.169198 5.910997 24.22211053869575 16.284355251166026 3.0
1.0 2041.209359525368 1.0 1.1890909828332146 2756.792627870516 0.02222222222222222 move_t 100 2063.6150963306427 9.451626082778 22.770241764400733 6.169198 5.910997 24.22211053869575 16.284355251166026 3.0
1.0 2041.209359525368 1.0 1.1743514948281861 2692.7669054272606 0.02222222222222222 t_move_k 100 2091.5651721954346 10.447109821950221 22.770241764400733 6.169198 5.910997 24.22211053869575 16.284355251166026 3.0
1.0 2041.209359525368 1.0 1.1705889512903904 2662.397290080667 0.014285714285714285 t_swap_r_k 100 2129.2568171024323 10.447109821950221 22.770241764400733 6.169198 5.910997 24.22211053869575 17.161511698654365 3.0
1.0 2041.209359525368 1.0 1.164520933504352 2654.1485913642787 0.02222222222222222 t_swap_k 100 2162.2630019187927 10.447109821950221 22.770241764400733 7.19750602 5.910997 24.22211053869575 17.161511698654365 3.0
1.0 2041.209359525368 1.0 1.1619445965710005 2644.027725876872 0.02222222222222222 move_t 100 2181.3596436977386 10.447109821950221 23.542539346756726 7.19750602 5.910997 24.22211053869575 17.161511698654365 3.0
1.0 2041.209359525368 1.0 1.16903414617775 2652.3869504547833 0.02222222222222222 swap_t 100 2190.569396018982 10.447109821950221 23.542539346756726 7.19750602 5.910997 25.01988943330879 17.161511698654365 3.0
1.0 2041.209359525368 1.0 1.192808275283109 2760.9075216429273 0.02 swap_t 100 2219.0361466407776 10.447109821950221 23.542539346756726 7.19750602 5.910997 25.819690538975703 17.161511698654365 3.0
1.0 2041.209359525368 1.0 1.1712112676383852 2676.065975309003 0.02 t_move_k 100 2249.4585225582123 11.532638723730718 23.542539346756726 7.19750602 5.910997 25.819690538975703 17.161511698654365 3.0
1.0 2041.209359525368 1.0 1.1639213414036576 2651.7931576009837 0.02222222222222222 t_move_k 100 2278.659710407257 12.447312336493411 23.542539346756726 7.19750602 5.910997 25.819690538975703 17.161511698654365 3.0
1.0 2041.209359525368 1.0 1.1639213414036576 2651.7931576009837 0.02222222222222222 swap_t 100 2295.452875137329 12.447312336493411 23.542539346756726 7.19750602 5.910997 26.561493633585947 17.161511698654365 3.0
1.0 2041.209359525368 1.0 1.1639213414036576 2651.7931576009837 0.02222222222222222 t_swap_r_k 100 2348.0002961158752 12.447312336493411 23.542539346756726 7.19750602 5.910997 26.561493633585947 18.02989658166782 3.0
1.0 2041.209359525368 1.0 1.1639213414036576 2651.7931576009837 0.02222222222222222 t_swap_r_k 100 2387.6452741622925 12.447312336493411 23.542539346756726 7.19750602 5.910997 26.561493633585947 18.88959761585114 3.0
1.0 2041.209359525368 1.0 1.1615337248541149 2638.0487782955634 0.02 t_swap_k 100 2414.9399647712708 12.447312336493411 23.542539346756726 8.1955309598 5.910997 26.561493633585947 18.88959761585114 3.0
1.0 2041.209359525368 1.0 1.2204207547794805 2860.3146853600233 0.015384615384615385 swap_t 100 2428.7976293563843 12.447312336493411 23.542539346756726 8.1955309598 5.910997 27.38587869725009 18.88959761585114 3.0
1.0 2041.209359525368 1.0 1.2170088846646223 2846.911516680505 0.015384615384615385 move_t 100 2459.0665085315704 12.447312336493411 24.38711395328916 8.1955309598 5.910997 27.38587869725009 18.88959761585114 3.0
1.0 2041.209359525368 1.0 1.2004998759967018 2782.05763289866 0.015384615384615385 move_t 100 2478.9425933361053 12.447312336493411 25.173242813756268 8.1955309598 5.910997 27.38587869725009 18.88959761585114 3.0
1.0 2041.209359525368 1.0 1.1964038436047546 2779.397210943506 0.02222222222222222 t_swap_r_k 100 2536.9349658489227 12.447312336493411 25.173242813756268 8.1955309598 5.910997 27.38587869725009 19.74070163969263 3.0
1.0 2041.209359525368 1.0 1.2219418030827836 2875.355485423254 0.02 swap_t 100 2554.15949511528 12.447312336493411 25.173242813756268 8.1955309598 5.910997 28.122019910277587 19.74070163969263 3.0
1.0 2041.209359525368 1.0 1.2299995141006355 2911.3742274767146 0.02222222222222222 t_swap_k 100 2589.2572984695435 12.447312336493411 25.173242813756268 9.363575650202 5.910997 28.122019910277587 19.74070163969263 3.0
1.0 2041.209359525368 1.0 1.207302653992295 2822.2120277778686 0.02222222222222222 move_t 100 2620.637785434723 12.447312336493411 25.951510385618704 9.363575650202 5.910997 28.122019910277587 19.74070163969263 3.0
1.0 2041.209359525368 1.0 1.20291564576766 2797.041984140302 0.01818181818181818 t_swap_r_k 100 2673.307848215103 12.447312336493411 25.951510385618704 9.363575650202 5.910997 28.122019910277587 20.583294623295703 3.0
1.0 2041.209359525368 1.0 1.20291564576766 2797.041984140302 0.01818181818181818 swap_t 100 2697.9652886390686 12.447312336493411 25.951510385618704 9.363575650202 5.910997 28.84079971117481 20.583294623295703 3.0
1.0 2041.209359525368 1.0 1.2016817046399744 2790.2887951807493 0.01818181818181818 swap_t 100 2715.028555393219 12.447312336493411 25.951510385618704 9.363575650202 5.910997 29.58239171406306 20.583294623295703 3.0
1.0 2041.209359525368 1.0 1.2648456388455895 3034.8331150367762 0.015384615384615385 f_swap_t 100 2743.901200056076 12.447312336493411 25.951510385618704 9.363575650202 7.00188703 29.58239171406306 20.583294623295703 3.0
1.0 2041.209359525368 1.0 1.2525929074672388 2956.481151455442 0.0 t_move_k 100 2797.0072672367096 13.552839213128477 25.951510385618704 9.363575650202 7.00188703 29.58239171406306 20.583294623295703 3.0
1.0 2041.209359525368 1.0 1.2323892676616688 2945.7564915534526 0.02222222222222222 swap_t 100 2815.2911965847015 13.552839213128477 25.951510385618704 9.363575650202 7.00188703 30.34656779692243 20.583294623295703 3.0
1.0 2041.209359525368 1.0 1.209612566403979 2848.07427966573 0.03076923076923077 move_t 100 2852.080227136612 13.552839213128477 26.841995281762518 9.363575650202 7.00188703 30.34656779692243 20.583294623295703 3.0
1.0 2041.209359525368 1.0 1.2070228889534191 2807.682595166955 0.015384615384615385 swap_t 100 2875.5160751342773 13.552839213128477 26.841995281762518 9.363575650202 7.00188703 31.043102118953204 20.583294623295703 3.0
1.0 2041.209359525368 1.0 1.2053343017343434 2800.266031222916 0.015384615384615385 swap_t 100 2887.553712129593 13.552839213128477 26.841995281762518 9.363575650202 7.00188703 31.762671097763672 20.583294623295703 3.0
1.0 2041.209359525368 1.0 1.189585695007299 2774.895103264922 0.033566433566433566 t_multiswap_k 100 2903.230050802231 13.552839213128477 26.841995281762518 9.363575650202 7.00188703 31.762671097763672 20.583294623295703 4.16
1.0 2041.209359525368 1.0 1.181338505738106 2738.4986189559827 0.025 swap_t 100 2927.7940652370453 13.552839213128477 26.841995281762518 9.363575650202 7.00188703 32.485044386786036 20.583294623295703 4.16
1.0 2041.209359525368 1.0 1.1671857768708513 2660.252263192549 0.02 swap_t 100 2942.7688195705414 13.552839213128477 26.841995281762518 9.363575650202 7.00188703 33.16019394291818 20.583294623295703 4.16
1.0 2041.209359525368 1.0 1.1814788083655428 2716.400916457732 0.02 f_swap_t 100 2962.363933801651 13.552839213128477 26.841995281762518 9.363575650202 7.941868159699999 33.16019394291818 20.583294623295703 4.16
1.0 2041.209359525368 1.0 1.1834094397449557 2782.2298363847435 0.04444444444444444 move_t 100 2994.373749732971 13.552839213128477 27.733575328944895 9.363575650202 7.941868159699999 33.16019394291818 20.583294623295703 4.16
1.0 2041.209359525368 1.0 1.1830623072703577 2770.6352227996535 0.04444444444444444 swap_t 100 3011.8697357177734 13.552839213128477 27.733575328944895 9.363575650202 7.941868159699999 33.858592003488994 20.583294623295703 4.16
1.0 2041.209359525368 1.0 1.182304203561738 2767.6570930522903 0.04444444444444444 move_t 100 3043.9877297878265 13.552839213128477 28.486239575655446 9.363575650202 7.941868159699999 33.858592003488994 20.583294623295703 4.16
1.0 2041.209359525368 1.0 1.1730079032129734 2731.1375663776553 0.04444444444444444 f_swap_t 100 3080.831257581711 13.552839213128477 28.486239575655446 9.363575650202 8.982449478103 33.858592003488994 20.583294623295703 4.16
1.0 2041.209359525368 1.0 1.1882126197057847 2777.437271716711 0.037606837606837605 t_swap_k 100 3112.894611597061 13.552839213128477 28.486239575655446 10.45993989369998 8.982449478103 33.858592003488994 20.583294623295703 4.16
1.0 2041.209359525368 1.0 1.1875221498655644 2774.7248344242444 0.037606837606837605 swap_t 100 3133.1626222133636 13.552839213128477 28.486239575655446 10.45993989369998 8.982449478103 34.55000608345411 20.583294623295703 4.16
1.0 2041.209359525368 1.0 1.1840590255578203 2774.550724528352 0.04444444444444444 move_t 100 3159.5985019207 13.552839213128477 29.42137717989889 10.45993989369998 8.982449478103 34.55000608345411 20.583294623295703 4.16
1.0 2041.209359525368 1.0 1.156946444100745 2668.041833400339 0.04444444444444444 f_swap_t 100 3197.4880890846252 13.552839213128477 29.42137717989889 10.45993989369998 10.04262498332197 34.55000608345411 20.583294623295703 4.16
1.0 2041.209359525368 1.0 1.1591686663229672 2668.041833400339 0.04 t_swap_r_k 100 3261.6939301490784 13.552839213128477 29.42137717989889 10.45993989369998 10.04262498332197 34.55000608345411 21.447461677062748 4.16
1.0 2041.209359525368 1.0 1.1573242556297751 2660.7962622610667 0.04 swap_t 100 3286.84223985672 13.552839213128477 29.42137717989889 10.45993989369998 10.04262498332197 35.23450602261957 21.447461677062748 4.16
1.0 2041.209359525368 1.0 1.1487438667226624 2627.0891175028087 0.04 move_t 100 3308.188226699829 13.552839213128477 30.2471634080999 10.45993989369998 10.04262498332197 35.23450602261957 21.447461677062748 4.16
1.0 2041.209359525368 1.0 1.1681148442682838 2622.481111981474 0.02222222222222222 swap_t 100 3332.214533805847 13.552839213128477 30.2471634080999 10.45993989369998 10.04262498332197 35.892160962393376 21.447461677062748 4.16
1.0 2041.209359525368 1.0 1.1531050151997606 2648.5863069765437 0.042222222222222223 f_swap_t 100 3362.4167132377625 13.552839213128477 30.2471634080999 10.45993989369998 11.06219873348875 35.892160962393376 21.447461677062748 4.16
1.0 2041.209359525368 1.0 1.1744943579008646 2728.1399277226706 0.032467532467532464 move_t 100 3382.710888147354 13.552839213128477 31.1546917740189 10.45993989369998 11.06219873348875 35.892160962393376 21.447461677062748 4.16
1.0 2041.209359525368 1.0 1.2123291208450746 2837.5930861649877 0.02 move_t 100 3430.969970703125 13.552839213128477 32.02314485627871 10.45993989369998 11.06219873348875 35.892160962393376 21.447461677062748 4.16
1.0 2041.209359525368 1.0 1.1915626962637045 2756.014397010766 0.02 t_swap_r_k 100 3470.315754175186 13.552839213128477 32.02314485627871 10.45993989369998 11.06219873348875 35.892160962393376 22.27298706029212 4.16
1.0 2041.209359525368 1.0 1.1911962116864423 2754.5747013476475 0.02 swap_t 100 3484.3479158878326 13.552839213128477 32.02314485627871 10.45993989369998 11.06219873348875 36.53323935276944 22.27298706029212 4.16
1.0 2041.209359525368 1.0 1.1911962116864423 2754.5747013476475 0.02 swap_t 100 3499.611920595169 13.552839213128477 32.02314485627871 10.45993989369998 11.06219873348875 37.16790695924175 22.27298706029212 4.16
1.0 2041.209359525368 1.0 1.1911962116864423 2754.5747013476475 0.02 swap_t 100 3518.611389398575 13.552839213128477 32.02314485627871 10.45993989369998 11.06219873348875 37.79622788964933 22.27298706029212 4.16
1.0 2041.209359525368 1.0 1.1838024717339144 2750.0178680295603 0.032467532467532464 f_swap_t 100 3550.580743789673 13.552839213128477 32.02314485627871 10.45993989369998 12.071576746153863 37.79622788964933 22.27298706029212 4.16
1.0 2041.209359525368 1.0 1.181338010620054 2715.847807497264 0.02 t_swap_r_k 100 3611.570494413376 13.552839213128477 32.02314485627871 10.45993989369998 12.071576746153863 37.79622788964933 23.0902571896892 4.16
1.0 2041.209359525368 1.0 1.178901031052023 2745.7190636131663 0.02 swap_t 100 3631.8486886024475 13.552839213128477 32.02314485627871 10.45993989369998 12.071576746153863 38.448265610752834 23.0902571896892 4.16
1.0 2041.209359525368 1.0 1.177290391443667 2699.9471662813776 0.02 swap_t 100 3652.3362267017365 13.552839213128477 32.02314485627871 10.45993989369998 12.071576746153863 39.093782954645306 23.0902571896892 4.16
1.0 2041.209359525368 1.0 1.1878364317188632 2741.376163268656 0.02 swap_t 100 3680.151732444763 13.552839213128477 32.02314485627871 10.45993989369998 12.071576746153863 39.89284512509885 23.0902571896892 4.16
1.0 2041.209359525368 1.0 1.174155581979731 2687.632400886203 0.02 move_t 100 3697.7583758831024 13.552839213128477 32.80291340771593 10.45993989369998 12.071576746153863 39.89284512509885 23.0902571896892 4.16
1.0 2041.209359525368 1.0 1.1685260501992132 2665.5173843407615 0.02 t_move_k 100 3743.629294395447 14.577310820997193 32.80291340771593 10.45993989369998 12.071576746153863 39.89284512509885 23.0902571896892 4.16
1.0 2041.209359525368 1.0 1.16096595537351 2667.959758385927 0.03636363636363636 move_t 100 3763.946501493454 14.577310820997193 33.56488427363877 10.45993989369998 12.071576746153863 39.89284512509885 23.0902571896892 4.16
1.0 2041.209359525368 1.0 1.1988702514047143 2816.862751841682 0.03636363636363636 swap_t 100 3782.1929042339325 14.577310820997193 33.56488427363877 10.45993989369998 12.071576746153863 40.553916673847866 23.0902571896892 4.16
1.0 2041.209359525368 1.0 1.1921779192370803 2790.5726370710354 0.03636363636363636 move_t 100 3812.2867238521576 14.577310820997193 34.37923543090238 10.45993989369998 12.071576746153863 40.553916673847866 23.0902571896892 4.16
1.0 2041.209359525368 1.0 1.2031506924440372 2791.4823398366498 0.03636363636363636 move_t 100 3838.2714035511017 14.577310820997193 35.04544307659336 10.45993989369998 12.071576746153863 40.553916673847866 23.0902571896892 4.16
1.0 2041.209359525368 1.0 1.2395896110930842 2936.270562811711 0.02 swap_t 100 3860.4184668064117 14.577310820997193 35.04544307659336 10.45993989369998 12.071576746153863 41.228377507109386 23.0902571896892 4.16
1.0 2041.209359525368 1.0 1.2348480255629444 2929.0952794422246 0.013333333333333332 swap_t 100 3885.5654060840607 14.577310820997193 35.04544307659336 10.45993989369998 12.071576746153863 41.88609373203829 23.0902571896892 4.16
1.0 2041.209359525368 1.0 1.2189021976988677 2850.320073834887 0.013333333333333332 t_swap_r_k 100 3925.699214696884 14.577310820997193 35.04544307659336 10.45993989369998 12.071576746153863 41.88609373203829 23.89935461779231 4.16
1.0 2041.209359525368 1.0 1.2294845376289176 2895.920791781393 0.015384615384615385 t_move_k 100 3956.271726369858 15.59153771278722 35.04544307659336 10.45993989369998 12.071576746153863 41.88609373203829 23.89935461779231 4.16
1.0 2041.209359525368 1.0 1.208455336413139 2813.309812581698 0.015384615384615385 move_t 100 3982.0318763256073 15.59153771278722 35.84498864582743 10.45993989369998 12.071576746153863 41.88609373203829 23.89935461779231 4.16
1.0 2041.209359525368 1.0 1.2001526647094296 2780.693650304341 0.015384615384615385 t_move_k 100 4008.4407057762146 16.555622335659347 35.84498864582743 10.45993989369998 12.071576746153863 41.88609373203829 23.89935461779231 4.16
1.0 2041.209359525368 1.0 1.1927223342684996 2756.9986446148187 0.01818181818181818 move_t 100 4048.217825651169 16.555622335659347 36.556538759369154 10.45993989369998 12.071576746153863 41.88609373203829 23.89935461779231 4.16
1.0 2041.209359525368 1.0 1.1799976640785426 2702.4769122017196 0.01818181818181818 move_t 100 4092.0206480026245 16.555622335659347 37.28097337177546 10.45993989369998 12.071576746153863 41.88609373203829 23.89935461779231 4.16
1.0 2041.209359525368 1.0 1.1799976640785426 2702.4769122017196 0.01818181818181818 t_swap_r_k 100 4142.470824956894 16.555622335659347 37.28097337177546 10.45993989369998 12.071576746153863 41.88609373203829 24.700361071614385 4.16
1.0 2041.209359525368 1.0 1.1796433209710004 2705.619132650211 0.01818181818181818 swap_t 100 4158.807248830795 16.555622335659347 37.28097337177546 10.45993989369998 12.071576746153863 42.49723279471791 24.700361071614385 4.16
1.0 2041.209359525368 1.0 1.1904033539876537 2751.460044248175 0.02 f_swap_t 100 4192.111746311188 16.555622335659347 37.28097337177546 10.45993989369998 12.960860978692324 42.49723279471791 24.700361071614385 4.16
1.0 2041.209359525368 1.0 1.185733547798717 2693.8312716903047 0.0 t_swap_r_k 100 4226.37221121788 16.555622335659347 37.28097337177546 10.45993989369998 12.960860978692324 42.49723279471791 25.493357460898242 4.16
1.0 2041.209359525368 1.0 1.1817801457726556 2678.30075252356 0.0 f_swap_t 100 4264.048907756805 16.555622335659347 37.28097337177546 10.45993989369998 13.831252368905401 42.49723279471791 25.493357460898242 4.16
1.0 2041.209359525368 1.0 1.2067284546501154 2848.1697765026565 0.0 swap_t 100 4294.289565563202 16.555622335659347 37.28097337177546 10.45993989369998 13.831252368905401 43.11226046677073 25.493357460898242 4.16
1.0 2041.209359525368 1.0 1.1941242914061543 2726.7934150694773 0.0 t_swap_r_k 100 4352.376850605011 16.555622335659347 37.28097337177546 10.45993989369998 13.831252368905401 43.11226046677073 26.27842388628926 4.16
1.0 2041.209359525368 1.0 1.19143953684056 2716.24664245083 0.0 t_swap_r_k 100 4407.728947401047 16.555622335659347 37.28097337177546 10.45993989369998 13.831252368905401 43.11226046677073 27.055639647426368 4.16
1.0 2041.209359525368 1.0 1.1870971449484393 2699.1880179887785 0.0 t_swap_r_k 100 4468.232955694199 16.555622335659347 37.28097337177546 10.45993989369998 13.831252368905401 43.11226046677073 27.825083250952105 4.16
1.0 2041.209359525368 1.0 1.1867939737680362 2697.997042267864 0.0 swap_t 100 4490.538845539093 16.555622335659347 37.28097337177546 10.45993989369998 13.831252368905401 43.68113786210302 27.825083250952105 4.16
1.0 2041.209359525368 1.0 1.1867939737680362 2697.997042267864 0.0 t_swap_r_k 100 4528.318889141083 16.555622335659347 37.28097337177546 10.45993989369998 13.831252368905401 43.68113786210302 28.586832418442583 4.16
1.0 2041.209359525368 1.0 1.1885683153502289 2744.2512902326785 0.02 t_move_k 100 4551.577709436417 17.550066112302755 37.28097337177546 10.45993989369998 13.831252368905401 43.68113786210302 28.586832418442583 4.16
1.0 2041.209359525368 1.0 1.1852421937400286 2691.9010395571163 0.0 t_swap_r_k 100 4596.54426407814 17.550066112302755 37.28097337177546 10.45993989369998 13.831252368905401 43.68113786210302 29.340964094258158 4.16
1.0 2041.209359525368 1.0 1.2242370950315777 2806.7806063459057 0.01818181818181818 swap_t 100 4620.60813832283 17.550066112302755 37.28097337177546 10.45993989369998 13.831252368905401 44.28432648348199 29.340964094258158 4.16
1.0 2041.209359525368 1.0 1.2008018984557638 2787.9803051689887 0.0 swap_t 100 4632.6240565776825 17.550066112302755 37.28097337177546 10.45993989369998 13.831252368905401 44.90148321864717 29.340964094258158 4.16
1.0 2041.209359525368 1.0 1.190723481683956 2713.4336959655575 0.0 f_swap_t 100 4663.496860742569 17.550066112302755 37.28097337177546 10.45993989369998 14.722939845216347 44.90148321864717 29.340964094258158 4.16
1.0 2041.209359525368 1.0 1.2008514303733047 2805.64605612552 0.02222222222222222 swap_t 100 4690.359392166138 17.550066112302755 37.28097337177546 10.45993989369998 14.722939845216347 45.5224683864607 29.340964094258158 4.16
1.0 2041.209359525368 1.0 1.193844820931452 2753.7554992430305 0.014285714285714285 swap_t 100 4713.488019943237 17.550066112302755 37.28097337177546 10.45993989369998 14.722939845216347 46.067243702596095 29.340964094258158 4.16
1.0 2041.209359525368 1.0 1.2213896777943405 2877.5514017443506 0.02222222222222222 move_t 100 4743.790684223175 17.550066112302755 38.028163638057705 10.45993989369998 14.722939845216347 46.067243702596095 29.340964094258158 4.16
1.0 2041.209359525368 1.0 1.2137991679272317 2847.7328914589334 0.02222222222222222 t_move_k 100 4767.835305690765 18.534565451179727 38.028163638057705 10.45993989369998 14.722939845216347 46.067243702596095 29.340964094258158 4.16
1.0 2041.209359525368 1.0 1.2330268521529972 2924.8666836632083 0.02 swap_t 100 4791.27340722084 18.534565451179727 38.028163638057705 10.45993989369998 14.722939845216347 46.67657126557013 29.340964094258158 4.16
1.0 2041.209359525368 1.0 1.2162548192294376 2857.3796562868824 0.02222222222222222 t_swap_r_k 100 4853.416569232941 18.534565451179727 38.028163638057705 10.45993989369998 14.722939845216347 46.67657126557013 30.087554453315576 4.16
1.0 2041.209359525368 1.0 1.2724214103136702 3073.659250752701 0.02 swap_t 100 4873.694383859634 18.534565451179727 38.028163638057705 10.45993989369998 14.722939845216347 47.29980555291443 30.087554453315576 4.16
1.0 2041.209359525368 1.0 1.263080165008142 3056.9445232224457 0.02 swap_t 100 4891.468566894531 18.534565451179727 38.028163638057705 10.45993989369998 14.722939845216347 47.92680749738528 30.087554453315576 4.16
1.0 2041.209359525368 1.0 1.2468284057986598 2973.11985593913 0.02 move_t 100 4917.055961608887 18.534565451179727 39.04788200167713 10.45993989369998 14.722939845216347 47.92680749738528 30.087554453315576 4.16
1.0 2041.209359525368 1.0 1.2818780952852291 3071.5248954791523 0.0 swap_t 100 4937.496497392654 18.534565451179727 39.04788200167713 10.45993989369998 14.722939845216347 48.69753942241143 30.087554453315576 4.16
1.0 2041.209359525368 1.0 1.2386352568023757 2901.650006091421 0.0 t_move_k 100 4966.714998483658 19.52921979666793 39.04788200167713 10.45993989369998 14.722939845216347 48.69753942241143 30.087554453315576 4.16
1.0 2041.209359525368 1.0 1.216700645019346 2854.766153697421 0.02 t_multiswap_k 100 4985.807625055313 19.52921979666793 39.04788200167713 10.45993989369998 14.722939845216347 48.69753942241143 30.087554453315576 5.2384
1.0 2041.209359525368 1.0 1.2637083756083856 3030.365497428803 0.015384615384615385 swap_t 100 4996.093386888504 19.52921979666793 39.04788200167713 10.45993989369998 14.722939845216347 49.26056402818732 30.087554453315576 5.2384
1.0 2041.209359525368 1.0 1.2386733785762707 2941.0836992953755 0.02 f_swap_t 100 5034.955837488174 19.52921979666793 39.04788200167713 10.45993989369998 15.635710446764183 49.26056402818732 30.087554453315576 5.2384
1.0 2041.209359525368 1.0 1.2626407940047013 3037.244847465878 0.02 swap_t 100 5053.055233716965 19.52921979666793 39.04788200167713 10.45993989369998 15.635710446764183 49.807958387905444 30.087554453315576 5.2384
1.0 2041.209359525368 1.0 1.2476673995641598 2976.415753667209 0.02 t_move_k 100 5079.22691822052 20.543927598701252 39.04788200167713 10.45993989369998 15.635710446764183 49.807958387905444 30.087554453315576 5.2384
1.0 2041.209359525368 1.0 1.2278020436261197 2859.092880921205 0.0 t_move_k 100 5104.975019454956 21.54848832271424 39.04788200167713 10.45993989369998 15.635710446764183 49.807958387905444 30.087554453315576 5.2384
1.0 2041.209359525368 1.0 1.2050526669223753 2809.008311237606 0.02 t_multiswap_k 100 5114.11327624321 21.54848832271424 39.04788200167713 10.45993989369998 15.635710446764183 49.807958387905444 30.087554453315576 6.246016000000001
1.0 2041.209359525368 1.0 1.2029397516970348 2800.707948616113 0.02 move_t 100 5136.551770448685 21.54848832271424 39.75740318166036 10.45993989369998 15.635710446764183 49.807958387905444 30.087554453315576 6.246016000000001
1.0 2041.209359525368 1.0 1.201730724737422 2795.9584148612353 0.02 f_swap_t 100 5171.563480854034 21.54848832271424 39.75740318166036 10.45993989369998 16.509353342296542 49.807958387905444 30.087554453315576 6.246016000000001
1.0 2041.209359525368 1.0 1.2010407557618579 2794.6751920197785 0.02 swap_t 100 5188.616907835007 21.54848832271424 39.75740318166036 10.45993989369998 16.509353342296542 50.33987880402639 30.087554453315576 6.246016000000001
1.0 2041.209359525368 1.0 1.2010407557618579 2794.6751920197785 0.02 swap_t 100 5199.139564752579 21.54848832271424 39.75740318166036 10.45993989369998 16.509353342296542 50.836480015986126 30.087554453315576 6.246016000000001
1.0 2041.209359525368 1.0 1.199212326737369 2786.0651563078477 0.02 move_t 100 5223.297878980637 21.54848832271424 40.389829149843756 10.45993989369998 16.509353342296542 50.836480015986126 30.087554453315576 6.246016000000001
1.0 2041.209359525368 1.0 1.188013341924984 2742.071136187889 0.02 t_swap_k 100 5245.935528516769 21.54848832271424 40.389829149843756 11.47534049476298 16.509353342296542 50.836480015986126 30.087554453315576 6.246016000000001
1.0 2041.209359525368 1.0 1.2142273082686361 2852.642250848266 0.0 swap_t 100 5258.148471832275 21.54848832271424 40.389829149843756 11.47534049476298 16.509353342296542 51.368115215826265 30.087554453315576 6.246016000000001
1.0 2041.209359525368 1.0 1.1957453123758284 2733.161423451439 0.0 t_swap_r_k 100 5327.749865055084 21.54848832271424 40.389829149843756 11.47534049476298 16.509353342296542 51.368115215826265 30.82667890878242 6.246016000000001
1.0 2041.209359525368 1.0 1.1696065249023837 2669.7619142358117 0.02 t_move_k 100 5353.25230050087 22.483003439487096 40.389829149843756 11.47534049476298 16.509353342296542 51.368115215826265 30.82667890878242 6.246016000000001
1.0 2041.209359525368 1.0 1.1688174005821224 2666.661923316605 0.02 move_t 100 5381.9938769340515 22.483003439487096 41.045930858345315 11.47534049476298 16.509353342296542 51.368115215826265 30.82667890878242 6.246016000000001
1.0 2041.209359525368 1.0 1.1576478146104874 2611.281205683438 0.02 move_t 100 5395.587577819824 22.483003439487096 41.69547154976186 11.47534049476298 16.509353342296542 51.368115215826265 30.82667890878242 6.246016000000001
1.0 2041.209359525368 1.0 1.1802506289900885 2701.6073360853416 0.0 swap_t 100 5401.279350280762 22.483003439487096 41.69547154976186 11.47534049476298 16.509353342296542 51.924434063668 30.82667890878242 6.246016000000001