17
4 40 4 20

1680.635936575278
100 15
Neighbourhoods:
t_move_k move_t t_swap_k f_swap_t swap_t t_swap_r_k t_multiswap_k
200.0 200.0 0.0 100.0 0.0 500.0 0.0
0.0 0.0 0.0 0.0 0.0 0.0 0.0
0.0 0.0 0.0 0.0 0.0 0.0 0.0
-3526484509.5554624 -3526484519.8367124 0.0 -1763242258.8949187 0.0 -8816211317.349594 0.0
-17632422.54777731 -17632422.599183563 0.0 -17632422.58894919 0.0 -17632422.63469919 0.0
0.0 0.0 0.0 0.0 0.0 0.0 0.0
0.0 0.0 0.0 0.0 0.0 0.0 0.0

Assigned customers matrix:
Vehicle 0:
0 14 4 0 0 0 0 0 0 0 0 0 0 0 0 0 0 0 0 0 0 0 0 0 0 0 0 0 0 0 0 0 0 0 0 0 0 0 0 0 0 0 0 0
0 4 35 22 8 15 0 0 0 0 0 0 0 0 0 0 0 0 0 0 0 0 0 0 0 0 0 0 0 0 0 0 0 0 0 0 0 0 0 0 0 0 0 0
0 3 0 0 0 0 0 0 0 0 0 0 0 0 0 0 0 0 0 0 0 0 0 0 0 0 0 0 0 0 0 0 0 0 0 0 0 0 0 0 0 0 0 0
0 15 8 22 36 4 0 0 0 0 0 0 0 0 0 0 0 0 0 0 0 0 0 0 0 0 0 0 0 0 0 0 0 0 0 0 0 0 0 0 0 0 0 0

Vehicle 1:
0 1 16 5 24 23 8 37 0 0 0 0 0 0 0 0 0 0 0 0 0 0 0 0 0 0 0 0 0 0 0 0 0 0 0 0 0 0 0 0 0 0 0 0
0 3 0 0 0 0 0 0 0 0 0 0 0 0 0 0 0 0 0 0 0 0 0 0 0 0 0 0 0 0 0 0 0 0 0 0 0 0 0 0 0 0 0 0
0 1 16 5 24 38 23 8 0 0 0 0 0 0 0 0 0 0 0 0 0 0 0 0 0 0 0 0 0 0 0 0 0 0 0 0 0 0 0 0 0 0 0 0
0 3 0 0 0 0 0 0 0 0 0 0 0 0 0 0 0 0 0 0 0 0 0 0 0 0 0 0 0 0 0 0 0 0 0 0 0 0 0 0 0 0 0 0

Vehicle 2:
0 3 0 0 0 0 0 0 0 0 0 0 0 0 0 0 0 0 0 0 0 0 0 0 0 0 0 0 0 0 0 0 0 0 0 0 0 0 0 0 0 0 0 0
0 1 9 25 39 5 17 18 6 19 29 11 2 0 0 0 0 0 0 0 0 0 0 0 0 0 0 0 0 0 0 0 0 0 0 0 0 0 0 0 0 0 0 0
0 4 14 0 0 0 0 0 0 0 0 0 0 0 0 0 0 0 0 0 0 0 0 0 0 0 0 0 0 0 0 0 0 0 0 0 0 0 0 0 0 0 0 0
0 7 21 34 13 0 0 0 0 0 0 0 0 0 0 0 0 0 0 0 0 0 0 0 0 0 0 0 0 0 0 0 0 0 0 0 0 0 0 0 0 0 0 0

Vehicle 3:
0 2 10 27 6 31 20 7 12 0 0 0 0 0 0 0 0 0 0 0 0 0 0 0 0 0 0 0 0 0 0 0 0 0 0 0 0 0 0 0 0 0 0 0
0 13 21 7 33 0 0 0 0 0 0 0 0 0 0 0 0 0 0 0 0 0 0 0 0 0 0 0 0 0 0 0 0 0 0 0 0 0 0 0 0 0 0 0
0 2 10 28 6 20 7 32 12 0 0 0 0 0 0 0 0 0 0 0 0 0 0 0 0 0 0 0 0 0 0 0 0 0 0 0 0 0 0 0 0 0 0 0
0 2 11 30 19 6 18 26 17 5 40 9 1 0 0 0 0 0 0 0 0 0 0 0 0 0 0 0 0 0 0 0 0 0 0 0 0 0 0 0 0 0 0 0

Transported demand matrix:
12 20 9 20
19 9 19 9
9 20 12 13
20 14 20 20

Routes distance matrix:
40.66032794310577 108.5770380681187 20.0 107.59365024630227
173.15010377194437 20.0 175.73017562478367 20.0
20.0 200.01222629311445 40.66032794310577 106.85219939655816
181.14849302879605 106.00388547404683 173.65604355914775 186.59146522625375

Solution history:
1.0 1680.635936575278 1.0 1.0 0 0 0 3.0 3.0 3.0 3.0 3.0 3.0 3.0
1.0 1680.635936575278 1.0 1.0 t_swap_r_k 100 -1763242267.6605437 3.0 3.0 3.0 3.0 3.0 3.9699999999999998 3.0
1.0 1680.635936575278 1.0 1.0 t_swap_r_k 100 -1763242266.0355437 3.0 3.0 3.0 3.0 3.0 4.9303 3.0
1.0 1680.635936575278 1.0 1.0 t_swap_r_k 100 -1763242264.5042937 3.0 3.0 3.0 3.0 3.0 5.880997 3.0
1.0 1680.635936575278 1.0 1.0 move_t 100 -1763242263.6136687 3.0 3.9699999999999998 3.0 3.0 3.0 5.880997 3.0
1.0 1680.635936575278 1.0 1.0 t_swap_r_k 100 -1763242261.9886687 3.0 3.9699999999999998 3.0 3.0 3.0 6.82218703 3.0
1.0 1680.635936575278 1.0 1.0 f_swap_t 100 -1763242258.8949187 3.0 3.9699999999999998 3.0 3.9699999999999998 3.0 6.82218703 3.0
1.0 1680.635936575278 1.0 1.0 t_swap_r_k 100 -1763242257.1605437 3.0 3.9699999999999998 3.0 3.9699999999999998 3.0 7.7539651597 3.0
1.0 1680.635936575278 1.0 1.0 move_t 100 -1763242256.2230437 3.0 4.9303 3.0 3.9699999999999998 3.0 7.7539651597 3.0
1.0 1680.635936575278 1.0 1.0 t_move_k 100 -1763242255.2855437 3.9699999999999998 4.9303 3.0 3.9699999999999998 3.0 7.7539651597 3.0
1.0 1680.635936575278 1.0 1.0 t_move_k 100 -1763242254.2699187 4.9303 4.9303 3.0 3.9699999999999998 3.0 7.7539651597 3.0