2
3 50 5 160

1530.7858608322153
100 30
Neighbourhoods:
k_move_t t_move_k move_kt k_swap_t t_swap_k f_swap_kt swap_kt t_swap_r_k
1000.0 600.0 1600.0 2000.0 0.0 1700.0 1800.0 1300.0
0.0 0.0 0.0 0.0 0.0 0.0 0.0 0.0
0.0 0.0 0.0 0.0 0.0 0.0 0.0 0.0
150.234375 79.296875 238.734375 317.75 0.0 268.234375 270.296875 180.515625
0.150234375 0.13216145833333334 0.149208984375 0.158875 0.0 0.15778492647058823 0.15016493055555555 0.13885817307692308
0.0 0.0 0.0 0.0 0.0 0.0 0.0 0.0
0.0 0.0 0.0 0.0 0.0 0.0 0.0 0.0

Assigned customers matrix:
Vehicle 0:
0 6 24 43 48 8 26 31 28 3 20 2 22 0 0 0 0 0 0 0 0 0 0 0 0 0 0 0 0 0 0 0 0 0 0 0 0 0 0 0 0 0 0 0 0 0 0 0 0 0 0 0 0 0
0 2 20 34 39 33 5 38 0 0 0 0 0 0 0 0 0 0 0 0 0 0 0 0 0 0 0 0 0 0 0 0 0 0 0 0 0 0 0 0 0 0 0 0 0 0 0 0 0 0 0 0 0 0
0 18 41 13 25 6 0 0 0 0 0 0 0 0 0 0 0 0 0 0 0 0 0 0 0 0 0 0 0 0 0 0 0 0 0 0 0 0 0 0 0 0 0 0 0 0 0 0 0 0 0 0 0 0
0 12 44 42 41 18 0 0 0 0 0 0 0 0 0 0 0 0 0 0 0 0 0 0 0 0 0 0 0 0 0 0 0 0 0 0 0 0 0 0 0 0 0 0 0 0 0 0 0 0 0 0 0 0
0 27 1 32 2 20 36 35 29 21 34 50 9 46 0 0 0 0 0 0 0 0 0 0 0 0 0 0 0 0 0 0 0 0 0 0 0 0 0 0 0 0 0 0 0 0 0 0 0 0 0 0 0 0

Vehicle 1:
0 12 34 16 11 0 0 0 0 0 0 0 0 0 0 0 0 0 0 0 0 0 0 0 0 0 0 0 0 0 0 0 0 0 0 0 0 0 0 0 0 0 0 0 0 0 0 0 0 0 0 0 0 0
0 18 41 42 44 37 12 0 0 0 0 0 0 0 0 0 0 0 0 0 0 0 0 0 0 0 0 0 0 0 0 0 0 0 0 0 0 0 0 0 0 0 0 0 0 0 0 0 0 0 0 0 0 0
0 27 48 43 8 31 28 3 35 20 2 32 0 0 0 0 0 0 0 0 0 0 0 0 0 0 0 0 0 0 0 0 0 0 0 0 0 0 0 0 0 0 0 0 0 0 0 0 0 0 0 0 0 0
0 7 23 14 25 0 0 0 0 0 0 0 0 0 0 0 0 0 0 0 0 0 0 0 0 0 0 0 0 0 0 0 0 0 0 0 0 0 0 0 0 0 0 0 0 0 0 0 0 0 0 0 0 0
0 12 49 30 10 45 15 17 47 0 0 0 0 0 0 0 0 0 0 0 0 0 0 0 0 0 0 0 0 0 0 0 0 0 0 0 0 0 0 0 0 0 0 0 0 0 0 0 0 0 0 0 0 0

Vehicle 2:
0 25 13 41 18 0 0 0 0 0 0 0 0 0 0 0 0 0 0 0 0 0 0 0 0 0 0 0 0 0 0 0 0 0 0 0 0 0 0 0 0 0 0 0 0 0 0 0 0 0 0 0 0 0
0 25 14 23 7 0 0 0 0 0 0 0 0 0 0 0 0 0 0 0 0 0 0 0 0 0 0 0 0 0 0 0 0 0 0 0 0 0 0 0 0 0 0 0 0 0 0 0 0 0 0 0 0 0
0 11 16 34 30 9 49 12 47 0 0 0 0 0 0 0 0 0 0 0 0 0 0 0 0 0 0 0 0 0 0 0 0 0 0 0 0 0 0 0 0 0 0 0 0 0 0 0 0 0 0 0 0 0
0 2 20 34 39 33 5 38 0 0 0 0 0 0 0 0 0 0 0 0 0 0 0 0 0 0 0 0 0 0 0 0 0 0 0 0 0 0 0 0 0 0 0 0 0 0 0 0 0 0 0 0 0 0
0 18 25 41 40 19 4 0 0 0 0 0 0 0 0 0 0 0 0 0 0 0 0 0 0 0 0 0 0 0 0 0 0 0 0 0 0 0 0 0 0 0 0 0 0 0 0 0 0 0 0 0 0 0

Transported demand matrix:
145 144 155 110 160
97 111 134 125 109
150 125 156 144 148

Routes distance matrix:
153.21372464879187 134.18559610675268 82.8610710549135 80.65475132242362 131.16841759239188
72.16210894549042 80.95535046689864 140.20607210821936 77.5165438524673 97.83823139222524
77.90279258805927 77.5165438524673 88.57802903038495 134.18559610675268 101.84103176397664

Solution history:
0 1530.7858608322153 0 0 0 0 0 3.0 3.0 3.0 3.0 3.0 3.0 3.0 3.0
0 1530.7858608322153 0 0 k_move_t 100 0.234375 3.9699999999999998 3.0 3.0 3.0 3.0 3.0 3.0 3.0
0 1530.7858608322153 0 0 k_swap_t 100 0.5625 3.9699999999999998 3.0 3.0 3.9699999999999998 3.0 3.0 3.0 3.0
0 1530.7858608322153 0 0 move_kt 100 0.84375 3.9699999999999998 3.0 3.9699999999999998 3.9699999999999998 3.0 3.0 3.0 3.0
0 1530.7858608322153 0 0 t_swap_r_k 100 1.359375 3.9699999999999998 3.0 3.9699999999999998 3.9699999999999998 3.0 3.0 3.0 3.9699999999999998
0 1530.7858608322153 0 0 swap_kt 100 1.65625 3.9699999999999998 3.0 3.9699999999999998 3.9699999999999998 3.0 3.0 3.9699999999999998 3.9699999999999998
0 1530.7858608322153 0 0 move_kt 100 1.84375 3.9699999999999998 3.0 4.9303 3.9699999999999998 3.0 3.0 3.9699999999999998 3.9699999999999998
0 1530.7858608322153 0 0 move_kt 100 2.03125 3.9699999999999998 3.0 5.880997 3.9699999999999998 3.0 3.0 3.9699999999999998 3.9699999999999998
0 1530.7858608322153 0 0 k_swap_t 100 2.28125 3.9699999999999998 3.0 5.880997 4.9303 3.0 3.0 3.9699999999999998 3.9699999999999998
0 1530.7858608322153 0 0 move_kt 100 2.515625 3.9699999999999998 3.0 6.82218703 4.9303 3.0 3.0 3.9699999999999998 3.9699999999999998
0 1530.7858608322153 0 0 t_swap_r_k 100 2.953125 3.9699999999999998 3.0 6.82218703 4.9303 3.0 3.0 3.9699999999999998 4.9303
0 1530.7858608322153 0 0 f_swap_kt 100 3.234375 3.9699999999999998 3.0 6.82218703 4.9303 3.0 3.9699999999999998 3.9699999999999998 4.9303
0 1530.7858608322153 0 0 t_move_k 100 3.484375 3.9699999999999998 3.9699999999999998 6.82218703 4.9303 3.0 3.9699999999999998 3.9699999999999998 4.9303
0 1530.7858608322153 0 0 move_kt 100 3.671875 3.9699999999999998 3.9699999999999998 7.7539651597 4.9303 3.0 3.9699999999999998 3.9699999999999998 4.9303
0 1530.7858608322153 0 0 k_swap_t 100 3.875 3.9699999999999998 3.9699999999999998 7.7539651597 5.880997 3.0 3.9699999999999998 3.9699999999999998 4.9303
0 1530.7858608322153 0 0 t_swap_r_k 100 4.3125 3.9699999999999998 3.9699999999999998 7.7539651597 5.880997 3.0 3.9699999999999998 3.9699999999999998 5.880997
0 1530.7858608322153 0 0 swap_kt 100 4.609375 3.9699999999999998 3.9699999999999998 7.7539651597 5.880997 3.0 3.9699999999999998 4.9303 5.880997
0 1530.7858608322153 0 0 swap_kt 100 4.90625 3.9699999999999998 3.9699999999999998 7.7539651597 5.880997 3.0 3.9699999999999998 5.880997 5.880997
0 1530.7858608322153 0 0 t_move_k 100 5.109375 3.9699999999999998 4.9303 7.7539651597 5.880997 3.0 3.9699999999999998 5.880997 5.880997
0 1530.7858608322153 0 0 t_move_k 100 5.359375 3.9699999999999998 5.880997 7.7539651597 5.880997 3.0 3.9699999999999998 5.880997 5.880997
0 1530.7858608322153 0 0 f_swap_kt 100 5.625 3.9699999999999998 5.880997 7.7539651597 5.880997 3.0 4.9303 5.880997 5.880997
0 1530.7858608322153 0 0 t_swap_r_k 100 6.140625 3.9699999999999998 5.880997 7.7539651597 5.880997 3.0 4.9303 5.880997 6.82218703
0 1530.7858608322153 0 0 k_swap_t 100 6.421875 3.9699999999999998 5.880997 7.7539651597 6.82218703 3.0 4.9303 5.880997 6.82218703
0 1530.7858608322153 0 0 swap_kt 100 6.71875 3.9699999999999998 5.880997 7.7539651597 6.82218703 3.0 4.9303 6.82218703 6.82218703
0 1530.7858608322153 0 0 k_swap_t 100 7.0 3.9699999999999998 5.880997 7.7539651597 7.7539651597 3.0 4.9303 6.82218703 6.82218703
0 1530.7858608322153 0 0 k_swap_t 100 7.296875 3.9699999999999998 5.880997 7.7539651597 8.676425508103 3.0 4.9303 6.82218703 6.82218703
0 1530.7858608322153 0 0 f_swap_kt 100 7.65625 3.9699999999999998 5.880997 7.7539651597 8.676425508103 3.0 5.880997 6.82218703 6.82218703
0 1530.7858608322153 0 0 f_swap_kt 100 7.953125 3.9699999999999998 5.880997 7.7539651597 8.676425508103 3.0 6.82218703 6.82218703 6.82218703
0 1530.7858608322153 0 0 f_swap_kt 100 8.234375 3.9699999999999998 5.880997 7.7539651597 8.676425508103 3.0 7.7539651597 6.82218703 6.82218703
0 1530.7858608322153 0 0 move_kt 100 8.453125 3.9699999999999998 5.880997 8.676425508103 8.676425508103 3.0 7.7539651597 6.82218703 6.82218703
0 1530.7858608322153 0 0 k_move_t 100 8.6875 4.9303 5.880997 8.676425508103 8.676425508103 3.0 7.7539651597 6.82218703 6.82218703
0 1530.7858608322153 0 0 t_move_k 100 8.9375 4.9303 6.82218703 8.676425508103 8.676425508103 3.0 7.7539651597 6.82218703 6.82218703
0 1530.7858608322153 0 0 swap_kt 100 9.1875 4.9303 6.82218703 8.676425508103 8.676425508103 3.0 7.7539651597 7.7539651597 6.82218703
0 1530.7858608322153 0 0 swap_kt 100 9.484375 4.9303 6.82218703 8.676425508103 8.676425508103 3.0 7.7539651597 8.676425508103 6.82218703
0 1530.7858608322153 0 0 swap_kt 100 9.8125 4.9303 6.82218703 8.676425508103 8.676425508103 3.0 7.7539651597 9.58966125302197 6.82218703
0 1530.7858608322153 0 0 k_move_t 100 10.046875 5.880997 6.82218703 8.676425508103 8.676425508103 3.0 7.7539651597 9.58966125302197 6.82218703
0 1530.7858608322153 0 0 t_swap_r_k 100 10.515625 5.880997 6.82218703 8.676425508103 8.676425508103 3.0 7.7539651597 9.58966125302197 7.7539651597
0 1530.7858608322153 0 0 t_swap_r_k 100 10.9375 5.880997 6.82218703 8.676425508103 8.676425508103 3.0 7.7539651597 9.58966125302197 8.676425508103
0 1530.7858608322153 0 0 move_kt 100 11.171875 5.880997 6.82218703 9.58966125302197 8.676425508103 3.0 7.7539651597 9.58966125302197 8.676425508103
0 1530.7858608322153 0 0 f_swap_kt 100 11.453125 5.880997 6.82218703 9.58966125302197 8.676425508103 3.0 8.676425508103 9.58966125302197 8.676425508103
0 1530.7858608322153 0 0 k_swap_t 100 11.71875 5.880997 6.82218703 9.58966125302197 9.58966125302197 3.0 8.676425508103 9.58966125302197 8.676425508103
0 1530.7858608322153 0 0 f_swap_kt 100 12.03125 5.880997 6.82218703 9.58966125302197 9.58966125302197 3.0 9.58966125302197 9.58966125302197 8.676425508103
0 1530.7858608322153 0 0 swap_kt 100 12.34375 5.880997 6.82218703 9.58966125302197 9.58966125302197 3.0 9.58966125302197 10.493764640491749 8.676425508103
0 1530.7858608322153 0 0 swap_kt 100 12.65625 5.880997 6.82218703 9.58966125302197 9.58966125302197 3.0 9.58966125302197 11.388826994086832 8.676425508103
0 1530.7858608322153 0 0 k_move_t 100 12.84375 6.82218703 6.82218703 9.58966125302197 9.58966125302197 3.0 9.58966125302197 11.388826994086832 8.676425508103
0 1530.7858608322153 0 0 f_swap_kt 100 13.203125 6.82218703 6.82218703 9.58966125302197 9.58966125302197 3.0 10.493764640491749 11.388826994086832 8.676425508103
0 1530.7858608322153 0 0 swap_kt 100 13.484375 6.82218703 6.82218703 9.58966125302197 9.58966125302197 3.0 10.493764640491749 12.274938724145963 8.676425508103
0 1530.7858608322153 0 0 swap_kt 100 13.796875 6.82218703 6.82218703 9.58966125302197 9.58966125302197 3.0 10.493764640491749 13.152189336904504 8.676425508103
0 1530.7858608322153 0 0 k_swap_t 100 14.125 6.82218703 6.82218703 9.58966125302197 10.493764640491749 3.0 10.493764640491749 13.152189336904504 8.676425508103
0 1530.7858608322153 0 0 k_move_t 100 14.390625 7.7539651597 6.82218703 9.58966125302197 10.493764640491749 3.0 10.493764640491749 13.152189336904504 8.676425508103
0 1530.7858608322153 0 0 f_swap_kt 100 14.71875 7.7539651597 6.82218703 9.58966125302197 10.493764640491749 3.0 11.388826994086832 13.152189336904504 8.676425508103
0 1530.7858608322153 0 0 k_swap_t 100 15.0 7.7539651597 6.82218703 9.58966125302197 11.388826994086832 3.0 11.388826994086832 13.152189336904504 8.676425508103
0 1530.7858608322153 0 0 k_move_t 100 15.203125 8.676425508103 6.82218703 9.58966125302197 11.388826994086832 3.0 11.388826994086832 13.152189336904504 8.676425508103
0 1530.7858608322153 0 0 move_kt 100 15.34375 8.676425508103 6.82218703 10.493764640491749 11.388826994086832 3.0 11.388826994086832 13.152189336904504 8.676425508103
0 1530.7858608322153 0 0 move_kt 100 15.515625 8.676425508103 6.82218703 11.388826994086832 11.388826994086832 3.0 11.388826994086832 13.152189336904504 8.676425508103
0 1530.7858608322153 0 0 f_swap_kt 100 15.8125 8.676425508103 6.82218703 11.388826994086832 11.388826994086832 3.0 12.274938724145963 13.152189336904504 8.676425508103
0 1530.7858608322153 0 0 f_swap_kt 100 16.109375 8.676425508103 6.82218703 11.388826994086832 11.388826994086832 3.0 13.152189336904504 13.152189336904504 8.676425508103
0 1530.7858608322153 0 0 t_swap_r_k 100 16.609375 8.676425508103 6.82218703 11.388826994086832 11.388826994086832 3.0 13.152189336904504 13.152189336904504 9.58966125302197
0 1530.7858608322153 0 0 k_move_t 100 16.875 9.58966125302197 6.82218703 11.388826994086832 11.388826994086832 3.0 13.152189336904504 13.152189336904504 9.58966125302197
0 1530.7858608322153 0 0 t_swap_r_k 100 17.40625 9.58966125302197 6.82218703 11.388826994086832 11.388826994086832 3.0 13.152189336904504 13.152189336904504 10.493764640491749
0 1530.7858608322153 0 0 swap_kt 100 17.734375 9.58966125302197 6.82218703 11.388826994086832 11.388826994086832 3.0 13.152189336904504 14.020667443535459 10.493764640491749
0 1530.7858608322153 0 0 t_swap_r_k 100 18.203125 9.58966125302197 6.82218703 11.388826994086832 11.388826994086832 3.0 13.152189336904504 14.020667443535459 11.388826994086832
0 1530.7858608322153 0 0 k_swap_t 100 18.546875 9.58966125302197 6.82218703 11.388826994086832 12.274938724145963 3.0 13.152189336904504 14.020667443535459 11.388826994086832
0 1530.7858608322153 0 0 k_swap_t 100 18.875 9.58966125302197 6.82218703 11.388826994086832 13.152189336904504 3.0 13.152189336904504 14.020667443535459 11.388826994086832
0 1530.7858608322153 0 0 k_swap_t 100 19.203125 9.58966125302197 6.82218703 11.388826994086832 14.020667443535459 3.0 13.152189336904504 14.020667443535459 11.388826994086832
0 1530.7858608322153 0 0 f_swap_kt 100 19.53125 9.58966125302197 6.82218703 11.388826994086832 14.020667443535459 3.0 14.020667443535459 14.020667443535459 11.388826994086832
0 1530.7858608322153 0 0 t_swap_r_k 100 20.0 9.58966125302197 6.82218703 11.388826994086832 14.020667443535459 3.0 14.020667443535459 14.020667443535459 12.274938724145963
0 1530.7858608322153 0 0 k_swap_t 100 20.234375 9.58966125302197 6.82218703 11.388826994086832 14.880460769100104 3.0 14.020667443535459 14.020667443535459 12.274938724145963
0 1530.7858608322153 0 0 move_kt 100 20.484375 9.58966125302197 6.82218703 12.274938724145963 14.880460769100104 3.0 14.020667443535459 14.020667443535459 12.274938724145963
0 1530.7858608322153 0 0 k_swap_t 100 20.875 9.58966125302197 6.82218703 12.274938724145963 15.731656161409102 3.0 14.020667443535459 14.020667443535459 12.274938724145963
0 1530.7858608322153 0 0 k_swap_t 100 21.171875 9.58966125302197 6.82218703 12.274938724145963 16.57433959979501 3.0 14.020667443535459 14.020667443535459 12.274938724145963
0 1530.7858608322153 0 0 swap_kt 100 21.515625 9.58966125302197 6.82218703 12.274938724145963 16.57433959979501 3.0 14.020667443535459 14.880460769100104 12.274938724145963
0 1530.7858608322153 0 0 k_move_t 100 21.71875 10.493764640491749 6.82218703 12.274938724145963 16.57433959979501 3.0 14.020667443535459 14.880460769100104 12.274938724145963
0 1530.7858608322153 0 0 t_swap_r_k 100 22.21875 10.493764640491749 6.82218703 12.274938724145963 16.57433959979501 3.0 14.020667443535459 14.880460769100104 13.152189336904504
0 1530.7858608322153 0 0 k_move_t 100 22.453125 11.388826994086832 6.82218703 12.274938724145963 16.57433959979501 3.0 14.020667443535459 14.880460769100104 13.152189336904504
0 1530.7858608322153 0 0 swap_kt 100 22.75 11.388826994086832 6.82218703 12.274938724145963 16.57433959979501 3.0 14.020667443535459 15.731656161409102 13.152189336904504
0 1530.7858608322153 0 0 move_kt 100 22.9375 11.388826994086832 6.82218703 13.152189336904504 16.57433959979501 3.0 14.020667443535459 15.731656161409102 13.152189336904504
0 1530.7858608322153 0 0 k_swap_t 100 23.203125 11.388826994086832 6.82218703 13.152189336904504 17.40859620379706 3.0 14.020667443535459 15.731656161409102 13.152189336904504
0 1530.7858608322153 0 0 swap_kt 100 23.53125 11.388826994086832 6.82218703 13.152189336904504 17.40859620379706 3.0 14.020667443535459 16.57433959979501 13.152189336904504
0 1530.7858608322153 0 0 move_kt 100 23.71875 11.388826994086832 6.82218703 14.020667443535459 17.40859620379706 3.0 14.020667443535459 16.57433959979501 13.152189336904504
0 1530.7858608322153 0 0 f_swap_kt 100 23.9375 11.388826994086832 6.82218703 14.020667443535459 17.40859620379706 3.0 14.880460769100104 16.57433959979501 13.152189336904504
0 1530.7858608322153 0 0 k_swap_t 100 24.1875 11.388826994086832 6.82218703 14.020667443535459 18.23451024175909 3.0 14.880460769100104 16.57433959979501 13.152189336904504
0 1530.7858608322153 0 0 t_swap_r_k 100 24.6875 11.388826994086832 6.82218703 14.020667443535459 18.23451024175909 3.0 14.880460769100104 16.57433959979501 14.020667443535459
0 1530.7858608322153 0 0 t_swap_r_k 100 25.171875 11.388826994086832 6.82218703 14.020667443535459 18.23451024175909 3.0 14.880460769100104 16.57433959979501 14.880460769100104
0 1530.7858608322153 0 0 f_swap_kt 100 25.546875 11.388826994086832 6.82218703 14.020667443535459 18.23451024175909 3.0 15.731656161409102 16.57433959979501 14.880460769100104
0 1530.7858608322153 0 0 k_swap_t 100 25.890625 11.388826994086832 6.82218703 14.020667443535459 19.052165139341497 3.0 15.731656161409102 16.57433959979501 14.880460769100104
0 1530.7858608322153 0 0 f_swap_kt 100 26.21875 11.388826994086832 6.82218703 14.020667443535459 19.052165139341497 3.0 16.57433959979501 16.57433959979501 14.880460769100104
0 1530.7858608322153 0 0 move_kt 100 26.40625 11.388826994086832 6.82218703 14.880460769100104 19.052165139341497 3.0 16.57433959979501 16.57433959979501 14.880460769100104
0 1530.7858608322153 0 0 t_move_k 100 26.6875 11.388826994086832 7.7539651597 14.880460769100104 19.052165139341497 3.0 16.57433959979501 16.57433959979501 14.880460769100104
0 1530.7858608322153 0 0 move_kt 100 26.9375 11.388826994086832 7.7539651597 15.731656161409102 19.052165139341497 3.0 16.57433959979501 16.57433959979501 14.880460769100104
0 1530.7858608322153 0 0 k_swap_t 100 27.234375 11.388826994086832 7.7539651597 15.731656161409102 19.861643487948083 3.0 16.57433959979501 16.57433959979501 14.880460769100104
0 1530.7858608322153 0 0 f_swap_kt 100 27.546875 11.388826994086832 7.7539651597 15.731656161409102 19.861643487948083 3.0 17.40859620379706 16.57433959979501 14.880460769100104
0 1530.7858608322153 0 0 k_move_t 100 27.78125 12.274938724145963 7.7539651597 15.731656161409102 19.861643487948083 3.0 17.40859620379706 16.57433959979501 14.880460769100104
0 1530.7858608322153 0 0 move_kt 100 28.03125 12.274938724145963 7.7539651597 16.57433959979501 19.861643487948083 3.0 17.40859620379706 16.57433959979501 14.880460769100104
0 1530.7858608322153 0 0 swap_kt 100 28.359375 12.274938724145963 7.7539651597 16.57433959979501 19.861643487948083 3.0 17.40859620379706 17.40859620379706 14.880460769100104
0 1530.7858608322153 0 0 swap_kt 100 28.625 12.274938724145963 7.7539651597 16.57433959979501 19.861643487948083 3.0 17.40859620379706 18.23451024175909 14.880460769100104
0 1530.7858608322153 0 0 move_kt 100 28.828125 12.274938724145963 7.7539651597 17.40859620379706 19.861643487948083 3.0 17.40859620379706 18.23451024175909 14.880460769100104
0 1530.7858608322153 0 0 swap_kt 100 29.125 12.274938724145963 7.7539651597 17.40859620379706 19.861643487948083 3.0 17.40859620379706 19.052165139341497 14.880460769100104
0 1530.7858608322153 0 0 f_swap_kt 100 29.421875 12.274938724145963 7.7539651597 17.40859620379706 19.861643487948083 3.0 18.23451024175909 19.052165139341497 14.880460769100104
0 1530.7858608322153 0 0 t_move_k 100 29.71875 12.274938724145963 8.676425508103 17.40859620379706 19.861643487948083 3.0 18.23451024175909 19.052165139341497 14.880460769100104
0 1530.7858608322153 0 0 k_swap_t 100 30.046875 12.274938724145963 8.676425508103 17.40859620379706 20.663027053068603 3.0 18.23451024175909 19.052165139341497 14.880460769100104