4
5 75 2 140

952.8682635474178
100 30
Neighbourhoods:
k_move_t t_move_k move_kt k_swap_t t_swap_k f_swap_kt swap_kt t_swap_r_k
1000.0 400.0 1400.0 400.0 600.0 500.0 1600.0 1600.0
0.0 0.0 0.0 0.0 0.0 0.0 0.0 0.0
0.0 0.0 0.0 0.0 0.0 0.0 0.0 0.0
89.578125 68.484375 165.625 86.40625 73.953125 62.765625 224.234375 302.015625
0.089578125 0.1712109375 0.11830357142857142 0.216015625 0.12325520833333334 0.12553125 0.140146484375 0.188759765625
0.0 0.0 0.0 0.0 0.0 0.0 0.0 0.0
0.0 0.0 0.0 0.0 0.0 0.0 0.0 0.0

Assigned customers matrix:
Vehicle 0:
0 29 15 60 36 69 74 62 73 33 68 0 0 0 0 0 0 0 0 0 0 0 0 0 0 0 0 0 0 0 0 0 0 0 0 0 0 0 0 0 0 0 0 0 0 0 0 0 0 0 0 0 0 0 0 0 0 0
0 40 39 31 10 58 26 0 0 0 0 0 0 0 0 0 0 0 0 0 0 0 0 0 0 0 0 0 0 0 0 0 0 0 0 0 0 0 0 0 0 0 0 0 0 0 0 0 0 0 0 0 0 0 0 0 0 0

Vehicle 1:
0 27 13 19 14 11 72 12 0 0 0 0 0 0 0 0 0 0 0 0 0 0 0 0 0 0 0 0 0 0 0 0 0 0 0 0 0 0 0 0 0 0 0 0 0 0 0 0 0 0 0 0 0 0 0 0 0 0
0 45 48 5 37 71 70 20 57 54 8 52 0 0 0 0 0 0 0 0 0 0 0 0 0 0 0 0 0 0 0 0 0 0 0 0 0 0 0 0 0 0 0 0 0 0 0 0 0 0 0 0 0 0 0 0 0 0

Vehicle 2:
0 9 25 55 18 50 32 17 0 0 0 0 0 0 0 0 0 0 0 0 0 0 0 0 0 0 0 0 0 0 0 0 0 0 0 0 0 0 0 0 0 0 0 0 0 0 0 0 0 0 0 0 0 0 0 0 0 0
0 75 4 34 46 0 0 0 0 0 0 0 0 0 0 0 0 0 0 0 0 0 0 0 0 0 0 0 0 0 0 0 0 0 0 0 0 0 0 0 0 0 0 0 0 0 0 0 0 0 0 0 0 0 0 0 0 0

Vehicle 3:
0 51 3 44 24 49 16 6 0 0 0 0 0 0 0 0 0 0 0 0 0 0 0 0 0 0 0 0 0 0 0 0 0 0 0 0 0 0 0 0 0 0 0 0 0 0 0 0 0 0 0 0 0 0 0 0 0 0
0 38 65 66 59 53 35 7 67 0 0 0 0 0 0 0 0 0 0 0 0 0 0 0 0 0 0 0 0 0 0 0 0 0 0 0 0 0 0 0 0 0 0 0 0 0 0 0 0 0 0 0 0 0 0 0 0 0

Vehicle 4:
0 63 56 41 43 42 64 22 28 30 0 0 0 0 0 0 0 0 0 0 0 0 0 0 0 0 0 0 0 0 0 0 0 0 0 0 0 0 0 0 0 0 0 0 0 0 0 0 0 0 0 0 0 0 0 0 0 0
0 2 47 21 61 1 23 0 0 0 0 0 0 0 0 0 0 0 0 0 0 0 0 0 0 0 0 0 0 0 0 0 0 0 0 0 0 0 0 0 0 0 0 0 0 0 0 0 0 0 0 0 0 0 0 0 0 0

Transported demand matrix:
139 140
134 138
138 139
136 136
138 126

Routes distance matrix:
126.50608783229171 79.74541059060249
97.55528214768651 122.21231894214577
93.04239214602433 28.87264048399872
76.58711155155345 97.84236274386474
116.0102770182914 114.4943800909587

Solution history:
0 952.8682635474178 0 0 0 0 0 3.0 3.0 3.0 3.0 3.0 3.0 3.0 3.0
0 952.8682635474178 0 0 k_move_t 100 0.15625 3.9699999999999998 3.0 3.0 3.0 3.0 3.0 3.0 3.0
0 952.8682635474178 0 0 t_swap_k 100 1.0 3.9699999999999998 3.0 3.0 3.0 3.9699999999999998 3.0 3.0 3.0
0 952.8682635474178 0 0 swap_kt 100 1.4375 3.9699999999999998 3.0 3.0 3.0 3.9699999999999998 3.0 3.9699999999999998 3.0
0 952.8682635474178 0 0 k_move_t 100 1.640625 4.9303 3.0 3.0 3.0 3.9699999999999998 3.0 3.9699999999999998 3.0
0 952.8682635474178 0 0 move_kt 100 1.75 4.9303 3.0 3.9699999999999998 3.0 3.9699999999999998 3.0 3.9699999999999998 3.0
0 952.8682635474178 0 0 swap_kt 100 2.265625 4.9303 3.0 3.9699999999999998 3.0 3.9699999999999998 3.0 4.9303 3.0
0 952.8682635474178 0 0 t_swap_r_k 100 3.21875 4.9303 3.0 3.9699999999999998 3.0 3.9699999999999998 3.0 4.9303 3.9699999999999998
0 952.8682635474178 0 0 move_kt 100 3.34375 4.9303 3.0 4.9303 3.0 3.9699999999999998 3.0 4.9303 3.9699999999999998
0 952.8682635474178 0 0 k_move_t 100 3.421875 5.880997 3.0 4.9303 3.0 3.9699999999999998 3.0 4.9303 3.9699999999999998
0 952.8682635474178 0 0 swap_kt 100 3.921875 5.880997 3.0 4.9303 3.0 3.9699999999999998 3.0 5.880997 3.9699999999999998
0 952.8682635474178 0 0 move_kt 100 4.015625 5.880997 3.0 5.880997 3.0 3.9699999999999998 3.0 5.880997 3.9699999999999998
0 952.8682635474178 0 0 t_swap_r_k 100 5.0 5.880997 3.0 5.880997 3.0 3.9699999999999998 3.0 5.880997 4.9303
0 952.8682635474178 0 0 f_swap_kt 100 5.53125 5.880997 3.0 5.880997 3.0 3.9699999999999998 3.9699999999999998 5.880997 4.9303
0 952.8682635474178 0 0 k_move_t 100 5.578125 6.82218703 3.0 5.880997 3.0 3.9699999999999998 3.9699999999999998 5.880997 4.9303
0 952.8682635474178 0 0 move_kt 100 5.671875 6.82218703 3.0 6.82218703 3.0 3.9699999999999998 3.9699999999999998 5.880997 4.9303
0 952.8682635474178 0 0 swap_kt 100 6.0625 6.82218703 3.0 6.82218703 3.0 3.9699999999999998 3.9699999999999998 6.82218703 4.9303
0 952.8682635474178 0 0 t_swap_r_k 100 6.984375 6.82218703 3.0 6.82218703 3.0 3.9699999999999998 3.9699999999999998 6.82218703 5.880997
0 952.8682635474178 0 0 move_kt 100 7.0625 6.82218703 3.0 7.7539651597 3.0 3.9699999999999998 3.9699999999999998 6.82218703 5.880997
0 952.8682635474178 0 0 move_kt 100 7.171875 6.82218703 3.0 8.676425508103 3.0 3.9699999999999998 3.9699999999999998 6.82218703 5.880997
0 952.8682635474178 0 0 k_move_t 100 7.3125 7.7539651597 3.0 8.676425508103 3.0 3.9699999999999998 3.9699999999999998 6.82218703 5.880997
0 952.8682635474178 0 0 t_swap_k 100 7.953125 7.7539651597 3.0 8.676425508103 3.0 4.9303 3.9699999999999998 6.82218703 5.880997
0 952.8682635474178 0 0 f_swap_kt 100 8.375 7.7539651597 3.0 8.676425508103 3.0 4.9303 4.9303 6.82218703 5.880997
0 952.8682635474178 0 0 t_move_k 100 8.4375 7.7539651597 3.9699999999999998 8.676425508103 3.0 4.9303 4.9303 6.82218703 5.880997
0 952.8682635474178 0 0 move_kt 100 8.609375 7.7539651597 3.9699999999999998 9.58966125302197 3.0 4.9303 4.9303 6.82218703 5.880997
0 952.8682635474178 0 0 swap_kt 100 9.09375 7.7539651597 3.9699999999999998 9.58966125302197 3.0 4.9303 4.9303 7.7539651597 5.880997
0 952.8682635474178 0 0 move_kt 100 9.171875 7.7539651597 3.9699999999999998 10.493764640491749 3.0 4.9303 4.9303 7.7539651597 5.880997
0 952.8682635474178 0 0 t_move_k 100 9.21875 7.7539651597 4.9303 10.493764640491749 3.0 4.9303 4.9303 7.7539651597 5.880997
0 952.8682635474178 0 0 t_swap_r_k 100 10.03125 7.7539651597 4.9303 10.493764640491749 3.0 4.9303 4.9303 7.7539651597 6.82218703
0 952.8682635474178 0 0 t_swap_k 100 10.578125 7.7539651597 4.9303 10.493764640491749 3.0 5.880997 4.9303 7.7539651597 6.82218703
0 952.8682635474178 0 0 k_move_t 100 10.734375 8.676425508103 4.9303 10.493764640491749 3.0 5.880997 4.9303 7.7539651597 6.82218703
0 952.8682635474178 0 0 move_kt 100 11.015625 8.676425508103 4.9303 11.388826994086832 3.0 5.880997 4.9303 7.7539651597 6.82218703
0 952.8682635474178 0 0 swap_kt 100 11.375 8.676425508103 4.9303 11.388826994086832 3.0 5.880997 4.9303 8.676425508103 6.82218703
0 952.8682635474178 0 0 f_swap_kt 100 11.6875 8.676425508103 4.9303 11.388826994086832 3.0 5.880997 5.880997 8.676425508103 6.82218703
0 952.8682635474178 0 0 swap_kt 100 12.25 8.676425508103 4.9303 11.388826994086832 3.0 5.880997 5.880997 9.58966125302197 6.82218703
0 952.8682635474178 0 0 t_swap_k 100 12.734375 8.676425508103 4.9303 11.388826994086832 3.0 6.82218703 5.880997 9.58966125302197 6.82218703
0 952.8682635474178 0 0 move_kt 100 12.828125 8.676425508103 4.9303 12.274938724145963 3.0 6.82218703 5.880997 9.58966125302197 6.82218703
0 952.8682635474178 0 0 swap_kt 100 13.1875 8.676425508103 4.9303 12.274938724145963 3.0 6.82218703 5.880997 10.493764640491749 6.82218703
0 952.8682635474178 0 0 move_kt 100 13.265625 8.676425508103 4.9303 13.152189336904504 3.0 6.82218703 5.880997 10.493764640491749 6.82218703
0 952.8682635474178 0 0 k_move_t 100 13.40625 9.58966125302197 4.9303 13.152189336904504 3.0 6.82218703 5.880997 10.493764640491749 6.82218703
0 952.8682635474178 0 0 k_move_t 100 13.484375 10.493764640491749 4.9303 13.152189336904504 3.0 6.82218703 5.880997 10.493764640491749 6.82218703
0 952.8682635474178 0 0 k_swap_t 100 14.0625 10.493764640491749 4.9303 13.152189336904504 3.9699999999999998 6.82218703 5.880997 10.493764640491749 6.82218703
0 952.8682635474178 0 0 t_swap_r_k 100 14.875 10.493764640491749 4.9303 13.152189336904504 3.9699999999999998 6.82218703 5.880997 10.493764640491749 7.7539651597
0 952.8682635474178 0 0 swap_kt 100 15.234375 10.493764640491749 4.9303 13.152189336904504 3.9699999999999998 6.82218703 5.880997 11.388826994086832 7.7539651597
0 952.8682635474178 0 0 k_move_t 100 15.3125 11.388826994086832 4.9303 13.152189336904504 3.9699999999999998 6.82218703 5.880997 11.388826994086832 7.7539651597
0 952.8682635474178 0 0 swap_kt 100 15.59375 11.388826994086832 4.9303 13.152189336904504 3.9699999999999998 6.82218703 5.880997 12.274938724145963 7.7539651597
0 952.8682635474178 0 0 f_swap_kt 100 15.90625 11.388826994086832 4.9303 13.152189336904504 3.9699999999999998 6.82218703 6.82218703 12.274938724145963 7.7539651597
0 952.8682635474178 0 0 t_swap_r_k 100 16.765625 11.388826994086832 4.9303 13.152189336904504 3.9699999999999998 6.82218703 6.82218703 12.274938724145963 8.676425508103
0 952.8682635474178 0 0 t_swap_k 100 17.140625 11.388826994086832 4.9303 13.152189336904504 3.9699999999999998 7.7539651597 6.82218703 12.274938724145963 8.676425508103
0 952.8682635474178 0 0 t_swap_r_k 100 18.0 11.388826994086832 4.9303 13.152189336904504 3.9699999999999998 7.7539651597 6.82218703 12.274938724145963 9.58966125302197
0 952.8682635474178 0 0 swap_kt 100 18.359375 11.388826994086832 4.9303 13.152189336904504 3.9699999999999998 7.7539651597 6.82218703 13.152189336904504 9.58966125302197
0 952.8682635474178 0 0 k_move_t 100 18.53125 12.274938724145963 4.9303 13.152189336904504 3.9699999999999998 7.7539651597 6.82218703 13.152189336904504 9.58966125302197
0 952.8682635474178 0 0 swap_kt 100 18.921875 12.274938724145963 4.9303 13.152189336904504 3.9699999999999998 7.7539651597 6.82218703 14.020667443535459 9.58966125302197
0 952.8682635474178 0 0 t_swap_r_k 100 19.75 12.274938724145963 4.9303 13.152189336904504 3.9699999999999998 7.7539651597 6.82218703 14.020667443535459 10.493764640491749
0 952.8682635474178 0 0 k_swap_t 100 20.125 12.274938724145963 4.9303 13.152189336904504 4.9303 7.7539651597 6.82218703 14.020667443535459 10.493764640491749
0 952.8682635474178 0 0 t_swap_r_k 100 20.90625 12.274938724145963 4.9303 13.152189336904504 4.9303 7.7539651597 6.82218703 14.020667443535459 11.388826994086832
0 952.8682635474178 0 0 f_swap_kt 100 21.265625 12.274938724145963 4.9303 13.152189336904504 4.9303 7.7539651597 7.7539651597 14.020667443535459 11.388826994086832
0 952.8682635474178 0 0 t_move_k 100 21.28125 12.274938724145963 5.880997 13.152189336904504 4.9303 7.7539651597 7.7539651597 14.020667443535459 11.388826994086832
0 952.8682635474178 0 0 swap_kt 100 21.6875 12.274938724145963 5.880997 13.152189336904504 4.9303 7.7539651597 7.7539651597 14.880460769100104 11.388826994086832
0 952.8682635474178 0 0 swap_kt 100 22.09375 12.274938724145963 5.880997 13.152189336904504 4.9303 7.7539651597 7.7539651597 15.731656161409102 11.388826994086832
0 952.8682635474178 0 0 swap_kt 100 22.484375 12.274938724145963 5.880997 13.152189336904504 4.9303 7.7539651597 7.7539651597 16.57433959979501 11.388826994086832
0 952.8682635474178 0 0 t_swap_r_k 100 23.359375 12.274938724145963 5.880997 13.152189336904504 4.9303 7.7539651597 7.7539651597 16.57433959979501 12.274938724145963
0 952.8682635474178 0 0 t_swap_r_k 100 24.1875 12.274938724145963 5.880997 13.152189336904504 4.9303 7.7539651597 7.7539651597 16.57433959979501 13.152189336904504
0 952.8682635474178 0 0 t_swap_k 100 24.546875 12.274938724145963 5.880997 13.152189336904504 4.9303 8.676425508103 7.7539651597 16.57433959979501 13.152189336904504
0 952.8682635474178 0 0 k_swap_t 100 25.078125 12.274938724145963 5.880997 13.152189336904504 5.880997 8.676425508103 7.7539651597 16.57433959979501 13.152189336904504
0 952.8682635474178 0 0 t_swap_r_k 100 25.890625 12.274938724145963 5.880997 13.152189336904504 5.880997 8.676425508103 7.7539651597 16.57433959979501 14.020667443535459
0 952.8682635474178 0 0 move_kt 100 26.0 12.274938724145963 5.880997 14.020667443535459 5.880997 8.676425508103 7.7539651597 16.57433959979501 14.020667443535459
0 952.8682635474178 0 0 move_kt 100 26.09375 12.274938724145963 5.880997 14.880460769100104 5.880997 8.676425508103 7.7539651597 16.57433959979501 14.020667443535459
0 952.8682635474178 0 0 t_swap_r_k 100 26.875 12.274938724145963 5.880997 14.880460769100104 5.880997 8.676425508103 7.7539651597 16.57433959979501 14.880460769100104
0 952.8682635474178 0 0 k_swap_t 100 27.140625 12.274938724145963 5.880997 14.880460769100104 6.82218703 8.676425508103 7.7539651597 16.57433959979501 14.880460769100104
0 952.8682635474178 0 0 t_swap_r_k 100 27.9375 12.274938724145963 5.880997 14.880460769100104 6.82218703 8.676425508103 7.7539651597 16.57433959979501 15.731656161409102
0 952.8682635474178 0 0 t_swap_r_k 100 28.734375 12.274938724145963 5.880997 14.880460769100104 6.82218703 8.676425508103 7.7539651597 16.57433959979501 16.57433959979501
0 952.8682635474178 0 0 t_swap_r_k 100 29.5 12.274938724145963 5.880997 14.880460769100104 6.82218703 8.676425508103 7.7539651597 16.57433959979501 17.40859620379706
0 952.8682635474178 0 0 t_move_k 100 29.546875 12.274938724145963 6.82218703 14.880460769100104 6.82218703 8.676425508103 7.7539651597 16.57433959979501 17.40859620379706
0 952.8682635474178 0 0 move_kt 100 29.625 12.274938724145963 6.82218703 15.731656161409102 6.82218703 8.676425508103 7.7539651597 16.57433959979501 17.40859620379706
0 952.8682635474178 0 0 swap_kt 100 30.265625 12.274938724145963 6.82218703 15.731656161409102 6.82218703 8.676425508103 7.7539651597 17.40859620379706 17.40859620379706