24
3 51 6 20

4109.841588413852
100 30
Neighbourhoods:
k_move_t t_move_k move_kt k_swap_t t_swap_k f_swap_kt swap_kt t_swap_r_k
400.0 600.0 300.0 600.0 0.0 200.0 200.0 0.0
0.0 0.0 0.0 0.0 0.0 0.0 0.0 0.0
0.0 0.0 0.0 0.0 0.0 0.0 0.0 0.0
54.0625 120.65625 75.375 81.328125 0.0 29.4375 39.015625 0.0
0.13515625 0.20109375 0.25125 0.135546875 0.0 0.1471875 0.195078125 0.0
0.0 0.0 0.0 0.0 0.0 0.0 0.0 0.0
0.0 0.0 0.0 0.0 0.0 0.0 0.0 0.0

Assigned customers matrix:
Vehicle 0:
0 4 14 5 32 11 34 6 0 0 0 0 0 0 0 0 0 0 0 0 0 0 0 0 0 0 0 0 0 0 0 0 0 0 0 0
0 45 4 29 10 5 6 0 0 0 0 0 0 0 0 0 0 0 0 0 0 0 0 0 0 0 0 0 0 0 0 0 0 0 0 0
0 51 1 12 36 37 6 49 0 0 0 0 0 0 0 0 0 0 0 0 0 0 0 0 0 0 0 0 0 0 0 0 0 0 0 0
0 15 39 1 17 16 0 0 0 0 0 0 0 0 0 0 0 0 0 0 0 0 0 0 0 0 0 0 0 0 0 0 0 0 0 0
0 4 10 5 47 0 0 0 0 0 0 0 0 0 0 0 0 0 0 0 0 0 0 0 0 0 0 0 0 0 0 0 0 0 0 0
0 1 12 6 35 33 5 46 0 0 0 0 0 0 0 0 0 0 0 0 0 0 0 0 0 0 0 0 0 0 0 0 0 0 0 0

Vehicle 1:
0 43 3 0 0 0 0 0 0 0 0 0 0 0 0 0 0 0 0 0 0 0 0 0 0 0 0 0 0 0 0 0 0 0 0 0
0 1 7 2 41 8 22 3 0 0 0 0 0 0 0 0 0 0 0 0 0 0 0 0 0 0 0 0 0 0 0 0 0 0 0 0
0 9 24 3 2 0 0 0 0 0 0 0 0 0 0 0 0 0 0 0 0 0 0 0 0 0 0 0 0 0 0 0 0 0 0 0
0 4 14 5 11 6 48 0 0 0 0 0 0 0 0 0 0 0 0 0 0 0 0 0 0 0 0 0 0 0 0 0 0 0 0 0
0 6 1 7 2 8 3 0 0 0 0 0 0 0 0 0 0 0 0 0 0 0 0 0 0 0 0 0 0 0 0 0 0 0 0 0
0 4 26 27 9 25 3 2 0 0 0 0 0 0 0 0 0 0 0 0 0 0 0 0 0 0 0 0 0 0 0 0 0 0 0 0

Vehicle 2:
0 13 40 2 18 19 1 38 50 15 0 0 0 0 0 0 0 0 0 0 0 0 0 0 0 0 0 0 0 0 0 0 0 0 0 0
0 0 0 0 0 0 0 0 0 0 0 0 0 0 0 0 0 0 0 0 0 0 0 0 0 0 0 0 0 0 0 0 0 0 0 0
0 44 4 28 30 31 5 0 0 0 0 0 0 0 0 0 0 0 0 0 0 0 0 0 0 0 0 0 0 0 0 0 0 0 0 0
0 2 20 21 23 3 42 13 0 0 0 0 0 0 0 0 0 0 0 0 0 0 0 0 0 0 0 0 0 0 0 0 0 0 0 0
0 0 0 0 0 0 0 0 0 0 0 0 0 0 0 0 0 0 0 0 0 0 0 0 0 0 0 0 0 0 0 0 0 0 0 0
0 0 0 0 0 0 0 0 0 0 0 0 0 0 0 0 0 0 0 0 0 0 0 0 0 0 0 0 0 0 0 0 0 0 0 0

Transported demand matrix:
18 13 15 12 10 17
6 19 10 14 17 16
20 0 20 20 0 0

Routes distance matrix:
294.3269312197343 297.39615229286926 258.7886262567195 216.62443256997855 238.51938221842755 331.3824458522395
118.16413052885582 365.30585562880145 274.34833103489666 294.73541926239807 404.1456211452563 302.509612032891
277.3806567749283 0.0 218.03117877235275 218.1828128235033 0.0 0.0

Solution history:
0 4109.841588413852 0 0 0 0 0 3.0 3.0 3.0 3.0 3.0 3.0 3.0 3.0
0 4109.841588413852 0 0 k_move_t 100 1.609375 3.9699999999999998 3.0 3.0 3.0 3.0 3.0 3.0 3.0
0 4109.841588413852 0 0 k_swap_t 100 3.359375 3.9699999999999998 3.0 3.0 3.9699999999999998 3.0 3.0 3.0 3.0
0 4109.841588413852 0 0 t_move_k 100 4.640625 3.9699999999999998 3.9699999999999998 3.0 3.9699999999999998 3.0 3.0 3.0 3.0
0 4109.841588413852 0 0 k_swap_t 100 6.578125 3.9699999999999998 3.9699999999999998 3.0 4.9303 3.0 3.0 3.0 3.0
0 4109.841588413852 0 0 k_swap_t 100 8.5 3.9699999999999998 3.9699999999999998 3.0 5.880997 3.0 3.0 3.0 3.0
0 4109.841588413852 0 0 f_swap_kt 100 10.15625 3.9699999999999998 3.9699999999999998 3.0 5.880997 3.0 3.9699999999999998 3.0 3.0
0 4109.841588413852 0 0 swap_kt 100 11.421875 3.9699999999999998 3.9699999999999998 3.0 5.880997 3.0 3.9699999999999998 3.9699999999999998 3.0
0 4109.841588413852 0 0 k_move_t 100 12.9375 4.9303 3.9699999999999998 3.0 5.880997 3.0 3.9699999999999998 3.9699999999999998 3.0
0 4109.841588413852 0 0 t_move_k 100 14.0625 4.9303 4.9303 3.0 5.880997 3.0 3.9699999999999998 3.9699999999999998 3.0
0 4109.841588413852 0 0 t_move_k 100 15.03125 4.9303 5.880997 3.0 5.880997 3.0 3.9699999999999998 3.9699999999999998 3.0
0 4109.841588413852 0 0 k_swap_t 100 16.640625 4.9303 5.880997 3.0 6.82218703 3.0 3.9699999999999998 3.9699999999999998 3.0
0 4109.841588413852 0 0 k_move_t 100 17.625 5.880997 5.880997 3.0 6.82218703 3.0 3.9699999999999998 3.9699999999999998 3.0
0 4109.841588413852 0 0 f_swap_kt 100 19.28125 5.880997 5.880997 3.0 6.82218703 3.0 4.9303 3.9699999999999998 3.0
0 4109.841588413852 0 0 k_swap_t 100 20.953125 5.880997 5.880997 3.0 7.7539651597 3.0 4.9303 3.9699999999999998 3.0
0 4109.841588413852 0 0 k_move_t 100 21.890625 6.82218703 5.880997 3.0 7.7539651597 3.0 4.9303 3.9699999999999998 3.0
0 4109.841588413852 0 0 move_kt 100 22.8125 6.82218703 5.880997 3.9699999999999998 7.7539651597 3.0 4.9303 3.9699999999999998 3.0
0 4109.841588413852 0 0 move_kt 100 23.9375 6.82218703 5.880997 4.9303 7.7539651597 3.0 4.9303 3.9699999999999998 3.0
0 4109.841588413852 0 0 k_swap_t 100 25.296875 6.82218703 5.880997 4.9303 8.676425508103 3.0 4.9303 3.9699999999999998 3.0
0 4109.841588413852 0 0 t_move_k 100 26.484375 6.82218703 6.82218703 4.9303 8.676425508103 3.0 4.9303 3.9699999999999998 3.0
0 4109.841588413852 0 0 swap_kt 100 27.59375 6.82218703 6.82218703 4.9303 8.676425508103 3.0 4.9303 4.9303 3.0
0 4109.841588413852 0 0 move_kt 100 28.625 6.82218703 6.82218703 5.880997 8.676425508103 3.0 4.9303 4.9303 3.0
0 4109.841588413852 0 0 t_move_k 100 29.65625 6.82218703 7.7539651597 5.880997 8.676425508103 3.0 4.9303 4.9303 3.0
0 4109.841588413852 0 0 t_move_k 100 30.78125 6.82218703 8.676425508103 5.880997 8.676425508103 3.0 4.9303 4.9303 3.0