24
3 51 6 20
2.984375

5192.797802049994

4232.551219690411
Assigned customers matrix:
Vehicle 0:
0 42 3 22 24 9 27 4 0 0 0 0 0 0 0 0 0 0 0 0 0 0 0 0
0 2 7 8 3 4 44 0 0 0 0 0 0 0 0 0 0 0 0 0 0 0 0 0
0 14 45 4 26 10 30 5 0 0 0 0 0 0 0 0 0 0 0 0 0 0 0 0
0 6 12 38 1 17 2 0 0 0 0 0 0 0 0 0 0 0 0 0 0 0 0 0
0 4 5 33 11 34 6 0 0 0 0 0 0 0 0 0 0 0 0 0 0 0 0 0
0 46 5 6 15 51 1 0 0 0 0 0 0 0 0 0 0 0 0 0 0 0 0 0

Vehicle 1:
0 1 16 18 2 41 40 13 0 0 0 0 0 0 0 0 0 0 0 0 0 0 0 0
0 1 6 35 11 32 5 0 0 0 0 0 0 0 0 0 0 0 0 0 0 0 0 0
0 15 39 36 6 49 48 0 0 0 0 0 0 0 0 0 0 0 0 0 0 0 0 0
0 13 23 3 25 9 4 0 0 0 0 0 0 0 0 0 0 0 0 0 0 0 0 0
0 1 7 2 8 3 0 0 0 0 0 0 0 0 0 0 0 0 0 0 0 0 0 0
0 43 3 21 20 2 0 0 0 0 0 0 0 0 0 0 0 0 0 0 0 0 0 0

Vehicle 2:
0 12 37 6 5 0 0 0 0 0 0 0 0 0 0 0 0 0 0 0 0 0 0 0
0 0 0 0 0 0 0 0 0 0 0 0 0 0 0 0 0 0 0 0 0 0 0 0
0 50 1 19 2 3 0 0 0 0 0 0 0 0 0 0 0 0 0 0 0 0 0 0
0 5 0 0 0 0 0 0 0 0 0 0 0 0 0 0 0 0 0 0 0 0 0 0
0 0 0 0 0 0 0 0 0 0 0 0 0 0 0 0 0 0 0 0 0 0 0 0
0 4 29 28 10 31 47 14 0 0 0 0 0 0 0 0 0 0 0 0 0 0 0 0

Transported demand matrix:
19 20 20 19 19 19
19 19 15 18 18 14
13 0 16 4 0 18

Routes distance matrix:
285.03176045510634 391.3714862778253 297.4841591740224 317.2976692286421 290.96144599041054 237.6047793470363
223.31857060297747 290.96144599041054 188.3177929461978 277.2584049050967 346.4105807635625 203.3767195120529
274.34872326063464 0.0 249.5648253646699 115.46954038186868 0.0 243.77331548989696
