28

Similarity 1
0.46153846153846156

Similarity combination matrix:
0.3333333333333333 0.2916666666666667 0.5 0.4166666666666667 0.25 0.3333333333333333
0.4583333333333333 0.25 0.375 0.5 0.3333333333333333 0.16666666666666666
0.48484848484848486 0.24242424242424243 0.3333333333333333 0.3939393939393939 0.15151515151515152 0.3333333333333333
0.45161290322580644 0.41935483870967744 0.16129032258064516 0.3548387096774194 0.5806451612903226 0.25806451612903225
0.30434782608695654 0.4782608695652174 0.30434782608695654 0.34782608695652173 0.34782608695652173 0.43478260869565216
0.46153846153846156 0.3076923076923077 0.23076923076923078 0.38461538461538464 0.38461538461538464 0.46153846153846156

Similarity combination pairings:
(np.int64(0), np.int64(2)) (np.int64(1), np.int64(3)) (np.int64(2), np.int64(0)) (np.int64(3), np.int64(4)) (np.int64(4), np.int64(1)) (np.int64(5), np.int64(5))
0.5 0.5 0.48484848484848486 0.5806451612903226 0.4782608695652174 0.46153846153846156

Similarity 2
0.0

Similarity combination matrix:
0.0 0.0 0.018518518518518517 0.0 0.0 0.0
0.0 0.027777777777777776 0.027777777777777776 0.05555555555555555 0.0 0.0
0.03935185185185185 0.0 0.0 0.0 0.0 0.0
0.0462962962962963 0.0 0.0 0.018518518518518517 0.037037037037037035 0.018518518518518517
0.0 0.061111111111111116 0.03333333333333333 0.0 0.0 0.0
0.018518518518518517 0.0 0.0 0.0 0.0 0.0

Similarity combination pairings:
(np.int64(0), np.int64(2)) (np.int64(1), np.int64(3)) (np.int64(2), np.int64(0)) (np.int64(3), np.int64(4)) (np.int64(4), np.int64(1)) (np.int64(5), np.int64(5))
0.018518518518518517 0.05555555555555555 0.03935185185185185 0.037037037037037035 0.061111111111111116 0.0

Similarity 3
0.0

Similarity combination matrix:
0.0 0.0 0.020833333333333332 0.0 0.0 0.0
0.0 0.03333333333333333 0.03333333333333333 0.06666666666666667 0.0 0.0
0.044642857142857144 0.0 0.0 0.0 0.0 0.0
0.05416666666666667 0.0 0.0 0.020833333333333332 0.041666666666666664 0.020833333333333332
0.0 0.075 0.041666666666666664 0.0 0.0 0.0
0.020833333333333332 0.0 0.0 0.0 0.0 0.0

Similarity combination pairings:
(np.int64(0), np.int64(2)) (np.int64(1), np.int64(3)) (np.int64(2), np.int64(0)) (np.int64(3), np.int64(4)) (np.int64(4), np.int64(1)) (np.int64(5), np.int64(5))
0.020833333333333332 0.06666666666666667 0.044642857142857144 0.041666666666666664 0.075 0.0
