28
6 102 6 20

Solution history:
B_obj   B_dis   B_sim   C_obj   C_dis   C_sim   neighbor   iterations   time   scores
0.767801850733927 25771.16682591058 0.42424242424242425 0.767801850733927 25771.16682591058 0.42424242424242425 0 0 0 3.0 3.0 3.0 3.0 3.0 3.0 3.0
0.7675416696454416 26570.809693906147 0.45454545454545453 0.7675416696454416 26570.809693906147 0.45454545454545453 t_move_k 26 4.596679449081421 4.153846153846153 3.0 3.0 3.0 3.0 3.0 3.0
0.7622705005713304 26475.512746956687 0.46153846153846156 0.7622705005713304 26475.512746956687 0.46153846153846156 t_swap_r_k 42 53.227482080459595 4.153846153846153 3.0 3.0 3.0 3.0 4.119047619047619 3.0
0.7619402210478265 26457.7772194145 0.46153846153846156 0.7619402210478265 26457.7772194145 0.46153846153846156 move_t 39 68.27692580223083 4.153846153846153 4.102564102564102 3.0 3.0 3.0 4.119047619047619 3.0
0.7619402210478265 26457.7772194145 0.46153846153846156 0.8337765293680035 30315.28195124196 0.46153846153846156 f_swap_t 100 96.9898133277893 4.153846153846153 4.102564102564102 3.0 4.04 3.0 4.119047619047619 3.0
0.7619402210478265 26457.7772194145 0.46153846153846156 0.8085598991545453 28961.18577559206 0.46153846153846156 t_multiswap_k 100 111.5855164527893 4.153846153846153 4.102564102564102 3.0 4.04 3.0 4.119047619047619 3.9699999999999998
0.7619402210478265 26457.7772194145 0.46153846153846156 0.8053639797173411 28789.569574261015 0.46153846153846156 swap_t 100 139.5846095085144 4.153846153846153 4.102564102564102 3.0 4.04 4.0 4.119047619047619 3.9699999999999998
0.7619402210478265 26457.7772194145 0.46153846153846156 0.8033995101925817 28684.08043284363 0.46153846153846156 t_multiswap_k 100 159.46492862701416 4.153846153846153 4.102564102564102 3.0 4.04 4.0 4.119047619047619 4.9603
0.7619402210478265 26457.7772194145 0.46153846153846156 0.801018068960976 29155.81198684009 0.4838709677419355 swap_t 100 185.39831590652466 4.153846153846153 4.102564102564102 3.0 4.04 5.0 4.119047619047619 4.9603
0.7619402210478265 26457.7772194145 0.46153846153846156 0.7973309992513853 28957.821733945522 0.4838709677419355 f_swap_t 100 221.7317681312561 4.153846153846153 4.102564102564102 3.0 4.9996 5.0 4.119047619047619 4.9603
0.7619402210478265 26457.7772194145 0.46153846153846156 0.7897498122738219 28550.723076975624 0.4838709677419355 t_swap_k 100 261.9457664489746 4.153846153846153 4.102564102564102 4.0 4.9996 5.0 4.119047619047619 4.9603
0.7619402210478265 26457.7772194145 0.46153846153846156 0.7848892897075336 28289.720121269096 0.4838709677419355 move_t 100 286.11159682273865 4.153846153846153 5.091538461538461 4.0 4.9996 5.0 4.119047619047619 4.9603
0.7619402210478265 26457.7772194145 0.46153846153846156 0.7844366759439049 28265.415423885344 0.4838709677419355 f_swap_t 100 308.24329566955566 4.153846153846153 5.091538461538461 4.0 5.949604 5.0 4.119047619047619 4.9603
0.7619402210478265 26457.7772194145 0.46153846153846156 0.84711241242094 30764.905388978954 0.45161290322580644 t_swap_k 100 346.22956800460815 4.153846153846153 5.091538461538461 5.01 5.949604 5.0 4.119047619047619 4.9603
0.7619402210478265 26457.7772194145 0.46153846153846156 0.8519406958844612 31024.177152000575 0.45161290322580644 t_swap_k 100 386.53033232688904 4.153846153846153 5.091538461538461 6.0899 5.949604 5.0 4.119047619047619 4.9603
0.7619402210478265 26457.7772194145 0.46153846153846156 0.8421842428825701 30579.006749003536 0.45454545454545453 t_move_k 100 413.8042917251587 5.172307692307692 5.091538461538461 6.0899 5.949604 5.0 4.119047619047619 4.9603
0.7619402210478265 26457.7772194145 0.46153846153846156 0.8386466196860018 30389.041555366886 0.45454545454545453 f_swap_t 100 433.7791736125946 5.172307692307692 5.091538461538461 6.0899 6.92010796 5.0 4.119047619047619 4.9603
0.7619402210478265 26457.7772194145 0.46153846153846156 0.8319733578157362 30030.697149268795 0.45454545454545453 move_t 100 461.31158781051636 5.172307692307692 6.1006230769230765 6.0899 6.92010796 5.0 4.119047619047619 4.9603
0.7619402210478265 26457.7772194145 0.46153846153846156 0.8300794184217969 30030.697149268795 0.4583333333333333 t_swap_r_k 100 550.0498292446136 5.172307692307692 6.1006230769230765 6.0899 6.92010796 5.0 5.147857142857142 4.9603
0.7619402210478265 26457.7772194145 0.46153846153846156 0.8300794184217969 30030.697149268795 0.4583333333333333 t_swap_r_k 100 635.235481262207 5.172307692307692 6.1006230769230765 6.0899 6.92010796 5.0 6.136378571428571 4.9603
0.7619402210478265 26457.7772194145 0.46153846153846156 0.8300794184217969 30030.697149268795 0.4583333333333333 swap_t 100 659.7438535690308 5.172307692307692 6.1006230769230765 6.0899 6.92010796 5.95 6.136378571428571 4.9603
0.7619402210478265 26457.7772194145 0.46153846153846156 0.8302220026195407 30038.353712228974 0.4583333333333333 t_move_k 100 684.5124425888062 6.210584615384615 6.1006230769230765 6.0899 6.92010796 5.95 6.136378571428571 4.9603
0.7619402210478265 26457.7772194145 0.46153846153846156 0.826840704653455 29856.782954921135 0.4583333333333333 move_t 100 708.2616670131683 6.210584615384615 7.069616846153846 6.0899 6.92010796 5.95 6.136378571428571 4.9603
0.7619402210478265 26457.7772194145 0.46153846153846156 0.8240931723252813 29795.29983515396 0.46153846153846156 t_swap_r_k 100 783.7532188892365 6.210584615384615 7.069616846153846 6.0899 6.92010796 5.95 7.145014785714285 4.9603
0.7619402210478265 26457.7772194145 0.46153846153846156 0.8240931723252813 29795.29983515396 0.46153846153846156 swap_t 100 815.7607412338257 6.210584615384615 7.069616846153846 6.0899 6.92010796 6.8905 7.145014785714285 4.9603
0.7619402210478265 26457.7772194145 0.46153846153846156 0.8355835235430746 30412.314896610667 0.46153846153846156 t_swap_k 100 860.5046617984772 6.210584615384615 7.069616846153846 7.149001 6.92010796 6.8905 7.145014785714285 4.9603
0.7619402210478265 26457.7772194145 0.46153846153846156 0.89988453781337 30134.26956329981 0.3225806451612903 t_swap_r_k 100 937.4983241558075 6.210584615384615 7.069616846153846 7.149001 6.92010796 6.8905 8.113564637857143 4.9603
0.7619402210478265 26457.7772194145 0.46153846153846156 0.8945924043839282 31695.27091464637 0.391304347826087 move_t 100 957.9926908016205 6.210584615384615 8.118920677692307 7.149001 6.92010796 6.8905 8.113564637857143 4.9603
0.7619402210478265 26457.7772194145 0.46153846153846156 0.8832573170217999 32253.952816895904 0.43478260869565216 t_move_k 100 989.7577583789825 7.178478769230769 8.118920677692307 7.149001 6.92010796 6.8905 8.113564637857143 4.9603
0.7619402210478265 26457.7772194145 0.46153846153846156 0.8672536720136169 32375.53979548837 0.43478260869565216 swap_t 100 1010.3919076919556 7.178478769230769 8.118920677692307 7.149001 6.92010796 7.8515950000000005 8.113564637857143 4.9603
0.7619402210478265 26457.7772194145 0.46153846153846156 0.8720680962865786 31166.70822141044 0.4166666666666667 move_t 100 1028.5676801204681 7.178478769230769 9.047731470915384 7.149001 6.92010796 7.8515950000000005 8.113564637857143 4.9603
0.7619402210478265 26457.7772194145 0.46153846153846156 0.8687304613548157 30987.482105210212 0.4166666666666667 move_t 100 1040.8235850334167 7.178478769230769 9.95725415620623 7.149001 6.92010796 7.8515950000000005 8.113564637857143 4.9603
0.7619402210478265 26457.7772194145 0.46153846153846156 0.8677055951650207 30932.448289176627 0.4166666666666667 t_swap_r_k 100 1130.460289478302 7.178478769230769 9.95725415620623 7.149001 6.92010796 7.8515950000000005 9.072428991478573 4.9603
0.7619402210478265 26457.7772194145 0.46153846153846156 0.8676784794155086 30930.99221307116 0.4166666666666667 move_t 100 1151.0929045677185 7.178478769230769 10.887681614644167 7.149001 6.92010796 7.8515950000000005 9.072428991478573 4.9603
0.7619402210478265 26457.7772194145 0.46153846153846156 0.8589154302848673 30460.42928636811 0.4166666666666667 t_move_k 100 1176.8660213947296 8.166693981538462 10.887681614644167 7.149001 6.92010796 7.8515950000000005 9.072428991478573 4.9603
0.7619402210478265 26457.7772194145 0.46153846153846156 0.8582648634603925 30425.494799025077 0.4166666666666667 move_t 100 1193.9258444309235 8.166693981538462 11.778804798497726 7.149001 6.92010796 7.8515950000000005 9.072428991478573 4.9603
0.7619402210478265 26457.7772194145 0.46153846153846156 0.8680165368295834 30949.145401965703 0.4166666666666667 t_move_k 100 1226.8713064193726 9.095027041723077 11.778804798497726 7.149001 6.92010796 7.8515950000000005 9.072428991478573 4.9603
0.7619402210478265 26457.7772194145 0.46153846153846156 0.86317462385736 30689.14175425317 0.4166666666666667 f_swap_t 100 1244.663660287857 9.095027041723077 11.778804798497726 7.149001 7.8509068804 7.8515950000000005 9.072428991478573 4.9603
0.7619402210478265 26457.7772194145 0.46153846153846156 0.86317462385736 30689.14175425317 0.4166666666666667 swap_t 100 1254.777630329132 9.095027041723077 11.778804798497726 7.149001 7.8509068804 8.77307905 9.072428991478573 4.9603
0.7619402210478265 26457.7772194145 0.46153846153846156 0.852214371676745 31219.311777670562 0.4583333333333333 t_multiswap_k 100 1279.2220067977905 9.095027041723077 11.778804798497726 7.149001 7.8509068804 8.77307905 9.072428991478573 5.970697
0.7619402210478265 26457.7772194145 0.46153846153846156 0.8401122074860843 30655.498603396507 0.46153846153846156 move_t 100 1300.8570206165314 9.095027041723077 12.72101675051275 7.149001 7.8509068804 8.77307905 9.072428991478573 5.970697
0.7619402210478265 26457.7772194145 0.46153846153846156 0.8350893339150369 30385.77763609223 0.46153846153846156 f_swap_t 100 1333.051839351654 9.095027041723077 12.72101675051275 7.149001 8.772397811596 8.77307905 9.072428991478573 5.970697
0.7619402210478265 26457.7772194145 0.46153846153846156 0.8340857906329874 30957.745915231535 0.48484848484848486 f_swap_t 100 1362.1181011199951 9.095027041723077 12.72101675051275 7.149001 9.714673833480042 8.77307905 9.072428991478573 5.970697
0.7619402210478265 26457.7772194145 0.46153846153846156 0.8442997193151526 31506.218952659794 0.48484848484848486 t_move_k 100 1386.0281734466553 10.024076771305847 12.72101675051275 7.149001 9.714673833480042 8.77307905 9.072428991478573 5.970697
0.7619402210478265 26457.7772194145 0.46153846153846156 0.8569677511588102 31372.859529890236 0.45454545454545453 t_swap_r_k 100 1464.9900424480438 10.024076771305847 12.72101675051275 7.149001 9.714673833480042 8.77307905 10.021704701563786 5.970697
0.7619402210478265 26457.7772194145 0.46153846153846156 0.8492713199971068 31773.186640780936 0.48484848484848486 t_multiswap_k 100 1486.0177128314972 10.024076771305847 12.72101675051275 7.149001 9.714673833480042 8.77307905 10.021704701563786 6.98099003
0.7619402210478265 26457.7772194145 0.46153846153846156 0.8713279831104377 31330.368778915425 0.42424242424242425 t_swap_r_k 100 1559.9187104701996 10.024076771305847 12.72101675051275 7.149001 9.714673833480042 8.77307905 10.961487654548149 6.98099003
0.7619402210478265 26457.7772194145 0.46153846153846156 0.8643738234736863 30956.94057343069 0.42424242424242425 move_t 100 1579.8302025794983 10.024076771305847 13.683806583007621 7.149001 9.714673833480042 8.77307905 10.961487654548149 6.98099003
0.7619402210478265 26457.7772194145 0.46153846153846156 0.8557136897204691 31305.51826409409 0.45454545454545453 t_swap_k 100 1617.4789798259735 10.024076771305847 13.683806583007621 8.127510990000001 9.714673833480042 8.77307905 10.961487654548149 6.98099003
0.7619402210478265 26457.7772194145 0.46153846153846156 0.8514377720135206 31288.2919138913 0.45454545454545453 move_t 100 1639.3208525180817 10.024076771305847 14.606968517177545 8.127510990000001 9.714673833480042 8.77307905 10.961487654548149 6.98099003
0.7619402210478265 26457.7772194145 0.46153846153846156 0.8574587162182452 32035.965193054537 0.4782608695652174 t_swap_k 100 1670.958087682724 10.024076771305847 14.606968517177545 9.106235880100002 9.714673833480042 8.77307905 10.961487654548149 6.98099003
0.7619402210478265 26457.7772194145 0.46153846153846156 0.8553690895220978 31923.755294513892 0.4782608695652174 swap_t 100 1697.6936874389648 10.024076771305847 14.606968517177545 9.106235880100002 9.714673833480042 9.6853482595 10.961487654548149 6.98099003
0.7619402210478265 26457.7772194145 0.46153846153846156 0.8564023603816882 31979.240429027817 0.4782608695652174 move_t 100 1726.435293674469 10.024076771305847 15.53089883200577 9.106235880100002 9.714673833480042 9.6853482595 10.961487654548149 6.98099003
0.7619402210478265 26457.7772194145 0.46153846153846156 0.8545612782654206 31880.377011053562 0.4782608695652174 f_swap_t 100 1747.4341185092926 10.024076771305847 15.53089883200577 9.106235880100002 10.617527095145242 9.6853482595 10.961487654548149 6.98099003
0.7619402210478265 26457.7772194145 0.46153846153846156 0.865033050308329 32442.695859985724 0.4782608695652174 t_multiswap_k 100 1784.0255854129791 10.024076771305847 15.53089883200577 9.106235880100002 10.617527095145242 9.6853482595 10.961487654548149 7.9611801297
0.7619402210478265 26457.7772194145 0.46153846153846156 0.8600585242923615 32175.571085704923 0.4782608695652174 t_swap_r_k 100 1866.4608025550842 10.024076771305847 15.53089883200577 9.106235880100002 10.617527095145242 9.6853482595 11.891872778002668 7.9611801297
0.7619402210478265 26457.7772194145 0.46153846153846156 0.8597704275820457 32160.100713559495 0.4782608695652174 t_swap_r_k 100 1958.1733932495117 10.024076771305847 15.53089883200577 9.106235880100002 10.617527095145242 9.6853482595 12.812954050222642 7.9611801297
0.7619402210478265 26457.7772194145 0.46153846153846156 0.8597704275820457 32160.100713559495 0.4782608695652174 t_swap_r_k 100 2041.6128256320953 10.024076771305847 15.53089883200577 9.106235880100002 10.617527095145242 9.6853482595 13.724824509720415 7.9611801297
0.7619402210478265 26457.7772194145 0.46153846153846156 0.8588212714357029 32259.759451222963 0.4838709677419355 t_swap_k 100 2083.1746649742126 10.024076771305847 15.53089883200577 10.105173521299001 10.617527095145242 9.6853482595 13.724824509720415 7.9611801297
0.7619402210478265 26457.7772194145 0.46153846153846156 0.8539456062568124 32430.996085132912 0.5 t_multiswap_k 100 2114.9096286296844 10.024076771305847 15.53089883200577 10.105173521299001 10.617527095145242 9.6853482595 13.724824509720415 8.981568328403
0.7619402210478265 26457.7772194145 0.46153846153846156 0.8469369052682961 32461.446194828804 0.5151515151515151 f_swap_t 100 2153.3619544506073 10.024076771305847 15.53089883200577 10.105173521299001 11.54135182419379 9.6853482595 13.724824509720415 8.981568328403
0.7619402210478265 26457.7772194145 0.46153846153846156 0.8769265210148209 34071.84471548071 0.5151515151515151 swap_t 100 2187.1389484405518 10.024076771305847 15.53089883200577 10.105173521299001 11.54135182419379 10.658494776905 13.724824509720415 8.981568328403
0.7619402210478265 26457.7772194145 0.46153846153846156 0.8731452849869956 33518.31677250765 0.5151515151515151 swap_t 100 2210.030816555023 10.024076771305847 15.53089883200577 10.105173521299001 11.54135182419379 11.56190982913595 13.724824509720415 8.981568328403
0.7619402210478265 26457.7772194145 0.46153846153846156 0.8851329899100073 34512.52009726233 0.5151515151515151 move_t 100 2252.792668581009 10.024076771305847 16.47558984368571 10.105173521299001 11.54135182419379 11.56190982913595 13.724824509720415 8.981568328403
0.7619402210478265 26457.7772194145 0.46153846153846156 0.883209140637194 34409.21220398748 0.5151515151515151 swap_t 100 2283.5070106983185 10.024076771305847 16.47558984368571 10.105173521299001 11.54135182419379 12.44629073084459 13.724824509720415 8.981568328403
0.7619402210478265 26457.7772194145 0.46153846153846156 0.8826708860694389 34671.70206943223 0.5151515151515151 move_t 100 2319.713612318039 10.024076771305847 17.380833945248853 10.105173521299001 11.54135182419379 12.44629073084459 13.724824509720415 8.981568328403
0.7619402210478265 26457.7772194145 0.46153846153846156 0.9110469173400941 36496.90546116207 0.48484848484848486 swap_t 100 2349.213782787323 10.024076771305847 17.380833945248853 10.105173521299001 11.54135182419379 13.361827823536144 13.724824509720415 8.981568328403
0.7619402210478265 26457.7772194145 0.46153846153846156 0.8846923127880789 34488.856380086465 0.5151515151515151 t_move_k 100 2370.403964996338 11.013836003592788 17.380833945248853 10.105173521299001 11.54135182419379 13.361827823536144 13.724824509720415 8.981568328403
0.7619402210478265 26457.7772194145 0.46153846153846156 0.8950620362168601 34232.08115557401 0.48484848484848486 t_multiswap_k 100 2397.0611743927 11.013836003592788 17.380833945248853 10.105173521299001 11.54135182419379 13.361827823536144 13.724824509720415 9.93175264511897
0.7619402210478265 26457.7772194145 0.46153846153846156 0.8739354552801732 33911.228858480026 0.5151515151515151 t_multiswap_k 100 2413.5262076854706 11.013836003592788 17.380833945248853 10.105173521299001 11.54135182419379 13.361827823536144 13.724824509720415 10.92243511866778
0.7619402210478265 26457.7772194145 0.46153846153846156 0.9107451620770745 35481.0491915064 0.5 f_swap_t 100 2464.757506132126 11.013836003592788 17.380833945248853 10.105173521299001 12.505938305951851 13.361827823536144 13.724824509720415 10.92243511866778
0.7619402210478265 26457.7772194145 0.46153846153846156 0.954165833000868 34894.27693478848 0.391304347826087 t_swap_r_k 100 2545.7859036922455 11.013836003592788 17.380833945248853 10.105173521299001 12.505938305951851 13.361827823536144 14.627576264623212 10.92243511866778
0.7619402210478265 26457.7772194145 0.46153846153846156 0.954165833000868 34894.27693478848 0.391304347826087 t_swap_r_k 100 2633.3719248771667 11.013836003592788 17.380833945248853 10.105173521299001 12.505938305951851 13.361827823536144 15.52130050197698 10.92243511866778
0.7619402210478265 26457.7772194145 0.46153846153846156 0.9813825119108989 38359.5542122413 0.45454545454545453 swap_t 100 2662.350746154785 11.013836003592788 17.380833945248853 10.105173521299001 12.505938305951851 14.338209545300783 15.52130050197698 10.92243511866778
0.7619402210478265 26457.7772194145 0.46153846153846156 0.9381445292699836 35731.93383369054 0.45454545454545453 t_swap_k 100 2716.640121936798 11.013836003592788 17.380833945248853 11.124121786086011 12.505938305951851 14.338209545300783 15.52130050197698 10.92243511866778
0.7619402210478265 26457.7772194145 0.46153846153846156 0.9281736238670802 35196.51079105765 0.45454545454545453 t_swap_k 100 2751.2769730091095 11.013836003592788 17.380833945248853 12.192880568225151 12.505938305951851 14.338209545300783 15.52130050197698 10.92243511866778
0.7619402210478265 26457.7772194145 0.46153846153846156 0.9372221070283007 34868.786895835656 0.42424242424242425 t_swap_r_k 100 2820.5558722019196 11.013836003592788 17.380833945248853 12.192880568225151 12.505938305951851 14.338209545300783 16.43608749695721 10.92243511866778
0.7619402210478265 26457.7772194145 0.46153846153846156 0.9354415944263578 34773.17597222777 0.42424242424242425 f_swap_t 100 2855.3061282634735 11.013836003592788 17.380833945248853 12.192880568225151 13.380878922892332 14.338209545300783 16.43608749695721 10.92243511866778
0.7619402210478265 26457.7772194145 0.46153846153846156 0.9249727233955971 35024.627115468116 0.45454545454545453 f_swap_t 100 2915.579825401306 11.013836003592788 17.380833945248853 12.192880568225151 14.27707013366341 14.338209545300783 16.43608749695721 10.92243511866778
0.7619402210478265 26457.7772194145 0.46153846153846156 0.9022642910606862 33906.9192754087 0.4583333333333333 t_move_k 100 2959.290918111801 12.19369764355686 17.380833945248853 12.192880568225151 14.27707013366341 14.338209545300783 16.43608749695721 10.92243511866778
0.7619402210478265 26457.7772194145 0.46153846153846156 0.8922020059415923 33366.58927561388 0.4583333333333333 t_swap_k 100 3008.773078918457 12.19369764355686 17.380833945248853 13.1009517625429 14.27707013366341 14.338209545300783 16.43608749695721 10.92243511866778
0.7619402210478265 26457.7772194145 0.46153846153846156 0.8905054528640989 33275.48685571978 0.4583333333333333 move_t 100 3041.4836978912354 12.19369764355686 18.207025605796364 13.1009517625429 14.27707013366341 14.338209545300783 16.43608749695721 10.92243511866778
0.7619402210478265 26457.7772194145 0.46153846153846156 0.8904632420441919 33273.220196403156 0.4583333333333333 t_multiswap_k 100 3073.5570373535156 12.19369764355686 18.207025605796364 13.1009517625429 14.27707013366341 14.338209545300783 16.43608749695721 11.843210767481102
0.7619402210478265 26457.7772194145 0.46153846153846156 0.8741544488804538 33109.37428258412 0.48484848484848486 t_swap_k 100 3122.8156225681305 12.19369764355686 18.207025605796364 14.14994224491747 14.27707013366341 14.338209545300783 16.43608749695721 11.843210767481102
0.7619402210478265 26457.7772194145 0.46153846153846156 0.8687418804358114 32818.72727030323 0.48484848484848486 t_move_k 100 3167.4477829933167 13.10176066712129 18.207025605796364 14.14994224491747 14.27707013366341 14.338209545300783 16.43608749695721 11.843210767481102
0.7619402210478265 26457.7772194145 0.46153846153846156 0.867137285704214 32732.562879140274 0.48484848484848486 t_swap_k 100 3216.9893095493317 13.10176066712129 18.207025605796364 15.008442822468297 14.27707013366341 14.338209545300783 16.43608749695721 11.843210767481102
0.7619402210478265 26457.7772194145 0.46153846153846156 0.867137285704214 32732.562879140274 0.48484848484848486 t_swap_r_k 100 3304.8068063259125 13.10176066712129 18.207025605796364 15.008442822468297 14.27707013366341 14.338209545300783 17.31172662198764 11.843210767481102
0.7619402210478265 26457.7772194145 0.46153846153846156 0.8512166765188117 31851.403822133663 0.4838709677419355 t_multiswap_k 100 3330.134850025177 13.10176066712129 18.207025605796364 15.008442822468297 14.27707013366341 14.338209545300783 17.31172662198764 12.78477865980629
0.7619402210478265 26457.7772194145 0.46153846153846156 0.8482795818647082 31693.68613325227 0.4838709677419355 t_multiswap_k 100 3356.119647026062 13.10176066712129 18.207025605796364 15.008442822468297 14.27707013366341 14.338209545300783 17.31172662198764 13.656930873208228
0.7619402210478265 26457.7772194145 0.46153846153846156 0.8853565465094162 32897.29633568703 0.45454545454545453 t_move_k 100 3393.334984064102 14.100743060450078 18.207025605796364 15.008442822468297 14.27707013366341 14.338209545300783 17.31172662198764 13.656930873208228
0.7619402210478265 26457.7772194145 0.46153846153846156 0.8962305219392663 34268.58151079257 0.4838709677419355 move_t 100 3430.636999130249 14.100743060450078 19.0949553497384 15.008442822468297 14.27707013366341 14.338209545300783 17.31172662198764 13.656930873208228
0.7619402210478265 26457.7772194145 0.46153846153846156 0.8828795233155099 33729.550083531365 0.4838709677419355 move_t 100 3460.573084115982 14.100743060450078 19.934005796241014 15.008442822468297 14.27707013366341 14.338209545300783 17.31172662198764 13.656930873208228
0.7619402210478265 26457.7772194145 0.46153846153846156 0.894478402917236 33387.126688596916 0.45454545454545453 t_move_k 100 3495.8029992580414 15.179735629845577 19.934005796241014 15.008442822468297 14.27707013366341 14.338209545300783 17.31172662198764 13.656930873208228
0.7619402210478265 26457.7772194145 0.46153846153846156 0.8945541939911186 33391.19655845756 0.45454545454545453 t_swap_k 100 3538.528389453888 15.179735629845577 19.934005796241014 15.898358394243614 14.27707013366341 14.338209545300783 17.31172662198764 13.656930873208228
0.7619402210478265 26457.7772194145 0.46153846153846156 0.9060228218113735 34529.30905172533 0.45454545454545453 swap_t 100 3563.4798085689545 15.179735629845577 19.934005796241014 15.898358394243614 14.27707013366341 15.264827449847775 17.31172662198764 13.656930873208228
0.7619402210478265 26457.7772194145 0.46153846153846156 0.8831451002029349 33415.286459437695 0.4782608695652174 f_swap_t 100 3606.2339465618134 15.179735629845577 19.934005796241014 15.898358394243614 15.194299432326776 15.264827449847775 17.31172662198764 13.656930873208228
0.7619402210478265 26457.7772194145 0.46153846153846156 0.8763976912592193 33052.96046389865 0.4782608695652174 move_t 100 3630.8100306987762 15.179735629845577 20.734665738278604 15.898358394243614 15.194299432326776 15.264827449847775 17.31172662198764 13.656930873208228
0.7619402210478265 26457.7772194145 0.46153846153846156 0.875944292949353 33028.61363752895 0.4782608695652174 f_swap_t 100 3668.266700029373 15.179735629845577 20.734665738278604 15.898358394243614 16.04235643800351 15.264827449847775 17.31172662198764 13.656930873208228