28
6 102 6 20

Solution history:
B_obj   B_dis   B_sim   C_obj   C_dis   C_sim   neighbor   iterations   time   scores
0.9799230628551392 25771.16682591058 0.0 0.9799230628551392 25771.16682591058 0.0 0 0 0 3.0 3.0 3.0 3.0 3.0 3.0 3.0
0.9772547920087795 26373.69761020657 0.027777777777777776 0.9772547920087795 26373.69761020657 0.027777777777777776 t_move_k 27 20.209113597869873 4.185185185185185 3.0 3.0 3.0 3.0 3.0 3.0
0.9772547920087795 26373.69761020657 0.027777777777777776 0.9772547920087795 26373.69761020657 0.027777777777777776 swap_t 100 81.65705013275146 4.185185185185185 3.0 3.0 3.0 3.9699999999999998 3.0 3.0
0.9772547920087795 26373.69761020657 0.027777777777777776 0.9772547920087795 26373.69761020657 0.027777777777777776 t_move_k 100 137.1869249343872 5.1433333333333335 3.0 3.0 3.0 3.9699999999999998 3.0 3.0
0.9772547920087795 26373.69761020657 0.027777777777777776 1.0066232022853419 28099.90091087094 0.03333333333333333 t_multiswap_k 100 178.64362621307373 5.1433333333333335 3.0 3.0 3.0 3.9699999999999998 3.0 4.05
0.9772547920087795 26373.69761020657 0.027777777777777776 0.9977822265039176 27625.153436949906 0.03333333333333333 t_multiswap_k 100 229.8627598285675 5.1433333333333335 3.0 3.0 3.0 3.9699999999999998 3.0 5.0095
0.9772547920087795 26373.69761020657 0.027777777777777776 0.9972145304510345 27594.668988883954 0.03333333333333333 t_multiswap_k 100 277.28364968299866 5.1433333333333335 3.0 3.0 3.0 3.9699999999999998 3.0 5.959405
0.9772547920087795 26373.69761020657 0.027777777777777776 0.9972145304510345 27594.668988883954 0.03333333333333333 move_t 100 331.1506245136261 5.1433333333333335 3.9699999999999998 3.0 3.0 3.9699999999999998 3.0 5.959405
0.9772547920087795 26373.69761020657 0.027777777777777776 0.9972145304510345 27594.668988883954 0.03333333333333333 swap_t 100 375.3794729709625 5.1433333333333335 3.9699999999999998 3.0 3.0 4.9303 3.0 5.959405
0.9772547920087795 26373.69761020657 0.027777777777777776 1.0088457760944054 28219.249875005982 0.03333333333333333 t_swap_k 100 450.60451459884644 5.1433333333333335 3.9699999999999998 3.99 3.0 4.9303 3.0 5.959405
0.9772547920087795 26373.69761020657 0.027777777777777776 1.003416758128081 27927.71954746004 0.03333333333333333 f_swap_t 100 527.6250386238098 5.1433333333333335 3.9699999999999998 3.99 3.9699999999999998 4.9303 3.0 5.959405
0.9772547920087795 26373.69761020657 0.027777777777777776 1.008597160068755 28205.899557906163 0.03333333333333333 move_t 100 568.629403591156 5.1433333333333335 4.9703 3.99 3.9699999999999998 4.9303 3.0 5.959405
0.9772547920087795 26373.69761020657 0.027777777777777776 1.0286183383250487 28945.391696752213 0.020833333333333332 f_swap_t 100 620.7960686683655 5.1433333333333335 4.9703 3.99 4.9803 4.9303 3.0 5.959405
0.9772547920087795 26373.69761020657 0.027777777777777776 1.0178266254303965 28365.892491836203 0.020833333333333332 f_swap_t 100 673.4872958660126 5.1433333333333335 4.9703 3.99 5.960497 4.9303 3.0 5.959405
0.9772547920087795 26373.69761020657 0.027777777777777776 1.0139866716919472 28239.601128793587 0.023809523809523808 t_multiswap_k 100 725.7035074234009 5.1433333333333335 4.9703 3.99 5.960497 4.9303 3.0 6.89981095
0.9772547920087795 26373.69761020657 0.027777777777777776 1.0139866716919472 28239.601128793587 0.023809523809523808 t_move_k 100 794.9645142555237 6.0919 4.9703 3.99 5.960497 4.9303 3.0 6.89981095
0.9772547920087795 26373.69761020657 0.027777777777777776 1.0139866716919472 28239.601128793587 0.023809523809523808 t_multiswap_k 100 831.2337598800659 6.0919 4.9703 3.99 5.960497 4.9303 3.0 7.8308128405
0.9772547920087795 26373.69761020657 0.027777777777777776 1.027356059871789 28318.249418475996 0.0 swap_t 100 875.5102050304413 6.0919 4.9703 3.99 5.960497 5.920997 3.0 7.8308128405
0.9772547920087795 26373.69761020657 0.027777777777777776 1.0813001409984828 31214.967708520126 0.0 f_swap_t 100 937.3363156318665 6.0919 4.9703 3.99 6.95089203 5.920997 3.0 7.8308128405
0.9772547920087795 26373.69761020657 0.027777777777777776 1.061520571346946 30792.102045518284 0.023809523809523808 swap_t 100 1000.403156042099 6.0919 4.9703 3.99 6.95089203 6.98178703 3.0 7.8308128405
0.9772547920087795 26373.69761020657 0.027777777777777776 1.0541671790935887 30397.235632201475 0.023809523809523808 t_move_k 100 1048.7354128360748 7.060981 4.9703 3.99 6.95089203 6.98178703 3.0 7.8308128405
0.9772547920087795 26373.69761020657 0.027777777777777776 1.0529951002279354 30334.29671069981 0.023809523809523808 move_t 100 1104.3251283168793 7.060981 5.950597 3.99 6.95089203 6.98178703 3.0 7.8308128405
0.9772547920087795 26373.69761020657 0.027777777777777776 1.055257676829946 30455.793766331873 0.023809523809523808 t_multiswap_k 100 1146.4365592002869 7.060981 5.950597 3.99 6.95089203 6.98178703 3.0 8.842504712095
0.9772547920087795 26373.69761020657 0.027777777777777776 1.0524518514759496 30305.125046949997 0.023809523809523808 f_swap_t 100 1208.7965726852417 7.060981 5.950597 3.99 7.8813831097 6.98178703 3.0 8.842504712095
0.9772547920087795 26373.69761020657 0.027777777777777776 1.0520422877203577 30283.13207205854 0.023809523809523808 swap_t 100 1258.5144548416138 7.060981 5.950597 3.99 7.8813831097 7.9119691597 3.0 8.842504712095
0.9772547920087795 26373.69761020657 0.027777777777777776 1.0504463741314298 30197.433845565065 0.023809523809523808 t_move_k 100 1331.5701792240143 8.11037119 5.950597 3.99 7.8813831097 7.9119691597 3.0 8.842504712095
0.9772547920087795 26373.69761020657 0.027777777777777776 1.0481017073824062 29844.531821705583 0.023809523809523808 swap_t 100 1403.4441950321198 8.11037119 5.950597 3.99 7.8813831097 8.862849468103 3.0 8.842504712095
0.9772547920087795 26373.69761020657 0.027777777777777776 1.0436169513421076 29830.70382642152 0.023809523809523808 t_swap_r_k 100 1571.1173677444458 8.11037119 5.950597 3.99 7.8813831097 8.862849468103 4.01 8.842504712095
0.9772547920087795 26373.69761020657 0.027777777777777776 1.0411116046879274 29689.86316259757 0.023809523809523808 move_t 100 1626.2871811389923 8.11037119 6.92109103 3.99 7.8813831097 8.862849468103 4.01 8.842504712095
0.9772547920087795 26373.69761020657 0.027777777777777776 1.0365628106350195 29451.90678363241 0.023809523809523808 f_swap_t 100 1698.7688963413239 8.11037119 6.92109103 3.99 8.832569278603 8.862849468103 4.01 8.842504712095
0.9772547920087795 26373.69761020657 0.027777777777777776 1.0364598388891821 29446.377351426043 0.023809523809523808 swap_t 100 1746.6594634056091 8.11037119 6.92109103 3.99 8.832569278603 9.77422097342197 4.01 8.842504712095
0.9772547920087795 26373.69761020657 0.027777777777777776 1.0364598388891821 29446.377351426043 0.023809523809523808 swap_t 100 1794.5083830356598 8.11037119 6.92109103 3.99 8.832569278603 10.67647876368775 4.01 8.842504712095
0.9772547920087795 26373.69761020657 0.027777777777777776 1.047160581547221 30020.99158763477 0.023809523809523808 f_swap_t 100 1859.4116444587708 8.11037119 6.92109103 3.99 9.754243585816969 10.67647876368775 4.01 8.842504712095
0.9772547920087795 26373.69761020657 0.027777777777777776 1.046790290384628 30001.107493570667 0.023809523809523808 t_swap_k 100 1930.3707826137543 8.11037119 6.92109103 5.0201 9.754243585816969 10.67647876368775 4.01 8.842504712095
0.9772547920087795 26373.69761020657 0.027777777777777776 1.0431095934590424 29803.45944986014 0.023809523809523808 t_multiswap_k 100 1981.248729467392 8.11037119 6.92109103 5.0201 9.754243585816969 10.67647876368775 4.01 9.76407966497405
0.9772547920087795 26373.69761020657 0.027777777777777776 1.041846027542852 29735.60780749907 0.023809523809523808 swap_t 100 2037.5742619037628 8.11037119 6.92109103 5.0201 9.754243585816969 11.569713976050874 4.01 9.76407966497405
0.9772547920087795 26373.69761020657 0.027777777777777776 1.041846027542852 29735.60780749907 0.023809523809523808 t_swap_r_k 100 2187.630261659622 8.11037119 6.92109103 5.0201 9.754243585816969 11.569713976050874 5.0099 9.76407966497405
0.9772547920087795 26373.69761020657 0.027777777777777776 1.0585059137365749 30630.21933928267 0.023809523809523808 move_t 100 2243.348601102829 8.11037119 7.891880119700001 5.0201 9.754243585816969 11.569713976050874 5.0099 9.76407966497405
0.9772547920087795 26373.69761020657 0.027777777777777776 1.051300484775123 30243.29833841827 0.023809523809523808 move_t 100 2295.4110164642334 8.11037119 8.872961318503 5.0201 9.754243585816969 11.569713976050874 5.0099 9.76407966497405
0.9772547920087795 26373.69761020657 0.027777777777777776 1.0445125879186554 29878.79820115793 0.023809523809523808 t_swap_k 100 2368.867894887924 8.11037119 8.872961318503 5.999899 9.754243585816969 11.569713976050874 5.0099 9.76407966497405
0.9772547920087795 26373.69761020657 0.027777777777777776 1.041650803594018 29725.12456686486 0.023809523809523808 swap_t 100 2425.697854757309 8.11037119 8.872961318503 5.999899 9.754243585816969 12.454016836290366 5.0099 9.76407966497405
0.9772547920087795 26373.69761020657 0.027777777777777776 1.0973356326939334 32597.474903626513 0.0 swap_t 100 2481.62712597847 8.11037119 8.872961318503 5.999899 9.754243585816969 13.399476667927463 5.0099 9.76407966497405
0.9772547920087795 26373.69761020657 0.027777777777777776 1.077247969165881 31643.02298785684 0.0 move_t 100 2537.777067899704 8.11037119 9.87423170531797 5.999899 9.754243585816969 13.399476667927463 5.0099 9.76407966497405
0.9772547920087795 26373.69761020657 0.027777777777777776 1.0732792438873364 31423.52556971163 0.023809523809523808 f_swap_t 100 2610.755244255066 8.11037119 9.87423170531797 5.999899 10.686701149958798 13.399476667927463 5.0099 9.76407966497405
0.9772547920087795 26373.69761020657 0.027777777777777776 1.0732792438873364 31423.52556971163 0.023809523809523808 t_swap_r_k 100 2760.888510465622 8.11037119 9.87423170531797 5.999899 10.686701149958798 13.399476667927463 5.999801 9.76407966497405
0.9772547920087795 26373.69761020657 0.027777777777777776 1.0726463013514562 31389.53748089935 0.023809523809523808 move_t 100 2800.7775452136993 8.11037119 10.805489388264789 5.999899 10.686701149958798 13.399476667927463 5.999801 9.76407966497405
0.9772547920087795 26373.69761020657 0.027777777777777776 1.0726463013514562 31389.53748089935 0.023809523809523808 t_multiswap_k 100 2867.2344419956207 8.11037119 10.805489388264789 5.999899 10.686701149958798 13.399476667927463 5.999801 10.66643886832431
0.9772547920087795 26373.69761020657 0.027777777777777776 1.0726463013514562 31389.53748089935 0.023809523809523808 t_swap_r_k 100 3008.50110578537 8.11037119 10.805489388264789 5.999899 10.686701149958798 13.399476667927463 6.97980299 10.66643886832431
0.9772547920087795 26373.69761020657 0.027777777777777776 1.0726463013514562 31389.53748089935 0.023809523809523808 swap_t 100 3046.345994949341 8.11037119 10.805489388264789 5.999899 10.686701149958798 14.265481901248188 6.97980299 10.66643886832431
0.9772547920087795 26373.69761020657 0.027777777777777776 1.0723327740588378 31372.701523663876 0.023809523809523808 move_t 100 3086.5438878536224 8.11037119 11.727434494382141 5.999899 10.686701149958798 14.265481901248188 6.97980299 10.66643886832431
0.9772547920087795 26373.69761020657 0.027777777777777776 1.0546166220564803 30421.370062221373 0.023809523809523808 t_multiswap_k 100 3158.93674659729 8.11037119 11.727434494382141 5.999899 10.686701149958798 14.265481901248188 6.97980299 11.679774479641067
0.9772547920087795 26373.69761020657 0.027777777777777776 1.0442272050481558 29863.473558242975 0.023809523809523808 swap_t 100 3214.689836502075 8.11037119 11.727434494382141 5.999899 10.686701149958798 15.182827082235706 6.97980299 11.679774479641067
0.9772547920087795 26373.69761020657 0.027777777777777776 1.0552299627442232 29815.0372509698 0.0 t_swap_r_k 100 3361.7955667972565 8.11037119 11.727434494382141 5.999899 10.686701149958798 15.182827082235706 7.950004960099999 11.679774479641067
0.9772547920087795 26373.69761020657 0.027777777777777776 1.0539271062418922 30384.344071052823 0.023809523809523808 swap_t 100 3421.81946349144 8.11037119 11.727434494382141 5.999899 10.686701149958798 16.100998811413348 7.950004960099999 11.679774479641067
0.9772547920087795 26373.69761020657 0.027777777777777776 1.096647667441728 32778.31171465266 0.020833333333333332 swap_t 100 3493.047900915146 8.11037119 11.727434494382141 5.999899 10.686701149958798 17.079988823299214 7.950004960099999 11.679774479641067
0.9772547920087795 26373.69761020657 0.027777777777777776 1.1183388604478428 33918.050727835594 0.0 swap_t 100 3612.608397245407 8.11037119 11.727434494382141 5.999899 10.686701149958798 18.049188935066223 7.950004960099999 11.679774479641067
0.9772547920087795 26373.69761020657 0.027777777777777776 1.10433063859458 32451.67175875224 0.0 t_multiswap_k 100 3714.406311273575 8.11037119 11.727434494382141 5.999899 10.686701149958798 18.049188935066223 7.950004960099999 12.732976734844655