28
6 102 6 20

Solution history:
B_obj   B_dis   B_sim   C_obj   C_dis   C_sim   neighbor   iterations   time   scores
0.9799230628551392 25771.16682591058 0.0 0.9799230628551392 25771.16682591058 0.0 0 0 0 3.0 3.0 3.0 3.0 3.0 3.0 3.0
0.9737771836995689 25938.350785704686 0.018518518518518517 0.9737771836995689 25938.350785704686 0.018518518518518517 t_swap_k 31 11.273836851119995 3.0 3.0 4.161290322580645 3.0 3.0 3.0 3.0
0.9733950463080931 25917.830566468816 0.018518518518518517 0.9733950463080931 25917.830566468816 0.018518518518518517 f_swap_t 90 38.343663930892944 3.0 3.0 4.161290322580645 4.044444444444444 3.0 3.0 3.0
0.9733950463080931 25917.830566468816 0.018518518518518517 0.9733950463080931 25917.830566468816 0.018518518518518517 move_t 100 63.31028366088867 3.0 3.9699999999999998 4.161290322580645 4.044444444444444 3.0 3.0 3.0
0.9727855234045875 25947.251163319033 0.020833333333333332 0.9727855234045875 25947.251163319033 0.020833333333333332 move_t 56 78.61536192893982 3.0 5.024107142857143 4.161290322580645 4.044444444444444 3.0 3.0 3.0
0.9727855234045875 25947.251163319033 0.020833333333333332 0.9727855234045875 25947.251163319033 0.020833333333333332 t_multiswap_k 100 96.20257043838501 3.0 5.024107142857143 4.161290322580645 4.044444444444444 3.0 3.0 3.9699999999999998
0.9727855234045875 25947.251163319033 0.020833333333333332 0.9727855234045875 25947.251163319033 0.020833333333333332 f_swap_t 100 126.54867815971375 3.0 5.024107142857143 4.161290322580645 5.004 3.0 3.0 3.9699999999999998
0.9724974421837728 25931.781622937164 0.020833333333333332 0.9724974421837728 25931.781622937164 0.020833333333333332 t_move_k 10 131.45919227600098 4.4 5.024107142857143 4.161290322580645 5.004 3.0 3.0 3.9699999999999998
0.9724974421837728 25931.781622937164 0.020833333333333332 0.9724974421837728 25931.781622937164 0.020833333333333332 t_multiswap_k 100 143.4327688217163 4.4 5.024107142857143 4.161290322580645 5.004 3.0 3.0 4.9303
0.9724974421837728 25931.781622937164 0.020833333333333332 0.9724974421837728 25931.781622937164 0.020833333333333332 t_multiswap_k 100 159.00037240982056 4.4 5.024107142857143 4.161290322580645 5.004 3.0 3.0 5.880997
0.9724819006981467 25930.947067880752 0.020833333333333332 0.9724819006981467 25930.947067880752 0.020833333333333332 move_t 4 160.9984757900238 4.4 6.518080357142857 4.161290322580645 5.004 3.0 3.0 5.880997
0.9724819006981467 25930.947067880752 0.020833333333333332 0.9724819006981467 25930.947067880752 0.020833333333333332 move_t 100 181.92644739151 4.4 7.452899553571428 4.161290322580645 5.004 3.0 3.0 5.880997
0.9724819006981467 25930.947067880752 0.020833333333333332 1.0223847974825355 26727.88045137625 0.0 swap_t 100 200.70870733261108 4.4 7.452899553571428 4.161290322580645 5.004 3.98 3.0 5.880997
0.9724819006981467 25930.947067880752 0.020833333333333332 1.0073568598042788 27803.68138455231 0.020833333333333332 t_swap_k 100 235.4355125427246 4.4 7.452899553571428 5.179677419354839 5.004 3.98 3.0 5.880997
0.9724819006981467 25930.947067880752 0.020833333333333332 1.0054288536924376 27700.150275098975 0.020833333333333332 swap_t 100 274.0389678478241 4.4 7.452899553571428 5.179677419354839 5.004 4.9402 3.0 5.880997
0.9724819006981467 25930.947067880752 0.020833333333333332 1.0054288536924376 27700.150275098975 0.020833333333333332 f_swap_t 100 324.416038274765 4.4 7.452899553571428 5.179677419354839 5.9539599999999995 4.9402 3.0 5.880997
0.9724819006981467 25930.947067880752 0.020833333333333332 1.0054288536924376 27700.150275098975 0.020833333333333332 t_multiswap_k 100 344.7038698196411 4.4 7.452899553571428 5.179677419354839 5.9539599999999995 4.9402 3.0 6.82218703
0.9724819006981467 25930.947067880752 0.020833333333333332 1.0054288536924376 27700.150275098975 0.020833333333333332 f_swap_t 100 383.81936168670654 4.4 7.452899553571428 5.179677419354839 6.8944204 4.9402 3.0 6.82218703
0.9724819006981467 25930.947067880752 0.020833333333333332 1.0125273883095287 28416.947068426525 0.03333333333333333 t_move_k 100 409.88749265670776 5.516 7.452899553571428 5.179677419354839 6.8944204 4.9402 3.0 6.82218703
0.9724819006981467 25930.947067880752 0.020833333333333332 1.0125273883095287 28416.947068426525 0.03333333333333333 t_multiswap_k 100 425.9374449253082 5.516 7.452899553571428 5.179677419354839 6.8944204 4.9402 3.0 7.7539651597
0.9724819006981467 25930.947067880752 0.020833333333333332 1.013515611139323 28693.757097917707 0.041666666666666664 f_swap_t 100 458.308119058609 5.516 7.452899553571428 5.179677419354839 7.895476196 4.9402 3.0 7.7539651597
0.9724819006981467 25930.947067880752 0.020833333333333332 1.0108256728355811 28549.31134370717 0.041666666666666664 f_swap_t 100 503.2745690345764 5.516 7.452899553571428 5.179677419354839 8.93652143404 4.9402 3.0 7.7539651597
0.9724819006981467 25930.947067880752 0.020833333333333332 1.0105784627518706 28536.036523634033 0.041666666666666664 move_t 100 524.5839557647705 5.516 8.438370558035714 5.179677419354839 8.93652143404 4.9402 3.0 7.7539651597
0.9724819006981467 25930.947067880752 0.020833333333333332 1.010205051376246 28515.984878691892 0.041666666666666664 f_swap_t 100 566.5368902683258 5.516 8.438370558035714 5.179677419354839 9.8771562196996 4.9402 3.0 7.7539651597
0.9724819006981467 25930.947067880752 0.020833333333333332 1.0989870605812497 32661.938116917205 0.018518518518518517 move_t 100 591.3588733673096 5.516 9.503986852455357 5.179677419354839 9.8771562196996 4.9402 3.0 7.7539651597
0.9724819006981467 25930.947067880752 0.020833333333333332 1.0740171165554078 31383.2397145297 0.020833333333333332 t_move_k 100 637.8436408042908 6.66084 9.503986852455357 5.179677419354839 9.8771562196996 4.9402 3.0 7.7539651597
0.9724819006981467 25930.947067880752 0.020833333333333332 1.0751759125347538 31445.465364456297 0.020833333333333332 f_swap_t 100 694.4854402542114 6.66084 9.503986852455357 5.179677419354839 10.788384657502604 4.9402 3.0 7.7539651597
0.9724819006981467 25930.947067880752 0.020833333333333332 1.0731467610701955 31336.502897436952 0.020833333333333332 t_multiswap_k 100 722.3802402019501 6.66084 9.503986852455357 5.179677419354839 10.788384657502604 4.9402 3.0 8.766425508103
0.9724819006981467 25930.947067880752 0.020833333333333332 1.0855426425971773 31939.992526964623 0.018518518518518517 t_swap_k 100 779.101222038269 6.66084 9.503986852455357 6.25788064516129 10.788384657502604 4.9402 3.0 8.766425508103
0.9724819006981467 25930.947067880752 0.020833333333333332 1.0752327434871265 30889.157332719373 0.0 swap_t 100 819.2860677242279 6.66084 9.503986852455357 6.25788064516129 10.788384657502604 5.890798 3.0 8.766425508103
0.9724819006981467 25930.947067880752 0.020833333333333332 1.0648238026683998 30330.21242866627 0.0 t_multiswap_k 100 849.7401757240295 6.66084 9.503986852455357 6.25788064516129 10.788384657502604 5.890798 3.0 9.79876125302197
0.9724819006981467 25930.947067880752 0.020833333333333332 1.0693832234172356 30638.307548167424 0.0 move_t 100 898.0209589004517 6.66084 10.478946983930804 6.25788064516129 10.788384657502604 5.890798 3.0 9.79876125302197
0.9724819006981467 25930.947067880752 0.020833333333333332 1.058485182008079 29989.837766295437 0.0 t_multiswap_k 100 920.0231142044067 6.66084 10.478946983930804 6.25788064516129 10.788384657502604 5.890798 3.0 10.79077364049175
0.9724819006981467 25930.947067880752 0.020833333333333332 1.0550170813993112 29803.605833981375 0.0 t_multiswap_k 100 961.7605652809143 6.66084 10.478946983930804 6.25788064516129 10.788384657502604 5.890798 3.0 11.682865904086832
0.9724819006981467 25930.947067880752 0.020833333333333332 1.0540042699555112 29749.219340183645 0.0 t_multiswap_k 100 984.8524589538574 6.66084 10.478946983930804 6.25788064516129 10.788384657502604 5.890798 3.0 12.566037245045964
0.9724819006981467 25930.947067880752 0.020833333333333332 1.069045286095264 30556.899916863455 0.0 move_t 100 1017.0544817447662 6.66084 11.484157514091496 6.25788064516129 10.788384657502604 5.890798 3.0 12.566037245045964
0.9724819006981467 25930.947067880752 0.020833333333333332 1.0471333546841417 29380.261235416336 0.0 t_swap_k 100 1046.7472133636475 6.66084 11.484157514091496 7.315301838709677 10.788384657502604 5.890798 3.0 12.566037245045964
0.9724819006981467 25930.947067880752 0.020833333333333332 1.0398724408929905 28990.360780316103 0.0 swap_t 100 1087.1431605815887 6.66084 11.484157514091496 7.315301838709677 10.788384657502604 6.83189002 3.0 12.566037245045964
0.9724819006981467 25930.947067880752 0.020833333333333332 1.0384204030416755 28912.388470585553 0.0 f_swap_t 100 1125.4686114788055 6.66084 11.484157514091496 7.315301838709677 11.710500810927577 6.83189002 3.0 12.566037245045964
0.9724819006981467 25930.947067880752 0.020833333333333332 1.0383984773009272 28911.21109036288 0.0 move_t 100 1169.2173299789429 6.66084 12.429315938950582 7.315301838709677 11.710500810927577 6.83189002 3.0 12.566037245045964
0.9724819006981467 25930.947067880752 0.020833333333333332 1.0695326663683202 30583.071524974705 0.0 t_multiswap_k 100 1200.205159664154 6.66084 12.429315938950582 7.315301838709677 11.710500810927577 6.83189002 3.0 13.520376872595504
0.9724819006981467 25930.947067880752 0.020833333333333332 1.0669796156724738 30445.976435177934 0.0 swap_t 100 1243.5725936889648 6.66084 12.429315938950582 7.315301838709677 11.710500810927577 7.773571119800001 3.0 13.520376872595504
0.9724819006981467 25930.947067880752 0.020833333333333332 1.063087584675164 30236.98006078706 0.0 t_move_k 100 1291.963951587677 7.6542316 12.429315938950582 7.315301838709677 11.710500810927577 7.773571119800001 3.0 13.520376872595504
0.9724819006981467 25930.947067880752 0.020833333333333332 1.060780099405593 30113.071475363653 0.0 move_t 100 1328.5246016979218 7.6542316 13.395022779561076 7.315301838709677 11.710500810927577 7.773571119800001 3.0 13.520376872595504
0.9724819006981467 25930.947067880752 0.020833333333333332 1.0770275873138098 30985.53782214352 0.0 t_move_k 100 1373.4530310630798 8.667689284 13.395022779561076 7.315301838709677 11.710500810927577 7.773571119800001 3.0 13.520376872595504
0.9724819006981467 25930.947067880752 0.020833333333333332 1.0736692884718897 30805.202084178563 0.0 f_swap_t 100 1413.4016544818878 8.667689284 13.395022779561076 7.315301838709677 12.623395802818301 7.773571119800001 3.0 13.520376872595504
0.9724819006981467 25930.947067880752 0.020833333333333332 1.0730455109079107 30771.706140958137 0.0 move_t 100 1449.045018196106 8.667689284 14.351072551765466 7.315301838709677 12.623395802818301 7.773571119800001 3.0 13.520376872595504
0.9724819006981467 25930.947067880752 0.020833333333333332 1.0614507241544064 30149.083043918927 0.0 t_multiswap_k 100 1477.1782257556915 8.667689284 14.351072551765466 7.315301838709677 12.623395802818301 7.773571119800001 3.0 14.47517310386955
0.9724819006981467 25930.947067880752 0.020833333333333332 1.0561352643183843 29863.65062194778 0.0 t_multiswap_k 100 1505.102352142334 8.667689284 14.351072551765466 7.315301838709677 12.623395802818301 7.773571119800001 3.0 15.390421372830854
0.9724819006981467 25930.947067880752 0.020833333333333332 1.0594308824492975 30040.62049737111 0.0 t_multiswap_k 100 1532.980097770691 8.667689284 14.351072551765466 7.315301838709677 12.623395802818301 7.773571119800001 3.0 16.336517159102545
0.9724819006981467 25930.947067880752 0.020833333333333332 1.0549308897569323 29798.977468798148 0.0 t_swap_r_k 100 1617.4143040180206 8.667689284 14.351072551765466 7.315301838709677 12.623395802818301 7.773571119800001 4.01 16.336517159102545
0.9724819006981467 25930.947067880752 0.020833333333333332 1.051605240709029 29620.39497703777 0.0 t_multiswap_k 100 1647.2087688446045 8.667689284 14.351072551765466 7.315301838709677 12.623395802818301 7.773571119800001 4.01 17.23315198751152
0.9724819006981467 25930.947067880752 0.020833333333333332 1.050182121151197 29543.975537388604 0.0 move_t 100 1679.0267279148102 8.667689284 15.237561826247811 7.315301838709677 12.623395802818301 7.773571119800001 4.01 17.23315198751152
0.9724819006981467 25930.947067880752 0.020833333333333332 1.055656137640741 29837.922219843407 0.0 move_t 100 1715.6477193832397 8.667689284 16.095186207985332 7.315301838709677 12.623395802818301 7.773571119800001 4.01 17.23315198751152
0.9724819006981467 25930.947067880752 0.020833333333333332 1.061923079205994 30174.447819604222 0.0 t_multiswap_k 100 1738.9628992080688 8.667689284 16.095186207985332 7.315301838709677 12.623395802818301 7.773571119800001 4.01 18.130820467636404
0.9724819006981467 25930.947067880752 0.020833333333333332 1.058562886618991 29994.010390296968 0.0 t_multiswap_k 100 1751.3557555675507 8.667689284 16.095186207985332 7.315301838709677 12.623395802818301 7.773571119800001 4.01 18.98951226296004
0.9724819006981467 25930.947067880752 0.020833333333333332 1.0554885411264259 29828.92253205146 0.0 swap_t 100 1783.801298379898 8.667689284 16.095186207985332 7.315301838709677 12.623395802818301 8.695835408602 4.01 18.98951226296004
0.9724819006981467 25930.947067880752 0.020833333333333332 1.0540901718561777 29753.832146660523 0.0 swap_t 100 1822.2841188907623 8.667689284 16.095186207985332 7.315301838709677 12.623395802818301 9.60887705451598 4.01 18.98951226296004
0.9724819006981467 25930.947067880752 0.020833333333333332 1.0540901718561777 29753.832146660523 0.0 move_t 100 1859.6815657615662 8.667689284 16.93423434590548 7.315301838709677 12.623395802818301 9.60887705451598 4.01 18.98951226296004
0.9724819006981467 25930.947067880752 0.020833333333333332 1.0533916952634197 29716.324974804953 0.0 f_swap_t 100 1901.400850534439 8.667689284 16.93423434590548 7.315301838709677 13.527161844790118 9.60887705451598 4.01 18.98951226296004
0.9724819006981467 25930.947067880752 0.020833333333333332 1.0599040869359562 30066.03088647786 0.0 t_multiswap_k 100 1935.3554446697235 8.667689284 16.93423434590548 7.315301838709677 13.527161844790118 9.60887705451598 4.01 19.83961714033044
0.9724819006981467 25930.947067880752 0.020833333333333332 1.0690372725721384 30556.469602387428 0.0 t_move_k 100 1981.8544158935547 9.68101239116 16.93423434590548 7.315301838709677 13.527161844790118 9.60887705451598 4.01 19.83961714033044
0.9724819006981467 25930.947067880752 0.020833333333333332 1.06627144791332 30407.948861855428 0.0 t_multiswap_k 100 2016.8150353431702 9.68101239116 16.93423434590548 7.315301838709677 13.527161844790118 9.60887705451598 4.01 20.671220968927134
0.9724819006981467 25930.947067880752 0.020833333333333332 1.0772480126594761 31494.583026091743 0.018518518518518517 t_multiswap_k 100 2034.784948348999 9.68101239116 16.93423434590548 7.315301838709677 13.527161844790118 9.60887705451598 4.01 21.624508759237862
0.9724819006981467 25930.947067880752 0.020833333333333332 1.084923333697989 31409.527859361595 0.0 move_t 100 2078.67507648468 9.68101239116 17.814892002446424 7.315301838709677 13.527161844790118 9.60887705451598 4.01 21.624508759237862
0.9724819006981467 25930.947067880752 0.020833333333333332 1.0689567942354112 30552.14803336481 0.0 move_t 100 2121.3239386081696 9.68101239116 18.726743082421958 7.315301838709677 13.527161844790118 9.60887705451598 4.01 21.624508759237862
0.9724819006981467 25930.947067880752 0.020833333333333332 1.0613526417763164 30143.816163612315 0.0 swap_t 100 2177.6200938224792 9.68101239116 18.726743082421958 7.315301838709677 13.527161844790118 10.51278828397082 4.01 21.624508759237862
0.9724819006981467 25930.947067880752 0.020833333333333332 1.0599827071859222 30070.252678957917 0.0 t_swap_k 100 2231.4338006973267 9.68101239116 18.726743082421958 8.27214882032258 13.527161844790118 10.51278828397082 4.01 21.624508759237862
0.9724819006981467 25930.947067880752 0.020833333333333332 1.0599827071859222 30070.252678957917 0.0 t_swap_r_k 100 2293.2039053440094 9.68101239116 18.726743082421958 8.27214882032258 13.527161844790118 10.51278828397082 5.0099 21.624508759237862
0.9724819006981467 25930.947067880752 0.020833333333333332 1.0599827071859222 30070.252678957917 0.0 t_multiswap_k 100 2317.8319692611694 9.68101239116 18.726743082421958 8.27214882032258 13.527161844790118 10.51278828397082 5.0099 22.408263671645482
0.9724819006981467 25930.947067880752 0.020833333333333332 1.0599827071859222 30070.252678957917 0.0 swap_t 100 2367.0875623226166 9.68101239116 18.726743082421958 8.27214882032258 13.527161844790118 11.407660401131112 5.0099 22.408263671645482
0.9724819006981467 25930.947067880752 0.020833333333333332 1.0576550290028486 29945.259763601538 0.0 t_multiswap_k 100 2400.314347267151 9.68101239116 18.726743082421958 8.27214882032258 13.527161844790118 11.407660401131112 5.0099 23.244181034929028
0.9724819006981467 25930.947067880752 0.020833333333333332 1.0480770055459034 29430.933907071656 0.0 f_swap_t 100 2479.6284301280975 9.68101239116 18.726743082421958 8.27214882032258 14.391890226342218 11.407660401131112 5.0099 23.244181034929028
0.9724819006981467 25930.947067880752 0.020833333333333332 1.0467413518677215 29359.211257284227 0.0 swap_t 100 2540.2612359523773 9.68101239116 18.726743082421958 8.27214882032258 14.391890226342218 12.3235837971198 5.0099 23.244181034929028
0.9724819006981467 25930.947067880752 0.020833333333333332 1.0437238039822563 29197.17334750166 0.0 t_move_k 100 2615.13529920578 10.744202267248399 18.726743082421958 8.27214882032258 14.391890226342218 12.3235837971198 5.0099 23.244181034929028
0.9724819006981467 25930.947067880752 0.020833333333333332 1.0612568950532522 29773.014429743518 0.0 move_t 100 2690.825823068619 10.744202267248399 19.59947565159774 8.27214882032258 14.391890226342218 12.3235837971198 5.0099 23.244181034929028
0.9724819006981467 25930.947067880752 0.020833333333333332 1.0478134380767914 29913.989404465687 0.018518518518518517 t_swap_k 100 2783.321413755417 10.744202267248399 19.59947565159774 9.199427332119352 14.391890226342218 12.3235837971198 5.0099 23.244181034929028
0.9724819006981467 25930.947067880752 0.020833333333333332 1.0453586114703057 29782.168804663583 0.018518518518518517 swap_t 100 2851.1376383304596 10.744202267248399 19.59947565159774 9.199427332119352 14.391890226342218 13.230347959148602 5.0099 23.244181034929028
0.9724819006981467 25930.947067880752 0.020833333333333332 1.045093872371086 29767.9527020851 0.018518518518518517 t_multiswap_k 100 2919.248212814331 10.744202267248399 19.59947565159774 9.199427332119352 14.391890226342218 13.230347959148602 5.0099 24.01173922457974
0.9724819006981467 25930.947067880752 0.020833333333333332 1.0616056495777908 30654.61099780175 0.018518518518518517 move_t 100 2976.708474636078 10.744202267248399 20.47348089508176 9.199427332119352 14.391890226342218 13.230347959148602 5.0099 24.01173922457974
0.9724819006981467 25930.947067880752 0.020833333333333332 1.0707392270215137 31145.070753203432 0.018518518518518517 t_move_k 100 3039.7912175655365 11.776760244575915 20.47348089508176 9.199427332119352 14.391890226342218 13.230347959148602 5.0099 24.01173922457974
0.9724819006981467 25930.947067880752 0.020833333333333332 1.0842493270916997 31870.543375152844 0.018518518518518517 f_swap_t 100 3097.792100906372 11.776760244575915 20.47348089508176 9.199427332119352 15.257971324078795 13.230347959148602 5.0099 24.01173922457974
0.9724819006981467 25930.947067880752 0.020833333333333332 1.061912435329313 30733.2360297801 0.020833333333333332 t_swap_k 100 3190.147361755371 11.776760244575915 20.47348089508176 10.167433058798158 15.257971324078795 13.230347959148602 5.0099 24.01173922457974
0.9724819006981467 25930.947067880752 0.020833333333333332 1.053717140318857 30479.613926202983 0.027777777777777776 move_t 100 3240.7326958179474 11.776760244575915 21.358746086130942 10.167433058798158 15.257971324078795 13.230347959148602 5.0099 24.01173922457974
0.9724819006981467 25930.947067880752 0.020833333333333332 1.0521775616537958 30396.940802759287 0.027777777777777776 t_move_k 100 3307.530708551407 12.688992642130156 21.358746086130942 10.167433058798158 15.257971324078795 13.230347959148602 5.0099 24.01173922457974
0.9724819006981467 25930.947067880752 0.020833333333333332 1.0508437770256627 30474.481123771515 0.03333333333333333 t_multiswap_k 100 3344.453018426895 12.688992642130156 21.358746086130942 10.167433058798158 15.257971324078795 13.230347959148602 5.0099 24.83162183233394
0.9724819006981467 25930.947067880752 0.020833333333333332 1.0467510322469749 30354.14844979472 0.037037037037037035 f_swap_t 100 3402.433184862137 12.688992642130156 21.358746086130942 10.167433058798158 16.135391610838006 13.230347959148602 5.0099 24.83162183233394
0.9724819006981467 25930.947067880752 0.020833333333333332 1.0620939640094145 30822.892393190516 0.023809523809523808 f_swap_t 100 3474.8009667396545 12.688992642130156 21.358746086130942 10.167433058798158 17.024037694729625 13.230347959148602 5.0099 24.83162183233394
0.9724819006981467 25930.947067880752 0.020833333333333332 1.050305891895168 30545.03921568387 0.037037037037037035 move_t 100 3520.7514293193817 12.688992642130156 22.17515862526963 10.167433058798158 17.024037694729625 13.230347959148602 5.0099 24.83162183233394
0.9724819006981467 25930.947067880752 0.020833333333333332 1.0499622970378755 30526.588674184306 0.037037037037037035 f_swap_t 100 3589.9432575702667 12.688992642130156 22.17515862526963 10.167433058798158 17.853797317782327 13.230347959148602 5.0099 24.83162183233394
0.9724819006981467 25930.947067880752 0.020833333333333332 1.0584991623710849 30629.85680082638 0.023809523809523808 t_move_k 100 3658.8207590579987 13.602102715708854 22.17515862526963 10.167433058798158 17.853797317782327 13.230347959148602 5.0099 24.83162183233394
0.9724819006981467 25930.947067880752 0.020833333333333332 1.057366458710124 30569.03227025 0.023809523809523808 f_swap_t 100 3736.691867351532 13.602102715708854 22.17515862526963 10.167433058798158 18.675259344604502 13.230347959148602 5.0099 24.83162183233394
0.9724819006981467 25930.947067880752 0.020833333333333332 1.0521548432230652 30289.17613799734 0.023809523809523808 move_t 100 3784.4911415576935 13.602102715708854 23.043407039016934 10.167433058798158 18.675259344604502 13.230347959148602 5.0099 24.83162183233394