1
3 51 2 160

699.9420712391357

599.8179598243646
15.390625
4 500 7200 7200
3 2 3 4 0

Assigned customers matrix:
Vehicle 0:
0 46 5 38 10 30 34 39 33 45 15 37 0 0 0 0 0 0 0 0 0 0
0 27 48 23 24 14 25 13 12 0 0 0 0 0 0 0 0 0 0 0 0 0

Vehicle 1:
0 51 0 0 0 0 0 0 0 0 0 0 0 0 0 0 0 0 0 0 0 0
0 11 16 50 9 49 21 29 20 35 36 22 1 0 0 0 0 0 0 0 0 0

Vehicle 2:
0 32 2 3 28 31 8 26 7 43 6 0 0 0 0 0 0 0 0 0 0 0
0 47 4 17 44 42 19 41 40 18 0 0 0 0 0 0 0 0 0 0 0 0

Transported demand matrix:
157 159
160 153
158 150

Routes distance matrix:
123.57726028283878 100.57033293003094
0.0 135.12251074885674
126.90977187797262 113.63808398466551