6
1 75 10 140

1202.7378153136133

987.4384702014885
12.75
1 500 7200 7200
17 12

Assigned customers matrix:
Vehicle 0:
0 17 40 50 18 24 49 16 0 0 0 0 0 0 0 0 0 0 0 0
0 34 8 35 38 65 66 59 0 0 0 0 0 0 0 0 0 0 0 0
0 7 53 11 19 52 45 0 0 0 0 0 0 0 0 0 0 0 0 0
0 51 2 74 69 37 15 13 54 14 0 0 0 0 0 0 0 0 0 0
0 75 6 3 44 9 39 72 12 0 0 0 0 0 0 0 0 0 0 0
0 67 46 27 57 5 21 0 0 0 0 0 0 0 0 0 0 0 0 0
0 33 23 56 41 43 1 4 0 0 0 0 0 0 0 0 0 0 0 0
0 30 48 47 36 71 60 70 20 29 0 0 0 0 0 0 0 0 0 0
0 68 73 62 28 61 22 64 42 63 0 0 0 0 0 0 0 0 0 0
0 26 58 10 31 25 55 32 0 0 0 0 0 0 0 0 0 0 0 0

Transported demand matrix:
139 139 129 137 129 137 140 135 140 139

Routes distance matrix:
85.7860026482733 105.92280446821515 85.02189321021962 139.3510439361358 72.18379127477041 85.07564088691873 93.3398394145933 93.63696954254081 116.87754066509339 110.24294415472812