14
2 20 4 20

954.807118897525

954.807118897525
2.71875
4 500 7200 7200
0 0 0 0 0

Assigned customers matrix:
Vehicle 0:
0 2 4 10 15 6 0 0 0 0 0 0 0 0 0 0 0
0 2 16 4 11 7 0 0 0 0 0 0 0 0 0 0 0
0 6 10 4 17 2 0 0 0 0 0 0 0 0 0 0 0
0 7 18 11 4 2 0 0 0 0 0 0 0 0 0 0 0

Vehicle 1:
0 1 3 9 14 5 0 0 0 0 0 0 0 0 0 0 0
0 1 13 3 12 8 0 0 0 0 0 0 0 0 0 0 0
0 5 9 3 20 1 0 0 0 0 0 0 0 0 0 0 0
0 1 3 12 19 8 0 0 0 0 0 0 0 0 0 0 0

Transported demand matrix:
15 15 15 15
15 15 15 15

Routes distance matrix:
120.56938494913481 118.13239477524644 118.13239477524641 120.56938494913479
120.56938494913481 118.13239477524644 118.13239477524641 120.56938494913481