31
9 153 6 20

127635.67882667744

105734.17537642452
1694.109375
4 500 7200 7200
122 34 36 1 0

Assigned customers matrix:
Vehicle 0:
0 59 22 113 11 97 148 17 0 0 0 0 0
0 63 11 17 132 40 0 0 0 0 0 0 0
0 23 11 96 146 147 149 17 0 0 0 0 0
0 76 77 22 112 11 17 0 0 0 0 0 0
0 11 17 135 134 133 40 131 0 0 0 0 0
0 23 11 98 99 17 150 151 0 0 0 0 0

Vehicle 1:
0 8 84 143 14 123 43 29 0 0 0 0 0
0 70 50 107 106 8 87 14 0 0 0 0 0
0 49 48 8 14 121 37 0 0 0 0 0 0
0 8 86 29 43 14 85 0 0 0 0 0 0
0 8 14 0 0 0 0 0 0 0 0 0 0
0 71 8 14 120 37 152 0 0 0 0 0 0

Vehicle 2:
0 72 109 9 15 127 39 44 0 0 0 0 0
0 25 20 34 108 9 15 0 0 0 0 0 0
0 9 89 88 145 144 15 30 0 0 0 0 0
0 73 9 15 126 39 44 0 0 0 0 0 0
0 25 20 34 9 15 125 124 0 0 0 0 0
0 55 9 90 91 30 15 0 0 0 0 0 0

Vehicle 3:
0 4 10 94 95 16 0 0 0 0 0 0 0
0 4 10 16 111 75 0 0 0 0 0 0 0
0 4 10 16 110 74 0 0 0 0 0 0 0
0 4 10 93 92 16 0 0 0 0 0 0 0
0 4 10 16 128 129 0 0 0 0 0 0 0
0 4 10 16 130 0 0 0 0 0 0 0 0

Vehicle 4:
0 26 5 0 0 0 0 0 0 0 0 0 0
0 5 35 31 32 33 45 42 41 0 0 0 0
0 5 0 0 0 0 0 0 0 0 0 0 0
0 26 5 0 0 0 0 0 0 0 0 0 0
0 5 35 31 32 33 45 42 41 0 0 0 0
0 5 0 0 0 0 0 0 0 0 0 0 0

Vehicle 5:
0 6 12 100 101 18 0 0 0 0 0 0 0
0 78 79 6 12 18 0 0 0 0 0 0 0
0 6 12 103 102 18 0 0 0 0 0 0 0
0 6 12 18 138 139 0 0 0 0 0 0 0
0 6 12 18 137 136 0 0 0 0 0 0 0
0 6 114 115 12 18 0 0 0 0 0 0 0

Vehicle 6:
0 3 56 21 58 60 61 69 68 0 0 0 0
0 3 0 0 0 0 0 0 0 0 0 0 0
0 3 0 0 0 0 0 0 0 0 0 0 0
0 81 51 53 52 3 54 21 57 0 0 0 0
0 3 0 0 0 0 0 0 0 0 0 0 0
0 3 0 0 0 0 0 0 0 0 0 0 0

Vehicle 7:
0 1 116 117 7 13 0 0 0 0 0 0 0
0 1 7 105 153 13 0 0 0 0 0 0 0
0 1 47 7 83 13 0 0 0 0 0 0 0
0 1 7 13 118 119 0 0 0 0 0 0 0
0 80 1 7 104 13 0 0 0 0 0 0 0
0 1 7 13 141 140 0 0 0 0 0 0 0

Vehicle 8:
0 27 2 0 0 0 0 0 0 0 0 0 0
0 2 19 24 36 82 28 122 38 0 0 0 0
0 2 0 0 0 0 0 0 0 0 0 0 0
0 27 66 67 65 64 62 2 0 0 0 0 0
0 2 46 19 24 36 28 142 38 0 0 0 0
0 2 0 0 0 0 0 0 0 0 0 0 0

Transported demand matrix:
20 16 20 18 20 20
20 20 18 18 10 18
20 18 20 18 20 18
19 19 19 19 19 17
7 19 5 7 19 5
19 19 19 19 19 19
19 5 5 19 5 5
19 19 19 19 19 19
7 19 5 17 19 5

Routes distance matrix:
1858.7306820492163 3253.460411936142 2438.527504895469 1760.876683747349 4219.761953392661 2738.8774296985057
2570.6123611896487 1894.8950230087585 3257.460756529342 2053.1720539093785 1732.0501056773012 3496.837242789246
3670.5387088364805 1799.1533743370908 2095.941422006132 3657.655685642211 2749.0150927780637 2014.135900844537
1907.8408151533495 1742.809437618597 1736.5163290708085 1907.8408151533495 2684.9358055350285 2511.7318802267555
128.28535482277158 5510.488105460185 115.46954038186868 128.28535482277158 5510.488105460185 115.46954038186868
1852.3762250411796 1740.855858158619 1907.8415399741575 2684.93902427188 2571.733059634427 1777.2231270346292
464.9168998953638 115.46954038186868 115.46954038186868 371.0752738761062 115.46954038186868 115.46954038186868
1777.223091424834 1925.170300689606 1805.7999818572569 2684.9358055350285 1797.3372649746548 2684.9363511117904
167.9724887693398 3622.8420897300994 115.46954038186868 345.3727294892153 3596.943545310086 115.46954038186868