32
9 153 6 20

126353.92675262937

100816.23348617964
5133.765625
4 500 7200 7200
115 53 83 6 0

Assigned customers matrix:
Vehicle 0:
0 64 23 11 17 0 0 0 0 0 0 0 0
0 11 98 99 32 17 31 0 0 0 0 0 0
0 76 11 148 17 132 147 146 0 0 0 0 0
0 23 11 17 135 134 136 0 0 0 0 0 0
0 11 96 31 149 17 32 0 0 0 0 0 0
0 77 61 112 11 17 0 0 0 0 0 0 0

Vehicle 1:
0 8 85 28 14 142 29 0 0 0 0 0 0
0 72 53 107 106 8 86 14 0 0 0 0 0
0 49 8 14 121 37 0 0 0 0 0 0 0
0 8 87 29 143 14 28 0 0 0 0 0 0
0 70 50 8 84 14 0 0 0 0 0 0 0
0 71 8 14 122 120 37 0 0 0 0 0 0

Vehicle 2:
0 25 51 20 109 15 16 0 0 0 0 0 0
0 56 57 93 16 15 0 0 0 0 0 0 0
0 73 52 15 126 39 16 0 0 0 0 0 0
0 25 20 89 144 15 16 0 0 0 0 0 0
0 108 88 145 15 125 124 16 0 0 0 0 0
0 91 90 15 127 39 16 0 0 0 0 0 0

Vehicle 3:
0 4 10 9 0 0 0 0 0 0 0 0 0
0 4 35 10 9 0 0 0 0 0 0 0 0
0 74 75 4 10 9 0 0 0 0 0 0 0
0 4 10 9 128 129 0 0 0 0 0 0 0
0 4 35 111 10 9 0 0 0 0 0 0 0
0 4 58 10 9 0 0 0 0 0 0 0 0

Vehicle 4:
0 68 36 115 101 18 0 0 0 0 0 0 0
0 44 130 40 133 41 137 18 0 0 0 0 0
0 102 33 45 151 18 138 42 0 0 0 0 0
0 66 67 36 103 150 18 0 0 0 0 0 0
0 113 97 44 131 40 41 18 0 0 0 0 0
0 33 45 18 139 42 140 141 0 0 0 0 0

Vehicle 5:
0 80 1 79 6 12 0 0 0 0 0 0 0
0 6 1 24 114 12 0 0 0 0 0 0 0
0 27 1 6 65 12 0 0 0 0 0 0 0
0 81 1 6 12 100 0 0 0 0 0 0 0
0 78 6 1 24 12 0 0 0 0 0 0 0
0 27 1 69 6 12 0 0 0 0 0 0 0

Vehicle 6:
0 3 0 0 0 0 0 0 0 0 0 0 0
0 3 34 43 123 38 30 0 0 0 0 0 0
0 3 55 21 0 0 0 0 0 0 0 0 0
0 3 0 0 0 0 0 0 0 0 0 0 0
0 3 34 92 30 43 38 0 0 0 0 0 0
0 3 54 21 110 95 94 0 0 0 0 0 0

Vehicle 7:
0 2 7 13 0 0 0 0 0 0 0 0 0
0 2 7 104 152 13 0 0 0 0 0 0 0
0 2 116 117 7 13 0 0 0 0 0 0 0
0 2 7 105 153 13 0 0 0 0 0 0 0
0 2 7 83 82 13 0 0 0 0 0 0 0
0 2 7 13 118 119 0 0 0 0 0 0 0

Vehicle 8:
0 5 60 59 22 0 0 0 0 0 0 0 0
0 5 0 0 0 0 0 0 0 0 0 0 0
0 26 5 47 19 48 0 0 0 0 0 0 0
0 5 62 63 22 0 0 0 0 0 0 0 0
0 5 0 0 0 0 0 0 0 0 0 0 0
0 26 5 46 19 0 0 0 0 0 0 0 0

Transported demand matrix:
15 20 20 19 20 16
20 20 17 20 16 19
20 16 19 20 20 19
15 18 19 19 20 17
14 20 20 16 20 20
19 20 20 19 20 20
5 19 10 5 19 16
15 19 19 19 19 19
12 5 15 12 5 13

Routes distance matrix:
1753.7084493108432 2140.8010603735434 2620.3909905383066 2874.2364152836362 2113.8202021734724 1746.2901806170664
2113.81987427848 1852.0028418260245 3256.509437729075 2083.07771895882 1798.956561230977 3913.3835142523476
2616.023076326312 2630.1702641533993 3485.2414039545324 2720.1259362625206 3695.0718085131543 3529.3466122827463
866.0252018928807 940.5901668279861 874.8294605773009 2834.1223265756225 943.6152621307916 877.1831964364723
1865.5734089037278 4961.994752330245 3461.3439732115576 1797.535823514295 4809.243547267298 3647.141602307768
637.9772475830791 674.6015768850804 659.0583150039924 864.8215741803043 672.7414902286023 663.8319356142803
115.46954038186868 3377.004539646756 216.61472326063463 115.46954038186868 3655.721370196982 889.5359364100096
1765.6852733351218 1846.2150822432307 1821.010566341679 1958.8055740247278 1941.4760884884713 2718.571078870151
235.48111153319167 115.46954038186868 337.93778958434274 271.44892060762913 115.46954038186868 323.64006057273014