29
6 102 6 20
8.296875

34833.2518621955

26881.705809286723
Assigned customers matrix:
Vehicle 0:
0 3 4 44 16 5 0 0 0 0 0 0 0 0 0 0 0 0 0 0 0 0 0 0
0 8 22 7 89 27 102 0 0 0 0 0 0 0 0 0 0 0 0 0 0 0 0 0
0 20 59 4 60 45 5 0 0 0 0 0 0 0 0 0 0 0 0 0 0 0 0 0
0 98 25 10 77 24 9 0 0 0 0 0 0 0 0 0 0 0 0 0 0 0 0 0
0 10 79 11 26 12 0 0 0 0 0 0 0 0 0 0 0 0 0 0 0 0 0 0
0 61 5 48 17 6 63 0 0 0 0 0 0 0 0 0 0 0 0 0 0 0 0 0

Vehicle 1:
0 29 96 10 25 11 0 0 0 0 0 0 0 0 0 0 0 0 0 0 0 0 0 0
0 56 55 2 33 13 1 0 0 0 0 0 0 0 0 0 0 0 0 0 0 0 0 0
0 17 11 82 81 10 41 0 0 0 0 0 0 0 0 0 0 0 0 0 0 0 0 0
0 16 29 97 11 86 12 0 0 0 0 0 0 0 0 0 0 0 0 0 0 0 0 0
0 1 13 34 2 19 58 0 0 0 0 0 0 0 0 0 0 0 0 0 0 0 0 0
0 3 42 4 43 20 0 0 0 0 0 0 0 0 0 0 0 0 0 0 0 0 0 0

Vehicle 2:
0 85 12 90 7 30 18 0 0 0 0 0 0 0 0 0 0 0 0 0 0 0 0 0
0 5 4 15 39 3 0 0 0 0 0 0 0 0 0 0 0 0 0 0 0 0 0 0
0 6 21 66 1 65 0 0 0 0 0 0 0 0 0 0 0 0 0 0 0 0 0 0
0 6 18 53 54 1 0 0 0 0 0 0 0 0 0 0 0 0 0 0 0 0 0 0
0 8 22 68 27 7 101 0 0 0 0 0 0 0 0 0 0 0 0 0 0 0 0 0
0 46 11 84 83 12 100 64 0 0 0 0 0 0 0 0 0 0 0 0 0 0 0 0

Vehicle 3:
0 6 52 51 1 2 0 0 0 0 0 0 0 0 0 0 0 0 0 0 0 0 0 0
0 19 37 9 75 10 95 0 0 0 0 0 0 0 0 0 0 0 0 0 0 0 0 0
0 47 49 50 12 88 87 7 0 0 0 0 0 0 0 0 0 0 0 0 0 0 0 0
0 30 7 67 8 23 94 0 0 0 0 0 0 0 0 0 0 0 0 0 0 0 0 0
0 6 5 62 4 0 0 0 0 0 0 0 0 0 0 0 0 0 0 0 0 0 0 0
0 14 28 92 8 70 7 0 0 0 0 0 0 0 0 0 0 0 0 0 0 0 0 0

Vehicle 4:
0 8 23 9 24 78 0 0 0 0 0 0 0 0 0 0 0 0 0 0 0 0 0 0
0 6 99 12 26 11 0 0 0 0 0 0 0 0 0 0 0 0 0 0 0 0 0 0
0 93 9 73 72 8 69 31 0 0 0 0 0 0 0 0 0 0 0 0 0 0 0 0
0 2 3 4 5 0 0 0 0 0 0 0 0 0 0 0 0 0 0 0 0 0 0 0
0 57 38 9 15 40 3 0 0 0 0 0 0 0 0 0 0 0 0 0 0 0 0 0
0 36 2 32 1 21 0 0 0 0 0 0 0 0 0 0 0 0 0 0 0 0 0 0

Vehicle 5:
0 0 0 0 0 0 0 0 0 0 0 0 0 0 0 0 0 0 0 0 0 0 0 0
0 0 0 0 0 0 0 0 0 0 0 0 0 0 0 0 0 0 0 0 0 0 0 0
0 3 28 14 35 2 0 0 0 0 0 0 0 0 0 0 0 0 0 0 0 0 0 0
0 0 0 0 0 0 0 0 0 0 0 0 0 0 0 0 0 0 0 0 0 0 0 0
0 0 0 0 0 0 0 0 0 0 0 0 0 0 0 0 0 0 0 0 0 0 0 0
0 91 71 74 9 76 10 80 0 0 0 0 0 0 0 0 0 0 0 0 0 0 0 0

Transported demand matrix:
20 20 19 20 20 19
18 19 19 20 20 17
20 20 17 17 20 20
19 19 20 20 17 20
18 20 20 20 19 17
0 0 18 0 0 20

Routes distance matrix:
289.8195036617637 1678.179912439724 207.22163506018305 1678.1802088644322 1580.7637245585338 237.47271037703456
1221.8037097257265 240.88910738210603 1030.2120735024002 1070.5158338081233 265.3299389845369 254.96782842053153
1231.9151879636818 289.8192435631422 179.87104343128078 243.63205700739854 1679.0107938915187 1045.5622640125316
258.4185880853744 1023.4524835746781 1030.539579099498 1533.5625378292152 231.135808409604 1012.7807821543829
1703.2700508722887 1169.322211688274 1322.8247618552284 288.6740807633877 622.3248887477449 257.92990643406625
0.0 0.0 427.10033916391626 0.0 0.0 1575.2030139544186
