13
9 417 7 2000

Solution history:
B_obj   B_dis   B_sim   C_obj   C_dis   C_sim   neighbor   iterations   time   scores
1.0013706987855469 4491.657738140851 0.0 1.0013706987855469 4491.657738140851 0.0 0 0 0 3.0 3.0 3.0 3.0 3.0 3.0 3.0
1.0013706987855469 4491.657738140851 0.0 1.0013706987855469 4491.657738140851 0.0 t_swap_k 100 163.0960648059845 3.0 3.0 3.9699999999999998 3.0 3.0 3.0 3.0
0.9992885931456659 4473.00466182097 0.0 0.9992885931456659 4473.00466182097 0.0 t_swap_k 100 244.8394525051117 3.0 3.0 4.9303 3.0 3.0 3.0 3.0
0.999277320723141 4472.903674938441 0.0 0.999277320723141 4472.903674938441 0.0 t_move_k 100 304.92902851104736 3.9699999999999998 3.0 4.9303 3.0 3.0 3.0 3.0
0.999277320723141 4472.903674938441 0.0 0.999277320723141 4472.903674938441 0.0 t_swap_k 100 426.52532029151917 3.9699999999999998 3.0 5.880997 3.0 3.0 3.0 3.0
0.999277320723141 4472.903674938441 0.0 0.999277320723141 4472.903674938441 0.0 t_swap_k 100 558.2778775691986 3.9699999999999998 3.0 6.82218703 3.0 3.0 3.0 3.0
0.999277320723141 4472.903674938441 0.0 1.0092863480954453 4562.572108608323 0.0 t_swap_k 100 705.497353553772 3.9699999999999998 3.0 7.793965159700001 3.0 3.0 3.0 3.0
0.999277320723141 4472.903674938441 0.0 1.0089111726889683 4559.211003697836 0.0 swap_t 100 767.2865648269653 3.9699999999999998 3.0 7.793965159700001 3.0 3.9699999999999998 3.0 3.0
0.999277320723141 4472.903674938441 0.0 1.008699325009864 4557.313112039106 0.0 swap_t 100 861.6211442947388 3.9699999999999998 3.0 7.793965159700001 3.0 4.9303 3.0 3.0
0.999277320723141 4472.903674938441 0.0 1.0083581343882955 4554.256468523119 0.0 t_move_k 100 950.0836801528931 4.9303 3.0 7.793965159700001 3.0 4.9303 3.0 3.0
0.999277320723141 4472.903674938441 0.0 1.0083581343882955 4554.256468523119 0.0 t_move_k 100 1008.1121256351471 5.880997 3.0 7.793965159700001 3.0 4.9303 3.0 3.0
0.999277320723141 4472.903674938441 0.0 1.0188191242514868 4647.973923853939 0.0 t_swap_k 100 1122.0265262126923 5.880997 3.0 8.726025508103001 3.0 4.9303 3.0 3.0
0.999277320723141 4472.903674938441 0.0 1.0169163529824683 4630.927460398654 0.0 t_swap_r_k 100 1433.4671857357025 5.880997 3.0 8.726025508103001 3.0 4.9303 4.01 3.0
0.999277320723141 4472.903674938441 0.0 1.0166916212978618 4628.914144078786 0.0 move_t 100 1495.925725221634 5.880997 3.9699999999999998 8.726025508103001 3.0 4.9303 4.01 3.0
0.999277320723141 4472.903674938441 0.0 1.0166916212978618 4628.914144078786 0.0 t_move_k 100 1548.5690877437592 6.82218703 3.9699999999999998 8.726025508103001 3.0 4.9303 4.01 3.0
0.999277320723141 4472.903674938441 0.0 1.0166916212978618 4628.914144078786 0.0 swap_t 100 1630.3445310592651 6.82218703 3.9699999999999998 8.726025508103001 3.0 5.880997 4.01 3.0
0.999277320723141 4472.903674938441 0.0 1.0166916212978618 4628.914144078786 0.0 t_swap_r_k 100 1943.9277811050415 6.82218703 3.9699999999999998 8.726025508103001 3.0 5.880997 5.0099 3.0
0.999277320723141 4472.903674938441 0.0 1.0166916212978618 4628.914144078786 0.0 t_swap_r_k 100 2259.851735830307 6.82218703 3.9699999999999998 8.726025508103001 3.0 5.880997 5.999801 3.0
0.999277320723141 4472.903674938441 0.0 1.0166916212978618 4628.914144078786 0.0 move_t 100 2350.426906347275 6.82218703 4.9303 8.726025508103001 3.0 5.880997 5.999801 3.0
0.999277320723141 4472.903674938441 0.0 1.0166916212978618 4628.914144078786 0.0 t_swap_k 100 2434.4533128738403 6.82218703 4.9303 9.63876525302197 3.0 5.880997 5.999801 3.0
0.999277320723141 4472.903674938441 0.0 1.0164461414027182 4626.7149496040165 0.0 t_move_k 100 2519.2008123397827 7.7839651597 4.9303 9.63876525302197 3.0 5.880997 5.999801 3.0
0.999277320723141 4472.903674938441 0.0 1.0161661717507433 4624.206769814525 0.0 swap_t 100 2594.9868700504303 7.7839651597 4.9303 9.63876525302197 3.0 6.82218703 5.999801 3.0
0.999277320723141 4472.903674938441 0.0 1.0161661717507433 4624.206769814525 0.0 swap_t 100 2656.4536159038544 7.7839651597 4.9303 9.63876525302197 3.0 7.7539651597 5.999801 3.0
0.999277320723141 4472.903674938441 0.0 1.0161661717507433 4624.206769814525 0.0 t_swap_k 100 2765.1384449005127 7.7839651597 4.9303 10.54237760049175 3.0 7.7539651597 5.999801 3.0
0.999277320723141 4472.903674938441 0.0 1.0207750177340154 4665.496296256352 0.0 t_swap_k 100 2898.581170797348 7.7839651597 4.9303 11.456953824486833 3.0 7.7539651597 5.999801 3.0
0.999277320723141 4472.903674938441 0.0 1.0194119904049885 4653.285267042737 0.0 swap_t 100 2987.3540415763855 7.7839651597 4.9303 11.456953824486833 3.0 8.676425508103 5.999801 3.0
0.999277320723141 4472.903674938441 0.0 1.0194119904049885 4653.285267042737 0.0 t_move_k 100 3058.6938576698303 8.706125508103 4.9303 11.456953824486833 3.0 8.676425508103 5.999801 3.0
0.999277320723141 4472.903674938441 0.0 1.0191557363279882 4650.9895493019985 0.0 swap_t 100 3149.1740951538086 8.706125508103 4.9303 11.456953824486833 3.0 9.61966125302197 5.999801 3.0
0.999277320723141 4472.903674938441 0.0 1.0191557363279882 4650.9895493019985 0.0 move_t 100 3212.4558770656586 8.706125508103 5.880997 11.456953824486833 3.0 9.61966125302197 5.999801 3.0
0.999277320723141 4472.903674938441 0.0 1.0186939259402212 4646.852302736151 0.0 t_swap_k 100 3323.018571615219 8.706125508103 5.880997 12.372384286241964 3.0 9.61966125302197 5.999801 3.0
0.999277320723141 4472.903674938441 0.0 1.0186939259402212 4646.852302736151 0.0 t_move_k 100 3391.809433221817 9.61906425302197 5.880997 12.372384286241964 3.0 9.61966125302197 5.999801 3.0
0.999277320723141 4472.903674938441 0.0 1.0186939259402212 4646.852302736151 0.0 t_swap_r_k 100 3698.195404291153 9.61906425302197 5.880997 12.372384286241964 3.0 9.61966125302197 6.97980299 3.0