13
9 417 7 2000

Solution history:
B_obj   B_dis   B_sim   C_obj   C_dis   C_sim   neighbor   iterations   time   scores
1.0013706987855469 4491.657738140851 0.0 1.0013706987855469 4491.657738140851 0.0 0 0 0 3.0 3.0 3.0 3.0 3.0 3.0 3.0
1.0013706987855469 4491.657738140851 0.0 1.0013706987855469 4491.657738140851 0.0 t_swap_r_k 100 315.09900879859924 3.0 3.0 3.0 3.0 3.0 4.01 3.0
0.9992885931456659 4473.00466182097 0.0 0.9992885931456659 4473.00466182097 0.0 move_t 100 388.33468294143677 3.0 3.9699999999999998 3.0 3.0 3.0 4.01 3.0
0.999277320723141 4472.903674938441 0.0 0.999277320723141 4472.903674938441 0.0 swap_t 100 471.5343613624573 3.0 3.9699999999999998 3.0 3.0 3.9699999999999998 4.01 3.0
0.999277320723141 4472.903674938441 0.0 0.999277320723141 4472.903674938441 0.0 t_multiswap_k 100 521.6682970523834 3.0 3.9699999999999998 3.0 3.0 3.9699999999999998 4.01 3.9699999999999998
0.999277320723141 4472.903674938441 0.0 1.0022486152772996 4499.52277774762 0.0 t_move_k 100 592.659371137619 3.98 3.9699999999999998 3.0 3.0 3.9699999999999998 4.01 3.9699999999999998
0.999277320723141 4472.903674938441 0.0 1.0017546238025008 4495.097228676384 0.0 swap_t 100 648.3918967247009 3.98 3.9699999999999998 3.0 3.0 4.9303 4.01 3.9699999999999998
0.999277320723141 4472.903674938441 0.0 1.0017546238025008 4495.097228676384 0.0 t_swap_r_k 100 988.3682849407196 3.98 3.9699999999999998 3.0 3.0 4.9303 5.0099 3.9699999999999998
0.999277320723141 4472.903674938441 0.0 1.0017546238025008 4495.097228676384 0.0 t_multiswap_k 100 1049.956211090088 3.98 3.9699999999999998 3.0 3.0 4.9303 5.0099 4.9303
0.999277320723141 4472.903674938441 0.0 1.0017546238025008 4495.097228676384 0.0 t_multiswap_k 100 1124.0364787578583 3.98 3.9699999999999998 3.0 3.0 4.9303 5.0099 5.880997
0.999277320723141 4472.903674938441 0.0 1.0016583165525494 4494.234435526464 0.0 swap_t 100 1209.5723283290863 3.98 3.9699999999999998 3.0 3.0 5.910997 5.0099 5.880997
0.999277320723141 4472.903674938441 0.0 1.0011608301560075 4489.777576304214 0.0 f_swap_t 100 1295.112817287445 3.98 3.9699999999999998 3.0 4.0 5.910997 5.0099 5.880997
0.999277320723141 4472.903674938441 0.0 1.000868889883607 4487.162154647584 0.0 t_move_k 100 1363.4023435115814 4.9402 3.9699999999999998 3.0 4.0 5.910997 5.0099 5.880997
0.999277320723141 4472.903674938441 0.0 1.000868889883607 4487.162154647584 0.0 t_swap_r_k 100 1701.7261276245117 4.9402 3.9699999999999998 3.0 4.0 5.910997 5.999801 5.880997
0.999277320723141 4472.903674938441 0.0 1.000868889883607 4487.162154647584 0.0 t_swap_r_k 100 2047.4053211212158 4.9402 3.9699999999999998 3.0 4.0 5.910997 6.97980299 5.880997
0.999277320723141 4472.903674938441 0.0 1.000868889883607 4487.162154647584 0.0 t_swap_r_k 100 2385.7241756916046 4.9402 3.9699999999999998 3.0 4.0 5.910997 7.950004960099999 5.880997
0.999277320723141 4472.903674938441 0.0 1.000868889883607 4487.162154647584 0.0 f_swap_t 100 2491.1832206249237 4.9402 3.9699999999999998 3.0 4.96 5.910997 7.950004960099999 5.880997
0.999277320723141 4472.903674938441 0.0 1.000868889883607 4487.162154647584 0.0 swap_t 100 2564.695764541626 4.9402 3.9699999999999998 3.0 4.96 6.85188703 7.950004960099999 5.880997
0.999277320723141 4472.903674938441 0.0 1.000868889883607 4487.162154647584 0.0 t_swap_k 100 2675.8959329128265 4.9402 3.9699999999999998 3.9699999999999998 4.96 6.85188703 7.950004960099999 5.880997
0.999277320723141 4472.903674938441 0.0 1.000868889883607 4487.162154647584 0.0 move_t 100 2744.1247403621674 4.9402 4.9303 3.9699999999999998 4.96 6.85188703 7.950004960099999 5.880997
0.999277320723141 4472.903674938441 0.0 1.0006983063253683 4485.633938177779 0.0 f_swap_t 100 2831.47541475296 4.9402 4.9303 3.9699999999999998 5.9404 6.85188703 7.950004960099999 5.880997
0.999277320723141 4472.903674938441 0.0 1.0006494701954018 4485.196427207162 0.0 move_t 100 2891.1099371910095 4.9402 5.880997 3.9699999999999998 5.9404 6.85188703 7.950004960099999 5.880997
0.999277320723141 4472.903674938441 0.0 1.0006166047197742 4484.90199343136 0.0 swap_t 100 2980.5634484291077 4.9402 5.880997 3.9699999999999998 5.9404 7.7833681597 7.950004960099999 5.880997
0.999277320723141 4472.903674938441 0.0 1.000610497314966 4484.8472786821085 0.0 t_swap_k 100 3073.3644025325775 4.9402 5.880997 4.9303 5.9404 7.7833681597 7.950004960099999 5.880997
0.999277320723141 4472.903674938441 0.0 1.0004933607881867 4483.797881124168 0.0 move_t 100 3162.1747949123383 4.9402 6.85218703 4.9303 5.9404 7.7833681597 7.950004960099999 5.880997
0.999277320723141 4472.903674938441 0.0 1.018908738363782 4648.776754816962 0.0 move_t 100 3238.4607400894165 4.9402 7.8236651597 4.9303 5.9404 7.7833681597 7.950004960099999 5.880997
0.999277320723141 4472.903674938441 0.0 1.015120791297529 4614.841461444183 0.0 t_swap_k 100 3359.6624286174774 4.9402 7.8236651597 5.910997 5.9404 7.7833681597 7.950004960099999 5.880997
0.999277320723141 4472.903674938441 0.0 1.0146762247582357 4610.858698308697 0.0 swap_t 100 3424.4478299617767 4.9402 7.8236651597 5.910997 5.9404 8.705534478103 7.950004960099999 5.880997
0.999277320723141 4472.903674938441 0.0 1.0146762247582357 4610.858698308697 0.0 move_t 100 3514.1352739334106 4.9402 8.745428508103 5.910997 5.9404 8.705534478103 7.950004960099999 5.880997
0.999277320723141 4472.903674938441 0.0 1.0146762247582357 4610.858698308697 0.0 swap_t 100 3591.462701320648 4.9402 8.745428508103 5.910997 5.9404 9.618479133321971 7.950004960099999 5.880997
0.999277320723141 4472.903674938441 0.0 1.0146762247582357 4610.858698308697 0.0 t_swap_r_k 100 3941.99187874794 4.9402 8.745428508103 5.910997 5.9404 9.618479133321971 8.910504910499 5.880997