13
9 417 7 2000

Solution history:
B_obj   B_dis   B_sim   C_obj   C_dis   C_sim   neighbor   iterations   time   scores
0.891370698785547 4491.657738140851 0.22 0.891370698785547 4491.657738140851 0.22 0 0 0 3.0 3.0 3.0 3.0 3.0 3.0 3.0
0.891370698785547 4491.657738140851 0.22 0.891370698785547 4491.657738140851 0.22 t_move_k 100 93.5626003742218 3.9699999999999998 3.0 3.0 3.0 3.0 3.0 3.0
0.8892885931456659 4473.00466182097 0.22 0.8981259705274252 4552.176569149819 0.22 swap_t 100 229.38738179206848 3.9699999999999998 3.0 3.0 3.0 3.98 3.0 3.0
0.8892885931456659 4473.00466182097 0.22 0.8970594325349475 4542.621715548407 0.22 t_swap_k 100 325.70355248451233 3.9699999999999998 3.0 3.9699999999999998 3.0 3.98 3.0 3.0
0.8892885931456659 4473.00466182097 0.22 0.8970594325349475 4542.621715548407 0.22 t_swap_k 100 446.6879210472107 3.9699999999999998 3.0 4.9303 3.0 3.98 3.0 3.0
0.8877644825540075 4548.938086611891 0.24 0.8877644825540075 4548.938086611891 0.24 t_multiswap_k 23 476.7299542427063 3.9699999999999998 3.0 4.9303 3.0 3.98 3.0 4.173913043478261
0.8872210200240661 4544.069338430328 0.24 0.8872210200240661 4544.069338430328 0.24 t_multiswap_k 100 524.7766036987305 3.9699999999999998 3.0 4.9303 3.0 3.98 3.0 5.132173913043478
0.8868995658513981 4563.129319468805 0.24489795918367346 0.8868995658513981 4563.129319468805 0.24489795918367346 t_move_k 50 564.2313241958618 5.0306 3.0 4.9303 3.0 3.98 3.0 5.132173913043478
0.8864986210126344 4559.53735250312 0.24489795918367346 0.8864986210126344 4559.53735250312 0.24489795918367346 move_t 100 630.3499410152435 5.0306 3.9699999999999998 4.9303 3.0 3.98 3.0 5.132173913043478
0.8864986210126344 4559.53735250312 0.24489795918367346 0.8864986210126344 4559.53735250312 0.24489795918367346 t_move_k 100 709.1857147216797 5.980294 3.9699999999999998 4.9303 3.0 3.98 3.0 5.132173913043478
0.8833761119902481 4574.778334481931 0.2545454545454545 0.8833761119902481 4574.778334481931 0.2545454545454545 t_multiswap_k 65 753.7540996074677 5.980294 3.9699999999999998 4.9303 3.0 3.98 3.0 6.160909698996655
0.8822808386194674 4564.966047638755 0.2545454545454545 0.8822808386194674 4564.966047638755 0.2545454545454545 f_swap_t 11 765.972588300705 5.980294 3.9699999999999998 4.9303 4.363636363636363 3.98 3.0 6.160909698996655
0.88158596702465 4558.740862594164 0.2545454545454545 0.88158596702465 4558.740862594164 0.2545454545454545 swap_t 100 864.5315551757812 5.980294 3.9699999999999998 4.9303 4.363636363636363 4.9402 3.0 6.160909698996655
0.88158596702465 4558.740862594164 0.2545454545454545 0.8847210052095984 4586.826904632321 0.2545454545454545 swap_t 100 954.0669116973877 5.980294 3.9699999999999998 4.9303 4.363636363636363 5.900798 3.0 6.160909698996655
0.88158596702465 4558.740862594164 0.2545454545454545 0.8844868750993868 4584.729390111009 0.2545454545454545 t_move_k 100 1037.8492379188538 6.92049106 3.9699999999999998 4.9303 4.363636363636363 5.900798 3.0 6.160909698996655
0.88158596702465 4558.740862594164 0.2545454545454545 0.8844868750993868 4584.729390111009 0.2545454545454545 f_swap_t 100 1127.359471321106 6.92049106 3.9699999999999998 4.9303 5.319999999999999 5.900798 3.0 6.160909698996655
0.88158596702465 4558.740862594164 0.2545454545454545 0.8835534023052194 4576.366635148617 0.2545454545454545 swap_t 100 1224.325056552887 6.92049106 3.9699999999999998 4.9303 5.319999999999999 6.93179002 3.0 6.160909698996655
0.88158596702465 4558.740862594164 0.2545454545454545 0.8835534023052194 4576.366635148617 0.2545454545454545 move_t 100 1286.5516810417175 6.92049106 4.9303 4.9303 5.319999999999999 6.93179002 3.0 6.160909698996655
0.88158596702465 4558.740862594164 0.2545454545454545 0.8903556409436757 4637.306231122438 0.2545454545454545 t_multiswap_k 100 1360.8768203258514 6.92049106 4.9303 4.9303 5.319999999999999 6.93179002 3.0 7.109300602006689
0.88158596702465 4558.740862594164 0.2545454545454545 0.8903548905183678 4637.299508245234 0.2545454545454545 t_move_k 100 1438.034795999527 7.8512861494 4.9303 4.9303 5.319999999999999 6.93179002 3.0 7.109300602006689
0.88158596702465 4558.740862594164 0.2545454545454545 0.8903548905183678 4637.299508245234 0.2545454545454545 move_t 100 1503.7054007053375 7.8512861494 5.880997 4.9303 5.319999999999999 6.93179002 3.0 7.109300602006689
0.88158596702465 4558.740862594164 0.2545454545454545 0.8903548905183678 4637.299508245234 0.2545454545454545 move_t 100 1586.8440339565277 7.8512861494 6.82218703 4.9303 5.319999999999999 6.93179002 3.0 7.109300602006689
0.88158596702465 4558.740862594164 0.2545454545454545 0.8900841525842349 4634.874033163021 0.2545454545454545 swap_t 100 1673.7397603988647 7.8512861494 6.82218703 4.9303 5.319999999999999 7.892472119800001 3.0 7.109300602006689
0.88158596702465 4558.740862594164 0.2545454545454545 0.88979359730965 4632.271019363833 0.2545454545454545 t_multiswap_k 100 1763.7820937633514 7.8512861494 6.82218703 4.9303 5.319999999999999 7.892472119800001 3.0 8.038207595986622
0.88158596702465 4558.740862594164 0.2545454545454545 0.9032108096661251 4653.983055842079 0.23255813953488372 t_move_k 100 1832.5764632225037 8.782773287906 6.82218703 4.9303 5.319999999999999 7.892472119800001 3.0 8.038207595986622
0.88158596702465 4558.740862594164 0.2545454545454545 0.9028696466060048 4650.926659242379 0.23255813953488372 swap_t 100 1926.049959897995 8.782773287906 6.82218703 4.9303 5.319999999999999 8.813547398602001 3.0 8.038207595986622
0.88158596702465 4558.740862594164 0.2545454545454545 0.9028696466060048 4650.926659242379 0.23255813953488372 t_multiswap_k 100 1970.2625255584717 8.782773287906 6.82218703 4.9303 5.319999999999999 8.813547398602001 3.0 8.957825520026756
0.88158596702465 4558.740862594164 0.2545454545454545 0.8889553881239335 4630.443794057222 0.2558139534883721 t_multiswap_k 100 2027.114042520523 8.782773287906 6.82218703 4.9303 5.319999999999999 8.813547398602001 3.0 9.928247264826489
0.88158596702465 4558.740862594164 0.2545454545454545 0.8877861055450221 4619.968476779283 0.2558139534883721 t_move_k 100 2112.2805173397064 9.69494555502694 6.82218703 4.9303 5.319999999999999 8.813547398602001 3.0 9.928247264826489
0.88158596702465 4558.740862594164 0.2545454545454545 0.8853828155659961 4617.188872922139 0.26 t_swap_r_k 100 2458.6761572360992 9.69494555502694 6.82218703 4.9303 5.319999999999999 8.813547398602001 4.07 9.928247264826489
0.88158596702465 4558.740862594164 0.2545454545454545 0.8913770850251085 4670.890070191427 0.26 t_swap_k 100 2568.130459547043 9.69494555502694 6.82218703 5.900997 5.319999999999999 8.813547398602001 4.07 9.928247264826489
0.88158596702465 4558.740862594164 0.2545454545454545 0.9135957602718429 4869.941759580081 0.26 t_move_k 100 2635.136543035507 10.637996099476672 6.82218703 5.900997 5.319999999999999 8.813547398602001 4.07 9.928247264826489
0.88158596702465 4558.740862594164 0.2545454545454545 0.9077674651489633 4817.7274858854635 0.26 t_move_k 100 2696.822564601898 11.571616138481906 6.82218703 5.900997 5.319999999999999 8.813547398602001 4.07 9.928247264826489
0.88158596702465 4558.740862594164 0.2545454545454545 0.9165639942075988 4896.5334430558905 0.26 move_t 100 2773.4820046424866 11.571616138481906 7.803965159700001 5.900997 5.319999999999999 8.813547398602001 4.07 9.928247264826489
0.88158596702465 4558.740862594164 0.2545454545454545 0.9207510828526099 4934.044548428025 0.26 f_swap_t 100 2902.730893611908 11.571616138481906 7.803965159700001 5.900997 6.2768 8.813547398602001 4.07 9.928247264826489
0.88158596702465 4558.740862594164 0.2545454545454545 0.9204241095404165 4931.115274317201 0.26 swap_t 100 2984.471002817154 11.571616138481906 7.803965159700001 5.900997 6.2768 9.75541192461598 4.07 9.928247264826489
0.88158596702465 4558.740862594164 0.2545454545454545 0.918526960072786 4962.645770016017 0.2708333333333333 t_move_k 100 3069.5522153377533 12.525899977097087 7.803965159700001 5.900997 6.2768 9.75541192461598 4.07 9.928247264826489
0.88158596702465 4558.740862594164 0.2545454545454545 0.9160738370494427 4940.668839499132 0.2708333333333333 swap_t 100 3148.1770288944244 12.525899977097087 7.803965159700001 5.900997 6.2768 10.687857805369822 4.07 9.928247264826489
0.88158596702465 4558.740862594164 0.2545454545454545 0.9160322772681178 4940.296515560308 0.2708333333333333 t_swap_r_k 100 3491.30663394928 12.525899977097087 7.803965159700001 5.900997 6.2768 10.687857805369822 5.0693 9.928247264826489
0.88158596702465 4558.740862594164 0.2545454545454545 0.9156656647032065 4937.012123057771 0.2708333333333333 t_move_k 100 3562.3281700611115 13.430640977326116 7.803965159700001 5.900997 6.2768 10.687857805369822 5.0693 9.928247264826489
0.88158596702465 4558.740862594164 0.2545454545454545 0.9141881342880318 4924.645877725477 0.2708333333333333 move_t 100 3645.934270143509 13.430640977326116 8.755925508103001 5.900997 6.2768 10.687857805369822 5.0693 9.928247264826489
0.88158596702465 4558.740862594164 0.2545454545454545 0.9134632955468 4917.281635241912 0.2708333333333333 f_swap_t 100 3748.7400257587433 13.430640977326116 8.755925508103001 5.900997 7.214032 10.687857805369822 5.0693 9.928247264826489
0.88158596702465 4558.740862594164 0.2545454545454545 0.9111248383075577 4931.408219019507 0.2708333333333333 move_t 100 3821.7219099998474 13.430640977326116 9.698366253021971 5.900997 7.214032 10.687857805369822 5.0693 9.928247264826489
0.88158596702465 4558.740862594164 0.2545454545454545 0.9076671417017553 4906.416272248824 0.28 t_move_k 100 3922.6126544475555 14.356334567552855 9.698366253021971 5.900997 7.214032 10.687857805369822 5.0693 9.928247264826489
0.88158596702465 4558.740862594164 0.2545454545454545 0.9124742701758245 4949.482163137724 0.28 t_swap_k 100 4038.7594821453094 14.356334567552855 9.698366253021971 6.86198703 7.214032 10.687857805369822 5.0693 9.928247264826489
0.88158596702465 4558.740862594164 0.2545454545454545 0.9102636686578449 4929.677923603522 0.28 move_t 100 4108.007447957993 14.356334567552855 10.631382590491752 6.86198703 7.214032 10.687857805369822 5.0693 9.928247264826489
0.88158596702465 4558.740862594164 0.2545454545454545 0.9099652315365305 4927.004298262937 0.28 move_t 100 4185.435862779617 14.356334567552855 11.525068764586834 6.86198703 7.214032 10.687857805369822 5.0693 9.928247264826489
0.88158596702465 4558.740862594164 0.2545454545454545 0.9332610963159458 5135.706265802328 0.28 t_swap_k 100 4286.852076053619 14.356334567552855 11.525068764586834 7.8133671597 7.214032 10.687857805369822 5.0693 9.928247264826489
0.88158596702465 4558.740862594164 0.2545454545454545 0.9256997040382061 5067.965597634651 0.28 t_swap_k 100 4381.187649488449 14.356334567552855 11.525068764586834 8.735233488103 7.214032 10.687857805369822 5.0693 9.928247264826489