3
1 50 5 160

707.7178259731398

644.6385857763053
1.296875
1 250 7200 720
4 2

Assigned customers matrix:
Vehicle 0:
0 32 2 3 28 31 8 26 7 43 24 40 0 0 0 0 0 0 0 0 0 0
0 6 18 41 19 42 44 10 38 11 0 0 0 0 0 0 0 0 0 0 0 0
0 46 5 49 9 50 16 29 20 35 36 22 1 0 0 0 0 0 0 0 0 0
0 12 17 37 15 45 33 39 30 34 21 0 0 0 0 0 0 0 0 0 0 0
0 27 48 23 14 25 13 4 47 0 0 0 0 0 0 0 0 0 0 0 0 0

Transported demand matrix:
160 160 152 151 154

Routes distance matrix:
192.83171742245955 123.08753150329098 117.81424201073342 117.7254525574908 93.17964228233046