6
1 75 10 140

1202.7378153136133

1069.1220364914325
3.65625
1 250 7200 720
8 4

Assigned customers matrix:
Vehicle 0:
0 26 40 44 50 24 16 0 0 0 0 0 0 0 0 0 0 0 0 0
0 34 52 8 35 7 53 66 0 0 0 0 0 0 0 0 0 0 0 0
0 45 27 19 11 65 38 0 0 0 0 0 0 0 0 0 0 0 0 0
0 51 74 36 71 69 15 13 54 14 59 0 0 0 0 0 0 0 0 0
0 75 6 17 72 39 9 10 0 0 0 0 0 0 0 0 0 0 0 0
0 67 46 57 5 30 2 0 0 0 0 0 0 0 0 0 0 0 0 0
0 33 23 56 41 43 1 4 0 0 0 0 0 0 0 0 0 0 0 0
0 29 37 20 70 60 47 21 48 0 0 0 0 0 0 0 0 0 0 0
0 68 73 62 28 61 22 64 42 63 0 0 0 0 0 0 0 0 0 0
0 12 58 31 25 55 18 32 3 49 0 0 0 0 0 0 0 0 0 0

Transported demand matrix:
136 138 123 136 131 140 140 140 140 140

Routes distance matrix:
87.34030810223061 91.5136168483161 93.57940386205055 174.27696600823535 87.5158700705772 79.08663259511117 93.3398394145933 102.2843070818081 116.87754066509339 143.30755184341692