9
1 100 8 200

1212.1105703506355

998.964514367748
6.171875
1 250 7200 720
71 1

Assigned customers matrix:
Vehicle 0:
0 6 5 84 61 85 91 44 14 43 15 57 2 87 0 0 0 0 0 0 0 0 0 0 0 0 0 0 0 0 0 0 0 0 0 0 0
0 89 18 48 19 11 63 31 0 0 0 0 0 0 0 0 0 0 0 0 0 0 0 0 0 0 0 0 0 0 0 0 0 0 0 0 0
0 12 76 77 29 24 54 39 56 22 41 42 100 98 92 97 0 0 0 0 0 0 0 0 0 0 0 0 0 0 0 0 0 0 0 0 0
0 27 88 7 82 8 45 17 16 86 38 37 59 95 0 0 0 0 0 0 0 0 0 0 0 0 0 0 0 0 0 0 0 0 0 0 0
0 28 80 68 79 9 71 35 65 66 20 70 0 0 0 0 0 0 0 0 0 0 0 0 0 0 0 0 0 0 0 0 0 0 0 0 0
0 58 40 21 73 72 74 75 23 67 25 55 4 26 0 0 0 0 0 0 0 0 0 0 0 0 0 0 0 0 0 0 0 0 0 0 0
0 50 51 30 10 62 90 32 64 49 36 47 46 83 60 0 0 0 0 0 0 0 0 0 0 0 0 0 0 0 0 0 0 0 0 0 0
0 53 13 94 96 99 93 52 69 1 33 81 78 34 3 0 0 0 0 0 0 0 0 0 0 0 0 0 0 0 0 0 0 0 0 0 0

Transported demand matrix:
184 129 182 199 179 196 191 198

Routes distance matrix:
108.546067035932 89.01072886990175 144.92043728762093 127.7696912651199 127.2238353888535 106.43200068826121 168.54206603095864 126.51968780110002