13
9 417 7 2000

6334.130293291694

5198.8293688168105
7228.859375
4 250 7200 720
94 125 65 5 0

Assigned customers matrix:
Vehicle 0:
0 272 180 34 119 20 32 0 0 0 0 0 0 0 0 0 0 0
0 182 292 236 212 290 238 374 406 371 298 0 0 0 0 0 0 0
0 9 17 114 68 70 338 340 362 0 0 0 0 0 0 0 0 0
0 129 34 96 359 357 397 392 0 0 0 0 0 0 0 0 0 0
0 20 134 32 55 50 48 109 0 0 0 0 0 0 0 0 0 0
0 175 0 0 0 0 0 0 0 0 0 0 0 0 0 0 0 0
0 53 9 17 104 72 102 89 83 0 0 0 0 0 0 0 0 0

Vehicle 1:
0 303 144 56 79 93 57 5 0 0 0 0 0 0 0 0 0 0
0 16 138 21 103 379 388 408 0 0 0 0 0 0 0 0 0 0
0 71 116 13 203 200 198 312 273 239 0 0 0 0 0 0 0 0
0 276 252 367 376 47 31 33 91 30 0 0 0 0 0 0 0 0
0 16 5 350 333 355 360 320 0 0 0 0 0 0 0 0 0 0
0 194 190 207 220 248 124 80 21 0 0 0 0 0 0 0 0 0
0 192 30 13 46 82 31 33 105 417 0 0 0 0 0 0 0 0

Vehicle 2:
0 123 278 156 162 149 165 106 0 0 0 0 0 0 0 0 0 0
0 11 159 167 148 171 172 36 35 75 0 0 0 0 0 0 0 0
0 308 234 206 255 142 64 22 0 0 0 0 0 0 0 0 0 0
0 282 160 169 158 73 126 63 54 0 0 0 0 0 0 0 0 0
0 11 133 36 35 76 95 69 112 344 0 0 0 0 0 0 0 0
0 284 204 237 288 314 22 122 0 0 0 0 0 0 0 0 0 0
0 179 178 191 317 297 414 387 268 0 0 0 0 0 0 0 0 0

Vehicle 3:
0 107 24 7 339 330 319 322 341 0 0 0 0 0 0 0 0 0
0 42 120 139 66 78 65 4 0 0 0 0 0 0 0 0 0 0
0 222 286 253 412 370 365 18 0 0 0 0 0 0 0 0 0 0
0 24 7 111 336 337 354 356 0 0 0 0 0 0 0 0 0 0
0 67 135 59 170 152 146 0 0 0 0 0 0 0 0 0 0 0
0 4 351 352 326 324 327 328 323 325 0 0 0 0 0 0 0 0
0 267 235 233 254 211 18 0 0 0 0 0 0 0 0 0 0 0

Vehicle 4:
0 117 157 153 155 168 154 150 0 0 0 0 0 0 0 0 0 0
0 304 174 176 221 99 6 97 404 110 0 0 0 0 0 0 0 0
0 197 208 209 291 259 299 265 302 0 0 0 0 0 0 0 0 0
0 173 227 214 28 402 368 1 0 0 0 0 0 0 0 0 0 0
0 218 224 315 316 118 85 6 0 0 0 0 0 0 0 0 0 0
0 300 283 381 369 137 45 43 0 0 0 0 0 0 0 0 0 0
0 193 226 187 28 143 1 385 366 0 0 0 0 0 0 0 0 0

Vehicle 5:
0 393 409 394 413 347 0 0 0 0 0 0 0 0 0 0 0 0
0 27 49 378 391 363 411 0 0 0 0 0 0 0 0 0 0 0
0 275 188 274 216 311 39 38 0 0 0 0 0 0 0 0 0 0
0 25 86 94 334 335 164 41 0 0 0 0 0 0 0 0 0 0
0 281 229 289 210 287 380 389 27 0 0 0 0 0 0 0 0 0
0 38 39 386 382 295 256 215 262 0 0 0 0 0 0 0 0 0
0 51 127 128 121 88 25 0 0 0 0 0 0 0 0 0 0 0

Vehicle 6:
0 136 29 52 358 321 329 0 0 0 0 0 0 0 0 0 0 0
0 195 196 213 313 383 401 74 353 40 0 0 0 0 0 0 0 0
0 0 0 0 0 0 0 0 0 0 0 0 0 0 0 0 0 0
0 84 15 29 349 345 361 348 342 0 0 0 0 0 0 0 0 0
0 141 331 40 343 403 395 145 332 0 0 0 0 0 0 0 0 0
0 293 219 185 223 247 181 258 177 230 285 0 0 0 0 0 0 0
0 90 15 101 108 0 0 0 0 0 0 0 0 0 0 0 0 0

Vehicle 7:
0 184 161 163 147 166 151 19 0 0 0 0 0 0 0 0 0 0
0 280 372 410 23 113 100 12 0 0 0 0 0 0 0 0 0 0
0 310 228 225 232 231 260 249 375 294 0 0 0 0 0 0 0 0
0 8 415 416 2 346 384 405 398 396 0 0 0 0 0 0 0 0
0 132 58 140 130 19 201 296 189 0 0 0 0 0 0 0 0 0
0 217 307 364 377 400 23 12 77 0 0 0 0 0 0 0 0 0
0 8 2 44 390 407 373 399 309 301 243 0 0 0 0 0 0 0

Vehicle 8:
0 266 277 263 244 251 279 0 0 0 0 0 0 0 0 0 0 0
0 3 37 264 271 250 306 0 0 0 0 0 0 0 0 0 0 0
0 240 242 305 318 241 81 14 0 0 0 0 0 0 0 0 0 0
0 26 10 87 61 115 60 0 0 0 0 0 0 0 0 0 0 0
0 3 37 270 202 199 186 261 0 0 0 0 0 0 0 0 0 0
0 98 14 183 205 257 245 246 269 0 0 0 0 0 0 0 0 0
0 26 10 92 62 125 131 0 0 0 0 0 0 0 0 0 0 0

Transported demand matrix:
1301 1995 1900 1965 1800 220 1916
1872 1874 1969 1995 1775 1882 1971
1975 1910 1885 2000 1956 1882 1990
1856 1988 1907 1873 1905 1848 1875
2000 1971 1997 1920 1950 1985 1986
1890 1900 1848 1711 1908 1983 1916
1840 1842 0 1989 1898 1931 1158
1951 1884 1998 1976 1865 1955 2000
1904 1983 1865 1830 1960 2000 1895

Routes distance matrix:
98.76076092216842 59.517658852983644 98.56604985786086 113.66706857512165 73.70742906266155 0.0 85.46093279229716
54.92037544875252 108.260791171107 78.46259776345654 71.56906829783783 150.53713208864684 61.41532327088396 65.40819477629947
75.53739576878388 80.7517875459082 55.75810161639144 80.73099217825357 95.7490077746848 60.22430460086102 101.52923793556374
124.29357795115894 59.53512665493002 108.19952391358454 98.41548745783618 52.1244459333424 177.5850219284132 63.23146954381512
83.12527459674712 136.7320307118295 56.93185058263964 72.26435446908329 66.14066239858104 69.56781689446825 75.73502135436856
121.77713865735245 82.6573126923534 66.63241930353865 115.21767149924716 63.15557795871151 91.20277482724055 37.6660083769342
128.27962736496218 104.86979321246179 0.0 138.6122900050271 149.33956936336546 57.65140665990309 39.77198247306616
83.8015492427498 75.54886546008939 53.16846176335369 123.33792732024554 71.43139807080252 76.49192595827357 142.22394716426962
70.61679038385563 85.27545925546985 104.33051405686386 33.56246736059937 61.33941694900287 73.94918579834604 32.502012947402804