27
6 102 6 20

33794.612677890844

29171.89784553679
164.34375
4 250 7200 720
84 14 17 1 0

Assigned customers matrix:
Vehicle 0:
0 6 49 50 12 87 27 102 0 0 0 0 0
0 6 52 18 30 12 0 0 0 0 0 0 0
0 6 47 48 17 12 85 26 0 0 0 0 0
0 6 12 88 27 0 0 0 0 0 0 0 0
0 6 51 18 30 12 0 0 0 0 0 0 0
0 6 17 12 86 26 84 83 0 0 0 0 0

Vehicle 1:
0 44 16 29 80 79 10 4 0 0 0 0 0
0 4 41 40 15 10 0 0 0 0 0 0 0
0 20 60 4 95 10 0 0 0 0 0 0 0
0 4 43 16 29 96 10 0 0 0 0 0 0
0 4 42 15 10 78 77 76 0 0 0 0 0
0 20 59 4 10 0 0 0 0 0 0 0 0

Vehicle 2:
0 5 97 98 11 82 25 0 0 0 0 0 0
0 5 11 0 0 0 0 0 0 0 0 0 0
0 5 11 0 0 0 0 0 0 0 0 0 0
0 61 62 5 11 81 25 0 0 0 0 0 0
0 5 11 0 0 0 0 0 0 0 0 0 0
0 5 45 46 11 0 0 0 0 0 0 0 0

Vehicle 3:
0 21 65 1 54 101 7 0 0 0 0 0 0
0 1 13 7 89 90 100 99 0 0 0 0 0
0 1 7 0 0 0 0 0 0 0 0 0 0
0 21 1 53 7 68 67 0 0 0 0 0 0
0 1 31 34 33 13 7 0 0 0 0 0 0
0 63 64 66 1 32 7 0 0 0 0 0 0

Vehicle 4:
0 2 35 3 0 0 0 0 0 0 0 0 0
0 2 3 0 0 0 0 0 0 0 0 0 0
0 2 3 28 91 69 22 0 0 0 0 0 0
0 56 2 3 0 0 0 0 0 0 0 0 0
0 2 3 0 0 0 0 0 0 0 0 0 0
0 2 3 28 92 70 22 0 0 0 0 0 0

Vehicle 5:
0 8 71 23 73 9 24 0 0 0 0 0 0
0 58 57 37 9 8 0 0 0 0 0 0 0
0 19 38 14 94 9 8 0 0 0 0 0 0
0 39 9 75 24 23 8 0 0 0 0 0 0
0 55 36 8 9 0 0 0 0 0 0 0 0
0 19 14 93 9 74 72 8 0 0 0 0 0

Transported demand matrix:
19 16 20 13 16 20
20 15 15 18 19 13
17 8 8 17 8 12
17 19 8 17 17 16
10 8 18 10 8 18
18 14 18 18 12 20

Routes distance matrix:
1123.5335463481383 658.0413232953167 1145.5051751336116 1083.0677852009317 658.0413232953167 1186.597179811719
863.1243160583332 632.3223061052755 605.3929779038383 661.0658028783987 987.6860346295624 590.7703829725149
1128.2408065569607 577.3497018943544 577.3497018943544 1091.873929911914 577.3497018943544 600.0559171252509
621.2922692595856 949.951290490325 577.35 881.218323530312 643.8691099924065 624.1804578241374
200.68212935806224 173.2035403818687 1218.295510563752 175.89813052885583 173.2035403818687 1205.0767328869397
1666.1350456966134 871.5641793716533 892.9795281048526 1664.6763337715902 874.8930993449694 1010.0607111388482