12
3 163 5 140

Solution history:
B_obj   B_dis   B_sim   C_obj   C_dis   C_sim   neighbor   iterations   time   scores
1.0 1359.0707722802706 1.0 1.0 1359.0707722802706 1.0 0 0 0 3.0 3.0 3.0 3.0 3.0 3.0 3.0
0.9462675733202087 1358.8899785762655 0.0 0.9462675733202087 1358.8899785762655 0.0 move_t 2 1.4083471298217773 3.0 6.0 3.0 3.0 3.0 3.0 3.0
0.9446646947392634 1354.0091945562303 0.0 0.9446646947392634 1354.0091945562303 0.0 move_t 100 48.26062631607056 3.0 6.9399999999999995 3.0 3.0 3.0 3.0 3.0
0.9445277321673671 1353.5921419234228 0.0 0.9611138616909267 1404.0971002497604 0.0 move_t 100 98.51882743835449 3.0 7.970599999999999 3.0 3.0 3.0 3.0 3.0
0.9438489464779429 1380.5253429162499 0.019047619047619046 0.9438489464779429 1380.5253429162499 0.019047619047619046 f_swap_t 55 143.35123205184937 3.0 7.970599999999999 3.0 4.127272727272727 3.0 3.0 3.0
0.935227401534416 1354.2726377590297 0.019047619047619046 0.935227401534416 1354.2726377590297 0.019047619047619046 swap_t 100 188.91721725463867 3.0 7.970599999999999 3.0 4.127272727272727 3.9699999999999998 3.0 3.0
0.935227401534416 1354.2726377590297 0.019047619047619046 0.935227401534416 1354.2726377590297 0.019047619047619046 t_move_k 100 232.58683514595032 3.9699999999999998 7.970599999999999 3.0 4.127272727272727 3.9699999999999998 3.0 3.0
0.9349994412871239 1353.5784961406857 0.019047619047619046 0.9349994412871239 1353.5784961406857 0.019047619047619046 f_swap_t 1 234.00122690200806 3.9699999999999998 7.970599999999999 3.0 8.0 3.9699999999999998 3.0 3.0
0.9349994412871239 1353.5784961406857 0.019047619047619046 0.9559022324122162 1417.2277395146375 0.019047619047619046 f_swap_t 100 299.19574451446533 3.9699999999999998 7.970599999999999 3.0 8.93 3.9699999999999998 3.0 3.0
0.9349994412871239 1353.5784961406857 0.019047619047619046 0.9743378512034769 1473.3644142855849 0.019047619047619046 f_swap_t 100 367.6040301322937 3.9699999999999998 7.970599999999999 3.0 9.9307 3.9699999999999998 3.0 3.0
0.9349994412871239 1353.5784961406857 0.019047619047619046 0.960463727554993 1431.1175455579637 0.019047619047619046 t_move_k 100 417.87706232070923 4.9303 7.970599999999999 3.0 9.9307 3.9699999999999998 3.0 3.0
0.9349994412871239 1353.5784961406857 0.019047619047619046 0.9529588645096158 1408.2651498369937 0.019047619047619046 move_t 100 464.57318472862244 4.9303 8.890894 3.0 9.9307 3.9699999999999998 3.0 3.0
0.9349994412871239 1353.5784961406857 0.019047619047619046 0.9529588645096158 1408.2651498369937 0.019047619047619046 t_move_k 100 515.7981412410736 5.880997 8.890894 3.0 9.9307 3.9699999999999998 3.0 3.0
0.9349994412871239 1353.5784961406857 0.019047619047619046 0.9529384345963055 1408.2029405120948 0.019047619047619046 t_move_k 100 563.2939414978027 6.85218703 8.890894 3.0 9.9307 3.9699999999999998 3.0 3.0
0.9349994412871239 1353.5784961406857 0.019047619047619046 0.946979964640126 1390.0593298283532 0.019047619047619046 t_move_k 100 620.9717803001404 7.7836651597 8.890894 3.0 9.9307 3.9699999999999998 3.0 3.0
0.9349994412871239 1353.5784961406857 0.019047619047619046 0.946979964640126 1390.0593298283532 0.019047619047619046 t_multiswap_k 100 642.890632390976 7.7836651597 8.890894 3.0 9.9307 3.9699999999999998 3.0 3.9699999999999998
0.9349994412871239 1353.5784961406857 0.019047619047619046 0.946979964640126 1390.0593298283532 0.019047619047619046 f_swap_t 100 710.3075017929077 7.7836651597 8.890894 3.0 10.831393 3.9699999999999998 3.0 3.9699999999999998
0.9349994412871239 1353.5784961406857 0.019047619047619046 0.9529691941408414 1408.2966036848509 0.019047619047619046 t_move_k 100 758.6327676773071 8.755828508103 8.890894 3.0 10.831393 3.9699999999999998 3.0 3.9699999999999998
0.9349994412871239 1353.5784961406857 0.019047619047619046 0.9725568184637294 1467.9411487689965 0.019047619047619046 t_move_k 100 809.7863900661469 9.718270223021971 8.890894 3.0 10.831393 3.9699999999999998 3.0 3.9699999999999998
0.9349994412871239 1353.5784961406857 0.019047619047619046 0.9605145952968042 1431.2724384265312 0.019047619047619046 move_t 100 856.4368591308594 9.718270223021971 9.80198506 3.0 10.831393 3.9699999999999998 3.0 3.9699999999999998
0.9349994412871239 1353.5784961406857 0.019047619047619046 0.9591655710004846 1410.344579086206 0.008 t_swap_r_k 100 948.9669373035431 9.718270223021971 9.80198506 3.0 10.831393 3.9699999999999998 4.04 3.9699999999999998
0.9349994412871239 1353.5784961406857 0.019047619047619046 0.9591655710004846 1410.344579086206 0.008 t_multiswap_k 100 969.6983382701874 9.718270223021971 9.80198506 3.0 10.831393 3.9699999999999998 4.04 4.9303
0.9349994412871239 1353.5784961406857 0.019047619047619046 0.9591655710004846 1410.344579086206 0.008 f_swap_t 100 1044.871188402176 9.718270223021971 9.80198506 3.0 11.72307907 3.9699999999999998 4.04 4.9303
0.9349994412871239 1353.5784961406857 0.019047619047619046 0.9591655710004846 1410.344579086206 0.008 t_multiswap_k 100 1060.5848455429077 9.718270223021971 9.80198506 3.0 11.72307907 3.9699999999999998 4.04 5.880997
0.9349994412871239 1353.5784961406857 0.019047619047619046 0.9502937054189087 1404.9830611366792 0.02222222222222222 t_multiswap_k 100 1075.0986318588257 9.718270223021971 9.80198506 3.0 11.72307907 3.9699999999999998 4.04 6.85218703
0.9349994412871239 1353.5784961406857 0.019047619047619046 0.950224811739927 1404.773279078667 0.02222222222222222 f_swap_t 100 1141.538732767105 9.718270223021971 9.80198506 3.0 12.635848279300001 3.9699999999999998 4.04 6.85218703
0.9349994412871239 1353.5784961406857 0.019047619047619046 1.0189104636616089 1613.921892261413 0.02222222222222222 f_swap_t 100 1227.6609754562378 9.718270223021971 9.80198506 3.0 13.649489796507002 3.9699999999999998 4.04 6.85218703
0.9349994412871239 1353.5784961406857 0.019047619047619046 0.9876356537431252 1484.8562671448117 0.0 f_swap_t 100 1295.5260710716248 9.718270223021971 9.80198506 3.0 14.572994898541932 3.9699999999999998 4.04 6.85218703
0.9349994412871239 1353.5784961406857 0.019047619047619046 0.978842508209422 1470.2610829526288 0.008 t_swap_k 100 1368.097822189331 9.718270223021971 9.80198506 3.98 14.572994898541932 3.9699999999999998 4.04 6.85218703
0.9349994412871239 1353.5784961406857 0.019047619047619046 0.9685312736118157 1441.1832619509598 0.009523809523809523 swap_t 100 1418.837363243103 9.718270223021971 9.80198506 3.98 14.572994898541932 4.9603 4.04 6.85218703
0.9349994412871239 1353.5784961406857 0.019047619047619046 0.9612014787954748 1438.1973586033728 0.02222222222222222 move_t 100 1483.696138381958 9.718270223021971 10.7639652094 3.98 14.572994898541932 4.9603 4.04 6.85218703
0.9349994412871239 1353.5784961406857 0.019047619047619046 0.9668718541170318 1455.4637177562504 0.02222222222222222 t_swap_k 100 1559.807923078537 9.718270223021971 10.7639652094 4.9802 14.572994898541932 4.9603 4.04 6.85218703
0.9349994412871239 1353.5784961406857 0.019047619047619046 0.9692533022051828 1462.7152550288586 0.02222222222222222 t_move_k 100 1619.106509923935 10.721087520791752 10.7639652094 4.9802 14.572994898541932 4.9603 4.04 6.85218703
0.9349994412871239 1353.5784961406857 0.019047619047619046 0.9692533022051828 1462.7152550288586 0.02222222222222222 t_multiswap_k 100 1633.8095581531525 10.721087520791752 10.7639652094 4.9802 14.572994898541932 4.9603 4.04 7.7836651597
0.9349994412871239 1353.5784961406857 0.019047619047619046 0.9691466386424169 1462.390463233113 0.02222222222222222 move_t 100 1694.3461694717407 10.721087520791752 11.686325557306 4.9802 14.572994898541932 4.9603 4.04 7.7836651597
0.9349994412871239 1353.5784961406857 0.019047619047619046 0.9691312290480628 1462.3435408381338 0.02222222222222222 swap_t 100 1749.9178733825684 10.721087520791752 11.686325557306 4.9802 14.572994898541932 5.940697 4.04 7.7836651597
0.9349994412871239 1353.5784961406857 0.019047619047619046 0.9691312290480628 1462.3435408381338 0.02222222222222222 f_swap_t 100 1808.5830857753754 10.721087520791752 11.686325557306 4.9802 15.427264949556513 5.940697 4.04 7.7836651597
0.9349994412871239 1353.5784961406857 0.019047619047619046 0.9814473622019116 1499.8463102933713 0.02222222222222222 f_swap_t 100 1869.0735459327698 10.721087520791752 11.686325557306 4.9802 16.312992300060948 5.940697 4.04 7.7836651597
0.9349994412871239 1353.5784961406857 0.019047619047619046 0.979682527645088 1460.6389051873443 0.0 f_swap_t 100 1938.6558260917664 10.721087520791752 11.686325557306 4.9802 17.149862377060337 5.940697 4.04 7.7836651597
0.9349994412871239 1353.5784961406857 0.019047619047619046 0.979350684977272 1459.6284403838984 0.0 t_swap_r_k 100 2039.8715493679047 10.721087520791752 11.686325557306 4.9802 17.149862377060337 5.940697 5.0396 7.7836651597
0.9349994412871239 1353.5784961406857 0.019047619047619046 0.979350684977272 1459.6284403838984 0.0 t_multiswap_k 100 2055.1806902885437 10.721087520791752 11.686325557306 4.9802 17.149862377060337 5.940697 5.0396 8.705828508103
0.9349994412871239 1353.5784961406857 0.019047619047619046 0.9685603582846434 1460.6052326888296 0.02222222222222222 t_move_k 100 2135.6138367652893 11.713876645583834 11.686325557306 4.9802 17.149862377060337 5.940697 5.0396 8.705828508103
0.9349994412871239 1353.5784961406857 0.019047619047619046 0.9676738518345682 1457.9058101832063 0.02222222222222222 f_swap_t 100 2211.773793697357 11.713876645583834 11.686325557306 4.9802 18.008363753289736 5.940697 5.0396 8.705828508103
0.9349994412871239 1353.5784961406857 0.019047619047619046 0.9744082850693394 1478.4122381229197 0.02222222222222222 t_move_k 100 2271.2071375846863 12.716737879127995 11.686325557306 4.9802 18.008363753289736 5.940697 5.0396 8.705828508103
0.9349994412871239 1353.5784961406857 0.019047619047619046 0.9947779444503397 1540.4380891026683 0.02222222222222222 t_swap_k 100 2343.408707857132 12.716737879127995 11.686325557306 6.010398 18.008363753289736 5.940697 5.0396 8.705828508103
0.9349994412871239 1353.5784961406857 0.019047619047619046 0.9951816267030527 1541.667306282082 0.02222222222222222 t_move_k 100 2416.3959078788757 13.699570500336716 11.686325557306 6.010398 18.008363753289736 5.940697 5.0396 8.705828508103
0.9349994412871239 1353.5784961406857 0.019047619047619046 0.9936464164715625 1503.1591099314921 0.0 f_swap_t 100 2475.7230112552643 13.699570500336716 11.686325557306 6.010398 18.86828011575684 5.940697 5.0396 8.705828508103
0.9349994412871239 1353.5784961406857 0.019047619047619046 0.9869233361584655 1482.687251771017 0.0 f_swap_t 100 2530.68497300148 13.699570500336716 11.686325557306 6.010398 19.67959731459927 5.940697 5.0396 8.705828508103
0.9349994412871239 1353.5784961406857 0.019047619047619046 1.035426158447742 1664.2123759887552 0.02222222222222222 t_swap_k 100 2614.580209493637 13.699570500336716 11.686325557306 7.140294020000001 19.67959731459927 5.940697 5.0396 8.705828508103
0.9349994412871239 1353.5784961406857 0.019047619047619046 1.0304653747131751 1649.1067315148957 0.02222222222222222 t_multiswap_k 100 2630.868849515915 13.699570500336716 11.686325557306 7.140294020000001 19.67959731459927 5.940697 5.0396 9.67877022302197
0.9349994412871239 1353.5784961406857 0.019047619047619046 1.00522235435291 1565.0880785727923 0.017523809523809525 move_t 100 2703.783856868744 13.699570500336716 12.69946230173294 7.140294020000001 19.67959731459927 5.940697 5.0396 9.67877022302197
0.9349994412871239 1353.5784961406857 0.019047619047619046 1.028606810338245 1643.4473812626672 0.02222222222222222 t_swap_k 100 2789.776909828186 13.699570500336716 12.69946230173294 8.3088910798 19.67959731459927 5.940697 5.0396 9.67877022302197
0.9349994412871239 1353.5784961406857 0.019047619047619046 1.0181894776465796 1604.573120615243 0.017523809523809525 f_swap_t 100 2881.111207485199 13.699570500336716 12.69946230173294 8.3088910798 20.512801341453276 5.940697 5.0396 9.67877022302197
0.9349994412871239 1353.5784961406857 0.019047619047619046 1.0156441886743566 1603.9760467355343 0.02222222222222222 t_swap_r_k 100 2974.447866678238 13.699570500336716 12.69946230173294 8.3088910798 20.512801341453276 5.940697 6.029204 9.67877022302197
0.9349994412871239 1353.5784961406857 0.019047619047619046 1.0365929412407529 1667.7652432356438 0.02222222222222222 t_move_k 100 3035.0746037960052 14.722574795333347 12.69946230173294 8.3088910798 20.512801341453276 5.940697 6.029204 9.67877022302197
0.9349994412871239 1353.5784961406857 0.019047619047619046 1.0164452928237266 1640.2488814828089 0.04444444444444444 move_t 100 3099.099504470825 14.722574795333347 13.63246767871561 8.3088910798 20.512801341453276 5.940697 6.029204 9.67877022302197
0.9349994412871239 1353.5784961406857 0.019047619047619046 1.0101923271779465 1621.2085279809526 0.04444444444444444 move_t 100 3165.149594306946 14.722574795333347 14.496143001928454 8.3088910798 20.512801341453276 5.940697 6.029204 9.67877022302197
0.9349994412871239 1353.5784961406857 0.019047619047619046 1.055735655047613 1706.7216230274864 0.009523809523809523 move_t 100 3243.395846605301 14.722574795333347 15.52118157190917 8.3088910798 20.512801341453276 5.940697 6.029204 9.67877022302197
0.9349994412871239 1353.5784961406857 0.019047619047619046 1.046059811131581 1677.2585651719942 0.009523809523809523 move_t 100 3326.9181373119354 14.722574795333347 16.395969756190077 8.3088910798 20.512801341453276 5.940697 6.029204 9.67877022302197
0.9349994412871239 1353.5784961406857 0.019047619047619046 1.0642707392552038 1752.0444618019192 0.02222222222222222 t_swap_k 100 3426.9322485923767 14.722574795333347 16.395969756190077 9.425802169002 20.512801341453276 5.940697 6.029204 9.67877022302197
0.9349994412871239 1353.5784961406857 0.019047619047619046 1.0649050370687636 1753.9759060604983 0.02222222222222222 f_swap_t 100 3512.860285758972 14.722574795333347 16.395969756190077 9.425802169002 21.447673328038743 5.940697 6.029204 9.67877022302197
0.9349994412871239 1353.5784961406857 0.019047619047619046 1.0539688806482723 1720.675181893195 0.02222222222222222 swap_t 100 3578.4778966903687 14.722574795333347 16.395969756190077 9.425802169002 21.447673328038743 6.94129003 6.029204 9.67877022302197
0.9349994412871239 1353.5784961406857 0.019047619047619046 1.0487219434618456 1704.6981968126804 0.02222222222222222 t_move_k 100 3663.6368753910065 15.745349047380014 16.395969756190077 9.425802169002 21.447673328038743 6.94129003 6.029204 9.67877022302197
0.9349994412871239 1353.5784961406857 0.019047619047619046 1.0334683535494975 1658.2508371827012 0.02222222222222222 t_move_k 100 3762.2577464580536 16.587895556906215 16.395969756190077 9.425802169002 21.447673328038743 6.94129003 6.029204 9.67877022302197
0.9349994412871239 1353.5784961406857 0.019047619047619046 1.0334683535494975 1658.2508371827012 0.02222222222222222 swap_t 100 3831.174024105072 16.587895556906215 16.395969756190077 9.425802169002 21.447673328038743 7.8718771297000005 6.029204 9.67877022302197
0.9349994412871239 1353.5784961406857 0.019047619047619046 1.0433414809055968 1688.3146254198623 0.02222222222222222 t_move_k 100 3908.2339057922363 17.492016601337152 16.395969756190077 9.425802169002 21.447673328038743 7.8718771297000005 6.029204 9.67877022302197
0.9349994412871239 1353.5784961406857 0.019047619047619046 1.0462540686153725 1688.7251232390108 0.016666666666666666 move_t 100 3979.8628137111664 17.492016601337152 17.422010058628175 9.425802169002 21.447673328038743 7.8718771297000005 6.029204 9.67877022302197
0.9349994412871239 1353.5784961406857 0.019047619047619046 1.0111293887870403 1590.2284282910516 0.02222222222222222 t_move_k 100 4047.782773733139 18.377096435323782 17.422010058628175 9.425802169002 21.447673328038743 7.8718771297000005 6.029204 9.67877022302197
0.9349994412871239 1353.5784961406857 0.019047619047619046 1.0168616005523001 1607.683080138004 0.02222222222222222 t_move_k 100 4109.555368900299 19.303325470970545 17.422010058628175 9.425802169002 21.447673328038743 7.8718771297000005 6.029204 9.67877022302197
0.9349994412871239 1353.5784961406857 0.019047619047619046 1.0085495879346045 1582.372904532031 0.02222222222222222 move_t 100 4171.027383327484 19.303325470970545 18.307789958041894 9.425802169002 21.447673328038743 7.8718771297000005 6.029204 9.67877022302197
0.9349994412871239 1353.5784961406857 0.019047619047619046 1.007423721945713 1578.9446294320906 0.02222222222222222 f_swap_t 100 4242.8080995082855 19.303325470970545 18.307789958041894 9.425802169002 22.263196594758355 7.8718771297000005 6.029204 9.67877022302197
0.9349994412871239 1353.5784961406857 0.019047619047619046 1.0034072968494605 1566.7145680534577 0.02222222222222222 move_t 100 4315.541506052017 19.303325470970545 19.154712058461474 9.425802169002 22.263196594758355 7.8718771297000005 6.029204 9.67877022302197
0.9349994412871239 1353.5784961406857 0.019047619047619046 1.011291196664353 1590.7211351693468 0.02222222222222222 f_swap_t 100 4398.1177480220795 19.303325470970545 19.154712058461474 9.425802169002 23.11056462881077 7.8718771297000005 6.029204 9.67877022302197
0.9349994412871239 1353.5784961406857 0.019047619047619046 1.0028630355827914 1565.0572861328792 0.02222222222222222 f_swap_t 100 4477.721623659134 19.303325470970545 19.154712058461474 9.425802169002 23.939458982522662 7.8718771297000005 6.029204 9.67877022302197
0.9349994412871239 1353.5784961406857 0.019047619047619046 1.0228779666838288 1592.1695221067812 0.0 f_swap_t 100 4546.854379415512 19.303325470970545 19.154712058461474 9.425802169002 24.740064392697438 7.8718771297000005 6.029204 9.67877022302197
0.9349994412871239 1353.5784961406857 0.019047619047619046 1.018538354623864 1578.9553526449013 0.0 swap_t 100 4593.577130794525 19.303325470970545 19.154712058461474 9.425802169002 24.740064392697438 8.793158358403 6.029204 9.67877022302197
0.9349994412871239 1353.5784961406857 0.019047619047619046 1.014030094342737 1599.0611106235601 0.02222222222222222 f_swap_t 100 4671.779434680939 19.303325470970545 19.154712058461474 9.425802169002 25.552663748770463 8.793158358403 6.029204 9.67877022302197
0.9349994412871239 1353.5784961406857 0.019047619047619046 1.007692778429314 1579.7639095704972 0.02222222222222222 t_move_k 100 4743.615154027939 20.17029221626084 19.154712058461474 9.425802169002 25.552663748770463 8.793158358403 6.029204 9.67877022302197
0.9349994412871239 1353.5784961406857 0.019047619047619046 1.007692778429314 1579.7639095704972 0.02222222222222222 t_multiswap_k 100 4767.976615667343 20.17029221626084 19.154712058461474 9.425802169002 25.552663748770463 8.793158358403 6.029204 10.581982520791751
0.9349994412871239 1353.5784961406857 0.019047619047619046 1.0059941576267466 1574.591589366193 0.02222222222222222 t_move_k 100 4831.761090040207 21.118589294098232 19.154712058461474 9.425802169002 25.552663748770463 8.793158358403 6.029204 10.581982520791751
0.9349994412871239 1353.5784961406857 0.019047619047619046 1.0103745590919637 1587.9299630439805 0.02222222222222222 t_move_k 100 4899.691673278809 22.04740340115725 19.154712058461474 9.425802169002 25.552663748770463 8.793158358403 6.029204 10.581982520791751
0.9349994412871239 1353.5784961406857 0.019047619047619046 1.0099274664851159 1552.7350975828333 0.0 move_t 100 4981.127143383026 22.04740340115725 20.11316493787686 9.425802169002 25.552663748770463 8.793158358403 6.029204 10.581982520791751
0.9349994412871239 1353.5784961406857 0.019047619047619046 1.0045583466913723 1536.386065034465 0.0 t_move_k 100 5043.367657899857 22.90692936714568 20.11316493787686 9.425802169002 25.552663748770463 8.793158358403 6.029204 10.581982520791751
0.9349994412871239 1353.5784961406857 0.019047619047619046 1.0297656325722304 1613.1425452684139 0.0 move_t 100 5101.444133281708 22.90692936714568 21.132033288498093 9.425802169002 25.552663748770463 8.793158358403 6.029204 10.581982520791751
0.9349994412871239 1353.5784961406857 0.019047619047619046 1.0095583700243917 1551.6111945444068 0.0 swap_t 100 5144.052617788315 22.90692936714568 21.132033288498093 9.425802169002 25.552663748770463 9.70522677481897 6.029204 10.581982520791751
0.9349994412871239 1353.5784961406857 0.019047619047619046 1.0038520021798483 1534.2352377382058 0.0 move_t 100 5206.064902305603 22.90692936714568 21.950712955613113 9.425802169002 25.552663748770463 9.70522677481897 6.029204 10.581982520791751
0.9349994412871239 1353.5784961406857 0.019047619047619046 1.0026127780178258 1530.4617856756838 0.0 swap_t 100 5260.0130269527435 22.90692936714568 21.950712955613113 9.425802169002 25.552663748770463 10.60817450707078 6.029204 10.581982520791751
0.9349994412871239 1353.5784961406857 0.019047619047619046 0.9999154377925914 1556.0818163980387 0.02222222222222222 move_t 100 5313.567636966705 22.90692936714568 22.831205826056983 9.425802169002 25.552663748770463 10.60817450707078 6.029204 10.581982520791751
0.9349994412871239 1353.5784961406857 0.019047619047619046 0.9999154377925914 1556.0818163980387 0.02222222222222222 move_t 100 5367.703395605087 22.90692936714568 23.602893767796413 9.425802169002 25.552663748770463 10.60817450707078 6.029204 10.581982520791751
0.9349994412871239 1353.5784961406857 0.019047619047619046 0.997383757615586 1548.372820658336 0.02222222222222222 move_t 100 5446.048741817474 22.90692936714568 24.42686483011845 9.425802169002 25.552663748770463 10.60817450707078 6.029204 10.581982520791751