12
3 163 5 140

Solution history:
B_obj   B_dis   B_sim   C_obj   C_dis   C_sim   neighbor   iterations   time   scores
1.0 1359.0707722802706 1.0 1.0 1359.0707722802706 1.0 0 0 0 3.0 3.0 3.0 3.0 3.0 3.0 3.0
0.9592192612332653 1436.390665855838 0.025 0.9592192612332653 1436.390665855838 0.025 t_multiswap_k 7 0.8045065402984619 3.0 3.0 3.0 3.0 3.0 3.0 4.571428571428571
0.9540225833904317 1458.6293672157653 0.05 0.9540225833904317 1458.6293672157653 0.05 f_swap_t 26 15.67227554321289 3.0 3.0 3.0 4.153846153846153 3.0 3.0 4.571428571428571
0.9540225833904317 1458.6293672157653 0.05 0.9540225833904317 1458.6293672157653 0.05 t_multiswap_k 100 38.22274041175842 3.0 3.0 3.0 4.153846153846153 3.0 3.0 5.525714285714286
0.9540225833904317 1458.6293672157653 0.05 0.9970947802109792 1585.3067517690677 0.047058823529411764 t_swap_k 100 103.51446628570557 3.0 3.0 4.1 4.153846153846153 3.0 3.0 5.525714285714286
0.9540225833904317 1458.6293672157653 0.05 0.9663096363283692 1491.5656287027714 0.047058823529411764 t_move_k 100 145.83773827552795 4.12 3.0 4.1 4.153846153846153 3.0 3.0 5.525714285714286
0.9540225833904317 1458.6293672157653 0.05 1.0210246360631223 1586.5261086973567 0.0 move_t 100 201.41701555252075 4.12 4.27 4.1 4.153846153846153 3.0 3.0 5.525714285714286
0.9540225833904317 1458.6293672157653 0.05 0.9825228530571386 1514.9629046583525 0.03 move_t 100 265.99451780319214 4.12 5.2573 4.1 4.153846153846153 3.0 3.0 5.525714285714286
0.9540225833904317 1458.6293672157653 0.05 0.9726723522992724 1484.9680146773642 0.03 t_multiswap_k 100 286.7601215839386 4.12 5.2573 4.1 4.153846153846153 3.0 3.0 6.470457142857143
0.9540225833904317 1458.6293672157653 0.05 0.9706395890615418 1478.7782268511526 0.03 move_t 100 348.1930134296417 4.12 6.2347269999999995 4.1 4.153846153846153 3.0 3.0 6.470457142857143
0.9540225833904317 1458.6293672157653 0.05 1.035905898721809 1631.8397274866397 0.0 t_move_k 100 408.7639317512512 5.1788 6.2347269999999995 4.1 4.153846153846153 3.0 3.0 6.470457142857143
0.9540225833904317 1458.6293672157653 0.05 0.9854157710922917 1538.9969323603775 0.04 swap_t 100 450.836044549942 5.1788 6.2347269999999995 4.1 4.153846153846153 4.0 3.0 6.470457142857143
0.9540225833904317 1458.6293672157653 0.05 1.0296155986658277 1612.685690269203 0.0 f_swap_t 100 515.0141224861145 5.1788 6.2347269999999995 4.1 5.152307692307692 4.0 3.0 6.470457142857143
0.9540225833904317 1458.6293672157653 0.05 1.0191975190140312 1580.962515919993 0.0 t_move_k 100 567.1020932197571 6.137012 6.2347269999999995 4.1 5.152307692307692 4.0 3.0 6.470457142857143
0.9540225833904317 1458.6293672157653 0.05 0.9917593029873017 1543.0880026894258 0.03 t_multiswap_k 100 587.4855060577393 6.137012 6.2347269999999995 4.1 5.152307692307692 4.0 3.0 7.405752571428572
0.9540225833904317 1458.6293672157653 0.05 0.9780390732967223 1516.5348013235964 0.04 t_move_k 100 644.4500060081482 7.07564188 6.2347269999999995 4.1 5.152307692307692 4.0 3.0 7.405752571428572
0.9540225833904317 1458.6293672157653 0.05 0.9779452376183941 1516.2490705859484 0.04 f_swap_t 100 692.463493347168 7.07564188 6.2347269999999995 4.1 6.100784615384614 4.0 3.0 7.405752571428572
0.9540225833904317 1458.6293672157653 0.05 0.9779452376183941 1516.2490705859484 0.04 f_swap_t 100 751.6769740581512 7.07564188 6.2347269999999995 4.1 7.039776769230768 4.0 3.0 7.405752571428572
0.9540225833904317 1458.6293672157653 0.05 0.9964635080385279 1572.6374205331877 0.04 swap_t 100 800.2661082744598 7.07564188 6.2347269999999995 4.1 7.039776769230768 4.97 3.0 7.405752571428572
0.9540225833904317 1458.6293672157653 0.05 1.0221495318228269 1628.0140755896405 0.025 t_multiswap_k 100 819.0252683162689 7.07564188 6.2347269999999995 4.1 7.039776769230768 4.97 3.0 8.411695045714286
0.9540225833904317 1458.6293672157653 0.05 1.0259772041445683 1601.6067364114042 0.0 swap_t 100 856.4869933128357 7.07564188 6.2347269999999995 4.1 7.039776769230768 5.9603 3.0 8.411695045714286
0.9540225833904317 1458.6293672157653 0.05 1.0261913800478586 1602.2589045410946 0.0 move_t 100 919.8844981193542 7.07564188 7.28237973 4.1 7.039776769230768 5.9603 3.0 8.411695045714286
0.9540225833904317 1458.6293672157653 0.05 1.0138133771695075 1564.567741051359 0.0 t_multiswap_k 100 933.4861190319061 7.07564188 7.28237973 4.1 7.039776769230768 5.9603 3.0 9.327578095257143
0.9540225833904317 1458.6293672157653 0.05 1.0108357130878969 1555.5007191076347 0.0 t_swap_r_k 100 1036.275119304657 7.07564188 7.28237973 4.1 7.039776769230768 5.9603 4.01 9.327578095257143
0.9540225833904317 1458.6293672157653 0.05 1.0101313826594582 1553.356024717919 0.0 t_swap_k 100 1113.3673272132874 7.07564188 7.28237973 5.099 7.039776769230768 5.9603 4.01 9.327578095257143
0.9540225833904317 1458.6293672157653 0.05 1.0074837967818953 1545.2940947648349 0.0 t_move_k 100 1176.5905632972717 8.0648854612 7.28237973 5.099 7.039776769230768 5.9603 4.01 9.327578095257143
0.9540225833904317 1458.6293672157653 0.05 1.0073408241237716 1544.8587413491941 0.0 t_move_k 100 1240.0127596855164 8.984236606587999 7.28237973 5.099 7.039776769230768 5.9603 4.01 9.327578095257143
0.9540225833904317 1458.6293672157653 0.05 1.0335418742879443 1624.6412454450526 0.0 t_move_k 100 1291.767346382141 9.964394240522118 7.28237973 5.099 7.039776769230768 5.9603 4.01 9.327578095257143
0.9540225833904317 1458.6293672157653 0.05 1.0610600578250153 1708.4344360614748 0.0 t_swap_k 100 1369.7588350772858 9.964394240522118 7.28237973 6.2180100000000005 7.039776769230768 5.9603 4.01 9.327578095257143
0.9540225833904317 1458.6293672157653 0.05 1.046438978857033 1663.9130796524853 0.0 t_multiswap_k 100 1384.2972612380981 9.964394240522118 7.28237973 6.2180100000000005 7.039776769230768 5.9603 4.01 10.234302314304571
0.9540225833904317 1458.6293672157653 0.05 1.0253918771879307 1599.8244089847265 0.0 t_move_k 100 1442.9004232883453 10.954750298116897 7.28237973 6.2180100000000005 7.039776769230768 5.9603 4.01 10.234302314304571
0.9540225833904317 1458.6293672157653 0.05 1.0145545369899351 1566.824581370295 0.0 t_multiswap_k 100 1466.2282462120056 10.954750298116897 7.28237973 6.2180100000000005 7.039776769230768 5.9603 4.01 11.131959291161525
0.9540225833904317 1458.6293672157653 0.05 1.023176046569532 1593.0771788439345 0.0 swap_t 100 1503.7839312553406 10.954750298116897 7.28237973 6.2180100000000005 7.039776769230768 6.910697 4.01 11.131959291161525
0.9540225833904317 1458.6293672157653 0.05 1.0171919464676717 1574.855524066924 0.0 t_swap_r_k 100 1606.002860069275 10.954750298116897 7.28237973 6.2180100000000005 7.039776769230768 6.910697 5.0099 11.131959291161525
0.9540225833904317 1458.6293672157653 0.05 1.012988741268814 1562.0567150920017 0.0 t_move_k 100 1665.8526771068573 11.845202795135728 7.28237973 6.2180100000000005 7.039776769230768 6.910697 5.0099 11.131959291161525
0.9540225833904317 1458.6293672157653 0.05 1.0367629059124805 1634.4493244024698 0.0 move_t 100 1733.8007974624634 11.845202795135728 8.289555932699999 6.2180100000000005 7.039776769230768 6.910697 5.0099 11.131959291161525
0.9540225833904317 1458.6293672157653 0.05 1.0236386193596907 1594.4857183984261 0.0 t_swap_r_k 100 1833.4583187103271 11.845202795135728 8.289555932699999 6.2180100000000005 7.039776769230768 6.910697 5.999801 11.131959291161525
0.9540225833904317 1458.6293672157653 0.05 1.0181124285120444 1577.6584026544294 0.0 swap_t 100 1863.49849319458 11.845202795135728 8.289555932699999 6.2180100000000005 7.039776769230768 7.84159003 5.999801 11.131959291161525
0.9540225833904317 1458.6293672157653 0.05 1.0162633869225295 1572.0280493951316 0.0 t_move_k 100 1931.8318390846252 12.72675076718437 8.289555932699999 6.2180100000000005 7.039776769230768 7.84159003 5.999801 11.131959291161525
0.9540225833904317 1458.6293672157653 0.05 1.0162633869225295 1572.0280493951316 0.0 swap_t 100 1964.7012298107147 12.72675076718437 8.289555932699999 6.2180100000000005 7.039776769230768 8.7631741297 5.999801 11.131959291161525
0.9540225833904317 1458.6293672157653 0.05 1.0683057422352298 1806.622922111149 0.05 t_swap_k 100 2036.969092130661 12.72675076718437 8.289555932699999 7.3758299 7.039776769230768 8.7631741297 5.999801 11.131959291161525
0.9540225833904317 1458.6293672157653 0.05 1.0377481012375518 1713.5745479894629 0.05 f_swap_t 100 2100.6044619083405 12.72675076718437 8.289555932699999 7.3758299 8.02937900153846 8.7631741297 5.999801 11.131959291161525
0.9540225833904317 1458.6293672157653 0.05 1.028468635193351 1685.3184653881942 0.05 swap_t 100 2156.101054906845 12.72675076718437 8.289555932699999 7.3758299 8.02937900153846 9.735542388403 5.999801 11.131959291161525
0.9540225833904317 1458.6293672157653 0.05 1.0251030144454196 1675.0701108594849 0.05 t_multiswap_k 100 2180.977375984192 12.72675076718437 8.289555932699999 7.3758299 8.02937900153846 9.735542388403 5.999801 12.02063969824991
0.9540225833904317 1458.6293672157653 0.05 1.0195546995720868 1658.1754271985958 0.05 move_t 100 2252.634763479233 12.72675076718437 9.266660373373 7.3758299 8.02937900153846 9.735542388403 5.999801 12.02063969824991
0.9540225833904317 1458.6293672157653 0.05 1.016154382846278 1647.82142301158 0.05 t_swap_r_k 100 2339.5969109535217 12.72675076718437 9.266660373373 7.3758299 8.02937900153846 9.735542388403 6.97980299 12.02063969824991
0.9540225833904317 1458.6293672157653 0.05 1.0201936052724148 1644.8958440656352 0.04 t_swap_r_k 100 2432.9668669700623 12.72675076718437 9.266660373373 7.3758299 8.02937900153846 9.735542388403 7.950004960099999 12.02063969824991
0.9540225833904317 1458.6293672157653 0.05 1.0201936052724148 1644.8958440656352 0.04 t_swap_r_k 100 2528.3683478832245 12.72675076718437 9.266660373373 7.3758299 8.02937900153846 9.735542388403 8.910504910499 12.02063969824991
0.9540225833904317 1458.6293672157653 0.05 1.0651635432652773 1720.9295972055363 0.0 t_swap_k 100 2605.0854313373566 12.72675076718437 9.266660373373 8.452071601 8.02937900153846 9.735542388403 8.910504910499 12.02063969824991
0.9540225833904317 1458.6293672157653 0.05 1.045015437881467 1659.5783807376686 0.0 t_swap_r_k 100 2702.76491189003 12.72675076718437 9.266660373373 8.452071601 8.02937900153846 9.735542388403 9.86139986139401 12.02063969824991
0.9540225833904317 1458.6293672157653 0.05 1.061716022347627 1710.4318557024455 0.0 f_swap_t 100 2768.0977716445923 12.72675076718437 9.266660373373 8.452071601 8.999085211523076 9.735542388403 9.86139986139401 12.02063969824991
0.9540225833904317 1458.6293672157653 0.05 1.0562225622777917 1693.704205559576 0.0 t_swap_r_k 100 2862.710704803467 12.72675076718437 9.266660373373 8.452071601 8.999085211523076 9.735542388403 10.802785862780071 12.02063969824991
0.9540225833904317 1458.6293672157653 0.05 1.0560545585139014 1693.1926321342087 0.0 f_swap_t 100 2927.949187040329 12.72675076718437 9.266660373373 8.452071601 9.909094359407845 9.735542388403 10.802785862780071 12.02063969824991
0.9540225833904317 1458.6293672157653 0.05 1.0539983069447862 1686.931322064303 0.0 f_swap_t 100 2997.5958354473114 12.72675076718437 9.266660373373 8.452071601 10.870003415813766 9.735542388403 10.802785862780071 12.02063969824991
0.9540225833904317 1458.6293672157653 0.05 1.0944813276253333 1810.2025933691052 0.0 t_swap_k 100 3079.2197802066803 12.72675076718437 9.266660373373 9.67755088499 10.870003415813766 9.735542388403 10.802785862780071 12.02063969824991
0.9540225833904317 1458.6293672157653 0.05 1.0868834417133453 1787.0669419316698 0.0 t_swap_k 100 3152.6066222190857 12.72675076718437 9.266660373373 10.7107753761401 10.870003415813766 9.735542388403 10.802785862780071 12.02063969824991
0.9540225833904317 1458.6293672157653 0.05 1.065913177974815 1723.2122436609015 0.0 t_swap_r_k 100 3255.477749824524 12.72675076718437 9.266660373373 10.7107753761401 10.870003415813766 9.735542388403 11.73475800415227 12.02063969824991
0.9540225833904317 1458.6293672157653 0.05 1.0644212903897885 1718.6694285211597 0.0 t_swap_r_k 100 3358.527659893036 12.72675076718437 9.266660373373 10.7107753761401 10.870003415813766 9.735542388403 12.657410424110749 12.02063969824991
0.9540225833904317 1458.6293672157653 0.05 1.063063804597752 1714.5358684125151 0.0 f_swap_t 100 3438.023318052292 12.72675076718437 9.266660373373 10.7107753761401 11.791303381655629 9.735542388403 12.657410424110749 12.02063969824991
0.9540225833904317 1458.6293672157653 0.05 1.0550227924048015 1720.5010091897113 0.02 swap_t 100 3489.3712916374207 12.72675076718437 9.266660373373 10.7107753761401 11.791303381655629 10.69818696451897 12.657410424110749 12.02063969824991
0.9540225833904317 1458.6293672157653 0.05 1.0527978816114607 1701.1878463718915 0.011764705882352941 move_t 100 3558.048805475235 12.72675076718437 10.30399376963927 10.7107753761401 11.791303381655629 10.69818696451897 12.657410424110749 12.02063969824991
0.9540225833904317 1458.6293672157653 0.05 1.0741909128977305 1778.86816020674 0.02 t_swap_k 100 3641.4059269428253 12.72675076718437 10.30399376963927 11.7336676223787 11.791303381655629 10.69818696451897 12.657410424110749 12.02063969824991
0.9540225833904317 1458.6293672157653 0.05 1.0904836555614046 1813.254693653786 0.01 t_swap_k 100 3716.7675290107727 12.72675076718437 10.30399376963927 12.836330946154913 11.791303381655629 10.69818696451897 12.657410424110749 12.02063969824991
0.9540225833904317 1458.6293672157653 0.05 1.0296411320225942 1640.6760468169077 0.018333333333333333 t_move_k 100 3776.218850135803 13.659483259512527 10.30399376963927 12.836330946154913 11.791303381655629 10.69818696451897 12.657410424110749 12.02063969824991
0.9540225833904317 1458.6293672157653 0.05 1.0260924521506116 1619.8695014203881 0.011764705882352941 t_move_k 100 3834.7757635116577 14.552888426917402 10.30399376963927 12.836330946154913 11.791303381655629 10.69818696451897 12.657410424110749 12.02063969824991
0.9540225833904317 1458.6293672157653 0.05 1.0308310092952988 1634.2984633297624 0.011764705882352941 swap_t 100 3871.4784283638 14.552888426917402 10.30399376963927 12.836330946154913 11.791303381655629 11.60120509487378 12.657410424110749 12.02063969824991
0.9540225833904317 1458.6293672157653 0.05 1.072842784566984 1762.2248102389697 0.011764705882352941 t_swap_k 100 3954.8109567165375 14.552888426917402 10.30399376963927 13.897967636693364 11.791303381655629 11.60120509487378 12.657410424110749 12.02063969824991
0.9540225833904317 1458.6293672157653 0.05 1.0663955292773775 1752.5936161947275 0.018333333333333333 swap_t 100 4019.4918916225433 14.552888426917402 10.30399376963927 13.897967636693364 11.791303381655629 12.705193043925043 12.657410424110749 12.02063969824991
0.9540225833904317 1458.6293672157653 0.05 1.029230187912138 1629.423943501034 0.011764705882352941 move_t 100 4085.5474281311035 14.552888426917402 11.320953831942877 13.897967636693364 11.791303381655629 12.705193043925043 12.657410424110749 12.02063969824991
0.9540225833904317 1458.6293672157653 0.05 1.021330712477328 1615.3707221351087 0.018333333333333333 t_multiswap_k 100 4111.797597169876 14.552888426917402 11.320953831942877 13.897967636693364 11.791303381655629 12.705193043925043 12.657410424110749 12.90043330126741
0.9540225833904317 1458.6293672157653 0.05 1.021330712477328 1615.3707221351087 0.018333333333333333 swap_t 100 4155.112281322479 14.552888426917402 11.320953831942877 13.897967636693364 11.791303381655629 13.578141113485792 12.657410424110749 12.90043330126741
0.9540225833904317 1458.6293672157653 0.05 1.0357242870238967 1669.3493638946325 0.025 t_swap_k 100 4237.686302900314 14.552888426917402 11.320953831942877 14.79898796032643 11.791303381655629 13.578141113485792 12.657410424110749 12.90043330126741
0.9540225833904317 1458.6293672157653 0.05 1.0287340047158382 1648.0638725353397 0.025 swap_t 100 4297.109622478485 14.552888426917402 11.320953831942877 14.79898796032643 11.791303381655629 14.472359702350934 12.657410424110749 12.90043330126741
0.9540225833904317 1458.6293672157653 0.05 1.0412340047158382 1648.0638725353397 0.0 t_swap_r_k 100 4388.415660142899 14.552888426917402 11.320953831942877 14.79898796032643 11.791303381655629 14.472359702350934 13.570836319869642 12.90043330126741
0.9540225833904317 1458.6293672157653 0.05 1.0354642161043484 1630.4947987522642 0.0 t_multiswap_k 100 4407.183329820633 14.552888426917402 11.320953831942877 14.79898796032643 11.791303381655629 14.472359702350934 13.570836319869642 13.801428968254736
0.9540225833904317 1458.6293672157653 0.05 1.0317206088429312 1619.0954708705249 0.0 f_swap_t 100 4475.833512544632 14.552888426917402 11.320953831942877 14.79898796032643 12.673390347839073 14.472359702350934 13.570836319869642 13.801428968254736
0.9540225833904317 1458.6293672157653 0.05 1.030861984872406 1616.4809508411372 0.0 f_swap_t 100 4543.727211713791 14.552888426917402 11.320953831942877 14.79898796032643 13.546656444360682 14.472359702350934 13.570836319869642 13.801428968254736
0.9540225833904317 1458.6293672157653 0.05 1.0204227899663123 1599.9185387563346 0.01 t_move_k 100 4613.6981546878815 15.537359542648229 11.320953831942877 14.79898796032643 13.546656444360682 14.472359702350934 13.570836319869642 13.801428968254736
0.9540225833904317 1458.6293672157653 0.05 1.0229500497242694 1592.3890158077263 0.0 move_t 100 4674.5152406692505 15.537359542648229 12.247744293623448 14.79898796032643 13.546656444360682 14.472359702350934 13.570836319869642 13.801428968254736
0.9540225833904317 1458.6293672157653 0.05 1.012883847785313 1576.9623716689382 0.01 move_t 100 4732.4922552108765 15.537359542648229 13.185266850687213 14.79898796032643 13.546656444360682 14.472359702350934 13.570836319869642 13.801428968254736
0.9540225833904317 1458.6293672157653 0.05 1.0361762453972214 1647.8879947348225 0.01 t_swap_k 100 4806.280988454819 15.537359542648229 13.185266850687213 15.850998080723166 13.546656444360682 14.472359702350934 13.570836319869642 13.801428968254736
0.9540225833904317 1458.6293672157653 0.05 1.017212215831309 1574.9172445161912 0.0 t_move_k 100 4868.9945821762085 16.481985947221748 13.185266850687213 15.850998080723166 13.546656444360682 14.472359702350934 13.570836319869642 13.801428968254736
0.9540225833904317 1458.6293672157653 0.05 1.011732391329315 1573.4561732974512 0.01 t_swap_k 100 4941.570980787277 16.481985947221748 13.185266850687213 16.722488099915935 13.546656444360682 14.472359702350934 13.570836319869642 13.801428968254736
0.9540225833904317 1458.6293672157653 0.05 1.011732391329315 1573.4561732974512 0.01 f_swap_t 100 4992.443162202835 16.481985947221748 13.185266850687213 16.722488099915935 14.411189879917075 14.472359702350934 13.570836319869642 13.801428968254736
0.9540225833904317 1458.6293672157653 0.05 1.027876066516865 1632.7638919711583 0.016666666666666666 t_multiswap_k 100 5014.064163446426 16.481985947221748 13.185266850687213 16.722488099915935 14.411189879917075 14.472359702350934 13.570836319869642 14.813414678572189
0.9540225833904317 1458.6293672157653 0.05 1.0216727588414753 1588.4996501353737 0.0 t_swap_k 100 5076.096903800964 16.481985947221748 13.185266850687213 17.555263218916775 14.411189879917075 14.472359702350934 13.570836319869642 14.813414678572189
0.9540225833904317 1458.6293672157653 0.05 1.016270452434208 1572.0495639608034 0.0 move_t 100 5120.713754415512 16.481985947221748 14.143414182180342 17.555263218916775 14.411189879917075 14.472359702350934 13.570836319869642 14.813414678572189
0.9540225833904317 1458.6293672157653 0.05 1.0587414654122114 1701.3742950552144 0.0 t_swap_k 100 5198.999762058258 16.481985947221748 14.143414182180342 18.479710586727606 14.411189879917075 14.472359702350934 13.570836319869642 14.813414678572189
0.9540225833904317 1458.6293672157653 0.05 1.046868836691078 1665.2220017831048 0.0 t_multiswap_k 100 5220.260230064392 16.481985947221748 14.143414182180342 18.479710586727606 14.411189879917075 14.472359702350934 13.570836319869642 15.675280531786466
0.9540225833904317 1458.6293672157653 0.05 1.0258353973708887 1639.2375792790892 0.025 swap_t 100 5261.055264234543 16.481985947221748 14.143414182180342 18.479710586727606 14.411189879917075 15.387636105327424 13.570836319869642 15.675280531786466
0.9540225833904317 1458.6293672157653 0.05 1.021784474608395 1626.9024721034007 0.025 f_swap_t 100 5282.580377817154 16.481985947221748 14.143414182180342 18.479710586727606 15.327077981117904 15.387636105327424 13.570836319869642 15.675280531786466
0.9540225833904317 1458.6293672157653 0.05 1.0187960571951136 1617.802706139009 0.025 swap_t 100 5287.962033033371 16.481985947221748 14.143414182180342 18.479710586727606 15.327077981117904 16.23375974427415 13.570836319869642 15.675280531786466
0.9540225833904317 1458.6293672157653 0.05 1.0220281531461892 1627.644476100104 0.025 t_move_k 100 5290.921476364136 17.38716608774953 14.143414182180342 18.479710586727606 15.327077981117904 16.23375974427415 13.570836319869642 15.675280531786466
0.9540225833904317 1458.6293672157653 0.05 1.0179430876796565 1615.2054039914158 0.025 swap_t 100 5293.4327075481415 17.38716608774953 14.143414182180342 18.479710586727606 15.327077981117904 17.101422146831407 13.570836319869642 15.675280531786466
0.9540225833904317 1458.6293672157653 0.05 1.0212675348758746 1625.3283845737526 0.025 t_move_k 100 5296.264516830444 18.253294426872035 14.143414182180342 18.479710586727606 15.327077981117904 17.101422146831407 13.570836319869642 15.675280531786466
0.9540225833904317 1458.6293672157653 0.05 1.0200814744839883 1621.7168168128921 0.025 move_t 100 5300.136023283005 18.253294426872035 15.16198004035854 18.479710586727606 15.327077981117904 17.101422146831407 13.570836319869642 15.675280531786466
0.9540225833904317 1458.6293672157653 0.05 1.0200814744839883 1621.7168168128921 0.025 t_swap_r_k 100 5304.425682544708 18.253294426872035 15.16198004035854 18.479710586727606 15.327077981117904 17.101422146831407 14.475127956670946 15.675280531786466
0.9540225833904317 1458.6293672157653 0.05 1.0271646052788757 1643.2850329001747 0.025 t_move_k 100 5307.394012212753 19.170761482603314 15.16198004035854 18.479710586727606 15.327077981117904 17.101422146831407 14.475127956670946 15.675280531786466
0.9540225833904317 1458.6293672157653 0.05 1.0182410226682546 1595.9618068467166 0.011764705882352941 t_multiswap_k 100 5309.578282117844 19.170761482603314 15.16198004035854 18.479710586727606 15.327077981117904 17.101422146831407 14.475127956670946 16.548527726468603
0.9540225833904317 1458.6293672157653 0.05 1.0373600896795168 1679.5546868729045 0.028431372549019607 f_swap_t 100 5312.733525514603 19.170761482603314 15.16198004035854 18.479710586727606 16.303807201306725 17.101422146831407 14.475127956670946 16.548527726468603
0.9540225833904317 1458.6293672157653 0.05 1.041869751632293 1685.8233962953527 0.023529411764705882 t_move_k 100 5316.4579083919525 20.28905386777728 15.16198004035854 18.479710586727606 16.303807201306725 17.101422146831407 14.475127956670946 16.548527726468603
0.9540225833904317 1458.6293672157653 0.05 1.066018861298042 1738.759109076415 0.01 t_swap_k 100 5321.660715103149 20.28905386777728 15.16198004035854 19.42491348086033 16.303807201306725 17.101422146831407 14.475127956670946 16.548527726468603
0.9540225833904317 1458.6293672157653 0.05 1.0424388391733646 1666.9576660062073 0.01 move_t 100 5325.014263391495 20.28905386777728 16.140360239954955 19.42491348086033 16.303807201306725 17.101422146831407 14.475127956670946 16.548527726468603
0.9540225833904317 1458.6293672157653 0.05 1.032656700517154 1649.8584881412462 0.018333333333333333 move_t 100 5327.8888964653015 20.28905386777728 17.108956637555405 19.42491348086033 16.303807201306725 17.101422146831407 14.475127956670946 16.548527726468603
0.9540225833904317 1458.6293672157653 0.05 1.0233367914638425 1634.1668048215583 0.026666666666666665 t_multiswap_k 100 5329.121553897858 20.28905386777728 17.108956637555405 19.42491348086033 16.303807201306725 17.101422146831407 14.475127956670946 17.383042449203916
0.9540225833904317 1458.6293672157653 0.05 1.0237117478427158 1635.308551379264 0.026666666666666665 t_multiswap_k 100 5330.453523159027 20.28905386777728 17.108956637555405 19.42491348086033 16.303807201306725 17.101422146831407 14.475127956670946 18.249212024711877
0.9540225833904317 1458.6293672157653 0.05 1.0237117478427158 1635.308551379264 0.026666666666666665 t_multiswap_k 100 5332.148566246033 20.28905386777728 17.108956637555405 19.42491348086033 16.303807201306725 17.101422146831407 14.475127956670946 19.066719904464758
0.9540225833904317 1458.6293672157653 0.05 1.025280375293696 1635.308551379264 0.023529411764705882 t_swap_r_k 100 5336.042492866516 20.28905386777728 17.108956637555405 19.42491348086033 16.303807201306725 17.101422146831407 15.370376677104236 19.066719904464758
0.9540225833904317 1458.6293672157653 0.05 1.0378909903370732 1673.7080216312347 0.023529411764705882 swap_t 100 5338.32347369194 20.28905386777728 17.108956637555405 19.42491348086033 16.303807201306725 18.000407925363092 15.370376677104236 19.066719904464758
0.9540225833904317 1458.6293672157653 0.05 1.0357024256743326 1667.0438166442175 0.023529411764705882 swap_t 100 5340.511341571808 20.28905386777728 17.108956637555405 19.42491348086033 16.303807201306725 18.880403846109463 15.370376677104236 19.066719904464758
0.9540225833904317 1458.6293672157653 0.05 1.0644229020117226 1754.4980028949683 0.023529411764705882 t_move_k 100 5343.778714895248 21.336163329099506 17.108956637555405 19.42491348086033 16.303807201306725 18.880403846109463 15.370376677104236 19.066719904464758
0.9540225833904317 1458.6293672157653 0.05 1.0774867175309621 1794.2774738948165 0.023529411764705882 f_swap_t 100 5346.934940099716 21.336163329099506 17.108956637555405 19.42491348086033 17.220769129293657 18.880403846109463 15.370376677104236 19.066719904464758
0.9540225833904317 1458.6293672157653 0.05 1.06807980444288 1745.034705049252 0.01 move_t 100 5349.9310348033905 21.336163329099506 18.027867071179852 19.42491348086033 17.220769129293657 18.880403846109463 15.370376677104236 19.066719904464758
0.9540225833904317 1458.6293672157653 0.05 1.0575369940963357 1725.619272993356 0.018333333333333333 swap_t 100 5352.508800268173 21.336163329099506 18.027867071179852 19.42491348086033 17.220769129293657 19.811599807648367 15.370376677104236 19.066719904464758
0.9540225833904317 1458.6293672157653 0.05 1.0361199930410079 1660.4042543696296 0.018333333333333333 t_move_k 100 5355.448594093323 22.24280169580851 18.027867071179852 19.42491348086033 17.220769129293657 19.811599807648367 15.370376677104236 19.066719904464758
0.9540225833904317 1458.6293672157653 0.05 1.0348806054985706 1656.6303048118348 0.018333333333333333 t_swap_k 100 5359.415594100952 22.24280169580851 18.027867071179852 20.290664346051727 17.220769129293657 19.811599807648367 15.370376677104236 19.066719904464758
0.9540225833904317 1458.6293672157653 0.05 1.0545153088939667 1716.4182062222205 0.018333333333333333 t_swap_k 100 5363.563224554062 22.24280169580851 18.027867071179852 21.21775770259121 17.220769129293657 19.811599807648367 15.370376677104236 19.066719904464758
0.9540225833904317 1458.6293672157653 0.05 1.049688866906723 1673.8090267618888 0.0 t_multiswap_k 100 5365.071136236191 22.24280169580851 18.027867071179852 21.21775770259121 17.220769129293657 19.811599807648367 15.370376677104236 19.90605270542011
0.9540225833904317 1458.6293672157653 0.05 1.0375495988438272 1667.2949304977817 0.02 t_swap_r_k 100 5370.597801446915 22.24280169580851 18.027867071179852 21.21775770259121 17.220769129293657 19.811599807648367 16.286672910333195 19.90605270542011
0.9540225833904317 1458.6293672157653 0.05 1.0411174573195523 1662.9340428115875 0.01 t_move_k 100 5373.866896152496 23.310373678850425 18.027867071179852 21.21775770259121 17.220769129293657 19.811599807648367 16.286672910333195 19.90605270542011
0.9540225833904317 1458.6293672157653 0.05 1.0393115231038639 1678.0335605151583 0.023529411764705882 t_move_k 100 5376.996700763702 24.24726994206192 18.027867071179852 21.21775770259121 17.220769129293657 19.811599807648367 16.286672910333195 19.90605270542011
0.9540225833904317 1458.6293672157653 0.05 1.0299779930188913 1644.2393022326903 0.02 f_swap_t 100 5381.105297327042 24.24726994206192 18.027867071179852 21.21775770259121 18.10856143800072 19.811599807648367 16.286672910333195 19.90605270542011
0.9540225833904317 1458.6293672157653 0.05 1.0216654985309774 1618.9276593262687 0.02 swap_t 100 5383.787931919098 24.24726994206192 18.027867071179852 21.21775770259121 18.10856143800072 20.673483809571884 16.286672910333195 19.90605270542011
0.9540225833904317 1458.6293672157653 0.05 1.0528118823529766 1698.5437037710428 0.01 move_t 100 5387.3047747612 24.24726994206192 19.047588400468054 21.21775770259121 18.10856143800072 20.673483809571884 16.286672910333195 19.90605270542011
0.9540225833904317 1458.6293672157653 0.05 1.0371112560842128 1648.1976034655352 0.008333333333333333 t_multiswap_k 100 5388.770783185959 24.24726994206192 19.047588400468054 21.21775770259121 18.10856143800072 20.673483809571884 16.286672910333195 20.70699217836591
0.9540225833904317 1458.6293672157653 0.05 1.0356514939234165 1643.7526106181895 0.008333333333333333 t_swap_r_k 100 5394.358098983765 24.24726994206192 19.047588400468054 21.21775770259121 18.10856143800072 20.673483809571884 17.163806181229862 20.70699217836591
0.9540225833904317 1458.6293672157653 0.05 1.035578290849658 1643.529706402695 0.008333333333333333 t_multiswap_k 100 5395.593929052353 24.24726994206192 19.047588400468054 21.21775770259121 18.10856143800072 20.673483809571884 17.163806181229862 21.52992225658225
0.9540225833904317 1458.6293672157653 0.05 1.042335180174722 1666.6420231433467 0.01 t_move_k 100 5398.716057300568 25.1547972426413 19.047588400468054 21.21775770259121 18.10856143800072 20.673483809571884 17.163806181229862 21.52992225658225
0.9540225833904317 1458.6293672157653 0.05 1.0349060353219417 1661.9320236872284 0.021764705882352943 f_swap_t 100 5402.245413780212 25.1547972426413 19.047588400468054 21.21775770259121 18.967475823620713 20.673483809571884 17.163806181229862 21.52992225658225