3
1 50 5 160
0.84375

705.0410451983983

666.2266331163776
Assigned customers matrix:
Vehicle 0:
0 32 2 3 28 31 8 26 7 24 40 0 0 0 0 0 0 0 0 0 0 0 0 0 0 0 0 0 0 0 0 0 0 0 0 0 0 0 0 0 0 0
0 6 18 13 41 19 42 44 15 10 0 0 0 0 0 0 0 0 0 0 0 0 0 0 0 0 0 0 0 0 0 0 0 0 0 0 0 0 0 0 0 0
0 1 22 36 35 20 29 21 50 16 9 49 5 0 0 0 0 0 0 0 0 0 0 0 0 0 0 0 0 0 0 0 0 0 0 0 0 0 0 0 0 0
0 12 4 17 37 45 33 39 30 34 38 0 0 0 0 0 0 0 0 0 0 0 0 0 0 0 0 0 0 0 0 0 0 0 0 0 0 0 0 0 0 0
0 47 25 14 43 23 48 27 11 46 0 0 0 0 0 0 0 0 0 0 0 0 0 0 0 0 0 0 0 0 0 0 0 0 0 0 0 0 0 0 0 0

Transported demand matrix:
149 159 155 157 157

Routes distance matrix:
182.63347637036617 123.87154949792222 125.82366859822164 118.81354902926151 115.08438962060609
