4

Similarity 1
0.6666666666666666

Similarity combination matrix:
0.06666666666666667 0.0 0.13333333333333333 0.6666666666666666 0.13333333333333333
0.6842105263157895 0.0 0.0 0.21052631578947367 0.10526315789473684
0.0 0.7692307692307693 0.23076923076923078 0.0 0.0
0.08333333333333333 0.16666666666666666 0.6666666666666666 0.08333333333333333 0.0
0.125 0.0625 0.125 0.0 0.6875

Similarity combination pairings:
(np.int64(0), np.int64(3)) (np.int64(1), np.int64(0)) (np.int64(2), np.int64(1)) (np.int64(3), np.int64(2)) (np.int64(4), np.int64(4))
0.6666666666666666 0.6842105263157895 0.7692307692307693 0.6666666666666666 0.6875

Similarity 2
0.0

Similarity combination matrix:
0.0 0.0 0.0 0.05555555555555555 0.0
0.0 0.0 0.0 0.045454545454545456 0.0
0.0 0.05555555555555555 0.0 0.0 0.0
0.0 0.0 0.0625 0.0 0.0
0.0 0.0 0.0 0.0 0.1

Similarity combination pairings:
(np.int64(0), np.int64(3)) (np.int64(1), np.int64(0)) (np.int64(2), np.int64(1)) (np.int64(3), np.int64(2)) (np.int64(4), np.int64(4))
0.05555555555555555 0.0 0.05555555555555555 0.0625 0.1

Similarity 3
0.0

Similarity combination matrix:
0.0 0.0 0.0 0.0625 0.0
0.0 0.0 0.0 0.05 0.0
0.0 0.0625 0.0 0.0 0.0
0.0 0.0 0.14285714285714285 0.0 0.0
0.0 0.0 0.0 0.0 0.2222222222222222

Similarity combination pairings:
(np.int64(0), np.int64(3)) (np.int64(1), np.int64(0)) (np.int64(2), np.int64(1)) (np.int64(3), np.int64(2)) (np.int64(4), np.int64(4))
0.0625 0.0 0.0625 0.14285714285714285 0.2222222222222222
