7
4 100 2 200

Solution history:
B_obj   B_dis   B_sim   C_obj   C_dis   C_sim   neighbor   iterations   time   scores
0.9768197481487675 946.9683722944727 0.0 0.9768197481487675 946.9683722944727 0.0 0 0 0 3.0 3.0 3.0 3.0 3.0 3.0 3.0
0.9768197481487675 946.9683722944727 0.0 1.060792647435544 1113.739316793266 0.0 swap_t 100 13.657653331756592 3.0 3.0 3.0 3.0 3.99 3.0 3.0
0.9768197481487675 946.9683722944727 0.0 1.0339046675510764 1060.339543305829 0.0 t_swap_k 100 19.86761212348938 3.0 3.0 4.0 3.0 3.99 3.0 3.0
0.9768197481487675 946.9683722944727 0.0 1.071445710073094 1134.8963964339443 0.0 t_swap_k 100 31.011154413223267 3.0 3.0 5.0 3.0 3.99 3.0 3.0
0.9768197481487675 946.9683722944727 0.0 1.1137429913745382 1218.8991831935507 0.0 t_swap_k 100 41.06354022026062 3.0 3.0 6.03 3.0 3.99 3.0 3.0
0.9768197481487675 946.9683722944727 0.0 1.1051847181514378 1201.902374451472 0.0 t_swap_r_k 100 52.4633412361145 3.0 3.0 6.03 3.0 3.99 4.01 3.0
0.9768197481487675 946.9683722944727 0.0 1.1192308845358587 1229.7981891061165 0.0 move_t 100 62.591994285583496 3.0 4.08 6.03 3.0 3.99 4.01 3.0
0.9768197481487675 946.9683722944727 0.0 1.139863714736717 1270.7751782241066 0.0 t_move_k 100 70.30676436424255 4.08 4.08 6.03 3.0 3.99 4.01 3.0
0.9768197481487675 946.9683722944727 0.0 1.1118233273645313 1242.6701730596099 0.027777777777777776 swap_t 100 77.14677882194519 4.08 4.08 6.03 3.0 5.040100000000001 4.01 3.0
0.9768197481487675 946.9683722944727 0.0 1.0915117875889058 1202.3312696589114 0.027777777777777776 move_t 100 90.90356707572937 4.08 5.0392 6.03 3.0 5.040100000000001 4.01 3.0
0.9768197481487675 946.9683722944727 0.0 1.1054006764777946 1202.3312696589114 0.0 t_swap_r_k 100 99.45301699638367 4.08 5.0392 6.03 3.0 5.040100000000001 5.0099 3.0
0.9768197481487675 946.9683722944727 0.0 1.0916572536028417 1202.6201664904202 0.027777777777777776 move_t 100 107.90168356895447 4.08 6.078808 6.03 3.0 5.040100000000001 5.0099 3.0
0.9768197481487675 946.9683722944727 0.0 1.0920059958019732 1206.760704195367 0.03125 move_t 100 119.33022165298462 4.08 7.02801992 6.03 3.0 5.040100000000001 5.0099 3.0
0.9768197481487675 946.9683722944727 0.0 1.0904760662369104 1203.7222501137617 0.03125 t_swap_k 100 126.0517201423645 4.08 7.02801992 6.9697000000000005 3.0 5.040100000000001 5.0099 3.0
0.9768197481487675 946.9683722944727 0.0 1.0904760662369104 1203.7222501137617 0.03125 t_swap_r_k 100 136.02511358261108 4.08 7.02801992 6.9697000000000005 3.0 5.040100000000001 5.999801 3.0
0.9768197481487675 946.9683722944727 0.0 1.1039495334332285 1230.4806789531635 0.03125 f_swap_t 100 148.09901905059814 4.08 7.02801992 6.9697000000000005 3.98 5.040100000000001 5.999801 3.0
0.9768197481487675 946.9683722944727 0.0 1.118455847420342 1263.7234070366096 0.03571428571428571 t_swap_k 100 159.17313528060913 4.08 7.02801992 8.000003 3.98 5.040100000000001 5.999801 3.0
0.9768197481487675 946.9683722944727 0.0 1.1523782989299949 1323.2127167795347 0.027777777777777776 swap_t 100 170.2426917552948 4.08 7.02801992 8.000003 3.98 6.029699000000001 5.999801 3.0
0.9768197481487675 946.9683722944727 0.0 1.1136951370618802 1246.3876042046609 0.027777777777777776 move_t 100 184.38372421264648 4.08 8.2077397208 8.000003 3.98 6.029699000000001 5.999801 3.0
0.9768197481487675 946.9683722944727 0.0 1.1592541636070228 1336.8682467918754 0.027777777777777776 f_swap_t 100 197.8576488494873 4.08 8.2077397208 8.000003 5.1002 6.029699000000001 5.999801 3.0
0.9768197481487675 946.9683722944727 0.0 1.1469278900864077 1312.388155064149 0.027777777777777776 t_swap_k 100 202.27831959724426 4.08 8.2077397208 9.010002969999999 5.1002 6.029699000000001 5.999801 3.0
0.9768197481487675 946.9683722944727 0.0 1.1216530953592392 1262.1921820244665 0.027777777777777776 swap_t 100 211.95559668540955 4.08 8.2077397208 9.010002969999999 5.1002 7.089402010000001 5.999801 3.0
0.9768197481487675 946.9683722944727 0.0 1.1216530953592392 1262.1921820244665 0.027777777777777776 t_multiswap_k 100 217.9669349193573 4.08 8.2077397208 9.010002969999999 5.1002 7.089402010000001 5.999801 3.9699999999999998
0.9768197481487675 946.9683722944727 0.0 1.1198701336860413 1258.6512038663955 0.027777777777777776 swap_t 100 224.25158071517944 4.08 8.2077397208 9.010002969999999 5.1002 8.048507989900001 5.999801 3.9699999999999998
0.9768197481487675 946.9683722944727 0.0 1.1340611469512176 1286.8346857484014 0.027777777777777776 swap_t 100 228.8979389667511 4.08 8.2077397208 9.010002969999999 5.1002 8.978022910001002 5.999801 3.9699999999999998
0.9768197481487675 946.9683722944727 0.0 1.1249329947425353 1241.12263202616 0.0 t_multiswap_k 100 232.00626420974731 4.08 8.2077397208 9.010002969999999 5.1002 8.978022910001002 5.999801 4.9603
0.9768197481487675 946.9683722944727 0.0 1.1213478706216893 1234.002542796693 0.0 move_t 100 237.37415385246277 4.08 9.125662323592 9.010002969999999 5.1002 8.978022910001002 5.999801 4.9603
0.9768197481487675 946.9683722944727 0.0 1.152208504254364 1295.292042890955 0.0 f_swap_t 100 243.91889643669128 4.08 9.125662323592 9.010002969999999 6.089198 8.978022910001002 5.999801 4.9603
0.9768197481487675 946.9683722944727 0.0 1.157390566539088 1305.5836658909377 0.0 swap_t 100 249.2473225593567 4.08 9.125662323592 9.010002969999999 6.089198 10.078242680900992 5.999801 4.9603
0.9768197481487675 946.9683722944727 0.0 1.1467812213309507 1284.513409464131 0.0 t_swap_r_k 100 257.38892912864685 4.08 9.125662323592 9.010002969999999 6.089198 10.078242680900992 6.97980299 4.9603
0.9768197481487675 946.9683722944727 0.0 1.1492631905074908 1317.0260830173377 0.027777777777777776 t_swap_k 100 268.8071551322937 4.08 9.125662323592 10.079902940299998 6.089198 10.078242680900992 6.97980299 4.9603
0.9768197481487675 946.9683722944727 0.0 1.1397466643991812 1298.1261752981798 0.027777777777777776 t_swap_k 100 277.18402576446533 4.08 9.125662323592 11.039103910896998 6.089198 10.078242680900992 6.97980299 4.9603
0.9768197481487675 946.9683722944727 0.0 1.124623276413292 1268.0909887100038 0.027777777777777776 t_multiswap_k 100 282.55720591545105 4.08 9.125662323592 11.039103910896998 6.089198 10.078242680900992 6.97980299 5.910697
0.9768197481487675 946.9683722944727 0.0 1.1604190602057853 1339.1817420703414 0.027777777777777776 f_swap_t 100 292.3745439052582 4.08 9.125662323592 11.039103910896998 7.09830602 10.078242680900992 6.97980299 5.910697
0.9768197481487675 946.9683722944727 0.0 1.1314809956436642 1285.1584142137608 0.03125 swap_t 100 299.4871461391449 4.08 9.125662323592 11.039103910896998 7.09830602 11.097460254091981 6.97980299 5.910697
0.9768197481487675 946.9683722944727 0.0 1.102565145179266 1229.800030752388 0.03333333333333333 t_move_k 100 310.1179156303406 5.1592 9.125662323592 11.039103910896998 7.09830602 11.097460254091981 6.97980299 5.910697
0.9768197481487675 946.9683722944727 0.0 1.0961679778683735 1183.9950459433594 0.0 t_swap_r_k 100 327.183495759964 5.1592 9.125662323592 11.039103910896998 7.09830602 11.097460254091981 7.950004960099999 5.910697
0.9768197481487675 946.9683722944727 0.0 1.0887524084317426 1169.267657351954 0.0 t_swap_r_k 100 331.4882650375366 5.1592 9.125662323592 11.039103910896998 7.09830602 11.097460254091981 8.910504910499 5.910697
0.9768197481487675 946.9683722944727 0.0 1.0782703272150391 1181.5503005092596 0.03333333333333333 move_t 100 340.2988350391388 5.1592 10.15440570035608 11.039103910896998 7.09830602 11.097460254091981 8.910504910499 5.910697
0.9768197481487675 946.9683722944727 0.0 1.0782703272150391 1181.5503005092596 0.03333333333333333 t_swap_r_k 100 349.9137752056122 5.1592 10.15440570035608 11.039103910896998 7.09830602 11.097460254091981 9.86139986139401 5.910697
0.9768197481487675 946.9683722944727 0.0 1.0782703272150391 1181.5503005092596 0.03333333333333333 swap_t 100 355.3542854785919 5.1592 10.15440570035608 11.039103910896998 7.09830602 11.986485651551062 9.86139986139401 5.910697
0.9768197481487675 946.9683722944727 0.0 1.0782703272150391 1181.5503005092596 0.03333333333333333 f_swap_t 100 362.2396037578583 5.1592 10.15440570035608 11.039103910896998 8.0273229598 11.986485651551062 9.86139986139401 5.910697
0.9768197481487675 946.9683722944727 0.0 1.0782703272150391 1181.5503005092596 0.03333333333333333 f_swap_t 100 372.37956404685974 5.1592 10.15440570035608 11.039103910896998 8.947049730202 11.986485651551062 9.86139986139401 5.910697
0.9768197481487675 946.9683722944727 0.0 1.0782703272150391 1181.5503005092596 0.03333333333333333 move_t 100 380.81118655204773 5.1592 11.052861643352518 11.039103910896998 8.947049730202 11.986485651551062 9.86139986139401 5.910697
0.9768197481487675 946.9683722944727 0.0 1.0782703272150391 1181.5503005092596 0.03333333333333333 t_swap_r_k 100 390.47816467285156 5.1592 11.052861643352518 11.039103910896998 8.947049730202 11.986485651551062 10.802785862780071 5.910697
0.9768197481487675 946.9683722944727 0.0 1.0777624481364636 1180.5416480232238 0.03333333333333333 swap_t 100 395.7602159976959 5.1592 11.052861643352518 11.039103910896998 8.947049730202 12.89662079503555 10.802785862780071 5.910697
0.9768197481487675 946.9683722944727 0.0 1.175573292849958 1374.794878453996 0.03333333333333333 f_swap_t 100 403.97315311431885 5.1592 11.052861643352518 11.039103910896998 10.06757923289998 12.89662079503555 10.802785862780071 5.910697
0.9768197481487675 946.9683722944727 0.0 1.1078936974852387 1238.3138247632842 0.03125 t_move_k 100 413.3217203617096 6.257608 11.052861643352518 11.039103910896998 10.06757923289998 12.89662079503555 10.802785862780071 5.910697
0.9768197481487675 946.9683722944727 0.0 1.105194789081209 1232.953768036904 0.03125 swap_t 100 427.79258584976196 6.257608 11.052861643352518 11.039103910896998 10.06757923289998 13.827654587085195 10.802785862780071 5.910697
0.9768197481487675 946.9683722944727 0.0 1.1515374184862077 1349.1261806553796 0.05555555555555555 t_swap_k 100 436.8149743080139 6.257608 11.052861643352518 12.038712871788027 10.06757923289998 13.827654587085195 10.802785862780071 5.910697
0.9768197481487675 946.9683722944727 0.0 1.1515374184862077 1349.1261806553796 0.05555555555555555 t_swap_r_k 100 447.47097158432007 6.257608 11.052861643352518 12.038712871788027 10.06757923289998 13.827654587085195 11.73475800415227 5.910697
0.9768197481487675 946.9683722944727 0.0 1.1515374184862077 1349.1261806553796 0.05555555555555555 t_swap_r_k 100 455.13400745391846 6.257608 11.052861643352518 12.038712871788027 10.06757923289998 13.827654587085195 12.657410424110749 5.910697
0.9768197481487675 946.9683722944727 0.0 1.145303587390734 1336.7457351965693 0.05555555555555555 t_multiswap_k 100 463.9450979232788 6.257608 11.052861643352518 12.038712871788027 10.06757923289998 13.827654587085195 12.657410424110749 6.91159003
0.9768197481487675 946.9683722944727 0.0 1.1407024120891416 1327.6077590474965 0.05555555555555555 move_t 100 476.1040279865265 6.257608 12.062333026918992 12.038712871788027 10.06757923289998 13.827654587085195 12.657410424110749 6.91159003
0.9768197481487675 946.9683722944727 0.0 1.1190666792437383 1284.6389961228174 0.05555555555555555 f_swap_t 100 484.60574412345886 6.257608 12.062333026918992 12.038712871788027 11.05690344057098 13.827654587085195 12.657410424110749 6.91159003
0.9768197481487675 946.9683722944727 0.0 1.1247643091790476 1295.9545411830286 0.05555555555555555 f_swap_t 100 501.0335829257965 6.257608 12.062333026918992 12.038712871788027 12.076334406165271 13.827654587085195 12.657410424110749 6.91159003
0.9768197481487675 946.9683722944727 0.0 1.1795016763783486 1380.527924491697 0.03125 t_multiswap_k 100 507.58406043052673 6.257608 12.062333026918992 12.038712871788027 12.076334406165271 13.827654587085195 12.657410424110749 7.8924741297
0.9768197481487675 946.9683722944727 0.0 1.1620063900042485 1345.7821260535454 0.03125 swap_t 100 514.1751623153687 6.257608 12.062333026918992 12.038712871788027 12.076334406165271 14.789378041214343 12.657410424110749 7.8924741297
0.9768197481487675 946.9683722944727 0.0 1.1399552026125845 1301.9882666076708 0.03125 t_move_k 100 525.0843360424042 7.4150319200000006 12.062333026918992 12.038712871788027 12.076334406165271 14.789378041214343 12.657410424110749 7.8924741297
0.9768197481487675 946.9683722944727 0.0 1.1399552026125845 1301.9882666076708 0.03125 t_swap_r_k 100 534.2476761341095 7.4150319200000006 12.062333026918992 12.038712871788027 12.076334406165271 14.789378041214343 13.570836319869642 7.8924741297
0.9768197481487675 946.9683722944727 0.0 1.1296669348734545 1281.5556729651485 0.03125 move_t 100 540.1944324970245 7.4150319200000006 13.091709696649803 12.038712871788027 12.076334406165271 14.789378041214343 13.570836319869642 7.8924741297
0.9768197481487675 946.9683722944727 0.0 1.1296669348734545 1281.5556729651485 0.03125 t_swap_r_k 100 543.8432540893555 7.4150319200000006 13.091709696649803 12.038712871788027 12.076334406165271 14.789378041214343 14.475127956670946 7.8924741297
0.9768197481487675 946.9683722944727 0.0 1.1659726885798785 1353.659231229622 0.03125 f_swap_t 100 553.4643847942352 7.4150319200000006 13.091709696649803 12.038712871788027 12.975571062103619 14.789378041214343 14.475127956670946 7.8924741297
0.9768197481487675 946.9683722944727 0.0 1.1659726885798785 1353.659231229622 0.03125 t_swap_r_k 100 563.9969432353973 7.4150319200000006 13.091709696649803 12.038712871788027 12.975571062103619 14.789378041214343 15.370376677104236 7.8924741297
0.9768197481487675 946.9683722944727 0.0 1.1398514387903775 1301.7821907095986 0.03125 swap_t 100 568.6387903690338 7.4150319200000006 13.091709696649803 12.038712871788027 12.975571062103619 15.7314842608022 15.370376677104236 7.8924741297
0.9768197481487675 946.9683722944727 0.0 1.1398514387903775 1301.7821907095986 0.03125 t_swap_k 100 583.6154956817627 7.4150319200000006 13.091709696649803 12.918325743070147 12.975571062103619 15.7314842608022 15.370376677104236 7.8924741297
0.9768197481487675 946.9683722944727 0.0 1.124589856809107 1271.472549585143 0.03125 t_multiswap_k 100 588.2418684959412 7.4150319200000006 13.091709696649803 12.918325743070147 12.975571062103619 15.7314842608022 15.370376677104236 8.843549388403
0.9768197481487675 946.9683722944727 0.0 1.1197750643861566 1261.9103278831287 0.03125 move_t 100 599.1037924289703 7.4150319200000006 14.050792599683305 12.918325743070147 12.975571062103619 15.7314842608022 15.370376677104236 8.843549388403
0.9768197481487675 946.9683722944727 0.0 1.1413058860774288 1328.8062638968217 0.05555555555555555 t_multiswap_k 100 605.3913662433624 7.4150319200000006 14.050792599683305 12.918325743070147 12.975571062103619 15.7314842608022 15.370376677104236 9.79511389451897
0.9768197481487675 946.9683722944727 0.0 1.1398382855771538 1325.8915959068324 0.05555555555555555 move_t 100 615.1200721263885 7.4150319200000006 15.160284673686473 12.918325743070147 12.975571062103619 15.7314842608022 15.370376677104236 9.79511389451897
0.9768197481487675 946.9683722944727 0.0 1.1252819929117353 1296.9826658016293 0.05555555555555555 f_swap_t 100 627.016768693924 7.4150319200000006 15.160284673686473 12.918325743070147 14.095815351482582 15.7314842608022 15.370376677104236 9.79511389451897
0.9768197481487675 946.9683722944727 0.0 1.1177743294963363 1282.0723777277447 0.05555555555555555 t_swap_k 100 638.0138189792633 7.4150319200000006 15.160284673686473 13.879142485639445 14.095815351482582 15.7314842608022 15.370376677104236 9.79511389451897
0.9768197481487675 946.9683722944727 0.0 1.143717535466807 1333.5958215979674 0.05555555555555555 move_t 100 645.6220924854279 7.4150319200000006 16.09868182694961 13.879142485639445 14.095815351482582 15.7314842608022 15.370376677104236 9.79511389451897
0.9768197481487675 946.9683722944727 0.0 1.1642404729135079 1352.287794612791 0.03333333333333333 swap_t 100 656.7646913528442 7.4150319200000006 16.09868182694961 13.879142485639445 14.095815351482582 16.744169418194176 15.370376677104236 9.79511389451897
0.9768197481487675 946.9683722944727 0.0 1.15792285766079 1339.740953052902 0.03333333333333333 move_t 100 665.4994614124298 7.4150319200000006 16.937695008680112 13.879142485639445 14.095815351482582 16.744169418194176 15.370376677104236 9.79511389451897
0.9768197481487675 946.9683722944727 0.0 1.15792285766079 1339.740953052902 0.03333333333333333 t_swap_r_k 100 673.2087659835815 7.4150319200000006 16.937695008680112 13.879142485639445 14.095815351482582 16.744169418194176 16.256672910333194 9.79511389451897
0.9768197481487675 946.9683722944727 0.0 1.1892563160840728 1399.900727988851 0.03125 move_t 100 681.8495984077454 7.4150319200000006 17.89831805859331 13.879142485639445 14.095815351482582 16.744169418194176 16.256672910333194 9.79511389451897
0.9768197481487675 946.9683722944727 0.0 1.1506846578579686 1323.2970626648291 0.03125 f_swap_t 100 699.8816668987274 7.4150319200000006 17.89831805859331 13.879142485639445 15.044857197967756 16.744169418194176 16.256672910333194 9.79511389451897
0.9768197481487675 946.9683722944727 0.0 1.1506846578579686 1323.2970626648291 0.03125 t_swap_r_k 100 714.8755452632904 7.4150319200000006 17.89831805859331 13.879142485639445 15.044857197967756 16.744169418194176 17.13410618122986 9.79511389451897
0.9768197481487675 946.9683722944727 0.0 1.1440910824366237 1310.2021616910474 0.03125 t_multiswap_k 100 718.8876297473907 7.4150319200000006 17.89831805859331 13.879142485639445 15.044857197967756 16.744169418194176 17.13410618122986 10.69716275557378
0.9768197481487675 946.9683722944727 0.0 1.143538962266366 1309.1056459930926 0.03125 t_swap_r_k 100 723.4728865623474 7.4150319200000006 17.89831805859331 13.879142485639445 15.044857197967756 16.744169418194176 18.00276511941756 10.69716275557378
0.9768197481487675 946.9683722944727 0.0 1.1237280547840174 1269.761002896677 0.03125 t_swap_k 100 734.9555151462555 7.4150319200000006 17.89831805859331 14.99035106078305 15.044857197967756 16.744169418194176 18.00276511941756 10.69716275557378
0.9768197481487675 946.9683722944727 0.0 1.1017463584148297 1259.2053053912061 0.06458333333333333 move_t 100 743.4153997898102 7.4150319200000006 18.749334878007378 14.99035106078305 15.044857197967756 16.744169418194176 18.00276511941756 10.69716275557378
0.9768197481487675 946.9683722944727 0.0 1.1017463584148297 1259.2053053912061 0.06458333333333333 t_swap_k 100 749.7692251205444 7.4150319200000006 18.749334878007378 15.84044755017522 15.044857197967756 16.744169418194176 18.00276511941756 10.69716275557378
0.9768197481487675 946.9683722944727 0.0 1.0997762946126026 1246.328116160309 0.05555555555555555 swap_t 100 757.6435310840607 7.4150319200000006 18.749334878007378 15.84044755017522 15.044857197967756 17.636727724012236 18.00276511941756 10.69716275557378
0.9768197481487675 946.9683722944727 0.0 1.0927951007378718 1232.463401399872 0.05555555555555555 move_t 100 765.1294448375702 7.4150319200000006 19.681841529227306 15.84044755017522 15.044857197967756 17.636727724012236 18.00276511941756 10.69716275557378
0.9768197481487675 946.9683722944727 0.0 1.1049478785156497 1232.463401399872 0.03125 t_swap_r_k 100 776.6670613288879 7.4150319200000006 19.681841529227306 15.84044755017522 15.044857197967756 17.636727724012236 18.862737468223386 10.69716275557378
0.9768197481487675 946.9683722944727 0.0 1.1022393121186513 1227.0841638112963 0.03125 t_swap_r_k 100 781.185672044754 7.4150319200000006 19.681841529227306 15.84044755017522 15.044857197967756 17.636727724012236 19.71411009354115 10.69716275557378
0.9768197481487675 946.9683722944727 0.0 1.1022393121186513 1227.0841638112963 0.03125 t_swap_r_k 100 791.1018533706665 7.4150319200000006 19.681841529227306 15.84044755017522 15.044857197967756 17.636727724012236 20.55696899260574 10.69716275557378
0.9768197481487675 946.9683722944727 0.0 1.1026882402333205 1227.9757391449023 0.03125 swap_t 100 799.0471229553223 7.4150319200000006 19.681841529227306 15.84044755017522 15.044857197967756 18.530360446772114 20.55696899260574 10.69716275557378
0.9768197481487675 946.9683722944727 0.0 1.1026882402333205 1227.9757391449023 0.03125 swap_t 100 806.2887814044952 7.4150319200000006 19.681841529227306 15.84044755017522 15.044857197967756 19.345056842304395 20.55696899260574 10.69716275557378
0.9768197481487675 946.9683722944727 0.0 1.0945213494914425 1211.7562195831201 0.03125 t_move_k 100 815.6187098026276 8.440881600800001 19.681841529227306 15.84044755017522 15.044857197967756 19.345056842304395 20.55696899260574 10.69716275557378
0.9768197481487675 946.9683722944727 0.0 1.0933958974521354 1209.5210615597873 0.03125 t_swap_k 100 827.404168844223 8.440881600800001 19.681841529227306 16.712043074673467 15.044857197967756 19.345056842304395 20.55696899260574 10.69716275557378
0.9768197481487675 946.9683722944727 0.0 1.108967489951345 1240.4463864026857 0.03125 t_swap_k 100 841.0113916397095 8.440881600800001 19.681841529227306 17.734922643926733 15.044857197967756 19.345056842304395 20.55696899260574 10.69716275557378
0.9768197481487675 946.9683722944727 0.0 1.0868323859675981 1196.4858678389326 0.03125 move_t 100 852.6747848987579 8.440881600800001 20.575023113935032 17.734922643926733 15.044857197967756 19.345056842304395 20.55696899260574 10.69716275557378
0.9768197481487675 946.9683722944727 0.0 1.0765283280363664 1176.0219147307614 0.03125 f_swap_t 100 863.893369436264 8.440881600800001 20.575023113935032 17.734922643926733 15.98440862598808 19.345056842304395 20.55696899260574 10.69716275557378
0.9768197481487675 946.9683722944727 0.0 1.0759752949435708 1174.9235859603132 0.03125 swap_t 100 877.8199541568756 8.440881600800001 20.575023113935032 17.734922643926733 15.98440862598808 20.18160627388135 20.55696899260574 10.69716275557378
0.9768197481487675 946.9683722944727 0.0 1.0840187491721927 1190.8979594800244 0.03125 f_swap_t 100 890.926995754242 8.440881600800001 20.575023113935032 17.734922643926733 16.8645645397282 20.18160627388135 20.55696899260574 10.69716275557378
0.9768197481487675 946.9683722944727 0.0 1.1089443061715778 1264.5358708032036 0.05555555555555555 move_t 100 908.6404972076416 8.440881600800001 21.629272882795682 17.734922643926733 16.8645645397282 20.18160627388135 20.55696899260574 10.69716275557378
0.9768197481487675 946.9683722944727 0.0 1.1089443061715778 1264.5358708032036 0.05555555555555555 t_swap_r_k 100 915.5488307476044 8.440881600800001 21.629272882795682 17.734922643926733 16.8645645397282 20.18160627388135 21.39139930267968 10.69716275557378
0.9768197481487675 946.9683722944727 0.0 1.1002635039845123 1247.2957184202307 0.05555555555555555 swap_t 100 927.4198083877563 8.440881600800001 21.629272882795682 17.734922643926733 16.8645645397282 21.069790211142536 21.39139930267968 10.69716275557378
0.9768197481487675 946.9683722944727 0.0 1.1165875678372115 1255.5799306410513 0.03125 move_t 100 941.7740290164948 8.440881600800001 22.592980153967726 17.734922643926733 16.8645645397282 21.069790211142536 21.39139930267968 10.69716275557378
0.9768197481487675 946.9683722944727 0.0 1.1098263457321074 1242.1520818230233 0.03125 t_swap_k 100 949.4580819606781 8.440881600800001 22.592980153967726 18.617573417487467 16.8645645397282 21.069790211142536 21.39139930267968 10.69716275557378
0.9768197481487675 946.9683722944727 0.0 1.1098263457321074 1242.1520818230233 0.03125 f_swap_t 100 965.7318637371063 8.440881600800001 22.592980153967726 18.617573417487467 17.695918894330916 21.069790211142536 21.39139930267968 10.69716275557378
0.9768197481487675 946.9683722944727 0.0 1.1047375650707258 1232.0457169784856 0.03125 f_swap_t 100 979.4751269817352 8.440881600800001 22.592980153967726 18.617573417487467 18.668959705387607 21.069790211142536 21.39139930267968 10.69716275557378
0.9768197481487675 946.9683722944727 0.0 1.1047375650707258 1232.0457169784856 0.03125 t_swap_r_k 100 990.9400572776794 8.440881600800001 22.592980153967726 18.617573417487467 18.668959705387607 21.069790211142536 22.217485309652883 10.69716275557378
0.9768197481487675 946.9683722944727 0.0 1.1047375650707258 1232.0457169784856 0.03125 t_swap_r_k 100 997.3824739456177 8.440881600800001 22.592980153967726 18.617573417487467 18.668959705387607 21.069790211142536 23.035310456556353 10.69716275557378
0.9768197481487675 946.9683722944727 0.0 1.1221714384798587 1266.669548707627 0.03125 swap_t 100 1006.289243221283 8.440881600800001 22.592980153967726 18.617573417487467 18.668959705387607 21.86909230903111 23.035310456556353 10.69716275557378
0.9768197481487675 946.9683722944727 0.0 1.1221714384798587 1266.669548707627 0.03125 t_swap_r_k 100 1016.3786299228668 8.440881600800001 22.592980153967726 18.617573417487467 18.668959705387607 21.86909230903111 23.84495735199079 10.69716275557378
0.9768197481487675 946.9683722944727 0.0 1.1221714384798587 1266.669548707627 0.03125 t_swap_r_k 100 1028.5895369052887 8.440881600800001 22.592980153967726 18.617573417487467 18.668959705387607 21.86909230903111 24.64650777847088 10.69716275557378
0.9768197481487675 946.9683722944727 0.0 1.1508830858494676 1323.691142467222 0.03125 f_swap_t 100 1039.2764143943787 8.440881600800001 22.592980153967726 18.617573417487467 19.63227010833373 21.86909230903111 24.64650777847088 10.69716275557378
0.9768197481487675 946.9683722944727 0.0 1.162311696621704 1346.3884677826893 0.03125 t_swap_k 100 1050.0039374828339 8.440881600800001 22.592980153967726 19.471397683312592 19.63227010833373 21.86909230903111 24.64650777847088 10.69716275557378
0.9768197481487675 946.9683722944727 0.0 1.1438775209645635 1309.7780266581194 0.03125 f_swap_t 100 1056.3686804771423 8.440881600800001 22.592980153967726 19.471397683312592 20.565947407250395 21.86909230903111 24.64650777847088 10.69716275557378
0.9768197481487675 946.9683722944727 0.0 1.1775470710007978 1345.6146677430177 0.0 swap_t 100 1066.4501826763153 8.440881600800001 22.592980153967726 19.471397683312592 20.565947407250395 22.8304013859408 24.64650777847088 10.69716275557378
0.9768197481487675 946.9683722944727 0.0 1.162613974993017 1315.9574027603744 0.0 t_swap_r_k 100 1079.0947096347809 8.440881600800001 22.592980153967726 19.471397683312592 20.565947407250395 22.8304013859408 25.44004270068617 10.69716275557378
0.9768197481487675 946.9683722944727 0.0 1.1558986301111824 1302.6206665265327 0.0 move_t 100 1089.4085330963135 8.440881600800001 23.42705035242805 19.471397683312592 20.565947407250395 22.8304013859408 25.44004270068617 10.69716275557378
0.9768197481487675 946.9683722944727 0.0 1.1537797591856653 1298.4125695271337 0.0 f_swap_t 100 1100.7382726669312 8.440881600800001 23.42705035242805 19.471397683312592 21.55028793317789 22.8304013859408 25.44004270068617 10.69716275557378
0.9768197481487675 946.9683722944727 0.0 1.1379017911278786 1266.8787800282669 0.0 swap_t 100 1109.2307155132294 8.440881600800001 23.42705035242805 19.471397683312592 21.55028793317789 23.602097372081392 25.44004270068617 10.69716275557378
0.9768197481487675 946.9683722944727 0.0 1.137498104335993 1266.0770543746783 0.0 t_multiswap_k 100 1115.971488237381 8.440881600800001 23.42705035242805 19.471397683312592 21.55028793317789 23.602097372081392 25.44004270068617 11.590191128018041
0.9768197481487675 946.9683722944727 0.0 1.137498104335993 1266.0770543746783 0.0 t_swap_r_k 100 1131.315262556076 8.440881600800001 23.42705035242805 19.471397683312592 21.55028793317789 23.602097372081392 26.22564227367931 11.590191128018041
0.9768197481487675 946.9683722944727 0.0 1.137498104335993 1266.0770543746783 0.0 t_swap_r_k 100 1140.5719187259674 8.440881600800001 23.42705035242805 19.471397683312592 21.55028793317789 23.602097372081392 27.003385850942514 11.590191128018041
0.9768197481487675 946.9683722944727 0.0 1.1987413877532065 1387.7067742777076 0.0 swap_t 100 1151.1808574199677 8.440881600800001 23.42705035242805 19.471397683312592 21.55028793317789 24.54607639836058 27.003385850942514 11.590191128018041
0.9768197481487675 946.9683722944727 0.0 1.1740710812854585 1338.7113204390798 0.0 t_swap_r_k 100 1158.0157208442688 8.440881600800001 23.42705035242805 19.471397683312592 21.55028793317789 24.54607639836058 27.77335199243309 11.590191128018041
0.9768197481487675 946.9683722944727 0.0 1.189197972678452 1368.7534648257447 0.0 move_t 100 1170.4345602989197 8.440881600800001 24.29277984890377 19.471397683312592 21.55028793317789 24.54607639836058 27.77335199243309 11.590191128018041
0.9768197481487675 946.9683722944727 0.0 1.1716002181806513 1364.8355563855594 0.03125 move_t 100 1183.2622330188751 8.440881600800001 25.269852050414734 19.471397683312592 21.55028793317789 24.54607639836058 27.77335199243309 11.590191128018041
0.9768197481487675 946.9683722944727 0.0 1.1716002181806513 1364.8355563855594 0.03125 t_swap_r_k 100 1195.7546310424805 8.440881600800001 25.269852050414734 19.471397683312592 21.55028793317789 24.54607639836058 28.53561847250876 11.590191128018041
0.9768197481487675 946.9683722944727 0.0 1.1548042155829552 1333.547301418962 0.03333333333333333 t_multiswap_k 100 1207.5899732112885 8.440881600800001 25.269852050414734 19.471397683312592 21.55028793317789 24.54607639836058 28.53561847250876 12.53428921673786
0.9768197481487675 946.9683722944727 0.0 1.1344949707530003 1293.212955801314 0.03333333333333333 t_multiswap_k 100 1216.2202789783478 8.440881600800001 25.269852050414734 19.471397683312592 21.55028793317789 24.54607639836058 28.53561847250876 13.408946324570483
0.9768197481487675 946.9683722944727 0.0 1.1344949707530003 1293.212955801314 0.03333333333333333 swap_t 100 1230.1914205551147 8.440881600800001 25.269852050414734 19.471397683312592 21.55028793317789 25.300615634376975 28.53561847250876 13.408946324570483
0.9768197481487675 946.9683722944727 0.0 1.1344949707530003 1293.212955801314 0.03333333333333333 t_swap_r_k 100 1245.9804215431213 8.440881600800001 25.269852050414734 19.471397683312592 21.55028793317789 25.300615634376975 29.290262287783673 13.408946324570483
0.9768197481487675 946.9683722944727 0.0 1.2196399744665871 1462.3117103908696 0.03333333333333333 f_swap_t 100 1258.8850479125977 8.440881600800001 25.269852050414734 19.471397683312592 22.494785053846112 25.300615634376975 29.290262287783673 13.408946324570483
0.9768197481487675 946.9683722944727 0.0 1.189418140770198 1402.2908728011173 0.03333333333333333 f_swap_t 100 1274.0835869312286 8.440881600800001 25.269852050414734 19.471397683312592 23.32983720330765 25.300615634376975 29.290262287783673 13.408946324570483
0.9768197481487675 946.9683722944727 0.0 1.2049746884731845 1433.186318541385 0.03333333333333333 swap_t 100 1287.385490655899 8.440881600800001 25.269852050414734 19.471397683312592 23.32983720330765 26.237609478033203 29.290262287783673 13.408946324570483
0.9768197481487675 946.9683722944727 0.0 1.1779686767291206 1374.0354406808065 0.027777777777777776 t_swap_k 100 1302.4117813110352 8.440881600800001 25.269852050414734 20.276683706479467 23.32983720330765 26.237609478033203 29.290262287783673 13.408946324570483
0.9768197481487675 946.9683722944727 0.0 1.2520533763047361 1521.168330292495 0.027777777777777776 swap_t 100 1321.6204936504364 8.440881600800001 25.269852050414734 20.276683706479467 23.32983720330765 27.25523338325287 29.290262287783673 13.408946324570483
0.9768197481487675 946.9683722944727 0.0 1.2177320660873856 1453.0058949115726 0.027777777777777776 t_multiswap_k 100 1330.369901418686 8.440881600800001 25.269852050414734 20.276683706479467 23.32983720330765 27.25523338325287 29.290262287783673 14.364856861324778
0.9768197481487675 946.9683722944727 0.0 1.208657810777277 1434.9843410347455 0.027777777777777776 move_t 100 1347.2140171527863 8.440881600800001 26.137153529910588 20.276683706479467 23.32983720330765 27.25523338325287 29.290262287783673 14.364856861324778
0.9768197481487675 946.9683722944727 0.0 1.2080595134724017 1433.7961171259296 0.027777777777777776 swap_t 100 1354.4418685436249 8.440881600800001 26.137153529910588 20.276683706479467 23.32983720330765 28.012681049420344 29.290262287783673 14.364856861324778
0.9768197481487675 946.9683722944727 0.0 1.1844403823661436 1386.8883071504824 0.027777777777777776 move_t 100 1365.3495905399323 8.440881600800001 27.13578199461148 20.276683706479467 23.32983720330765 28.012681049420344 29.290262287783673 14.364856861324778
0.9768197481487675 946.9683722944727 0.0 1.178008262835086 1346.5305989357316 0.0 move_t 100 1376.1641283035278 8.440881600800001 27.894424174665367 20.276683706479467 23.32983720330765 28.012681049420344 29.290262287783673 14.364856861324778
0.9768197481487675 946.9683722944727 0.0 1.1899352386076227 1401.2490743179123 0.03125 swap_t 100 1385.0796802043915 8.440881600800001 27.894424174665367 20.276683706479467 23.32983720330765 28.81255423892614 29.290262287783673 14.364856861324778
0.9768197481487675 946.9683722944727 0.0 1.244637603966567 1506.4405387367824 0.027777777777777776 swap_t 100 1399.10577917099 8.440881600800001 27.894424174665367 20.276683706479467 23.32983720330765 29.85442869653688 29.290262287783673 14.364856861324778
0.9768197481487675 946.9683722944727 0.0 1.2095365411668715 1436.7295076096425 0.027777777777777776 move_t 100 1409.601000070572 8.440881600800001 28.765479932918712 20.276683706479467 23.32983720330765 29.85442869653688 29.290262287783673 14.364856861324778
0.9768197481487675 946.9683722944727 0.0 1.3034526118709622 1595.6642211928793 0.0 move_t 100 1419.343480348587 8.440881600800001 29.717825133589525 20.276683706479467 23.32983720330765 29.85442869653688 29.290262287783673 14.364856861324778
0.9768197481487675 946.9683722944727 0.0 1.2793026477280809 1575.2856320740564 0.027777777777777776 t_swap_k 100 1432.0176975727081 8.440881600800001 29.717825133589525 21.253916869414674 23.32983720330765 29.85442869653688 29.290262287783673 14.364856861324778
0.9768197481487675 946.9683722944727 0.0 1.245019289601776 1510.6465024064908 0.03125 t_swap_k 100 1445.4843928813934 8.440881600800001 29.717825133589525 22.131377700720527 23.32983720330765 29.85442869653688 29.290262287783673 14.364856861324778
0.9768197481487675 946.9683722944727 0.0 1.256193177382862 1501.806552909412 0.0 t_swap_r_k 100 1452.919171333313 8.440881600800001 29.717825133589525 22.131377700720527 23.32983720330765 29.85442869653688 30.037359664905836 14.364856861324778
0.9768197481487675 946.9683722944727 0.0 1.256193177382862 1501.806552909412 0.0 t_swap_r_k 100 1462.5385677814484 8.440881600800001 29.717825133589525 22.131377700720527 23.32983720330765 29.85442869653688 30.77698606825678 14.364856861324778
0.9768197481487675 946.9683722944727 0.0 1.256193177382862 1501.806552909412 0.0 t_swap_r_k 100 1473.2769794464111 8.440881600800001 29.717825133589525 22.131377700720527 23.32983720330765 29.85442869653688 31.509216207574212 14.364856861324778
0.9768197481487675 946.9683722944727 0.0 1.2577222113987219 1535.8746210491033 0.03125 swap_t 100 1486.8251762390137 8.440881600800001 29.717825133589525 22.131377700720527 23.32983720330765 30.62588440957151 31.509216207574212 14.364856861324778
0.9768197481487675 946.9683722944727 0.0 1.2903963277907997 1569.734321830263 0.0 swap_t 100 1501.3731126785278 8.440881600800001 29.717825133589525 22.131377700720527 23.32983720330765 31.589625565475792 31.509216207574212 14.364856861324778
0.9768197481487675 946.9683722944727 0.0 1.2532338473974742 1495.9292965452933 0.0 move_t 100 1514.4376847743988 8.440881600800001 30.46064688225363 22.131377700720527 23.32983720330765 31.589625565475792 31.509216207574212 14.364856861324778
0.9768197481487675 946.9683722944727 0.0 1.2447514334292569 1479.083144975865 0.0 f_swap_t 100 1529.110449552536 8.440881600800001 30.46064688225363 22.131377700720527 24.136538831274574 31.589625565475792 31.509216207574212 14.364856861324778
0.9768197481487675 946.9683722944727 0.0 1.248225822397783 1485.98331318202 0.0 move_t 100 1546.588672876358 8.440881600800001 31.376040413431095 22.131377700720527 24.136538831274574 31.589625565475792 31.509216207574212 14.364856861324778
0.9768197481487675 946.9683722944727 0.0 1.2375145632160316 1464.7106546733323 0.0 f_swap_t 100 1567.3366219997406 8.440881600800001 31.376040413431095 22.131377700720527 24.99517344296183 31.589625565475792 31.509216207574212 14.364856861324778
0.9768197481487675 946.9683722944727 0.0 1.2425679772200393 1474.7467810134942 0.0 move_t 100 1582.0506105422974 8.440881600800001 32.272280009296786 22.131377700720527 24.99517344296183 31.589625565475792 31.509216207574212 14.364856861324778
0.9768197481487675 946.9683722944727 0.0 1.2226105345262794 1435.1111176496238 0.0 swap_t 100 1594.9214775562286 8.440881600800001 32.272280009296786 22.131377700720527 24.99517344296183 32.33372930982103 31.509216207574212 14.364856861324778
0.9768197481487675 946.9683722944727 0.0 1.2278065849509057 1445.4305212231377 0.0 swap_t 100 1606.7796251773834 8.440881600800001 32.272280009296786 22.131377700720527 24.99517344296183 33.24039201672282 31.509216207574212 14.364856861324778
0.9768197481487675 946.9683722944727 0.0 1.2044081451751163 1398.9610062444995 0.0 swap_t 100 1617.1856455802917 8.440881600800001 32.272280009296786 22.131377700720527 24.99517344296183 34.027988096555596 31.509216207574212 14.364856861324778
0.9768197481487675 946.9683722944727 0.0 1.209955444971671 1409.9779942769119 0.0 move_t 100 1625.121592760086 8.440881600800001 32.959557209203815 22.131377700720527 24.99517344296183 34.027988096555596 31.509216207574212 14.364856861324778
0.9768197481487675 946.9683722944727 0.0 1.1880035934273319 1366.3814167305745 0.0 swap_t 100 1640.6554589271545 8.440881600800001 32.959557209203815 22.131377700720527 24.99517344296183 34.717708215590044 31.509216207574212 14.364856861324778
0.9768197481487675 946.9683722944727 0.0 1.261057855677983 1511.4678484089216 0.0 swap_t 100 1651.585637331009 8.440881600800001 32.959557209203815 22.131377700720527 24.99517344296183 35.530531133434145 31.509216207574212 14.364856861324778
0.9768197481487675 946.9683722944727 0.0 1.233906025237985 1457.54406530974 0.0 move_t 100 1662.786165714264 8.440881600800001 33.75996163711178 22.131377700720527 24.99517344296183 35.530531133434145 31.509216207574212 14.364856861324778
0.9768197481487675 946.9683722944727 0.0 1.2037742402609388 1397.702065298579 0.0 move_t 100 1680.1679532527924 8.440881600800001 34.45236202074066 22.131377700720527 24.99517344296183 35.530531133434145 31.509216207574212 14.364856861324778
0.9768197481487675 946.9683722944727 0.0 1.1945994688510155 1412.5810376654392 0.03333333333333333 swap_t 100 1687.7315139770508 8.440881600800001 34.45236202074066 22.131377700720527 24.99517344296183 36.2652258220998 31.509216207574212 14.364856861324778
0.9768197481487675 946.9683722944727 0.0 1.189493705975299 1402.4409459882165 0.03333333333333333 swap_t 100 1699.721875667572 8.440881600800001 34.45236202074066 22.131377700720527 24.99517344296183 36.932573563878805 31.509216207574212 14.364856861324778
0.9768197481487675 946.9683722944727 0.0 1.1870422847843383 1397.5724011260857 0.03333333333333333 move_t 100 1706.0780563354492 8.440881600800001 35.137838400533255 22.131377700720527 24.99517344296183 36.932573563878805 31.509216207574212 14.364856861324778
0.9768197481487675 946.9683722944727 0.0 1.185851808593862 1397.5724011260857 0.03571428571428571 t_swap_r_k 100 1717.4607093334198 8.440881600800001 35.137838400533255 22.131377700720527 24.99517344296183 36.932573563878805 32.26412404549847 14.364856861324778
0.9768197481487675 946.9683722944727 0.0 1.1836063872161977 1388.6799176839852 0.03125 move_t 100 1728.6897428035736 8.440881600800001 36.06646001652792 22.131377700720527 24.99517344296183 36.932573563878805 32.26412404549847 14.364856861324778
0.9768197481487675 946.9683722944727 0.0 1.1602849031162432 1342.3632373800165 0.03125 swap_t 100 1737.388001203537 8.440881600800001 36.06646001652792 22.131377700720527 24.99517344296183 37.68324782824001 32.26412404549847 14.364856861324778
0.9768197481487675 946.9683722944727 0.0 1.1938310438589694 1408.98617910849 0.03125 swap_t 100 1753.8361196517944 8.440881600800001 36.06646001652792 22.131377700720527 24.99517344296183 38.51641534995761 32.26412404549847 14.364856861324778
0.9768197481487675 946.9683722944727 0.0 1.176225315414067 1374.021041709596 0.03125 move_t 100 1765.8836271762848 8.440881600800001 36.83579541636264 22.131377700720527 24.99517344296183 38.51641534995761 32.26412404549847 14.364856861324778
0.9768197481487675 946.9683722944727 0.0 1.1438572778663811 1309.7378236803474 0.03125 swap_t 100 1775.5829684734344 8.440881600800001 36.83579541636264 22.131377700720527 24.99517344296183 39.37125119645803 32.26412404549847 14.364856861324778
0.9768197481487675 946.9683722944727 0.0 1.1391464680464596 1300.382112377115 0.03125 swap_t 100 1786.9796097278595 8.440881600800001 36.83579541636264 22.131377700720527 24.99517344296183 40.06753868449345 32.26412404549847 14.364856861324778
0.9768197481487675 946.9683722944727 0.0 1.139088593806042 1300.2671736073623 0.03125 f_swap_t 100 1797.4021530151367 8.440881600800001 36.83579541636264 22.131377700720527 25.87522170853221 40.06753868449345 32.26412404549847 14.364856861324778
0.9768197481487675 946.9683722944727 0.0 1.154713593806042 1300.2671736073623 0.0 t_swap_r_k 100 1805.1434512138367 8.440881600800001 36.83579541636264 22.131377700720527 25.87522170853221 40.06753868449345 32.981482805043484 14.364856861324778
0.9768197481487675 946.9683722944727 0.0 1.1337216539592163 1289.6083820814601 0.03125 t_swap_k 100 1813.9393801689148 8.440881600800001 36.83579541636264 22.910063923713324 25.87522170853221 40.06753868449345 32.981482805043484 14.364856861324778
0.9768197481487675 946.9683722944727 0.0 1.1319031181649688 1285.9967533942597 0.03125 t_multiswap_k 100 1823.3747749328613 8.440881600800001 36.83579541636264 22.910063923713324 25.87522170853221 40.06753868449345 32.981482805043484 15.25120829271153
0.9768197481487675 946.9683722944727 0.0 1.123831337752439 1269.9661238147419 0.03125 f_swap_t 100 1837.2026944160461 8.440881600800001 36.83579541636264 22.910063923713324 26.646469491446886 40.06753868449345 32.981482805043484 15.25120829271153
0.9768197481487675 946.9683722944727 0.0 1.1614584170963047 1344.6938468564028 0.03125 swap_t 100 1850.3273375034332 8.440881600800001 36.83579541636264 22.910063923713324 26.646469491446886 40.80686329764851 32.981482805043484 15.25120829271153
0.9768197481487675 946.9683722944727 0.0 1.1603054145089347 1311.3725805661545 0.0 t_swap_k 100 1861.3229846954346 8.440881600800001 36.83579541636264 23.82096328447619 26.646469491446886 40.80686329764851 32.981482805043484 15.25120829271153
0.9768197481487675 946.9683722944727 0.0 1.1339539864127002 1290.0697964548392 0.03125 t_multiswap_k 100 1867.5672743320465 8.440881600800001 36.83579541636264 23.82096328447619 26.646469491446886 40.80686329764851 32.981482805043484 16.098696209784414
0.9768197481487675 946.9683722944727 0.0 1.1317052010240864 1285.6036881458547 0.03125 move_t 100 1880.405033826828 8.440881600800001 37.49743746219902 23.82096328447619 26.646469491446886 40.80686329764851 32.981482805043484 16.098696209784414
0.9768197481487675 946.9683722944727 0.0 1.1989308829093959 1388.0831133876354 0.0 t_swap_k 100 1894.7693979740143 8.440881600800001 37.49743746219902 24.63275365163143 26.646469491446886 40.80686329764851 32.981482805043484 16.098696209784414
0.9768197481487675 946.9683722944727 0.0 1.1823755189320377 1355.204009409144 0.0 t_swap_r_k 100 1911.9715707302094 8.440881600800001 37.49743746219902 24.63275365163143 26.646469491446886 40.80686329764851 33.69166797699305 16.098696209784414
0.9768197481487675 946.9683722944727 0.0 1.1772028571931552 1378.0312081144552 0.03333333333333333 t_multiswap_k 100 1917.3999614715576 8.440881600800001 37.49743746219902 24.63275365163143 26.646469491446886 40.80686329764851 33.69166797699305 16.96770924768657
0.9768197481487675 946.9683722944727 0.0 1.16315851301972 1350.1390123874617 0.03333333333333333 t_swap_k 100 1928.3003916740417 8.440881600800001 37.49743746219902 25.446426115115116 26.646469491446886 40.80686329764851 33.69166797699305 16.96770924768657
0.9768197481487675 946.9683722944727 0.0 1.1499187743229502 1323.8447704816658 0.03333333333333333 t_swap_k 100 1941.9021685123444 8.440881600800001 37.49743746219902 26.391961853963966 26.646469491446886 40.80686329764851 33.69166797699305 16.96770924768657
0.9768197481487675 946.9683722944727 0.0 1.141271878635917 1306.67195671726 0.03333333333333333 t_swap_r_k 100 1952.2127993106842 8.440881600800001 37.49743746219902 26.391961853963966 26.646469491446886 40.80686329764851 34.394751297223124 16.96770924768657
0.9768197481487675 946.9683722944727 0.0 1.1509279961857588 1325.8490943135089 0.03333333333333333 move_t 100 1962.450978755951 8.440881600800001 38.192463087577025 26.391961853963966 26.646469491446886 40.80686329764851 34.394751297223124 16.96770924768657
0.9768197481487675 946.9683722944727 0.0 1.147151055504152 1318.3480556434452 0.03333333333333333 move_t 100 1971.7666051387787 8.440881600800001 38.81053845670125 26.391961853963966 26.646469491446886 40.80686329764851 34.394751297223124 16.96770924768657
0.9768197481487675 946.9683722944727 0.0 1.139881090880598 1301.841080031444 0.03125 t_swap_k 100 1982.7781262397766 8.440881600800001 38.81053845670125 27.288042235424328 26.646469491446886 40.80686329764851 34.394751297223124 16.96770924768657
0.9768197481487675 946.9683722944727 0.0 1.139881090880598 1301.841080031444 0.03125 t_swap_r_k 100 1990.3559501171112 8.440881600800001 38.81053845670125 27.288042235424328 26.646469491446886 40.80686329764851 35.090803784250895 16.96770924768657
0.9768197481487675 946.9683722944727 0.0 1.139881090880598 1301.841080031444 0.03125 move_t 100 2001.0423634052277 8.440881600800001 39.42243307213424 27.288042235424328 26.646469491446886 40.80686329764851 35.090803784250895 16.96770924768657
0.9768197481487675 946.9683722944727 0.0 1.139881090880598 1301.841080031444 0.03125 t_swap_r_k 100 2009.8576447963715 8.440881600800001 39.42243307213424 27.288042235424328 26.646469491446886 40.80686329764851 35.779895746408386 16.96770924768657
0.9768197481487675 946.9683722944727 0.0 1.138864512139877 1330.8535379998907 0.0625 t_swap_k 100 2020.261999130249 8.440881600800001 39.42243307213424 28.115161813070085 26.646469491446886 40.80686329764851 35.779895746408386 16.96770924768657
0.9768197481487675 946.9683722944727 0.0 1.130207904158357 1313.661435529979 0.0625 swap_t 100 2023.8658390045166 8.440881600800001 39.42243307213424 28.115161813070085 26.646469491446886 41.48879466467203 35.779895746408386 16.96770924768657
0.9768197481487675 946.9683722944727 0.0 1.2060223238403398 1433.1981724350387 0.03125 t_swap_k 100 2036.4588527679443 8.440881600800001 39.42243307213424 28.964010194939384 26.646469491446886 41.48879466467203 35.779895746408386 16.96770924768657
0.9768197481487675 946.9683722944727 0.0 1.1943543336889664 1378.9940448605416 0.0 t_swap_r_k 100 2043.5212156772614 8.440881600800001 39.42243307213424 28.964010194939384 26.646469491446886 41.48879466467203 36.4620967889443 16.96770924768657
0.9768197481487675 946.9683722944727 0.0 1.1784770319219229 1375.0450387340425 0.027777777777777776 swap_t 100 2060.9112408161163 8.440881600800001 39.42243307213424 28.964010194939384 26.646469491446886 42.23390671802531 36.4620967889443 16.96770924768657
0.9768197481487675 946.9683722944727 0.0 1.1736504488808723 1368.9073332709636 0.03125 swap_t 100 2075.483316898346 8.440881600800001 39.42243307213424 28.964010194939384 26.646469491446886 42.98156765084506 36.4620967889443 16.96770924768657
0.9768197481487675 946.9683722944727 0.0 1.162594846754664 1346.9508065313785 0.03125 move_t 100 2087.5840022563934 8.440881600800001 40.1182087414129 28.964010194939384 26.646469491446886 42.98156765084506 36.4620967889443 16.96770924768657
0.9768197481487675 946.9683722944727 0.0 1.2407932386631941 1471.2221340395613 0.0 swap_t 100 2104.379809617996 8.440881600800001 40.1182087414129 28.964010194939384 26.646469491446886 43.80175197433661 36.4620967889443 16.96770924768657
0.9768197481487675 946.9683722944727 0.0 1.1975982284924984 1385.436449551039 0.0 t_multiswap_k 100 2113.3486239910126 8.440881600800001 40.1182087414129 28.964010194939384 26.646469491446886 43.80175197433661 36.4620967889443 17.928032155209706
0.9768197481487675 946.9683722944727 0.0 1.1804896952252948 1351.4587463135153 0.0 t_swap_k 100 2130.849412202835 8.440881600800001 40.1182087414129 29.76437009298999 26.646469491446886 43.80175197433661 36.4620967889443 17.928032155209706
0.9768197481487675 946.9683722944727 0.0 1.1741497988307639 1338.8676542025999 0.0 t_multiswap_k 100 2136.5049884319305 8.440881600800001 40.1182087414129 29.76437009298999 26.646469491446886 43.80175197433661 36.4620967889443 18.80875183365761
0.9768197481487675 946.9683722944727 0.0 1.1762466673719234 1343.0320542658244 0.0 f_swap_t 100 2153.6763999462128 8.440881600800001 40.1182087414129 29.76437009298999 27.52000479653242 43.80175197433661 36.4620967889443 18.80875183365761
0.9768197481487675 946.9683722944727 0.0 1.154398117372149 1299.6406345299422 0.0 swap_t 100 2166.6483018398285 8.440881600800001 40.1182087414129 29.76437009298999 27.52000479653242 44.39373445459324 36.4620967889443 18.80875183365761
0.9768197481487675 946.9683722944727 0.0 1.1485817095443296 1288.0891954909855 0.0 t_swap_r_k 100 2174.824287891388 8.440881600800001 40.1182087414129 29.76437009298999 27.52000479653242 44.39373445459324 37.137475821054856 18.80875183365761
0.9768197481487675 946.9683722944727 0.0 1.122293999776822 1235.8815639351733 0.0 move_t 100 2186.124458551407 8.440881600800001 40.957026653998774 29.76437009298999 27.52000479653242 44.39373445459324 37.137475821054856 18.80875183365761
0.9768197481487675 946.9683722944727 0.0 1.092906433210048 1210.6177406155755 0.03333333333333333 move_t 100 2196.491788625717 8.440881600800001 41.57745638745879 29.76437009298999 27.52000479653242 44.39373445459324 37.137475821054856 18.80875183365761
0.9768197481487675 946.9683722944727 0.0 1.092906433210048 1210.6177406155755 0.03333333333333333 t_swap_r_k 100 2204.782368183136 8.440881600800001 41.57745638745879 29.76437009298999 27.52000479653242 44.39373445459324 37.806101062844306 18.80875183365761
0.9768197481487675 946.9683722944727 0.0 1.2127270583635557 1415.4824437728328 0.0 swap_t 100 2213.851981163025 8.440881600800001 41.57745638745879 29.76437009298999 27.52000479653242 45.07979711004731 37.806101062844306 18.80875183365761
0.9768197481487675 946.9683722944727 0.0 1.1844026885085945 1359.2299866924466 0.0 move_t 100 2221.6640470027924 8.440881600800001 42.1616818235842 29.76437009298999 27.52000479653242 45.07979711004731 37.806101062844306 18.80875183365761
0.9768197481487675 946.9683722944727 0.0 1.2179226771120508 1425.8009900336099 0.0 move_t 100 2232.035835504532 8.440881600800001 42.89006500534836 29.76437009298999 27.52000479653242 45.07979711004731 37.806101062844306 18.80875183365761
0.9768197481487675 946.9683722944727 0.0 1.2073347259524443 1404.773222382473 0.0 t_swap_r_k 100 2240.201388835907 8.440881600800001 42.89006500534836 29.76437009298999 27.52000479653242 45.07979711004731 38.46804005221586 18.80875183365761
0.9768197481487675 946.9683722944727 0.0 1.2073347259524443 1404.773222382473 0.0 t_swap_r_k 100 2248.7592391967773 8.440881600800001 42.89006500534836 29.76437009298999 27.52000479653242 45.07979711004731 39.123359651693704 18.80875183365761
0.9768197481487675 946.9683722944727 0.0 1.2052431562977417 1400.6193459561212 0.0 t_multiswap_k 100 2254.5448932647705 8.440881600800001 42.89006500534836 29.76437009298999 27.52000479653242 45.07979711004731 39.123359651693704 19.650664315321034
0.9768197481487675 946.9683722944727 0.0 1.1869219963229878 1364.233355008392 0.0 move_t 100 2263.9685955047607 8.440881600800001 43.641164355294876 29.76437009298999 27.52000479653242 45.07979711004731 39.123359651693704 19.650664315321034
0.9768197481487675 946.9683722944727 0.0 1.1725779026361356 1335.7458540116004 0.0 t_swap_r_k 100 2270.8537197113037 8.440881600800001 43.641164355294876 29.76437009298999 27.52000479653242 45.07979711004731 39.77212605517677 19.650664315321034
0.9768197481487675 946.9683722944727 0.0 1.1587673320297522 1308.3179347226867 0.0 t_swap_k 100 2280.2400505542755 8.440881600800001 43.641164355294876 30.526726392060088 27.52000479653242 45.07979711004731 39.77212605517677 19.650664315321034
0.9768197481487675 946.9683722944727 0.0 1.1571507529252698 1305.1073938648458 0.0 t_swap_r_k 100 2292.939493894577 8.440881600800001 43.641164355294876 30.526726392060088 27.52000479653242 45.07979711004731 40.414404794625 19.650664315321034
0.9768197481487675 946.9683722944727 0.0 1.156213372687136 1303.2457481553865 0.0 t_swap_r_k 100 2302.2828102111816 8.440881600800001 43.641164355294876 30.526726392060088 27.52000479653242 45.07979711004731 41.05026074667875 19.650664315321034
0.9768197481487675 946.9683722944727 0.0 1.156213372687136 1303.2457481553865 0.0 t_swap_k 100 2317.747218132019 8.440881600800001 43.641164355294876 31.221459128139486 27.52000479653242 45.07979711004731 41.05026074667875 19.650664315321034
0.9768197481487675 946.9683722944727 0.0 1.1554407553266044 1301.711323024822 0.0 t_multiswap_k 100 2322.9744086265564 8.440881600800001 43.641164355294876 31.221459128139486 27.52000479653242 45.07979711004731 41.05026074667875 20.484157672167825
0.9768197481487675 946.9683722944727 0.0 1.1740814764027006 1338.7319652368105 0.0 swap_t 100 2334.058814764023 8.440881600800001 43.641164355294876 31.221459128139486 27.52000479653242 45.638999138946836 41.05026074667875 20.484157672167825
0.9768197481487675 946.9683722944727 0.0 1.1610300606867678 1312.8117344899931 0.0 t_swap_k 100 2345.6761240959167 8.440881600800001 43.641164355294876 31.93924453685809 27.52000479653242 45.638999138946836 41.05026074667875 20.484157672167825
0.9768197481487675 946.9683722944727 0.0 1.1549055612417565 1300.648422686994 0.0 move_t 100 2353.732466697693 8.440881600800001 44.33475271174193 31.93924453685809 27.52000479653242 45.638999138946836 41.05026074667875 20.484157672167825
0.9768197481487675 946.9683722944727 0.0 1.1812980732519516 1353.0641924534325 0.0 t_swap_k 100 2364.883249759674 8.440881600800001 44.33475271174193 32.71985209148951 27.52000479653242 45.638999138946836 41.05026074667875 20.484157672167825
0.9768197481487675 946.9683722944727 0.0 1.1684090903916813 1327.4665548406683 0.0 swap_t 100 2381.359589099884 8.440881600800001 44.33475271174193 32.71985209148951 27.52000479653242 46.27260914755737 41.05026074667875 20.484157672167825
0.9768197481487675 946.9683722944727 0.0 1.166357016929724 1323.3911182136349 0.0 f_swap_t 100 2398.6593010425568 8.440881600800001 44.33475271174193 32.71985209148951 28.244804748567095 46.27260914755737 41.05026074667875 20.484157672167825
0.9768197481487675 946.9683722944727 0.0 1.1949019566215455 1380.0816290034154 0.0 move_t 100 2407.2793292999268 8.440881600800001 44.93140518462451 32.71985209148951 28.244804748567095 46.27260914755737 41.05026074667875 20.484157672167825
0.9768197481487675 946.9683722944727 0.0 1.171549507639337 1333.7034521606386 0.0 t_multiswap_k 100 2416.0497748851776 8.440881600800001 44.93140518462451 32.71985209148951 28.244804748567095 46.27260914755737 41.05026074667875 21.339316095446147
0.9768197481487675 946.9683722944727 0.0 1.1432400270830354 1277.480565363302 0.0 swap_t 100 2430.1783652305603 8.440881600800001 44.93140518462451 32.71985209148951 28.244804748567095 46.92988305608179 41.05026074667875 21.339316095446147
0.9768197481487675 946.9683722944727 0.0 1.1351106353783684 1261.3355192317167 0.0 t_swap_r_k 100 2438.186651945114 8.440881600800001 44.93140518462451 32.71985209148951 28.244804748567095 46.92988305608179 41.67975813921196 21.339316095446147
0.9768197481487675 946.9683722944727 0.0 1.1275252823009798 1246.27093877996 0.0 move_t 100 2448.1815354824066 8.440881600800001 45.51209113277827 32.71985209148951 28.244804748567095 46.92988305608179 41.67975813921196 21.339316095446147
0.9768197481487675 946.9683722944727 0.0 1.1250006887723432 1241.257072987278 0.0 swap_t 100 2463.389247894287 8.440881600800001 45.51209113277827 32.71985209148951 28.244804748567095 47.460584225520975 41.67975813921196 21.339316095446147
0.9768197481487675 946.9683722944727 0.0 1.1198563872033511 1231.0404431134239 0.0 t_swap_k 100 2470.957627773285 8.440881600800001 45.51209113277827 33.48265357057461 28.244804748567095 47.460584225520975 41.67975813921196 21.339316095446147
0.9768197481487675 946.9683722944727 0.0 1.183868481128907 1358.1690459600745 0.0 move_t 100 2481.749521970749 8.440881600800001 46.24697022145048 33.48265357057461 28.244804748567095 47.460584225520975 41.67975813921196 21.339316095446147
0.9768197481487675 946.9683722944727 0.0 1.1921805566844905 1374.6769038871412 0.0 swap_t 100 2493.5134992599487 8.440881600800001 46.24697022145048 33.48265357057461 28.244804748567095 48.065978383265765 41.67975813921196 21.339316095446147
0.9768197481487675 946.9683722944727 0.0 1.1411211316600878 1273.272419711782 0.0 swap_t 100 2504.3804879188538 8.440881600800001 46.24697022145048 33.48265357057461 28.244804748567095 48.705318599433106 41.67975813921196 21.339316095446147
0.9768197481487675 946.9683722944727 0.0 1.1248861617969519 1241.0296213687343 0.0 move_t 100 2512.912741661072 8.440881600800001 46.84450051923598 33.48265357057461 28.244804748567095 48.705318599433106 41.67975813921196 21.339316095446147
0.9768197481487675 946.9683722944727 0.0 1.1738336853926645 1338.2398500290108 0.0 f_swap_t 100 2528.1219844818115 8.440881600800001 46.84450051923598 33.48265357057461 29.082356701081423 48.705318599433106 41.67975813921196 21.339316095446147
0.9768197481487675 946.9683722944727 0.0 1.1617482157521102 1314.2379970051734 0.0 t_multiswap_k 100 2537.5496020317078 8.440881600800001 46.84450051923598 33.48265357057461 29.082356701081423 48.705318599433106 41.67975813921196 22.185922934491686
0.9768197481487675 946.9683722944727 0.0 1.1488137767139874 1288.5500830082644 0.0 t_swap_r_k 100 2545.5779736042023 8.440881600800001 46.84450051923598 33.48265357057461 29.082356701081423 48.705318599433106 42.302960557819844 22.185922934491686
0.9768197481487675 946.9683722944727 0.0 1.2294452889604799 1476.268462457319 0.027777777777777776 swap_t 100 2555.7974565029144 8.440881600800001 46.84450051923598 33.48265357057461 29.082356701081423 49.35826541343877 42.302960557819844 22.185922934491686
0.9768197481487675 946.9683722944727 0.0 1.2000386697329761 1417.8666482441536 0.027777777777777776 move_t 100 2566.388137102127 8.440881600800001 47.52605551404362 33.48265357057461 29.082356701081423 49.35826541343877 42.302960557819844 22.185922934491686
0.9768197481487675 946.9683722944727 0.0 1.1764316984878906 1370.9829878639916 0.027777777777777776 t_multiswap_k 100 2570.0666217803955 8.440881600800001 47.52605551404362 33.48265357057461 29.082356701081423 49.35826541343877 42.302960557819844 22.99406370514677
0.9768197481487675 946.9683722944727 0.0 1.1746759151565804 1367.4959861409973 0.027777777777777776 swap_t 100 2587.2656955718994 8.440881600800001 47.52605551404362 33.48265357057461 29.082356701081423 49.92468275930438 42.302960557819844 22.99406370514677
0.9768197481487675 946.9683722944727 0.0 1.1490000998773198 1322.0202746468672 0.03333333333333333 t_multiswap_k 100 2592.0153300762177 8.440881600800001 47.52605551404362 33.48265357057461 29.082356701081423 49.92468275930438 42.302960557819844 23.8241230680953
0.9768197481487675 946.9683722944727 0.0 1.1316797006197632 1287.621803618563 0.03333333333333333 move_t 100 2607.4376413822174 8.440881600800001 48.290794958903184 33.48265357057461 29.082356701081423 49.92468275930438 42.302960557819844 23.8241230680953
0.9768197481487675 946.9683722944727 0.0 1.116879700449076 1252.7121761607295 0.027777777777777776 move_t 100 2619.372810602188 8.440881600800001 48.98788700931415 33.48265357057461 29.082356701081423 49.92468275930438 42.302960557819844 23.8241230680953
0.9768197481487675 946.9683722944727 0.0 1.199407288596733 1389.0292594313787 0.0 move_t 100 2631.9632539749146 8.440881600800001 49.74800813922101 33.48265357057461 29.082356701081423 49.92468275930438 42.302960557819844 23.8241230680953
0.9768197481487675 946.9683722944727 0.0 1.2049952493173564 1400.127000430149 0.0 f_swap_t 100 2648.8537635803223 8.440881600800001 49.74800813922101 33.48265357057461 29.86153313407061 49.92468275930438 42.302960557819844 23.8241230680953
0.9768197481487675 946.9683722944727 0.0 1.193737679077342 1377.7693631729546 0.0 t_swap_k 100 2660.517218351364 8.440881600800001 49.74800813922101 34.14782703486887 29.86153313407061 49.92468275930438 42.302960557819844 23.8241230680953
0.9768197481487675 946.9683722944727 0.0 1.2161004433983595 1422.182017244639 0.0 swap_t 100 2669.463987350464 8.440881600800001 49.74800813922101 34.14782703486887 29.86153313407061 50.50543593171134 42.302960557819844 23.8241230680953
0.9768197481487675 946.9683722944727 0.0 1.1993677839723675 1388.9508028867851 0.0 swap_t 100 2676.9000980854034 8.440881600800001 49.74800813922101 34.14782703486887 29.86153313407061 51.03038157239423 42.302960557819844 23.8241230680953
0.9768197481487675 946.9683722944727 0.0 1.1779952264329356 1346.5047085220629 0.0 move_t 100 2685.313020467758 8.440881600800001 50.3105280578288 34.14782703486887 29.86153313407061 51.03038157239423 42.302960557819844 23.8241230680953
0.9768197481487675 946.9683722944727 0.0 1.1742764240945651 1339.1191331323603 0.0 t_swap_r_k 100 2693.230967760086 8.440881600800001 50.3105280578288 34.14782703486887 29.86153313407061 51.03038157239423 42.91993095224164 23.8241230680953
0.9768197481487675 946.9683722944727 0.0 1.1695636749589484 1329.759570330455 0.0 t_multiswap_k 100 2700.8034460544586 8.440881600800001 50.3105280578288 34.14782703486887 29.86153313407061 51.03038157239423 42.91993095224164 24.585881837414348
0.9768197481487675 946.9683722944727 0.0 1.158146278616783 1334.667977088345 0.027777777777777776 f_swap_t 100 2712.5069444179535 8.440881600800001 50.3105280578288 34.14782703486887 30.592917802729904 51.03038157239423 42.91993095224164 24.585881837414348
0.9768197481487675 946.9683722944727 0.0 1.1572859988177915 1305.3759934419354 0.0 move_t 100 2723.7680208683014 8.440881600800001 51.02742277725051 34.14782703486887 30.592917802729904 51.03038157239423 42.91993095224164 24.585881837414348
0.9768197481487675 946.9683722944727 0.0 1.1462658013187035 1283.4897806149888 0.0 t_swap_r_k 100 2734.6837391853333 8.440881600800001 51.02742277725051 34.14782703486887 30.592917802729904 51.03038157239423 43.530731642719225 24.585881837414348
0.9768197481487675 946.9683722944727 0.0 1.1405671668619455 1272.172240566011 0.0 t_swap_r_k 100 2742.669281244278 8.440881600800001 51.02742277725051 34.14782703486887 30.592917802729904 51.03038157239423 44.13542432629203 24.585881837414348
0.9768197481487675 946.9683722944727 0.0 1.1405671668619455 1272.172240566011 0.0 t_swap_r_k 100 2751.783563375473 8.440881600800001 51.02742277725051 34.14782703486887 30.592917802729904 51.03038157239423 44.73407008302911 24.585881837414348
0.9768197481487675 946.9683722944727 0.0 1.1945190183480874 1379.3211100968185 0.0 t_move_k 100 2761.446855545044 9.666472784792001 51.02742277725051 34.14782703486887 30.592917802729904 51.03038157239423 44.73407008302911 24.585881837414348
0.9768197481487675 946.9683722944727 0.0 1.165671593625977 1322.0298612757626 0.0 t_swap_r_k 100 2773.4213869571686 9.666472784792001 51.02742277725051 34.14782703486887 30.592917802729904 51.03038157239423 45.32672938219882 24.585881837414348
0.9768197481487675 946.9683722944727 0.0 1.1593489960538987 1337.0565848970139 0.027777777777777776 t_swap_k 100 2785.759266614914 9.666472784792001 51.02742277725051 34.90634876452018 30.592917802729904 51.03038157239423 45.32672938219882 24.585881837414348
0.9768197481487675 946.9683722944727 0.0 1.1570844972740388 1332.5592696495803 0.027777777777777776 move_t 100 2797.1145181655884 9.666472784792001 51.577148549478004 34.90634876452018 30.592917802729904 51.03038157239423 45.32672938219882 24.585881837414348
0.9768197481487675 946.9683722944727 0.0 1.1591251124637592 1336.6119500433588 0.027777777777777776 move_t 100 2808.2708530426025 9.666472784792001 52.231377063983224 34.90634876452018 30.592917802729904 51.03038157239423 45.32672938219882 24.585881837414348
0.9768197481487675 946.9683722944727 0.0 1.1482012087580802 1314.9169775691043 0.027777777777777776 t_swap_r_k 100 2817.8208241462708 9.666472784792001 52.231377063983224 34.90634876452018 30.592917802729904 51.03038157239423 45.91346208837683 24.585881837414348
0.9768197481487675 946.9683722944727 0.0 1.1390871103819964 1296.816294999558 0.027777777777777776 f_swap_t 100 2832.7054545879364 9.666472784792001 52.231377063983224 34.90634876452018 31.316988624702606 51.03038157239423 45.91346208837683 24.585881837414348
0.9768197481487675 946.9683722944727 0.0 1.1325070198506593 1283.7481751404234 0.027777777777777776 move_t 100 2842.9088926315308 9.666472784792001 52.73906329334339 34.90634876452018 31.316988624702606 51.03038157239423 45.91346208837683 24.585881837414348
0.9768197481487675 946.9683722944727 0.0 1.130457123305988 1279.6770618909911 0.027777777777777776 f_swap_t 100 2852.732663154602 9.666472784792001 52.73906329334339 34.90634876452018 32.00381873845558 51.03038157239423 45.91346208837683 24.585881837414348
0.9768197481487675 946.9683722944727 0.0 1.140972165353599 1300.5600313801813 0.027777777777777776 move_t 100 2864.277267932892 9.666472784792001 53.28167266040996 34.90634876452018 32.00381873845558 51.03038157239423 45.91346208837683 24.585881837414348
0.9768197481487675 946.9683722944727 0.0 1.1950116696531414 1407.882980198509 0.027777777777777776 swap_t 100 2874.1122617721558 9.666472784792001 53.28167266040996 34.90634876452018 32.00381873845558 51.71007775667029 45.91346208837683 24.585881837414348
0.9768197481487675 946.9683722944727 0.0 1.1888508173648287 1395.64747131688 0.027777777777777776 t_swap_r_k 100 2881.9094836711884 9.666472784792001 53.28167266040996 34.90634876452018 32.00381873845558 51.71007775667029 46.494327467493065 24.585881837414348
0.9768197481487675 946.9683722944727 0.0 1.1888508173648287 1395.64747131688 0.027777777777777776 t_swap_r_k 100 2895.072489976883 9.666472784792001 53.28167266040996 34.90634876452018 32.00381873845558 51.71007775667029 47.069384192818134 24.585881837414348
0.9768197481487675 946.9683722944727 0.0 1.1894095051396212 1396.7570303373905 0.027777777777777776 swap_t 100 2907.546617746353 9.666472784792001 53.28167266040996 34.90634876452018 32.00381873845558 52.23297697910358 47.069384192818134 24.585881837414348
0.9768197481487675 946.9683722944727 0.0 1.1757350107200808 1369.5993595976672 0.027777777777777776 t_multiswap_k 100 2917.8711099624634 9.666472784792001 53.28167266040996 34.90634876452018 32.00381873845558 52.23297697910358 47.069384192818134 25.370023019040204
0.9768197481487675 946.9683722944727 0.0 1.2381188085433275 1493.4941515218388 0.027777777777777776 move_t 100 2932.2802970409393 9.666472784792001 53.92885593380586 34.90634876452018 32.00381873845558 52.23297697910358 47.069384192818134 25.370023019040204
0.9768197481487675 946.9683722944727 0.0 1.2399235995240332 1500.5264153979892 0.03125 swap_t 100 2944.050585746765 9.666472784792001 53.92885593380586 34.90634876452018 32.00381873845558 52.99064720931255 47.069384192818134 25.370023019040204
0.9768197481487675 946.9683722944727 0.0 1.206316622777384 1435.8514123188716 0.03333333333333333 move_t 100 2952.1460535526276 9.666472784792001 54.449567374467804 34.90634876452018 32.00381873845558 52.99064720931255 47.069384192818134 25.370023019040204
0.9768197481487675 946.9683722944727 0.0 1.2197109510161024 1464.816967047193 0.03571428571428571 f_swap_t 100 2965.825576543808 9.666472784792001 54.449567374467804 34.90634876452018 32.823780551071025 52.99064720931255 47.069384192818134 25.370023019040204
0.9768197481487675 946.9683722944727 0.0 1.217027960119097 1455.0554665454915 0.03125 move_t 100 2974.5830132961273 9.666472784792001 55.125071700723126 34.90634876452018 32.823780551071025 52.99064720931255 47.069384192818134 25.370023019040204
0.9768197481487675 946.9683722944727 0.0 1.2134279661870786 1416.8744531083248 0.0 t_swap_r_k 100 2983.7202608585358 9.666472784792001 55.125071700723126 34.90634876452018 32.823780551071025 52.99064720931255 47.63869035088995 25.370023019040204
0.9768197481487675 946.9683722944727 0.0 1.2369013291514015 1463.4927662232985 0.0 swap_t 100 2992.3942472934723 9.666472784792001 55.125071700723126 34.90634876452018 32.823780551071025 53.530740737219425 47.63869035088995 25.370023019040204
0.9768197481487675 946.9683722944727 0.0 1.229172141316073 1448.142528629331 0.0 t_swap_r_k 100 2997.332396030426 9.666472784792001 55.125071700723126 34.90634876452018 32.823780551071025 53.530740737219425 48.202303447381055 25.370023019040204
0.9768197481487675 946.9683722944727 0.0 1.21062536596011 1442.3398561020535 0.03125 f_swap_t 100 3007.3296773433685 9.666472784792001 55.125071700723126 34.90634876452018 33.525542745560315 53.530740737219425 48.202303447381055 25.370023019040204
0.9768197481487675 946.9683722944727 0.0 1.206084949466597 1433.3225475004401 0.03125 t_swap_r_k 100 3016.9340450763702 9.666472784792001 55.125071700723126 34.90634876452018 33.525542745560315 53.530740737219425 48.76028041290724 25.370023019040204
0.9768197481487675 946.9683722944727 0.0 1.2281883650342595 1477.2201325805934 0.03125 t_swap_k 100 3025.202148914337 9.666472784792001 55.125071700723126 35.59728527687498 33.525542745560315 53.530740737219425 48.76028041290724 25.370023019040204
0.9768197481487675 946.9683722944727 0.0 1.2192163648252325 1463.8347143574802 0.03571428571428571 t_swap_k 100 3035.2904341220856 9.666472784792001 55.125071700723126 36.27131242410623 33.525542745560315 53.530740737219425 48.76028041290724 25.370023019040204
0.9768197481487675 946.9683722944727 0.0 1.201432806469835 1426.1521085519857 0.03333333333333333 swap_t 100 3047.2247869968414 9.666472784792001 55.125071700723126 36.27131242410623 33.525542745560315 54.05543332984723 48.76028041290724 25.370023019040204
0.9768197481487675 946.9683722944727 0.0 1.1840903490598809 1386.1931378090965 0.027777777777777776 move_t 100 3060.239908218384 9.666472784792001 55.70382098371589 36.27131242410623 33.525542745560315 54.05543332984723 48.76028041290724 25.370023019040204
0.9768197481487675 946.9683722944727 0.0 1.1890354667310845 1396.0141866437668 0.027777777777777776 f_swap_t 100 3074.284343957901 9.666472784792001 55.70382098371589 36.27131242410623 34.260287318104716 54.05543332984723 48.76028041290724 25.370023019040204
0.9768197481487675 946.9683722944727 0.0 1.1511196014532206 1324.1608646152197 0.03125 t_multiswap_k 100 3078.741448402405 9.666472784792001 55.70382098371589 36.27131242410623 34.260287318104716 54.05543332984723 48.76028041290724 26.1463227888498
0.9768197481487675 946.9683722944727 0.0 1.1511196014532206 1324.1608646152197 0.03125 t_swap_r_k 100 3089.5402574539185 9.666472784792001 55.70382098371589 36.27131242410623 34.260287318104716 54.05543332984723 49.31267760877817 26.1463227888498
0.9768197481487675 946.9683722944727 0.0 1.1465141855925234 1311.5665341629474 0.027777777777777776 move_t 100 3096.474633693695 9.666472784792001 56.25678277387873 36.27131242410623 34.260287318104716 54.05543332984723 49.31267760877817 26.1463227888498
0.9768197481487675 946.9683722944727 0.0 1.1727041239292304 1363.5799907647202 0.027777777777777776 t_swap_k 100 3107.109572172165 9.666472784792001 56.25678277387873 36.918599299865164 34.260287318104716 54.05543332984723 49.31267760877817 26.1463227888498
0.9768197481487675 946.9683722944727 0.0 1.1844506103476928 1359.325159902332 0.0 t_move_k 100 3117.6308212280273 10.72980805694408 56.25678277387873 36.918599299865164 34.260287318104716 54.05543332984723 49.31267760877817 26.1463227888498
0.9768197481487675 946.9683722944727 0.0 1.1606010115187417 1311.9596389258784 0.0 t_swap_r_k 100 3128.864464521408 10.72980805694408 56.25678277387873 36.918599299865164 34.260287318104716 54.05543332984723 49.85955083269039 26.1463227888498
0.9768197481487675 946.9683722944727 0.0 1.1625997631133158 1351.3936265541063 0.03571428571428571 swap_t 100 3139.8332030773163 10.72980805694408 56.25678277387873 36.918599299865164 34.260287318104716 54.55487899654876 49.85955083269039 26.1463227888498
0.9768197481487675 946.9683722944727 0.0 1.1460467001508867 1318.5190924122676 0.03571428571428571 t_swap_k 100 3146.555196762085 10.72980805694408 56.25678277387873 37.609413306866514 34.260287318104716 54.55487899654876 49.85955083269039 26.1463227888498
0.9768197481487675 946.9683722944727 0.0 1.1985907025952771 1422.8719608951328 0.03571428571428571 move_t 100 3164.458205461502 10.72980805694408 56.85421494613995 37.609413306866514 34.260287318104716 54.55487899654876 49.85955083269039 26.1463227888498
0.9768197481487675 946.9683722944727 0.0 1.16240280065151 1351.0024573070614 0.03571428571428571 move_t 100 3172.9088575839996 10.72980805694408 57.31567279667855 37.609413306866514 34.260287318104716 54.55487899654876 49.85955083269039 26.1463227888498
0.9768197481487675 946.9683722944727 0.0 1.1599789163260612 1346.188600911197 0.03571428571428571 swap_t 100 3185.574631214142 10.72980805694408 57.31567279667855 37.609413306866514 34.260287318104716 55.03933020658327 49.85955083269039 26.1463227888498
0.9768197481487675 946.9683722944727 0.0 1.1573180530707865 1305.4396534809787 0.0 t_multiswap_k 100 3190.256063938141 10.72980805694408 57.31567279667855 37.609413306866514 34.260287318104716 55.03933020658327 49.85955083269039 26.884859560961303
0.9768197481487675 946.9683722944727 0.0 1.1569883085929178 1304.7847779379822 0.0 t_swap_r_k 100 3196.022959947586 10.72980805694408 57.31567279667855 37.609413306866514 34.260287318104716 55.03933020658327 50.40095532436349 26.884859560961303
0.9768197481487675 946.9683722944727 0.0 1.1388042010081325 1304.1354230043091 0.03571428571428571 t_swap_r_k 100 3204.9381732940674 10.72980805694408 57.31567279667855 37.609413306866514 34.260287318104716 55.03933020658327 50.93694577111985 26.884859560961303
0.9768197481487675 946.9683722944727 0.0 1.170604368072584 1367.29084507026 0.03571428571428571 t_swap_k 100 3213.8236722946167 10.72980805694408 57.31567279667855 38.30331917379785 34.260287318104716 55.03933020658327 50.93694577111985 26.884859560961303
0.9768197481487675 946.9683722944727 0.0 1.1554643651985785 1337.2226611626224 0.03571428571428571 t_swap_r_k 100 3228.4189314842224 10.72980805694408 57.31567279667855 38.30331917379785 34.260287318104716 55.03933020658327 51.46757631340866 26.884859560961303
0.9768197481487675 946.9683722944727 0.0 1.2016298228576061 1393.4432327610466 0.0 swap_t 100 3240.5060093402863 10.72980805694408 57.31567279667855 38.30331917379785 34.260287318104716 55.78893690451744 51.46757631340866 26.884859560961303
0.9768197481487675 946.9683722944727 0.0 1.2465737715752683 1482.702325168377 0.0 swap_t 100 3259.7175323963165 10.72980805694408 57.31567279667855 38.30331917379785 34.260287318104716 56.45104753547227 51.46757631340866 26.884859560961303
0.9768197481487675 946.9683722944727 0.0 1.2307342663405578 1484.3450753226762 0.03333333333333333 f_swap_t 100 3272.700897216797 10.72980805694408 57.31567279667855 38.30331917379785 34.987684444923666 56.45104753547227 51.46757631340866 26.884859560961303
0.9768197481487675 946.9683722944727 0.0 1.2121153659255774 1447.3677691428452 0.03333333333333333 t_swap_k 100 3280.7791171073914 10.72980805694408 57.31567279667855 38.980285982059875 34.987684444923666 56.45104753547227 51.46757631340866 26.884859560961303
0.9768197481487675 946.9683722944727 0.0 1.2104402438174526 1410.9408092099393 0.0 swap_t 100 3295.5620815753937 10.72980805694408 57.31567279667855 38.980285982059875 34.987684444923666 57.13653706011755 51.46757631340866 26.884859560961303
0.9768197481487675 946.9683722944727 0.0 1.1966226045256179 1383.498851447195 0.0 t_swap_r_k 100 3301.431072950363 10.72980805694408 57.31567279667855 38.980285982059875 34.987684444923666 57.13653706011755 51.99290055027457 26.884859560961303
0.9768197481487675 946.9683722944727 0.0 1.1830550753479858 1356.553614654294 0.0 t_swap_k 100 3310.066098690033 10.72980805694408 57.31567279667855 39.66048312223928 34.987684444923666 57.13653706011755 51.99290055027457 26.884859560961303
0.9768197481487675 946.9683722944727 0.0 1.2386136096222806 1466.8933708683776 0.0 f_swap_t 100 3323.6970727443695 10.72980805694408 57.31567279667855 39.66048312223928 35.72780760047443 57.13653706011755 51.99290055027457 26.884859560961303
0.9768197481487675 946.9683722944727 0.0 1.258078473758783 1505.5507687212148 0.0 t_swap_k 100 3334.9173505306244 10.72980805694408 57.31567279667855 40.453878291016885 35.72780760047443 57.13653706011755 51.99290055027457 26.884859560961303
0.9768197481487675 946.9683722944727 0.0 1.2050305695377244 1400.1971467102076 0.0 move_t 100 3344.06379199028 10.72980805694408 57.94251606871176 40.453878291016885 35.72780760047443 57.13653706011755 51.99290055027457 26.884859560961303
0.9768197481487675 946.9683722944727 0.0 1.1705709798875572 1359.3435472263482 0.027777777777777776 t_swap_k 100 3353.5209681987762 10.72980805694408 57.94251606871176 41.07933950810671 35.72780760047443 57.13653706011755 51.99290055027457 26.884859560961303
0.9768197481487675 946.9683722944727 0.0 1.1558392687570396 1330.0862344482161 0.027777777777777776 t_move_k 100 3365.206521511078 11.622509976374639 57.94251606871176 41.07933950810671 35.72780760047443 57.13653706011755 51.99290055027457 26.884859560961303
0.9768197481487675 946.9683722944727 0.0 1.1540773175737737 1326.5869833149368 0.027777777777777776 f_swap_t 100 3374.4748532772064 11.622509976374639 57.94251606871176 41.07933950810671 36.37052952446968 57.13653706011755 51.99290055027457 26.884859560961303
0.9768197481487675 946.9683722944727 0.0 1.1540773175737737 1326.5869833149368 0.027777777777777776 t_swap_r_k 100 3389.225200653076 11.622509976374639 57.94251606871176 41.07933950810671 36.37052952446968 57.13653706011755 52.51297154477182 26.884859560961303
0.9768197481487675 946.9683722944727 0.0 1.1682627836711716 1354.7594484710994 0.027777777777777776 swap_t 100 3399.953263759613 11.622509976374639 57.94251606871176 41.07933950810671 36.37052952446968 57.645171689516374 52.51297154477182 26.884859560961303
0.9768197481487675 946.9683722944727 0.0 1.1643676674194259 1347.023712040018 0.027777777777777776 swap_t 100 3408.9954221248627 11.622509976374639 57.94251606871176 41.07933950810671 36.37052952446968 58.12871997262121 52.51297154477182 26.884859560961303
0.9768197481487675 946.9683722944727 0.0 1.1455816373324 1315.2311768284976 0.03333333333333333 t_multiswap_k 100 3414.096043109894 11.622509976374639 57.94251606871176 41.07933950810671 36.37052952446968 58.12871997262121 52.51297154477182 27.64601096535169
0.9768197481487675 946.9683722944727 0.0 1.1913842959958396 1373.095522891112 0.0 f_swap_t 100 3429.059360265732 11.622509976374639 57.94251606871176 41.07933950810671 37.12682422922499 58.12871997262121 52.51297154477182 27.64601096535169
0.9768197481487675 946.9683722944727 0.0 1.1851607098187698 1360.735423933769 0.0 f_swap_t 100 3439.037579536438 11.622509976374639 57.94251606871176 41.07933950810671 37.825555986932734 58.12871997262121 52.51297154477182 27.64601096535169
0.9768197481487675 946.9683722944727 0.0 1.1717642019398329 1334.1298370011807 0.0 f_swap_t 100 3448.880537509918 11.622509976374639 57.94251606871176 41.07933950810671 38.507300427063406 58.12871997262121 52.51297154477182 27.64601096535169
0.9768197481487675 946.9683722944727 0.0 1.2015136447262362 1393.2125019316575 0.0 f_swap_t 100 3463.873344182968 11.622509976374639 57.94251606871176 41.07933950810671 39.36222742279277 58.12871997262121 52.51297154477182 27.64601096535169
0.9768197481487675 946.9683722944727 0.0 1.1811945700623805 1352.8586341741538 0.0 t_move_k 100 3476.5260474681854 12.566284876610892 57.94251606871176 41.07933950810671 39.36222742279277 58.12871997262121 52.51297154477182 27.64601096535169
0.9768197481487675 946.9683722944727 0.0 1.1701385728677325 1330.9013228250412 0.0 swap_t 100 3481.0998487472534 12.566284876610892 57.94251606871176 41.07933950810671 39.36222742279277 58.577432772895 52.51297154477182 27.64601096535169
0.9768197481487675 946.9683722944727 0.0 1.1684138383285203 1327.4759842865706 0.0 move_t 100 3487.1926720142365 12.566284876610892 58.363090908024645 41.07933950810671 39.36222742279277 58.577432772895 52.51297154477182 27.64601096535169
0.9768197481487675 946.9683722944727 0.0 1.1642573015289541 1319.221064261238 0.0 f_swap_t 100 3496.7500257492065 12.566284876610892 58.363090908024645 41.07933950810671 40.02860514856484 58.577432772895 52.51297154477182 27.64601096535169
0.9768197481487675 946.9683722944727 0.0 1.1475265271923993 1319.0937458436572 0.03333333333333333 move_t 100 3507.7529804706573 12.566284876610892 58.8094599989444 41.07933950810671 40.02860514856484 58.577432772895 52.51297154477182 27.64601096535169
0.9768197481487675 946.9683722944727 0.0 1.19430127139798 1378.8886626662832 0.0 swap_t 100 3516.7537920475006 12.566284876610892 58.8094599989444 41.07933950810671 40.02860514856484 59.00165844516605 52.51297154477182 27.64601096535169
0.9768197481487675 946.9683722944727 0.0 1.196849190373705 1383.9488530098004 0.0 swap_t 100 3523.4138107299805 12.566284876610892 58.8094599989444 41.07933950810671 40.02860514856484 59.48164186071439 52.51297154477182 27.64601096535169
0.9768197481487675 946.9683722944727 0.0 1.172056999519733 1334.7113356675554 0.0 t_swap_r_k 100 3531.6127247810364 12.566284876610892 58.8094599989444 41.07933950810671 40.02860514856484 59.48164186071439 53.0278418293241 27.64601096535169
0.9768197481487675 946.9683722944727 0.0 1.1647237970623436 1320.1475286487798 0.0 t_swap_r_k 100 3539.680135011673 12.566284876610892 58.8094599989444 41.07933950810671 40.02860514856484 59.48164186071439 53.53756341103086 27.64601096535169
0.9768197481487675 946.9683722944727 0.0 1.152789225579143 1329.5455128783074 0.03333333333333333 move_t 100 3549.042559862137 12.566284876610892 59.281365398954954 41.07933950810671 40.02860514856484 59.48164186071439 53.53756341103086 27.64601096535169
0.9768197481487675 946.9683722944727 0.0 1.145385416167511 1314.8414798038964 0.03333333333333333 move_t 100 3556.714190006256 12.566284876610892 59.7585517449654 41.07933950810671 40.02860514856484 59.48164186071439 53.53756341103086 27.64601096535169
0.9768197481487675 946.9683722944727 0.0 1.1639724801029576 1351.755558444766 0.03333333333333333 f_swap_t 100 3564.2468004226685 12.566284876610892 59.7585517449654 41.07933950810671 40.69831909707919 59.48164186071439 53.53756341103086 27.64601096535169
0.9768197481487675 946.9683722944727 0.0 1.1495400314144117 1323.0925836080955 0.03333333333333333 swap_t 100 3575.2549719810486 12.566284876610892 59.7585517449654 41.07933950810671 40.69831909707919 59.886825442107245 53.53756341103086 27.64601096535169
0.9768197481487675 946.9683722944727 0.0 1.1440296111675263 1312.1488386979674 0.03333333333333333 t_move_k 100 3585.035748243332 13.500622027844782 59.7585517449654 41.07933950810671 40.69831909707919 59.886825442107245 53.53756341103086 27.64601096535169
0.9768197481487675 946.9683722944727 0.0 1.1440296111675263 1312.1488386979674 0.03333333333333333 f_swap_t 100 3591.0592246055603 13.500622027844782 59.7585517449654 41.07933950810671 41.2913359061084 59.886825442107245 53.53756341103086 27.64601096535169
0.9768197481487675 946.9683722944727 0.0 1.143424810128629 1310.947698314017 0.03333333333333333 move_t 100 3601.0309886932373 13.500622027844782 60.190966227515744 41.07933950810671 41.2913359061084 59.886825442107245 53.53756341103086 27.64601096535169