8
5 100 5 200

Solution history:
B_obj   B_dis   B_sim   C_obj   C_dis   C_sim   neighbor   iterations   time   scores
1.0227423691063704 2351.6997556245824 0.013333333333333332 1.0227423691063704 2351.6997556245824 0.013333333333333332 0 0 0 3.0 3.0 3.0 3.0 3.0 3.0 3.0
1.0227423691063704 2351.6997556245824 0.013333333333333332 1.0227423691063704 2351.6997556245824 0.013333333333333332 t_multiswap_k 100 7.497837543487549 3.0 3.0 3.0 3.0 3.0 3.0 3.9699999999999998
1.015654357604602 2350.422977415153 0.04 1.015654357604602 2350.422977415153 0.04 t_swap_r_k 100 40.75964164733887 3.0 3.0 3.0 3.0 3.0 4.01 3.9699999999999998
1.0156543576046018 2350.4229774151527 0.04 1.076287573942387 2520.68873978217 0.02222222222222222 f_swap_t 100 55.21737265586853 3.0 3.0 3.0 4.01 3.0 4.01 3.9699999999999998
1.0156543576046018 2350.4229774151527 0.04 1.0514268673142375 2428.5200040266654 0.0 t_swap_k 100 71.05673551559448 3.0 3.0 4.0 4.01 3.0 4.01 3.9699999999999998
1.0156543576046018 2350.4229774151527 0.04 1.0657365269173527 2471.881782891701 0.0 t_multiswap_k 100 75.03081846237183 3.0 3.0 4.0 4.01 3.0 4.01 4.9403
1.0156543576046018 2350.4229774151527 0.04 1.085593845714655 2532.05432999783 0.0 f_swap_t 100 93.95277285575867 3.0 3.0 4.0 4.9799 3.0 4.01 4.9403
1.0156543576046018 2350.4229774151527 0.04 1.0697911776427877 2484.1683692262204 0.0 swap_t 100 103.40449953079224 3.0 3.0 4.0 4.9799 3.9699999999999998 4.01 4.9403
1.0156543576046018 2350.4229774151527 0.04 1.0635766430876645 2465.3368050519266 0.0 swap_t 100 110.34421372413635 3.0 3.0 4.0 4.9799 4.9303 4.01 4.9403
1.0156543576046018 2350.4229774151527 0.04 1.0622547866637158 2461.331255825996 0.0 t_swap_k 100 123.70294070243835 3.0 3.0 4.96 4.9799 4.9303 4.01 4.9403
1.0156543576046018 2350.4229774151527 0.04 1.0622547866637158 2461.331255825996 0.0 t_multiswap_k 100 134.8051221370697 3.0 3.0 4.96 4.9799 4.9303 4.01 5.890897
1.0156543576046018 2350.4229774151527 0.04 1.1172520666861288 2560.498651891523 0.0 swap_t 100 142.20125246047974 3.0 3.0 4.96 4.9799 5.890997 4.01 5.890897
1.0156543576046018 2350.4229774151527 0.04 1.090935218821234 2563.3912273277056 0.02 t_swap_k 100 156.38500809669495 3.0 3.0 5.9704 4.9799 5.890997 4.01 5.890897
1.0156543576046018 2350.4229774151527 0.04 1.090935218821234 2563.3912273277056 0.02 t_swap_r_k 100 180.41375946998596 3.0 3.0 5.9704 4.9799 5.890997 5.0099 5.890897
1.0156543576046018 2350.4229774151527 0.04 1.090935218821234 2563.3912273277056 0.02 f_swap_t 100 200.0318055152893 3.0 3.0 5.9704 5.930101 5.890997 5.0099 5.890897
1.0156543576046018 2350.4229774151527 0.04 1.081742991466013 2535.536523518578 0.02 move_t 100 206.34750723838806 3.0 4.0 5.9704 5.930101 5.890997 5.0099 5.890897
1.0156543576046018 2350.4229774151527 0.04 1.0807059309586613 2517.242749244756 0.0 swap_t 100 211.61459684371948 3.0 4.0 5.9704 5.930101 6.832087029999999 5.0099 5.890897
1.0156543576046018 2350.4229774151527 0.04 1.0807059309586613 2517.242749244756 0.0 swap_t 100 218.67166423797607 3.0 4.0 5.9704 5.930101 7.763766159699999 5.0099 5.890897
1.0156543576046018 2350.4229774151527 0.04 1.0779001325923754 2522.514334218439 0.01818181818181818 t_multiswap_k 100 225.15180468559265 3.0 4.0 5.9704 5.930101 7.763766159699999 5.0099 6.86198803
1.0156543576046018 2350.4229774151527 0.04 1.1340422819142142 2678.864976449873 0.0 t_swap_k 100 233.1088490486145 3.0 4.0 6.930695999999999 5.930101 7.763766159699999 5.0099 6.86198803
1.0156543576046018 2350.4229774151527 0.04 1.109015212699549 2616.800659707368 0.01818181818181818 t_swap_k 100 238.173978805542 3.0 4.0 7.921389039999999 5.930101 7.763766159699999 5.0099 6.86198803
1.0156543576046018 2350.4229774151527 0.04 1.1969724230829728 2858.62656556797 0.02 swap_t 100 244.96028208732605 3.0 4.0 7.921389039999999 5.930101 8.706128498102998 5.0099 6.86198803
1.0156543576046018 2350.4229774151527 0.04 1.173085751570265 2812.327493703518 0.02 move_t 100 251.2882091999054 3.0 5.0 7.921389039999999 5.930101 8.706128498102998 5.0099 6.86198803
1.0156543576046018 2350.4229774151527 0.04 1.1669007072271675 2793.5852921058327 0.02 swap_t 100 264.14438676834106 3.0 5.0 7.921389039999999 5.930101 9.61906721312197 5.0099 6.86198803
1.0156543576046018 2350.4229774151527 0.04 1.1639092793170023 2784.5205317181685 0.02 t_swap_k 100 279.19396018981934 3.0 5.0 8.9021751496 5.930101 9.61906721312197 5.0099 6.86198803
1.0156543576046018 2350.4229774151527 0.04 1.1562538202100674 2761.3226126822083 0.02 move_t 100 292.4227740764618 3.0 5.98 8.9021751496 5.930101 9.61906721312197 5.0099 6.86198803
1.0156543576046018 2350.4229774151527 0.04 1.1533540997173253 2752.5357482658574 0.02 f_swap_t 100 301.2596502304077 3.0 5.98 8.9021751496 6.900799989999999 9.61906721312197 5.0099 6.86198803
1.0156543576046018 2350.4229774151527 0.04 1.1481061172967166 2736.6330741616835 0.02 t_swap_k 100 316.7572000026703 3.0 5.98 9.913153398103999 6.900799989999999 9.61906721312197 5.0099 6.86198803
1.0156543576046018 2350.4229774151527 0.04 1.1668884853382568 2855.129509785259 0.02 swap_t 100 323.70534920692444 3.0 5.98 9.913153398103999 6.900799989999999 10.59287654099075 5.0099 6.86198803
1.0156543576046018 2350.4229774151527 0.04 1.1396012151588795 2710.861134367296 0.02 t_multiswap_k 100 330.3471636772156 3.0 5.98 9.913153398103999 6.900799989999999 10.59287654099075 5.0099 7.8833681497
1.0156543576046018 2350.4229774151527 0.04 1.1327969309523584 2688.8650998485155 0.01818181818181818 t_multiswap_k 100 342.49098777770996 3.0 5.98 9.913153398103999 6.900799989999999 10.59287654099075 5.0099 8.804534468203
1.0156543576046018 2350.4229774151527 0.04 1.1327969309523584 2688.8650998485155 0.01818181818181818 t_multiswap_k 100 354.3130989074707 3.0 5.98 9.913153398103999 6.900799989999999 10.59287654099075 5.0099 9.71648912352097
1.0156543576046018 2350.4229774151527 0.04 1.1327969309523584 2688.8650998485155 0.01818181818181818 swap_t 100 361.09652972221375 3.0 5.98 9.913153398103999 6.900799989999999 11.486947775580841 5.0099 9.71648912352097
1.0156543576046018 2350.4229774151527 0.04 1.1327969309523584 2688.8650998485155 0.01818181818181818 swap_t 100 374.606853723526 3.0 5.98 9.913153398103999 6.900799989999999 12.372078297825032 5.0099 9.71648912352097
1.0156543576046018 2350.4229774151527 0.04 1.1327969309523584 2688.8650998485155 0.01818181818181818 move_t 100 392.62348771095276 3.0 6.9202 9.913153398103999 6.900799989999999 12.372078297825032 5.0099 9.71648912352097
1.0156543576046018 2350.4229774151527 0.04 1.1327969309523584 2688.8650998485155 0.01818181818181818 t_multiswap_k 100 400.3312134742737 3.0 6.9202 9.913153398103999 6.900799989999999 12.372078297825032 5.0099 10.619324232285761
1.0156543576046018 2350.4229774151527 0.04 1.1327969309523584 2688.8650998485155 0.01818181818181818 f_swap_t 100 413.08813762664795 3.0 6.9202 9.913153398103999 7.831791990099999 12.372078297825032 5.0099 10.619324232285761
1.0156543576046018 2350.4229774151527 0.04 1.1323811404912152 2687.6051527547106 0.01818181818181818 t_multiswap_k 100 424.9275236129761 3.0 6.9202 9.913153398103999 7.831791990099999 12.372078297825032 5.0099 11.543130989962904
1.0156543576046018 2350.4229774151527 0.04 1.1375123478917992 2703.1539699024165 0.01818181818181818 t_move_k 100 434.7240788936615 4.02 6.9202 9.913153398103999 7.831791990099999 12.372078297825032 5.0099 11.543130989962904
1.0156543576046018 2350.4229774151527 0.04 1.1321339904293548 2686.8562274394963 0.01818181818181818 swap_t 100 442.24548411369324 4.02 6.9202 9.913153398103999 7.831791990099999 13.248357514846782 5.0099 11.543130989962904
1.0156543576046018 2350.4229774151527 0.04 1.130576288376516 2682.1360081033145 0.01818181818181818 swap_t 100 450.53600025177 4.02 6.9202 9.913153398103999 7.831791990099999 14.115873939698314 5.0099 11.543130989962904
1.0156543576046018 2350.4229774151527 0.04 1.1553464945733536 2719.8253141569066 0.01818181818181818 swap_t 100 458.52513551712036 4.02 6.9202 9.913153398103999 7.831791990099999 14.98471520030133 5.0099 11.543130989962904
1.0156543576046018 2350.4229774151527 0.04 1.1532828691565404 2750.942517962579 0.01818181818181818 swap_t 100 464.3810827732086 4.02 6.9202 9.913153398103999 7.831791990099999 15.834868048298317 5.0099 11.543130989962904
1.0156543576046018 2350.4229774151527 0.04 1.1937624582216881 2873.6056027789573 0.01818181818181818 f_swap_t 100 472.8510649204254 4.02 6.9202 9.913153398103999 8.763474070198999 15.834868048298317 5.0099 11.543130989962904
1.0156543576046018 2350.4229774151527 0.04 1.2566237622344247 3050.3169319832136 0.0 f_swap_t 100 490.02554178237915 4.02 6.9202 9.913153398103999 9.695839329497009 15.834868048298317 5.0099 11.543130989962904
1.0156543576046018 2350.4229774151527 0.04 1.2929289538649242 3175.4817950991524 0.02 t_swap_k 100 511.28005504608154 4.02 6.9202 11.034021864122959 9.695839329497009 15.834868048298317 5.0099 11.543130989962904
1.0156543576046018 2350.4229774151527 0.04 1.2779416401211527 3128.6891737235437 0.01818181818181818 move_t 100 517.8079266548157 4.02 7.880998 11.034021864122959 9.695839329497009 15.834868048298317 5.0099 11.543130989962904
1.0156543576046018 2350.4229774151527 0.04 1.2615283327724374 3080.3302103793635 0.02 t_multiswap_k 100 524.1663444042206 4.02 7.880998 11.034021864122959 9.695839329497009 15.834868048298317 5.0099 12.547699680063275
1.0156543576046018 2350.4229774151527 0.04 1.2497472592617411 3043.2532834249214 0.01818181818181818 t_swap_r_k 100 540.1745765209198 4.02 7.880998 11.034021864122959 9.695839329497009 15.834868048298317 5.999801 12.547699680063275
1.0156543576046018 2350.4229774151527 0.04 1.247642423653493 3036.8751151998554 0.01818181818181818 swap_t 100 551.7346489429474 4.02 7.880998 11.034021864122959 9.695839329497009 16.676519367815335 5.999801 12.547699680063275
1.0156543576046018 2350.4229774151527 0.04 1.3009717703871673 3184.7022755874277 0.0 t_multiswap_k 100 562.8965554237366 4.02 7.880998 11.034021864122959 9.695839329497009 16.676519367815335 5.999801 13.512222683262642
1.0156543576046018 2350.4229774151527 0.04 1.2631400289730341 3070.0628186906542 0.0 t_multiswap_k 100 569.5373246669769 4.02 7.880998 11.034021864122959 9.695839329497009 16.676519367815335 5.999801 14.467100456430016
1.0156543576046018 2350.4229774151527 0.04 1.2514017923175722 3048.2669244535464 0.01818181818181818 swap_t 100 591.4209015369415 4.02 7.880998 11.034021864122959 9.695839329497009 17.53975417413718 5.999801 14.467100456430016
1.0156543576046018 2350.4229774151527 0.04 1.2452530097093724 3040.1304202899646 0.02 move_t 100 602.1449825763702 4.02 8.84218802 11.034021864122959 9.695839329497009 17.53975417413718 5.999801 14.467100456430016
1.0156543576046018 2350.4229774151527 0.04 1.3106033287193117 3229.0394865656112 0.02 swap_t 100 611.1977219581604 4.02 8.84218802 11.034021864122959 9.695839329497009 18.41435663239581 5.999801 14.467100456430016
1.0156543576046018 2350.4229774151527 0.04 1.3368944254012418 3321.8752230011955 0.02 swap_t 100 622.5164139270782 4.02 8.84218802 11.034021864122959 9.695839329497009 19.32021306607185 5.999801 14.467100456430016
1.0156543576046018 2350.4229774151527 0.04 1.3130178796158396 3221.2049415518945 0.0 t_swap_k 100 635.7859661579132 4.02 8.84218802 12.03368164548173 9.695839329497009 19.32021306607185 5.999801 14.467100456430016
1.0156543576046018 2350.4229774151527 0.04 1.2900043113256492 3165.2420265375363 0.01818181818181818 f_swap_t 100 650.5999946594238 4.02 8.84218802 12.03368164548173 10.598880936202038 19.32021306607185 5.999801 14.467100456430016
1.0156543576046018 2350.4229774151527 0.04 1.2900024221548436 3165.2363018865667 0.01818181818181818 t_swap_r_k 100 668.3997235298157 4.02 8.84218802 12.03368164548173 10.598880936202038 19.32021306607185 7.00980299 14.467100456430016
1.0156543576046018 2350.4229774151527 0.04 1.2695596628277321 3103.2897263621317 0.01818181818181818 t_swap_k 100 677.3351783752441 4.02 8.84218802 13.063344829026912 10.598880936202038 19.32021306607185 7.00980299 14.467100456430016
1.0156543576046018 2350.4229774151527 0.04 1.2585626912037926 3056.1923623943203 0.0 t_swap_k 100 689.4826340675354 4.02 8.84218802 13.932711380736643 10.598880936202038 19.32021306607185 7.00980299 14.467100456430016
1.0156543576046018 2350.4229774151527 0.04 1.2405888025562621 3016.8782971994137 0.02 t_swap_k 100 701.2844398021698 4.02 8.84218802 14.823384266929278 10.598880936202038 19.32021306607185 7.00980299 14.467100456430016
1.0156543576046018 2350.4229774151527 0.04 1.2369063783179048 3005.7196484307083 0.02 swap_t 100 710.9391243457794 4.02 8.84218802 14.823384266929278 10.598880936202038 20.18701093541113 7.00980299 14.467100456430016
1.0156543576046018 2350.4229774151527 0.04 1.2615231921400274 3078.937248771419 0.01818181818181818 t_swap_k 100 719.6595106124878 4.02 8.84218802 15.755150424259984 10.598880936202038 20.18701093541113 7.00980299 14.467100456430016
1.0156543576046018 2350.4229774151527 0.04 1.2580463725187696 3068.401632428891 0.01818181818181818 t_multiswap_k 100 734.2596116065979 4.02 8.84218802 15.755150424259984 10.598880936202038 20.18701093541113 7.00980299 15.362429451865715
1.0156543576046018 2350.4229774151527 0.04 1.3015244587857908 3200.15089932096 0.01818181818181818 t_move_k 100 747.2373812198639 5.0798 8.84218802 15.755150424259984 10.598880936202038 20.18701093541113 7.00980299 15.362429451865715
1.0156543576046018 2350.4229774151527 0.04 1.287379763427031 3157.289002583297 0.01818181818181818 swap_t 100 763.8808193206787 5.0798 8.84218802 15.755150424259984 10.598880936202038 20.98514082605702 7.00980299 15.362429451865715
1.0156543576046018 2350.4229774151527 0.04 1.257268484604992 3066.044441228363 0.01818181818181818 t_multiswap_k 100 773.0007877349854 5.0798 8.84218802 15.755150424259984 10.598880936202038 20.98514082605702 7.00980299 16.32880515734706
1.0156543576046018 2350.4229774151527 0.04 1.239919607843822 3013.4730888314953 0.01818181818181818 t_swap_r_k 100 800.689982175827 5.0798 8.84218802 15.755150424259984 10.598880936202038 20.98514082605702 7.979704960099999 16.32880515734706
1.0156543576046018 2350.4229774151527 0.04 1.2358203626476447 3001.051370311266 0.01818181818181818 f_swap_t 100 811.744695186615 5.0798 8.84218802 15.755150424259984 11.522892126840018 20.98514082605702 7.979704960099999 16.32880515734706
1.0156543576046018 2350.4229774151527 0.04 1.2337822534555554 2994.8753994956546 0.01818181818181818 move_t 100 824.7116227149963 5.0798 9.7537661398 15.755150424259984 11.522892126840018 20.98514082605702 7.979704960099999 16.32880515734706
1.0156543576046018 2350.4229774151527 0.04 1.2865404732486838 3154.7457474586845 0.01818181818181818 t_swap_k 100 844.1016442775726 5.0798 9.7537661398 16.697598920017384 11.522892126840018 20.98514082605702 7.979704960099999 16.32880515734706
1.0156543576046018 2350.4229774151527 0.04 1.2752080820588094 3112.7737816942836 0.01818181818181818 move_t 100 856.0977339744568 5.0798 10.756228478401999 16.697598920017384 11.522892126840018 20.98514082605702 7.979704960099999 16.32880515734706
1.0156543576046018 2350.4229774151527 0.04 1.3416028066178256 3321.5981247735003 0.01818181818181818 move_t 100 866.6703934669495 5.0798 11.808666193617979 16.697598920017384 11.522892126840018 20.98514082605702 7.979704960099999 16.32880515734706
1.0156543576046018 2350.4229774151527 0.04 1.2997046658821945 3180.8626381070535 0.0 f_swap_t 100 884.0891196727753 5.0798 11.808666193617979 16.697598920017384 12.467663205571618 20.98514082605702 7.979704960099999 16.32880515734706
1.0156543576046018 2350.4229774151527 0.04 1.2855735639297106 3151.815775032035 0.01818181818181818 t_swap_r_k 100 923.1565763950348 5.0798 11.808666193617979 16.697598920017384 12.467663205571618 20.98514082605702 8.939907910498999 16.32880515734706
1.0156543576046018 2350.4229774151527 0.04 1.284301957397104 3140.17684604171 0.01818181818181818 move_t 100 940.3571956157684 5.0798 12.7205795316818 16.697598920017384 12.467663205571618 20.98514082605702 8.939907910498999 16.32880515734706
1.0156543576046018 2350.4229774151527 0.04 1.2702377795542181 3105.3445863905395 0.01818181818181818 t_multiswap_k 100 955.5317575931549 5.0798 12.7205795316818 16.697598920017384 12.467663205571618 20.98514082605702 8.939907910498999 17.25551710577359
1.0156543576046018 2350.4229774151527 0.04 1.241223056446827 3003.6490155373253 0.0 t_multiswap_k 100 968.0458812713623 5.0798 12.7205795316818 16.697598920017384 12.467663205571618 20.98514082605702 8.939907910498999 18.172961934715854
1.0156543576046018 2350.4229774151527 0.04 1.2752799472041698 3120.6235912517063 0.01818181818181818 t_swap_k 100 995.4390606880188 5.0798 12.7205795316818 17.56062293081721 12.467663205571618 20.98514082605702 8.939907910498999 18.172961934715854
1.0156543576046018 2350.4229774151527 0.04 1.2492245351838605 3041.6693012407786 0.01818181818181818 swap_t 100 1004.5401723384857 5.0798 12.7205795316818 17.56062293081721 12.467663205571618 21.77528941779645 8.939907910498999 18.172961934715854
1.0156543576046018 2350.4229774151527 0.04 1.2476255624551966 3036.8240216328377 0.01818181818181818 f_swap_t 100 1021.7689533233643 5.0798 12.7205795316818 17.56062293081721 13.372986573515902 21.77528941779645 8.939907910498999 18.172961934715854
1.0156543576046018 2350.4229774151527 0.04 1.2455606130882828 3026.8936938881934 0.013333333333333332 t_swap_r_k 100 1044.3135509490967 5.0798 12.7205795316818 17.56062293081721 13.372986573515902 21.77528941779645 9.890508831394008 18.172961934715854
1.0156543576046018 2350.4229774151527 0.04 1.2455606130882828 3026.8936938881934 0.013333333333333332 move_t 100 1055.0657892227173 5.0798 13.593373736364981 17.56062293081721 13.372986573515902 21.77528941779645 9.890508831394008 18.172961934715854
1.0156543576046018 2350.4229774151527 0.04 1.3905776417517721 3369.2975311039922 0.0 swap_t 100 1070.6620807647705 5.0798 13.593373736364981 17.56062293081721 13.372986573515902 22.597536523618487 9.890508831394008 18.172961934715854
1.0156543576046018 2350.4229774151527 0.04 1.3297091657677766 3271.7836330908426 0.0 move_t 100 1084.6238570213318 5.0798 14.487439999001332 17.56062293081721 13.372986573515902 22.597536523618487 9.890508831394008 18.172961934715854
1.0156543576046018 2350.4229774151527 0.04 1.3761070909299455 3412.3807280937467 0.0 t_move_k 100 1098.977656364441 6.1890019999999994 14.487439999001332 17.56062293081721 13.372986573515902 22.597536523618487 9.890508831394008 18.172961934715854
1.0156543576046018 2350.4229774151527 0.04 1.340015303302101 3344.75863225002 0.02 move_t 100 1108.6681499481201 6.1890019999999994 15.512565599011317 17.56062293081721 13.372986573515902 22.597536523618487 9.890508831394008 18.172961934715854
1.0156543576046018 2350.4229774151527 0.04 1.3103264411796296 3213.0492228599987 0.0 t_swap_r_k 100 1139.772624015808 6.1890019999999994 15.512565599011317 17.56062293081721 13.372986573515902 22.597536523618487 10.831603743080068 18.172961934715854
1.0156543576046018 2350.4229774151527 0.04 1.3009908785110333 3184.760177890109 0.0 t_multiswap_k 100 1145.69335770607 6.1890019999999994 15.512565599011317 17.56062293081721 13.372986573515902 22.597536523618487 10.831603743080068 19.021232315368696
1.0156543576046018 2350.4229774151527 0.04 1.2939327431860363 3163.3722964414555 0.0 swap_t 100 1156.2419509887695 6.1890019999999994 15.512565599011317 17.56062293081721 13.372986573515902 23.371561158382303 10.831603743080068 19.021232315368696
1.0156543576046018 2350.4229774151527 0.04 1.2840819942765456 3133.5221107825782 0.0 t_multiswap_k 100 1166.9655404090881 6.1890019999999994 15.512565599011317 17.56062293081721 13.372986573515902 23.371561158382303 10.831603743080068 19.89101999221501
1.0156543576046018 2350.4229774151527 0.04 1.2685641585398972 3100.645398150893 0.0 swap_t 100 1178.4552855491638 6.1890019999999994 15.512565599011317 17.56062293081721 13.372986573515902 24.19784554679848 10.831603743080068 19.89101999221501
1.0156543576046018 2350.4229774151527 0.04 1.2611657098876226 3064.080147546472 0.0 swap_t 100 1187.4575581550598 6.1890019999999994 15.512565599011317 17.56062293081721 13.372986573515902 24.955867091330493 10.831603743080068 19.89101999221501
1.0156543576046018 2350.4229774151527 0.04 1.26941523762295 3089.078240255984 0.0 t_swap_k 100 1215.994143486023 6.1890019999999994 15.512565599011317 18.455016701509038 13.372986573515902 24.955867091330493 10.831603743080068 19.89101999221501
1.0156543576046018 2350.4229774151527 0.04 1.2605486172129763 3062.210205364799 0.0 swap_t 100 1227.797574520111 6.1890019999999994 15.512565599011317 18.455016701509038 13.372986573515902 25.706308420417187 10.831603743080068 19.89101999221501
1.0156543576046018 2350.4229774151527 0.04 1.2572082886003078 3052.088190260572 0.0 swap_t 100 1237.4440548419952 6.1890019999999994 15.512565599011317 18.455016701509038 13.372986573515902 26.449245336213014 10.831603743080068 19.89101999221501
1.0156543576046018 2350.4229774151527 0.04 1.2572082886003078 3052.088190260572 0.0 f_swap_t 100 1260.8803839683533 6.1890019999999994 15.512565599011317 18.455016701509038 14.239256707780743 26.449245336213014 10.831603743080068 19.89101999221501
1.0156543576046018 2350.4229774151527 0.04 1.2505284276347879 3031.846572914692 0.0 t_multiswap_k 100 1269.8094494342804 6.1890019999999994 15.512565599011317 18.455016701509038 14.239256707780743 26.449245336213014 10.831603743080068 20.78210979229286
1.0156543576046018 2350.4229774151527 0.04 1.2379318224982108 2993.675769308469 0.0 swap_t 100 1279.162579536438 6.1890019999999994 15.512565599011317 18.455016701509038 14.239256707780743 27.184752882850884 10.831603743080068 20.78210979229286
1.0156543576046018 2350.4229774151527 0.04 1.2805008893709204 3015.7848518980245 0.0 swap_t 100 1295.079721212387 6.1890019999999994 15.512565599011317 18.455016701509038 14.239256707780743 27.922905354022376 10.831603743080068 20.78210979229286
1.0156543576046018 2350.4229774151527 0.04 1.3301557597437803 3260.1954303368916 0.0 swap_t 100 1313.3173139095306 6.1890019999999994 15.512565599011317 18.455016701509038 14.239256707780743 28.68367630048215 10.831603743080068 20.78210979229286
1.0156543576046018 2350.4229774151527 0.04 1.3767495796298514 3414.327626461793 0.0 swap_t 100 1320.450231552124 6.1890019999999994 15.512565599011317 18.455016701509038 14.239256707780743 29.52683953747733 10.831603743080068 20.78210979229286
1.0156543576046018 2350.4229774151527 0.04 1.3664910081266428 3352.9324855919067 0.0 swap_t 100 1327.4170022010803 6.1890019999999994 15.512565599011317 18.455016701509038 14.239256707780743 30.281571142102557 10.831603743080068 20.78210979229286
1.0156543576046018 2350.4229774151527 0.04 1.3626038898100519 3371.4627162632305 0.0 move_t 100 1338.4017062187195 6.1890019999999994 16.497439943021206 18.455016701509038 14.239256707780743 30.281571142102557 10.831603743080068 20.78210979229286
1.0156543576046018 2350.4229774151527 0.04 1.4036260367265818 3508.375726131846 0.0 swap_t 100 1350.2794473171234 6.1890019999999994 16.497439943021206 18.455016701509038 14.239256707780743 31.01875543068153 10.831603743080068 20.78210979229286
1.0156543576046018 2350.4229774151527 0.04 1.3900718174938074 3416.145211942049 0.02 swap_t 100 1358.4394898414612 6.1890019999999994 16.497439943021206 18.455016701509038 14.239256707780743 31.718567876374713 10.831603743080068 20.78210979229286
1.0156543576046018 2350.4229774151527 0.04 1.4005337088690666 3486.3993724831826 0.0 f_swap_t 100 1381.6251032352448 6.1890019999999994 16.497439943021206 18.455016701509038 15.116864140702937 31.718567876374713 10.831603743080068 20.78210979229286
1.0156543576046018 2350.4229774151527 0.04 1.4167211011739953 3545.551959748575 0.013333333333333332 t_swap_k 100 1400.5948133468628 6.1890019999999994 16.497439943021206 19.57046653449395 15.116864140702937 31.718567876374713 10.831603743080068 20.78210979229286
1.0156543576046018 2350.4229774151527 0.04 1.3813815147548318 3443.5147526769288 0.02 t_move_k 100 1426.1515080928802 7.307111979999999 16.497439943021206 19.57046653449395 15.116864140702937 31.718567876374713 10.831603743080068 20.78210979229286
1.0156543576046018 2350.4229774151527 0.04 1.3563918004267883 3366.412403866554 0.01818181818181818 t_multiswap_k 100 1437.8234539031982 7.307111979999999 16.497439943021206 19.57046653449395 15.116864140702937 31.718567876374713 10.831603743080068 21.634288694369932
1.0156543576046018 2350.4229774151527 0.04 1.376296291996698 3426.727896045521 0.01818181818181818 f_swap_t 100 1461.180129289627 7.307111979999999 16.497439943021206 19.57046653449395 16.095695499295907 31.718567876374713 10.831603743080068 21.634288694369932
1.0156543576046018 2350.4229774151527 0.04 1.340464260703781 3319.525435590738 0.02 t_multiswap_k 100 1478.9202466011047 7.307111979999999 16.497439943021206 19.57046653449395 16.095695499295907 31.718567876374713 10.831603743080068 22.447945807426233
1.0156543576046018 2350.4229774151527 0.04 1.3290735174079362 3269.8574626311824 0.0 t_swap_k 100 1500.1528384685516 7.307111979999999 16.497439943021206 20.40476186914901 16.095695499295907 31.718567876374713 10.831603743080068 22.447945807426233
1.0156543576046018 2350.4229774151527 0.04 1.3204914458988062 3256.477702826356 0.016666666666666666 t_multiswap_k 100 1510.4811508655548 7.307111979999999 16.497439943021206 20.40476186914901 16.095695499295907 31.718567876374713 10.831603743080068 23.25346634935197
1.0156543576046018 2350.4229774151527 0.04 1.3204914458988062 3256.477702826356 0.016666666666666666 t_swap_r_k 100 1527.8235569000244 7.307111979999999 16.497439943021206 20.40476186914901 16.095695499295907 31.718567876374713 11.763287705649267 23.25346634935197
1.0156543576046018 2350.4229774151527 0.04 1.3659594573791574 3394.2569312585015 0.016666666666666666 t_swap_k 100 1541.9428315162659 7.307111979999999 16.497439943021206 21.33071425045752 16.095695499295907 31.718567876374713 11.763287705649267 23.25346634935197
1.0156543576046018 2350.4229774151527 0.04 1.3495267398675201 3331.835744013694 0.0 t_swap_r_k 100 1567.2949607372284 7.307111979999999 16.497439943021206 21.33071425045752 16.095695499295907 31.718567876374713 12.685654828592774 23.25346634935197
1.0156543576046018 2350.4229774151527 0.04 1.3432560503778546 3327.9852431502773 0.02 t_multiswap_k 100 1580.911027431488 7.307111979999999 16.497439943021206 21.33071425045752 16.095695499295907 31.718567876374713 12.685654828592774 24.02093168585845
1.0156543576046018 2350.4229774151527 0.04 1.4416236759522212 3501.249508125177 0.0 swap_t 100 1596.735162973404 7.307111979999999 16.497439943021206 21.33071425045752 16.095695499295907 32.42138219761097 12.685654828592774 24.02093168585845
1.0156543576046018 2350.4229774151527 0.04 1.4526122608103287 3578.3597062856093 0.0 swap_t 100 1603.0152673721313 7.307111979999999 16.497439943021206 21.33071425045752 16.095695499295907 33.107168375634856 12.685654828592774 24.02093168585845
1.0156543576046018 2350.4229774151527 0.04 1.4245714625819406 3559.2396628757574 0.0 move_t 100 1612.3806810379028 7.307111979999999 17.402465543590996 21.33071425045752 16.095695499295907 33.107168375634856 12.685654828592774 24.02093168585845
1.0156543576046018 2350.4229774151527 0.04 1.410341729021794 3516.12007952738 0.0 t_move_k 100 1628.4279997348785 8.304040860199999 17.402465543590996 21.33071425045752 16.095695499295907 33.107168375634856 12.685654828592774 24.02093168585845
1.0156543576046018 2350.4229774151527 0.04 1.3839943574053017 3436.2810803201223 0.0 f_swap_t 100 1641.0429651737213 8.304040860199999 17.402465543590996 21.33071425045752 17.084738544302947 33.107168375634856 12.685654828592774 24.02093168585845
1.0156543576046018 2350.4229774151527 0.04 1.406532725448574 3504.577864323173 0.0 t_swap_k 100 1665.8478841781616 8.304040860199999 17.402465543590996 22.207407107952942 17.084738544302947 33.107168375634856 12.685654828592774 24.02093168585845
1.0156543576046018 2350.4229774151527 0.04 1.3719158963140028 3399.6803802757404 0.0 t_multiswap_k 100 1684.7520830631256 8.304040860199999 17.402465543590996 22.207407107952942 17.084738544302947 33.107168375634856 12.685654828592774 24.900722368999865
1.0156543576046018 2350.4229774151527 0.04 1.4050176398598182 3487.809660808668 0.0 swap_t 100 1695.0409922599792 8.304040860199999 17.402465543590996 22.207407107952942 17.084738544302947 33.816096691878506 12.685654828592774 24.900722368999865
1.0156543576046018 2350.4229774151527 0.04 1.3758614742090596 3411.636449177825 0.0 swap_t 100 1715.1991691589355 8.304040860199999 17.402465543590996 22.207407107952942 17.084738544302947 34.47793572495972 12.685654828592774 24.900722368999865
1.0156543576046018 2350.4229774151527 0.04 1.3779122904119032 3417.850925353148 0.0 t_swap_k 100 1741.9104108810425 8.304040860199999 17.402465543590996 23.115333036873412 17.084738544302947 34.47793572495972 12.685654828592774 24.900722368999865
1.0156543576046018 2350.4229774151527 0.04 1.3687469748288015 3390.0777708152023 0.0 t_swap_r_k 100 1764.326627254486 8.304040860199999 17.402465543590996 23.115333036873412 17.084738544302947 34.47793572495972 13.598798280306847 24.900722368999865
1.0156543576046018 2350.4229774151527 0.04 1.3814351575760524 3448.6448103319094 0.0 move_t 100 1778.388878583908 8.304040860199999 18.368440888155085 23.115333036873412 17.084738544302947 34.47793572495972 13.598798280306847 24.900722368999865
1.0156543576046018 2350.4229774151527 0.04 1.3775888255349382 3397.56326940698 0.0 swap_t 100 1789.2535700798035 8.304040860199999 18.368440888155085 23.115333036873412 17.084738544302947 35.153156367710125 13.598798280306847 24.900722368999865
1.0156543576046018 2350.4229774151527 0.04 1.4256323840346286 3588.9849340288797 0.0 swap_t 100 1801.8696222305298 8.304040860199999 18.368440888155085 23.115333036873412 17.084738544302947 35.85162480403302 13.598798280306847 24.900722368999865
1.0156543576046018 2350.4229774151527 0.04 1.4354323833117681 3592.150916953033 0.0 t_multiswap_k 100 1811.6420722007751 8.304040860199999 18.368440888155085 23.115333036873412 17.084738544302947 35.85162480403302 13.598798280306847 25.911715145309866
1.0156543576046018 2350.4229774151527 0.04 1.4088635532118197 3511.640844215465 0.0 t_swap_k 100 1825.5806617736816 8.304040860199999 18.368440888155085 23.974179706504678 17.084738544302947 35.85162480403302 13.598798280306847 25.911715145309866
1.0156543576046018 2350.4229774151527 0.04 1.3966361941903243 3489.7401734545706 0.02 t_swap_k 100 1851.320740699768 8.304040860199999 18.368440888155085 24.854437909439632 17.084738544302947 35.85162480403302 13.598798280306847 25.911715145309866
1.0156543576046018 2350.4229774151527 0.04 1.4337933730811145 3600.958156199626 0.01818181818181818 t_swap_k 100 1867.2384951114655 8.304040860199999 18.368440888155085 25.795893530345236 17.084738544302947 35.85162480403302 13.598798280306847 25.911715145309866
1.0156543576046018 2350.4229774151527 0.04 1.4623789060340917 3687.5793332943153 0.01818181818181818 move_t 100 1886.6514954566956 8.304040860199999 19.324756479273535 25.795893530345236 17.084738544302947 35.85162480403302 13.598798280306847 25.911715145309866
1.0156543576046018 2350.4229774151527 0.04 1.4466218894783665 3639.831707815278 0.01818181818181818 t_swap_k 100 1904.3244829177856 8.304040860199999 19.324756479273535 26.627934595041783 17.084738544302947 35.85162480403302 13.598798280306847 25.911715145309866
1.0156543576046018 2350.4229774151527 0.04 1.437985336513299 3613.6608337194407 0.01818181818181818 swap_t 100 1922.1878035068512 8.304040860199999 19.324756479273535 26.627934595041783 17.084738544302947 36.49310855599269 13.598798280306847 25.911715145309866
1.0156543576046018 2350.4229774151527 0.04 1.4372688249959984 3611.4896280563325 0.01818181818181818 f_swap_t 100 1944.4085702896118 8.304040860199999 19.324756479273535 26.627934595041783 17.91389115885992 36.49310855599269 13.598798280306847 25.911715145309866
1.0156543576046018 2350.4229774151527 0.04 1.4342371161972567 3593.8539565368674 0.01818181818181818 move_t 100 1964.0364634990692 8.304040860199999 20.1615089144808 26.627934595041783 17.91389115885992 36.49310855599269 13.598798280306847 25.911715145309866
1.0156543576046018 2350.4229774151527 0.04 1.4365114241558263 3595.4206754074 0.0 t_swap_r_k 100 1990.291541337967 8.304040860199999 20.1615089144808 26.627934595041783 17.91389115885992 36.49310855599269 14.532810297503778 25.911715145309866
1.0156543576046018 2350.4229774151527 0.04 1.4365114241558263 3595.4206754074 0.0 move_t 100 2003.5637784004211 8.304040860199999 20.959893825335993 26.627934595041783 17.91389115885992 36.49310855599269 14.532810297503778 25.911715145309866
1.0156543576046018 2350.4229774151527 0.04 1.46095975185294 3688.0004371946325 0.01818181818181818 swap_t 100 2014.7646729946136 8.304040860199999 20.959893825335993 26.627934595041783 17.91389115885992 37.178177470432765 14.532810297503778 25.911715145309866
1.0156543576046018 2350.4229774151527 0.04 1.4713693480265007 3716.199962185355 0.02 swap_t 100 2031.7546706199646 8.304040860199999 20.959893825335993 26.627934595041783 17.91389115885992 37.84639569572844 14.532810297503778 25.911715145309866
1.0156543576046018 2350.4229774151527 0.04 1.4486254699669527 3647.28043241983 0.02 swap_t 100 2037.568587064743 8.304040860199999 20.959893825335993 26.627934595041783 17.91389115885992 38.467931738771156 14.532810297503778 25.911715145309866
1.0156543576046018 2350.4229774151527 0.04 1.453324074082809 3661.5183554939576 0.02 swap_t 100 2057.186055421829 8.304040860199999 20.959893825335993 26.627934595041783 17.91389115885992 39.09325242138345 14.532810297503778 25.911715145309866
1.0156543576046018 2350.4229774151527 0.04 1.4711160003316288 3715.4322565217904 0.02 t_swap_k 100 2079.8334016799927 8.304040860199999 20.959893825335993 27.551655249091365 17.91389115885992 39.09325242138345 14.532810297503778 25.911715145309866
1.0156543576046018 2350.4229774151527 0.04 1.4632350761874244 3691.5511231146256 0.02 t_move_k 100 2092.6004128456116 9.301000451597998 20.959893825335993 27.551655249091365 17.91389115885992 39.09325242138345 14.532810297503778 25.911715145309866
1.0156543576046018 2350.4229774151527 0.04 1.4529531988021611 3654.155772076004 0.011764705882352941 swap_t 100 2102.2411625385284 9.301000451597998 20.959893825335993 27.551655249091365 17.91389115885992 39.742319897169615 14.532810297503778 25.911715145309866
1.0156543576046018 2350.4229774151527 0.04 1.4499536177383225 3645.0663056326794 0.011764705882352941 move_t 100 2118.0575256347656 9.301000451597998 21.780294887082633 27.551655249091365 17.91389115885992 39.742319897169615 14.532810297503778 25.911715145309866
1.0156543576046018 2350.4229774151527 0.04 1.5087462508503182 3822.201767108354 0.011764705882352941 swap_t 100 2138.244591474533 9.301000451597998 21.780294887082633 27.551655249091365 17.91389115885992 40.39489669819792 14.532810297503778 25.911715145309866
1.0156543576046018 2350.4229774151527 0.04 1.5085726137982551 3762.7004846658597 0.011764705882352941 swap_t 100 2142.9732263088226 9.301000451597998 21.780294887082633 27.551655249091365 17.91389115885992 41.00094773121594 14.532810297503778 25.911715145309866
1.0156543576046018 2350.4229774151527 0.04 1.4778006372655965 3738.3620920832545 0.023529411764705882 t_swap_k 100 2154.2601239681244 9.301000451597998 21.780294887082633 28.36613869660045 17.91389115885992 41.00094773121594 14.532810297503778 25.911715145309866
1.0156543576046018 2350.4229774151527 0.04 1.5115616654473913 3816.5485354324387 0.0 move_t 100 2166.8037881851196 9.301000451597998 22.592491938211808 28.36613869660045 17.91389115885992 41.00094773121594 14.532810297503778 25.911715145309866
1.0156543576046018 2350.4229774151527 0.04 1.4786576005985619 3723.133928804342 0.0 t_swap_r_k 100 2186.494214773178 9.301000451597998 22.592491938211808 28.36613869660045 17.91389115885992 41.00094773121594 15.42748219452874 25.911715145309866
1.0156543576046018 2350.4229774151527 0.04 1.476264101981974 3715.8810408527893 0.0 swap_t 100 2194.288412332535 9.301000451597998 22.592491938211808 28.36613869660045 17.91389115885992 41.59093825390378 15.42748219452874 25.911715145309866
1.0156543576046018 2350.4229774151527 0.04 1.5109448296391381 3820.9721530984693 0.0 f_swap_t 100 2210.5913820266724 9.301000451597998 22.592491938211808 28.36613869660045 18.78475224727132 41.59093825390378 15.42748219452874 25.911715145309866
1.0156543576046018 2350.4229774151527 0.04 1.474911810405319 3711.783265648186 0.0 t_multiswap_k 100 2223.2481393814087 9.301000451597998 22.592491938211808 28.36613869660045 18.78475224727132 41.59093825390378 15.42748219452874 26.76259799385677
1.0156543576046018 2350.4229774151527 0.04 1.4564144984869583 3668.6322892915396 0.0 move_t 100 2235.5131974220276 9.301000451597998 23.49656701882969 28.36613869660045 18.78475224727132 41.59093825390378 15.42748219452874 26.76259799385677
1.0156543576046018 2350.4229774151527 0.04 1.460253010546833 3667.363506162635 0.0 f_swap_t 100 2253.2806560993195 9.301000451597998 23.49656701882969 28.36613869660045 19.696904724798607 41.59093825390378 15.42748219452874 26.76259799385677
1.0156543576046018 2350.4229774151527 0.04 1.4407822692707573 3608.362383776209 0.0 swap_t 100 2259.9629039764404 9.301000451597998 23.49656701882969 28.36613869660045 19.696904724798607 42.175028871364745 15.42748219452874 26.76259799385677
1.0156543576046018 2350.4229774151527 0.04 1.4307698946434824 3578.0224325444365 0.0 move_t 100 2275.049165725708 9.301000451597998 24.351601348641392 28.36613869660045 19.696904724798607 42.175028871364745 15.42748219452874 26.76259799385677
1.0156543576046018 2350.4229774151527 0.04 1.4095528874355754 3513.729696012337 0.0 t_multiswap_k 100 2282.9166626930237 9.301000451597998 24.351601348641392 28.36613869660045 19.696904724798607 42.175028871364745 15.42748219452874 27.554972013918203
1.0156543576046018 2350.4229774151527 0.04 1.4962810706351797 3776.537366185621 0.0 swap_t 100 2292.214047193527 9.301000451597998 24.351601348641392 28.36613869660045 19.696904724798607 42.7932785826511 15.42748219452874 27.554972013918203
1.0156543576046018 2350.4229774151527 0.04 1.4774448083286855 3744.777213333425 0.0 move_t 100 2307.3645079135895 9.301000451597998 25.15808533515498 28.36613869660045 19.696904724798607 42.7932785826511 15.42748219452874 27.554972013918203
1.0156543576046018 2350.4229774151527 0.04 1.4631193494882833 3676.0492162898245 0.0 f_swap_t 100 2332.688079595566 9.301000451597998 25.15808533515498 28.36613869660045 20.53993567755062 42.7932785826511 15.42748219452874 27.554972013918203
1.0156543576046018 2350.4229774151527 0.04 1.4621556690635242 3673.1290282047166 0.0 t_multiswap_k 100 2338.2423470020294 9.301000451597998 25.15808533515498 28.36613869660045 20.53993567755062 42.7932785826511 15.42748219452874 28.539422293779023
1.0156543576046018 2350.4229774151527 0.04 1.4957583307569204 3774.953336122455 0.0 f_swap_t 100 2366.6669113636017 9.301000451597998 25.15808533515498 28.36613869660045 21.544536320775112 42.7932785826511 15.42748219452874 28.539422293779023
1.0156543576046018 2350.4229774151527 0.04 1.4234236502715019 3555.761510008098 0.0 t_multiswap_k 100 2391.3232157230377 9.301000451597998 25.15808533515498 28.36613869660045 21.544536320775112 42.7932785826511 15.42748219452874 29.46402807084123
1.0156543576046018 2350.4229774151527 0.04 1.4107688999926096 3517.4145123572166 0.0 t_swap_r_k 100 2415.145252943039 9.301000451597998 25.15808533515498 28.36613869660045 21.544536320775112 42.7932785826511 16.313207372583452 29.46402807084123
1.0156543576046018 2350.4229774151527 0.04 1.4548430340397678 3672.45842677973 0.0 swap_t 100 2427.170684337616 9.301000451597998 25.15808533515498 28.36613869660045 21.544536320775112 43.405345796824584 16.313207372583452 29.46402807084123
1.0156543576046018 2350.4229774151527 0.04 1.4319340845465216 3581.550213535223 0.0 f_swap_t 100 2442.301654100418 9.301000451597998 25.15808533515498 28.36613869660045 22.35909095756736 43.405345796824584 16.313207372583452 29.46402807084123
1.0156543576046018 2350.4229774151527 0.04 1.4130455367941568 3524.31328034211 0.0 t_multiswap_k 100 2456.0589430332184 9.301000451597998 25.15808533515498 28.36613869660045 22.35909095756736 43.405345796824584 16.313207372583452 30.22938779013282
1.0156543576046018 2350.4229774151527 0.04 1.425864786223098 3563.158750770523 0.0 t_swap_k 100 2473.2604405879974 9.301000451597998 25.15808533515498 29.242477309634445 22.35909095756736 43.405345796824584 16.313207372583452 30.22938779013282
1.0156543576046018 2350.4229774151527 0.04 1.4015072622705396 3489.349478109649 0.0 t_swap_k 100 2484.8874881267548 9.301000451597998 25.15808533515498 30.0500525365381 22.35909095756736 43.405345796824584 16.313207372583452 30.22938779013282
1.0156543576046018 2350.4229774151527 0.04 1.4160362983335286 3533.3760214628046 0.0 t_swap_k 100 2496.5889081954956 9.301000451597998 25.15808533515498 30.87955201117272 22.35909095756736 43.405345796824584 16.313207372583452 30.22938779013282
1.0156543576046018 2350.4229774151527 0.04 1.4097075654281306 3514.19840827346 0.0 t_multiswap_k 100 2505.7685310840607 9.301000451597998 25.15808533515498 30.87955201117272 22.35909095756736 43.405345796824584 16.313207372583452 30.95709391223149
1.0156543576046018 2350.4229774151527 0.04 1.3991010939717554 3482.058197913073 0.0 t_multiswap_k 100 2521.4994790554047 9.301000451597998 25.15808533515498 30.87955201117272 22.35909095756736 43.405345796824584 16.313207372583452 31.777522973109175
1.0156543576046018 2350.4229774151527 0.04 1.394168578579862 3467.1114662923505 0.0 swap_t 100 2531.2599556446075 9.301000451597998 25.15808533515498 30.87955201117272 22.35909095756736 43.97129233885634 16.313207372583452 31.777522973109175
1.0156543576046018 2350.4229774151527 0.04 1.454518262348653 3729.3229412645674 0.0 swap_t 100 2542.3192188739777 9.301000451597998 25.15808533515498 30.87955201117272 22.35909095756736 44.601579415467775 16.313207372583452 31.777522973109175
1.0156543576046018 2350.4229774151527 0.04 1.4548658482994785 3651.0390830415577 0.0 t_multiswap_k 100 2560.992882490158 9.301000451597998 25.15808533515498 30.87955201117272 22.35909095756736 44.601579415467775 16.313207372583452 32.73974774337808
1.0156543576046018 2350.4229774151527 0.04 1.4202562984555618 3546.1636570304727 0.0 f_swap_t 100 2570.467031955719 9.301000451597998 25.15808533515498 30.87955201117272 23.135500047991687 44.601579415467775 16.313207372583452 32.73974774337808
1.0156543576046018 2350.4229774151527 0.04 1.4563901346081871 3655.6580444758906 0.0 t_swap_k 100 2589.2416021823883 9.301000451597998 25.15808533515498 31.720756491060992 23.135500047991687 44.601579415467775 16.313207372583452 32.73974774337808
1.0156543576046018 2350.4229774151527 0.04 1.4964243450880117 3776.9715229240082 0.0 t_swap_k 100 2608.00834774971 9.301000451597998 25.15808533515498 32.59354892615038 23.135500047991687 44.601579415467775 16.313207372583452 32.73974774337808
1.0156543576046018 2350.4229774151527 0.04 1.471725739076314 3702.1286879539366 0.0 t_multiswap_k 100 2618.003252029419 9.301000451597998 25.15808533515498 32.59354892615038 23.135500047991687 44.601579415467775 16.313207372583452 33.8123502659443
1.0156543576046018 2350.4229774151527 0.04 1.4476501040380207 3629.1736078527656 0.0 t_swap_r_k 100 2647.402381658554 9.301000451597998 25.15808533515498 32.59354892615038 23.135500047991687 44.601579415467775 17.190075298857618 33.8123502659443
1.0156543576046018 2350.4229774151527 0.04 1.4631718203369384 3676.208215832745 0.0 move_t 100 2659.3977615833282 9.301000451597998 26.00650448180343 32.59354892615038 23.135500047991687 44.601579415467775 17.190075298857618 33.8123502659443
1.0156543576046018 2350.4229774151527 0.04 1.4458534124991629 3623.7291917480193 0.0 t_swap_r_k 100 2688.719261407852 9.301000451597998 26.00650448180343 32.59354892615038 23.135500047991687 44.601579415467775 18.058174545869043 33.8123502659443
1.0156543576046018 2350.4229774151527 0.04 1.449504849519716 3634.793941645379 0.0 t_multiswap_k 100 2697.040811777115 9.301000451597998 26.00650448180343 32.59354892615038 23.135500047991687 44.601579415467775 18.058174545869043 34.63422676328486
1.0156543576046018 2350.4229774151527 0.04 1.429951365865459 3575.5420895557336 0.0 swap_t 100 2705.530564069748 9.301000451597998 26.00650448180343 32.59354892615038 23.135500047991687 45.1555636213131 18.058174545869043 34.63422676328486
1.0156543576046018 2350.4229774151527 0.04 1.3813516992575567 3428.2731778684492 0.0 t_multiswap_k 100 2718.830089330673 9.301000451597998 26.00650448180343 32.59354892615038 23.135500047991687 45.1555636213131 18.058174545869043 35.587884495652006
1.0156543576046018 2350.4229774151527 0.04 1.3689713744340404 3390.7577566659943 0.0 t_move_k 100 2734.6579928398132 10.337990447082019 26.00650448180343 32.59354892615038 23.135500047991687 45.1555636213131 18.058174545869043 35.587884495652006
1.0156543576046018 2350.4229774151527 0.04 1.366804627101284 3384.1919807282543 0.0 t_move_k 100 2748.1352891921997 11.3746105426112 26.00650448180343 32.59354892615038 23.135500047991687 45.1555636213131 18.058174545869043 35.587884495652006
1.0156543576046018 2350.4229774151527 0.04 1.355572258685601 3345.936348353037 0.0 swap_t 100 2757.484644651413 11.3746105426112 26.00650448180343 32.59354892615038 23.135500047991687 45.71400798509997 18.058174545869043 35.587884495652006
1.0156543576046018 2350.4229774151527 0.04 1.3569057142692706 3354.1958465691596 0.0 f_swap_t 100 2776.5681138038635 11.3746105426112 26.00650448180343 32.59354892615038 23.92414504751177 45.71400798509997 18.058174545869043 35.587884495652006
1.0156543576046018 2350.4229774151527 0.04 1.3464568766601372 3322.5333054346893 0.0 t_swap_k 100 2788.2284820079803 11.3746105426112 26.00650448180343 33.29761343688888 23.92414504751177 45.71400798509997 18.058174545869043 35.587884495652006
1.0156543576046018 2350.4229774151527 0.04 1.3500324136393997 3342.2805457867735 0.011764705882352941 move_t 100 2808.0373220443726 11.3746105426112 26.786439436985393 33.29761343688888 23.92414504751177 45.71400798509997 18.058174545869043 35.587884495652006
1.0156543576046018 2350.4229774151527 0.04 1.354955344323847 3357.198233392733 0.011764705882352941 t_move_k 100 2823.0407209396362 12.410864437185086 26.786439436985393 33.29761343688888 23.92414504751177 45.71400798509997 18.058174545869043 35.587884495652006
1.0156543576046018 2350.4229774151527 0.04 1.3380416100186046 3305.9454693810576 0.011764705882352941 swap_t 100 2827.644614458084 12.410864437185086 26.786439436985393 33.29761343688888 23.92414504751177 46.25686790524897 18.058174545869043 35.587884495652006
1.0156543576046018 2350.4229774151527 0.04 1.336623184671644 3301.647292629315 0.011764705882352941 move_t 100 2838.7944610118866 12.410864437185086 27.54857504261554 33.29761343688888 23.92414504751177 46.25686790524897 18.058174545869043 35.587884495652006
1.0156543576046018 2350.4229774151527 0.04 1.3318502263280871 3316.052499963002 0.011764705882352941 move_t 100 2853.3069417476654 12.410864437185086 28.333089292189385 33.29761343688888 23.92414504751177 46.25686790524897 18.058174545869043 35.587884495652006
1.0156543576046018 2350.4229774151527 0.04 1.3238363269223354 3262.8999769361126 0.011764705882352941 swap_t 100 2862.5406651496887 12.410864437185086 28.333089292189385 33.29761343688888 23.92414504751177 46.79429922619648 18.058174545869043 35.587884495652006
1.0156543576046018 2350.4229774151527 0.04 1.3294559999339437 3271.7737090158193 0.011764705882352941 swap_t 100 2869.6753911972046 12.410864437185086 28.333089292189385 33.29761343688888 23.92414504751177 47.33635623393452 18.058174545869043 35.587884495652006
1.0156543576046018 2350.4229774151527 0.04 1.3229832894881142 3260.3150642538953 0.011764705882352941 swap_t 100 2884.3448283672333 12.410864437185086 28.333089292189385 33.29761343688888 23.92414504751177 47.86299267159517 18.058174545869043 35.587884495652006
1.0156543576046018 2350.4229774151527 0.04 1.3229832894881142 3260.3150642538953 0.011764705882352941 move_t 100 2893.0287053585052 12.410864437185086 29.049758399267493 33.29761343688888 23.92414504751177 47.86299267159517 18.058174545869043 35.587884495652006
1.0156543576046018 2350.4229774151527 0.04 1.3221740936501887 3257.863002363129 0.011764705882352941 t_multiswap_k 100 2909.000420331955 12.410864437185086 29.049758399267493 33.29761343688888 23.92414504751177 47.86299267159517 18.058174545869043 36.262005650695485
1.0156543576046018 2350.4229774151527 0.04 1.315634344185071 3238.0459572338777 0.011764705882352941 t_swap_r_k 100 2941.2239644527435 12.410864437185086 29.049758399267493 33.29761343688888 23.92414504751177 47.86299267159517 18.917592800410354 36.262005650695485
1.0156543576046018 2350.4229774151527 0.04 1.3128374637939393 3235.809463891942 0.02 t_swap_k 100 2955.68209028244 12.410864437185086 29.049758399267493 33.96463730251999 23.92414504751177 47.86299267159517 18.917592800410354 36.262005650695485
1.0156543576046018 2350.4229774151527 0.04 1.3128374637939393 3235.809463891942 0.02 move_t 100 2966.7955062389374 12.410864437185086 29.759260815274818 33.96463730251999 23.92414504751177 47.86299267159517 18.917592800410354 36.262005650695485
1.0156543576046018 2350.4229774151527 0.04 1.3128374637939393 3235.809463891942 0.02 f_swap_t 100 2984.084805250168 12.410864437185086 29.759260815274818 33.96463730251999 24.684903597036655 47.86299267159517 18.917592800410354 36.262005650695485
1.0156543576046018 2350.4229774151527 0.04 1.3128374637939393 3235.809463891942 0.02 t_move_k 100 2999.636164188385 13.286755792813235 29.759260815274818 33.96463730251999 24.684903597036655 47.86299267159517 18.917592800410354 36.262005650695485
1.0156543576046018 2350.4229774151527 0.04 1.3794572403929575 3291.9536291615473 0.02 swap_t 100 3007.049149274826 13.286755792813235 29.759260815274818 33.96463730251999 24.684903597036655 48.394362744879224 18.917592800410354 36.262005650695485
1.0156543576046018 2350.4229774151527 0.04 1.3512869140037447 3349.795525545275 0.016666666666666666 f_swap_t 100 3032.0919568538666 13.286755792813235 29.759260815274818 33.96463730251999 25.438054561066288 48.394362744879224 18.917592800410354 36.262005650695485
1.0156543576046018 2350.4229774151527 0.04 1.3920109872543005 3469.4859215011365 0.011764705882352941 f_swap_t 100 3051.1739654541016 13.286755792813235 29.759260815274818 33.96463730251999 26.293674015455625 48.394362744879224 18.917592800410354 36.262005650695485
1.0156543576046018 2350.4229774151527 0.04 1.3622762044631709 3379.3822354771787 0.011764705882352941 t_multiswap_k 100 3066.519992351532 13.286755792813235 29.759260815274818 33.96463730251999 26.293674015455625 48.394362744879224 18.917592800410354 36.95938559418853
1.0156543576046018 2350.4229774151527 0.04 1.3523526312819318 3355.5501147496416 0.02 f_swap_t 100 3085.7478787899017 13.286755792813235 29.759260815274818 33.96463730251999 27.030737275301068 48.394362744879224 18.917592800410354 36.95938559418853
1.0156543576046018 2350.4229774151527 0.04 1.3523526312819318 3355.5501147496416 0.02 swap_t 100 3097.828578233719 13.286755792813235 29.759260815274818 33.96463730251999 27.030737275301068 48.91041911743043 18.917592800410354 36.95938559418853
1.0156543576046018 2350.4229774151527 0.04 1.3479222548281222 3342.1249872897884 0.02 t_swap_k 100 3115.038513660431 13.286755792813235 29.759260815274818 34.74499092949479 27.030737275301068 48.91041911743043 18.917592800410354 36.95938559418853
1.0156543576046018 2350.4229774151527 0.04 1.3500403900772073 3333.392230151323 0.0 t_multiswap_k 100 3127.258006334305 13.286755792813235 29.759260815274818 34.74499092949479 27.030737275301068 48.91041911743043 18.917592800410354 37.669791738246644
1.0156543576046018 2350.4229774151527 0.04 1.3418096313438022 3315.508774425956 0.0 swap_t 100 3138.0616829395294 13.286755792813235 29.759260815274818 34.74499092949479 27.030737275301068 49.481314926256125 18.917592800410354 37.669791738246644
1.0156543576046018 2350.4229774151527 0.04 1.3274847875379978 3278.8170637048943 0.01818181818181818 t_swap_k 100 3170.901089668274 13.286755792813235 29.759260815274818 35.547541020199844 27.030737275301068 49.481314926256125 18.917592800410354 37.669791738246644
1.0156543576046018 2350.4229774151527 0.04 1.3219725299306524 3262.113570956207 0.01818181818181818 move_t 100 3178.9884572029114 13.286755792813235 30.46166820712207 35.547541020199844 27.030737275301068 49.481314926256125 18.917592800410354 37.669791738246644
1.0156543576046018 2350.4229774151527 0.04 1.3160546013031234 3244.1807955021973 0.01818181818181818 t_multiswap_k 100 3195.616106271744 13.286755792813235 30.46166820712207 35.547541020199844 27.030737275301068 49.481314926256125 18.917592800410354 38.383093820864175
1.0156543576046018 2350.4229774151527 0.04 1.3162109755841296 3244.6546479334393 0.01818181818181818 t_swap_k 100 3215.6088309288025 13.286755792813235 30.46166820712207 36.26206560999785 27.030737275301068 49.481314926256125 18.917592800410354 38.383093820864175
1.0156543576046018 2350.4229774151527 0.04 1.3381566779800589 3322.733438675507 0.01818181818181818 move_t 100 3231.636757850647 13.286755792813235 31.28705152505085 36.26206560999785 27.030737275301068 49.481314926256125 18.917592800410354 38.383093820864175
1.0156543576046018 2350.4229774151527 0.04 1.3924182789182153 3461.8076289558326 0.0 swap_t 100 3247.2933609485626 13.286755792813235 31.28705152505085 36.26206560999785 27.030737275301068 50.02650177699356 18.917592800410354 38.383093820864175
1.0156543576046018 2350.4229774151527 0.04 1.3744304227889421 3421.07385463421 0.01818181818181818 t_swap_r_k 100 3263.3546476364136 13.286755792813235 31.28705152505085 36.26206560999785 27.030737275301068 50.02650177699356 19.76841687240625 38.383093820864175
1.0156543576046018 2350.4229774151527 0.04 1.3841762397375914 3450.606070711134 0.01818181818181818 move_t 100 3272.8376541137695 13.286755792813235 32.10418100980034 36.26206560999785 27.030737275301068 50.02650177699356 19.76841687240625 38.383093820864175
1.0156543576046018 2350.4229774151527 0.04 1.335912973313976 3290.582691796682 0.0 t_move_k 100 3277.5212094783783 14.423888234885103 32.10418100980034 36.26206560999785 27.030737275301068 50.02650177699356 19.76841687240625 38.383093820864175
1.0156543576046018 2350.4229774151527 0.04 1.349693965792148 3332.342479587099 0.0 move_t 100 3280.6902334690094 14.423888234885103 32.82313919970234 36.26206560999785 27.030737275301068 50.02650177699356 19.76841687240625 38.383093820864175
1.0156543576046018 2350.4229774151527 0.04 1.3373136281507676 3308.6008618504356 0.01818181818181818 move_t 100 3288.6959898471832 14.423888234885103 33.62490780770531 36.26206560999785 27.030737275301068 50.02650177699356 19.76841687240625 38.383093820864175
1.0156543576046018 2350.4229774151527 0.04 1.3373136281507676 3308.6008618504356 0.01818181818181818 swap_t 100 3295.286561489105 14.423888234885103 33.62490780770531 36.26206560999785 27.030737275301068 50.52623675922363 19.76841687240625 38.383093820864175
1.0156543576046018 2350.4229774151527 0.04 1.3471906974689603 3338.530804804275 0.01818181818181818 t_multiswap_k 100 3303.172623872757 14.423888234885103 33.62490780770531 36.26206560999785 27.030737275301068 50.52623675922363 19.76841687240625 39.15926288265553
1.0156543576046018 2350.4229774151527 0.04 1.3278328823782906 3266.0980341542113 0.0 swap_t 100 3307.47331738472 14.423888234885103 33.62490780770531 36.26206560999785 27.030737275301068 51.05097439163139 19.76841687240625 39.15926288265553
1.0156543576046018 2350.4229774151527 0.04 1.323411087346366 3266.47275281482 0.01818181818181818 swap_t 100 3319.8324587345123 14.423888234885103 33.62490780770531 36.26206560999785 27.030737275301068 51.57046464771508 19.76841687240625 39.15926288265553
1.0156543576046018 2350.4229774151527 0.04 1.3201630585609525 3256.6304288290207 0.01818181818181818 swap_t 100 3333.1032288074493 14.423888234885103 33.62490780770531 36.26206560999785 27.030737275301068 52.084760001237925 19.76841687240625 39.15926288265553
1.0156543576046018 2350.4229774151527 0.04 1.3115298043153045 3230.469550662225 0.01818181818181818 f_swap_t 100 3350.1499161720276 14.423888234885103 33.62490780770531 36.26206560999785 27.850429902548058 52.084760001237925 19.76841687240625 39.15926288265553
1.0156543576046018 2350.4229774151527 0.04 1.3099799697810859 3227.1505560681303 0.02 t_swap_r_k 100 3377.8541581630707 14.423888234885103 33.62490780770531 36.26206560999785 27.850429902548058 52.084760001237925 20.640732703682186 39.15926288265553
1.0156543576046018 2350.4229774151527 0.04 1.3070387933104977 3227.1505560681303 0.03176470588235294 swap_t 100 3388.6572806835175 14.423888234885103 33.62490780770531 36.26206560999785 27.850429902548058 52.563912401225544 20.640732703682186 39.15926288265553
1.0156543576046018 2350.4229774151527 0.04 1.3059886041407744 3223.9682252645325 0.03176470588235294 t_swap_k 100 3401.6980743408203 14.423888234885103 33.62490780770531 36.92944495389787 27.850429902548058 52.563912401225544 20.640732703682186 39.15926288265553
1.0156543576046018 2350.4229774151527 0.04 1.3591456620842939 3360.9834379247995 0.0 f_swap_t 100 3418.233550310135 14.423888234885103 33.62490780770531 36.92944495389787 28.651925603522578 52.563912401225544 20.640732703682186 39.15926288265553
1.0156543576046018 2350.4229774151527 0.04 1.5267736577035227 3884.088611602419 0.02 f_swap_t 100 3451.0831701755524 14.423888234885103 33.62490780770531 36.92944495389787 29.52540634748735 52.563912401225544 20.640732703682186 39.15926288265553
1.0156543576046018 2350.4229774151527 0.04 1.4822590473460429 3734.0471959113015 0.0 swap_t 100 3469.846399307251 14.423888234885103 33.62490780770531 36.92944495389787 29.52540634748735 53.038273277213285 20.640732703682186 39.15926288265553
1.0156543576046018 2350.4229774151527 0.04 1.4633528056638299 3685.669131968982 0.011764705882352941 t_move_k 100 3481.453187227249 15.339649352536252 33.62490780770531 36.92944495389787 29.52540634748735 53.038273277213285 20.640732703682186 39.15926288265553
1.0156543576046018 2350.4229774151527 0.04 1.5058168954589255 3805.4332546114338 0.0 swap_t 100 3489.5167515277863 15.339649352536252 33.62490780770531 36.92944495389787 29.52540634748735 53.52789054444115 20.640732703682186 39.15926288265553
1.0156543576046018 2350.4229774151527 0.04 1.450177561369577 3636.8324235717564 0.0 t_swap_k 100 3497.4411590099335 15.339649352536252 33.62490780770531 37.68015050435889 29.52540634748735 53.52789054444115 20.640732703682186 39.15926288265553
1.0156543576046018 2350.4229774151527 0.04 1.4309508253765042 3578.5706970491688 0.0 swap_t 100 3506.30468583107 15.339649352536252 33.62490780770531 37.68015050435889 29.52540634748735 54.022611638996736 20.640732703682186 39.15926288265553
1.0156543576046018 2350.4229774151527 0.04 1.4216751120913131 3550.463010392502 0.0 t_multiswap_k 100 3515.730434656143 15.339649352536252 33.62490780770531 37.68015050435889 29.52540634748735 54.022611638996736 20.640732703682186 39.82767025382898
1.0156543576046018 2350.4229774151527 0.04 1.4184959224986502 3549.7417722461987 0.011764705882352941 move_t 100 3530.092448234558 15.339649352536252 34.378658729628256 37.68015050435889 29.52540634748735 54.022611638996736 20.640732703682186 39.82767025382898
1.0156543576046018 2350.4229774151527 0.04 1.413358398222765 3534.1738134167535 0.011764705882352941 t_swap_r_k 100 3554.9033608436584 15.339649352536252 34.378658729628256 37.68015050435889 29.52540634748735 54.022611638996736 21.474325376645364 39.82767025382898
1.0156543576046018 2350.4229774151527 0.04 1.4124385776465493 3531.3865314318837 0.011764705882352941 swap_t 100 3564.7487332820892 15.339649352536252 34.378658729628256 37.68015050435889 29.52540634748735 54.48238552260677 21.474325376645364 39.82767025382898
1.0156543576046018 2350.4229774151527 0.04 1.4184582558537842 3540.715146873654 0.0 t_swap_k 100 3578.7326323986053 15.339649352536252 34.378658729628256 38.403348999315305 29.52540634748735 54.48238552260677 21.474325376645364 39.82767025382898
1.0156543576046018 2350.4229774151527 0.04 1.4115547378977693 3519.7957939818248 0.0 swap_t 100 3583.4856321811676 15.339649352536252 34.378658729628256 38.403348999315305 29.52540634748735 54.9675616673807 21.474325376645364 39.82767025382898
1.0156543576046018 2350.4229774151527 0.04 1.4295215212482413 3574.2395549214325 0.0 t_multiswap_k 100 3607.7356588840485 15.339649352536252 34.378658729628256 38.403348999315305 29.52540634748735 54.9675616673807 21.474325376645364 40.67939355129069