8

Similarity 1
0.391304347826087

Similarity combination matrix:
0.391304347826087 0.4782608695652174 0.34782608695652173 0.30434782608695654 0.43478260869565216
0.25 0.23333333333333334 0.4166666666666667 0.35 0.3333333333333333
0.3142857142857143 0.37142857142857144 0.42857142857142855 0.2857142857142857 0.4
0.3684210526315789 0.15789473684210525 0.34210526315789475 0.4473684210526316 0.4473684210526316
0.5555555555555556 1.0 0.0 0.2222222222222222 0.4444444444444444

Similarity combination pairings:
(np.int64(0), np.int64(0)) (np.int64(1), np.int64(2)) (np.int64(2), np.int64(4)) (np.int64(3), np.int64(3)) (np.int64(4), np.int64(1))
0.391304347826087 0.4166666666666667 0.4 0.4473684210526316 1.0

Similarity 2
0.03636363636363636

Similarity combination matrix:
0.06857142857142857 0.08341991341991342 0.053030303030303025 0.08 0.0
0.032467532467532464 0.01111111111111111 0.03636363636363636 0.0 0.0
0.02222222222222222 0.0 0.016666666666666666 0.0 0.03888888888888888
0.0696969696969697 0.0 0.0 0.016666666666666666 0.0
0.0 0.03636363636363636 0.0 0.0 0.0

Similarity combination pairings:
(np.int64(0), np.int64(3)) (np.int64(1), np.int64(2)) (np.int64(2), np.int64(4)) (np.int64(3), np.int64(0)) (np.int64(4), np.int64(1))
0.08 0.03636363636363636 0.03888888888888888 0.0696969696969697 0.03636363636363636

Similarity 3
0.04

Similarity combination matrix:
0.07777777777777777 0.13595959595959597 0.05818181818181818 0.11111111111111112 0.0
0.03538461538461539 0.011764705882352941 0.04 0.0 0.0
0.025 0.0 0.03636363636363636 0.0 0.04318181818181818
0.11636363636363636 0.0 0.0 0.01818181818181818 0.0
0.0 0.04 0.0 0.0 0.0

Similarity combination pairings:
(np.int64(0), np.int64(3)) (np.int64(1), np.int64(2)) (np.int64(2), np.int64(4)) (np.int64(3), np.int64(0)) (np.int64(4), np.int64(1))
0.11111111111111112 0.04 0.04318181818181818 0.11636363636363636 0.04
