8
5 100 5 200

Solution history:
B_obj   B_dis   B_sim   C_obj   C_dis   C_sim   neighbor   iterations   time   scores
1.0260757024397038 2351.6997556245824 0.0 1.0260757024397038 2351.6997556245824 0.0 0 0 0 3.0 3.0 3.0 3.0 3.0 3.0 3.0
1.0229507024397038 2351.6997556245824 0.0125 1.0229507024397038 2351.6997556245824 0.0125 t_swap_r_k 50 4.718015432357788 3.0 3.0 3.0 3.0 3.0 4.12 3.0
1.0214876909379353 2350.422977415153 0.016666666666666666 1.0214876909379353 2350.422977415153 0.016666666666666666 move_t 100 16.499770164489746 3.0 3.9699999999999998 3.0 3.0 3.0 4.12 3.0
1.0214876909379351 2350.4229774151527 0.016666666666666666 1.0214876909379351 2350.4229774151527 0.016666666666666666 t_swap_k 100 29.605149507522583 3.0 3.9699999999999998 3.9699999999999998 3.0 3.0 4.12 3.0
1.0214876909379351 2350.4229774151527 0.016666666666666666 1.0214876909379351 2350.4229774151527 0.016666666666666666 move_t 100 44.37674522399902 3.0 4.9303 3.9699999999999998 3.0 3.0 4.12 3.0
1.0165634485136927 2350.4229774151527 0.03636363636363636 1.0165634485136927 2350.4229774151527 0.03636363636363636 t_swap_r_k 81 51.4179573059082 3.0 4.9303 3.9699999999999998 3.0 3.0 5.192592592592593 3.0
1.0165634485136927 2350.4229774151527 0.03636363636363636 1.0165634485136927 2350.4229774151527 0.03636363636363636 t_multiswap_k 100 56.778241872787476 3.0 4.9303 3.9699999999999998 3.0 3.0 5.192592592592593 3.9699999999999998
1.0165634485136927 2350.4229774151527 0.03636363636363636 1.0165634485136927 2350.4229774151527 0.03636363636363636 t_multiswap_k 100 60.48301720619202 3.0 4.9303 3.9699999999999998 3.0 3.0 5.192592592592593 4.9303
1.0165634485136927 2350.4229774151527 0.03636363636363636 1.0165634485136927 2350.4229774151527 0.03636363636363636 move_t 100 79.06928992271423 3.0 5.880997 3.9699999999999998 3.0 3.0 5.192592592592593 4.9303
1.0165634485136927 2350.4229774151527 0.03636363636363636 1.0165634485136927 2350.4229774151527 0.03636363636363636 t_swap_r_k 100 93.09624671936035 3.0 5.880997 3.9699999999999998 3.0 3.0 6.180666666666667 4.9303
1.0165634485136927 2350.4229774151527 0.03636363636363636 1.0165634485136927 2350.4229774151527 0.03636363636363636 t_multiswap_k 100 106.55555295944214 3.0 5.880997 3.9699999999999998 3.0 3.0 6.180666666666667 5.880997
1.0165634485136927 2350.4229774151527 0.03636363636363636 1.0425145982595727 2429.0613271582365 0.03636363636363636 t_move_k 100 119.73153448104858 4.01 5.880997 3.9699999999999998 3.0 3.0 6.180666666666667 5.880997
1.0165634485136927 2350.4229774151527 0.03636363636363636 1.0403412871656685 2422.475661414078 0.03636363636363636 t_swap_r_k 100 131.2871732711792 4.01 5.880997 3.9699999999999998 3.0 3.0 7.158860000000001 5.880997
1.0165634485136927 2350.4229774151527 0.03636363636363636 1.0525859993778206 2459.5801431373006 0.03636363636363636 t_move_k 100 143.43163514137268 4.9799 5.880997 3.9699999999999998 3.0 3.0 7.158860000000001 5.880997
1.0165634485136927 2350.4229774151527 0.03636363636363636 1.0525859993778206 2459.5801431373006 0.03636363636363636 t_swap_r_k 100 157.753098487854 4.9799 5.880997 3.9699999999999998 3.0 3.0 8.127271400000001 5.880997
1.0165634485136927 2350.4229774151527 0.03636363636363636 1.0525859993778206 2459.5801431373006 0.03636363636363636 move_t 100 175.1934690475464 4.9799 6.82218703 3.9699999999999998 3.0 3.0 8.127271400000001 5.880997
1.0165634485136927 2350.4229774151527 0.03636363636363636 1.051963670620408 2457.694334340396 0.03636363636363636 t_swap_k 100 192.89374828338623 4.9799 6.82218703 4.9603 3.0 3.0 8.127271400000001 5.880997
1.0165634485136927 2350.4229774151527 0.03636363636363636 1.0980078540728302 2586.5065167262037 0.02222222222222222 t_swap_k 100 204.27235770225525 4.9799 6.82218703 5.940697 3.0 3.0 8.127271400000001 5.880997
1.0165634485136927 2350.4229774151527 0.03636363636363636 1.086785959768166 2552.501424167628 0.02222222222222222 t_multiswap_k 100 213.39781880378723 4.9799 6.82218703 5.940697 3.0 3.0 8.127271400000001 6.85218703
1.0165634485136927 2350.4229774151527 0.03636363636363636 1.0788955795474626 2528.591636529025 0.02222222222222222 move_t 100 230.6116964817047 4.9799 7.7839651597 5.940697 3.0 3.0 8.127271400000001 6.85218703
1.0165634485136927 2350.4229774151527 0.03636363636363636 1.073969914332946 2513.665662626154 0.02222222222222222 t_multiswap_k 100 244.53546595573425 4.9799 7.7839651597 5.940697 3.0 3.0 8.127271400000001 7.7836651597
1.0165634485136927 2350.4229774151527 0.03636363636363636 1.073969914332946 2513.665662626154 0.02222222222222222 t_multiswap_k 100 250.63996744155884 4.9799 7.7839651597 5.940697 3.0 3.0 8.127271400000001 8.705828508103
1.0165634485136927 2350.4229774151527 0.03636363636363636 1.073969914332946 2513.665662626154 0.02222222222222222 t_multiswap_k 100 259.7694914340973 4.9799 7.7839651597 5.940697 3.0 3.0 8.127271400000001 9.61877022302197
1.0165634485136927 2350.4229774151527 0.03636363636363636 1.073969914332946 2513.665662626154 0.02222222222222222 t_multiswap_k 100 266.41223073005676 4.9799 7.7839651597 5.940697 3.0 3.0 8.127271400000001 10.522582520791751
1.0165634485136927 2350.4229774151527 0.03636363636363636 1.073969914332946 2513.665662626154 0.02222222222222222 t_swap_r_k 100 281.4347152709961 4.9799 7.7839651597 5.940697 3.0 3.0 9.085998686000002 10.522582520791751
1.0165634485136927 2350.4229774151527 0.03636363636363636 1.1270728001186763 2657.745736942861 0.0 move_t 100 294.5169503688812 4.9799 8.776125508103 5.940697 3.0 3.0 9.085998686000002 10.522582520791751
1.0165634485136927 2350.4229774151527 0.03636363636363636 1.094100431041283 2585.379054881279 0.03636363636363636 t_swap_r_k 100 313.3855381011963 4.9799 8.776125508103 5.940697 3.0 3.0 10.065138699140002 10.522582520791751
1.0165634485136927 2350.4229774151527 0.03636363636363636 1.0880982475487415 2567.1909665179273 0.03636363636363636 t_multiswap_k 100 318.7304573059082 4.9799 8.776125508103 5.940697 3.0 3.0 10.065138699140002 11.447356695583833
1.0165634485136927 2350.4229774151527 0.03636363636363636 1.0838694218834148 2554.376587389107 0.03636363636363636 swap_t 100 334.1730480194092 4.9799 8.776125508103 5.940697 3.0 3.9699999999999998 10.065138699140002 11.447356695583833
1.0165634485136927 2350.4229774151527 0.03636363636363636 1.1258371072593278 2681.54896906837 0.03636363636363636 swap_t 100 343.53211760520935 4.9799 8.776125508103 5.940697 3.0 4.9703 10.065138699140002 11.447356695583833
1.0165634485136927 2350.4229774151527 0.03636363636363636 1.110374929789283 2634.6947783451997 0.03636363636363636 t_swap_r_k 100 360.11454010009766 4.9799 8.776125508103 5.940697 3.0 4.9703 11.004487312148601 11.447356695583833
1.0165634485136927 2350.4229774151527 0.03636363636363636 1.1067125513788807 2623.5968733525906 0.03636363636363636 t_swap_k 100 376.1618514060974 4.9799 8.776125508103 6.91129003 3.0 4.9703 11.004487312148601 11.447356695583833
1.0165634485136927 2350.4229774151527 0.03636363636363636 1.100851267159508 2605.8357443505965 0.03636363636363636 t_multiswap_k 100 383.26109290122986 4.9799 8.776125508103 6.91129003 3.0 4.9703 11.004487312148601 12.332883128627994
1.0165634485136927 2350.4229774151527 0.03636363636363636 1.100851267159508 2605.8357443505965 0.03636363636363636 t_multiswap_k 100 387.83540415763855 4.9799 8.776125508103 6.91129003 3.0 4.9703 11.004487312148601 13.209554297341715
1.0165634485136927 2350.4229774151527 0.03636363636363636 1.100851267159508 2605.8357443505965 0.03636363636363636 swap_t 100 403.8064615726471 4.9799 8.776125508103 6.91129003 3.0 5.920597 11.004487312148601 13.209554297341715
1.0165634485136927 2350.4229774151527 0.03636363636363636 1.1099421762504171 2605.8357443505965 0.0 t_swap_r_k 100 422.6687386035919 4.9799 8.776125508103 6.91129003 3.0 5.920597 11.934442439027116 13.209554297341715
1.0165634485136927 2350.4229774151527 0.03636363636363636 1.177021031783702 2772.9246836666666 0.016666666666666666 move_t 100 441.0063397884369 4.9799 9.70836425302197 6.91129003 3.0 5.920597 11.934442439027116 13.209554297341715
1.0165634485136927 2350.4229774151527 0.03636363636363636 1.1476974460893288 2734.017315922457 0.01818181818181818 t_swap_r_k 100 459.196186542511 4.9799 9.70836425302197 6.91129003 3.0 5.920597 12.885098014636844 13.209554297341715
1.0165634485136927 2350.4229774151527 0.03636363636363636 1.1427855871055757 2719.1331782855723 0.01818181818181818 swap_t 100 477.474280834198 4.9799 9.70836425302197 6.91129003 3.0 6.86139103 12.885098014636844 13.209554297341715
1.0165634485136927 2350.4229774151527 0.03636363636363636 1.2157505537097748 2941.3142665925525 0.01818181818181818 move_t 100 497.60859775543213 4.9799 10.66128061049175 6.91129003 3.0 6.86139103 12.885098014636844 13.209554297341715
1.0165634485136927 2350.4229774151527 0.03636363636363636 1.2117738630738768 2928.1845778147563 0.01818181818181818 t_swap_r_k 100 505.97639179229736 4.9799 10.66128061049175 6.91129003 3.0 6.86139103 13.796247034490476 13.209554297341715
1.0165634485136927 2350.4229774151527 0.03636363636363636 1.211254700407853 2926.611387582181 0.01818181818181818 t_swap_r_k 100 519.7295436859131 4.9799 10.66128061049175 6.91129003 3.0 6.86139103 14.69828456414557 13.209554297341715
1.0165634485136927 2350.4229774151527 0.03636363636363636 1.176451478626184 2821.1490880905176 0.01818181818181818 move_t 100 531.7414605617523 4.9799 11.614667804386832 6.91129003 3.0 6.86139103 14.69828456414557 13.209554297341715
1.0165634485136927 2350.4229774151527 0.03636363636363636 1.163828377311643 2782.897994565351 0.01818181818181818 t_multiswap_k 100 545.5406348705292 4.9799 11.614667804386832 6.91129003 3.0 6.86139103 14.69828456414557 14.137458754368298
1.0165634485136927 2350.4229774151527 0.03636363636363636 1.1626332084209872 2765.502497335643 0.0 move_t 100 559.8168299198151 4.9799 12.598521126342963 6.91129003 3.0 6.86139103 14.69828456414557 14.137458754368298
1.0165634485136927 2350.4229774151527 0.03636363636363636 1.1505061019370968 2728.754389818627 0.0 t_swap_r_k 100 568.4550623893738 4.9799 12.598521126342963 6.91129003 3.0 6.86139103 15.591301718504115 14.137458754368298
1.0165634485136927 2350.4229774151527 0.03636363636363636 1.1450393140768267 2712.18868155765 0.0 swap_t 100 579.9058086872101 4.9799 12.598521126342963 6.91129003 3.0 7.7927771197 15.591301718504115 14.137458754368298
1.0165634485136927 2350.4229774151527 0.03636363636363636 1.1675788082172074 2780.4888779111793 0.0 move_t 100 592.689208984375 4.9799 13.542535915079533 6.91129003 3.0 7.7927771197 15.591301718504115 14.137458754368298
1.0165634485136927 2350.4229774151527 0.03636363636363636 1.1545422607455351 2740.984941108439 0.0 move_t 100 605.8743245601654 4.9799 14.537110555928738 6.91129003 3.0 7.7927771197 15.591301718504115 14.137458754368298
1.0165634485136927 2350.4229774151527 0.03636363636363636 1.1535510697699045 2737.981389305645 0.0 t_multiswap_k 100 618.3453876972198 4.9799 14.537110555928738 6.91129003 3.0 7.7927771197 15.591301718504115 15.006084166824616
1.0165634485136927 2350.4229774151527 0.03636363636363636 1.1483468045879515 2722.211189158765 0.0 t_swap_r_k 100 632.7593231201172 4.9799 14.537110555928738 6.91129003 3.0 7.7927771197 16.475388701319073 15.006084166824616
1.0165634485136927 2350.4229774151527 0.03636363636363636 1.1483143357737267 2722.112800686819 0.0 t_swap_r_k 100 644.5504927635193 4.9799 14.537110555928738 6.91129003 3.0 7.7927771197 17.35063481430588 15.006084166824616
1.0165634485136927 2350.4229774151527 0.03636363636363636 1.1483143357737267 2722.112800686819 0.0 t_swap_r_k 100 656.2528831958771 4.9799 14.537110555928738 6.91129003 3.0 7.7927771197 18.217128466162823 15.006084166824616
1.0165634485136927 2350.4229774151527 0.03636363636363636 1.1483143357737267 2722.112800686819 0.0 t_swap_r_k 100 667.7816829681396 4.9799 14.537110555928738 6.91129003 3.0 7.7927771197 19.074957181501194 15.006084166824616
1.0165634485136927 2350.4229774151527 0.03636363636363636 1.144135302873802 2709.449305851708 0.0 t_multiswap_k 100 680.0305016040802 4.9799 14.537110555928738 6.91129003 3.0 7.7927771197 19.074957181501194 15.88602332515637
1.0165634485136927 2350.4229774151527 0.03636363636363636 1.1407717388798622 2711.8829039572224 0.016666666666666666 f_swap_t 100 702.9794976711273 4.9799 14.537110555928738 6.91129003 4.0 7.7927771197 19.074957181501194 15.88602332515637
1.0165634485136927 2350.4229774151527 0.03636363636363636 1.1877937974493629 2837.203024499532 0.0 move_t 100 718.528858423233 4.9799 15.45173945036945 6.91129003 4.0 7.7927771197 19.074957181501194 15.88602332515637
1.0165634485136927 2350.4229774151527 0.03636363636363636 1.1712400587619212 2791.583365194077 0.0 swap_t 100 730.4031982421875 4.9799 15.45173945036945 6.91129003 4.0 8.714849348503 19.074957181501194 15.88602332515637
1.0165634485136927 2350.4229774151527 0.03636363636363636 1.1678207478145177 2781.22201424064 0.0 t_swap_r_k 100 741.1911396980286 4.9799 15.45173945036945 6.91129003 4.0 8.714849348503 19.92420760968618 15.88602332515637
1.0165634485136927 2350.4229774151527 0.03636363636363636 1.162535425820945 2777.832214185513 0.016666666666666666 move_t 100 757.899956703186 4.9799 16.297222055865756 6.91129003 4.0 8.714849348503 19.92420760968618 15.88602332515637
1.0165634485136927 2350.4229774151527 0.03636363636363636 1.1514526459623935 2744.248672524483 0.016666666666666666 move_t 100 770.5685410499573 4.9799 17.2242498353071 6.91129003 4.0 8.714849348503 19.92420760968618 15.88602332515637
1.0165634485136927 2350.4229774151527 0.03636363636363636 1.160741395673279 2772.395862748938 0.016666666666666666 t_multiswap_k 100 784.3238124847412 4.9799 17.2242498353071 6.91129003 4.0 8.714849348503 19.92420760968618 16.797163091904807
1.0165634485136927 2350.4229774151527 0.03636363636363636 1.1611690307069877 2773.6917018031795 0.016666666666666666 t_swap_k 100 805.8155627250671 4.9799 17.2242498353071 7.9421771297 4.0 8.714849348503 19.92420760968618 16.797163091904807
1.0165634485136927 2350.4229774151527 0.03636363636363636 1.2439110633013148 2909.3219513912536 0.0 move_t 100 821.7910466194153 4.9799 18.082007336954028 7.9421771297 4.0 8.714849348503 19.92420760968618 16.797163091904807
1.0165634485136927 2350.4229774151527 0.03636363636363636 1.1872481084737978 2840.0916827165825 0.0 t_multiswap_k 100 840.0107390880585 4.9799 18.082007336954028 7.9421771297 4.0 8.714849348503 19.92420760968618 17.759191460985758
1.0165634485136927 2350.4229774151527 0.03636363636363636 1.1671760996202536 2796.1032682280256 0.02222222222222222 t_swap_r_k 100 859.1326665878296 4.9799 18.082007336954028 7.9421771297 4.0 8.714849348503 20.76496553358932 17.759191460985758
1.0165634485136927 2350.4229774151527 0.03636363636363636 1.1658721505527356 2775.3172865318124 0.0 swap_t 100 877.5711426734924 4.9799 18.082007336954028 7.9421771297 4.0 9.62770085501797 20.76496553358932 17.759191460985758
1.0165634485136927 2350.4229774151527 0.03636363636363636 1.1982897054640211 2873.5504301841092 0.0 t_multiswap_k 100 887.0904242992401 4.9799 18.082007336954028 7.9421771297 4.0 9.62770085501797 20.76496553358932 18.6715995463759
1.0165634485136927 2350.4229774151527 0.03636363636363636 1.182547531233182 2842.682476743489 0.02222222222222222 t_swap_r_k 100 904.2820553779602 4.9799 18.082007336954028 7.9421771297 4.0 9.62770085501797 21.627315878253427 18.6715995463759
1.0165634485136927 2350.4229774151527 0.03636363636363636 1.1812943019359647 2838.884884546308 0.02222222222222222 swap_t 100 920.6287779808044 4.9799 18.082007336954028 7.9421771297 4.0 10.53142384646779 21.627315878253427 18.6715995463759
1.0165634485136927 2350.4229774151527 0.03636363636363636 1.1791537501264973 2832.3984874700927 0.02222222222222222 t_swap_r_k 100 939.4696719646454 4.9799 18.082007336954028 7.9421771297 4.0 10.53142384646779 22.45104271947089 18.6715995463759
1.0165634485136927 2350.4229774151527 0.03636363636363636 1.1791537501264973 2832.3984874700927 0.02222222222222222 t_swap_r_k 100 950.7538187503815 4.9799 18.082007336954028 7.9421771297 4.0 10.53142384646779 23.26653229227618 18.6715995463759
1.0165634485136927 2350.4229774151527 0.03636363636363636 1.2311658418778755 2973.1731882826966 0.0 f_swap_t 100 973.2665164470673 4.9799 18.082007336954028 7.9421771297 4.97 10.53142384646779 23.26653229227618 18.6715995463759
1.0165634485136927 2350.4229774151527 0.03636363636363636 1.2257614800677676 2956.796646267293 0.0 move_t 100 991.4950842857361 4.9799 18.90118726358449 7.9421771297 4.97 10.53142384646779 23.26653229227618 18.6715995463759
1.0165634485136927 2350.4229774151527 0.03636363636363636 1.2367775991720806 2990.1781894905935 0.0 swap_t 100 1003.5061981678009 4.9799 18.90118726358449 7.9421771297 4.97 11.436109608003113 23.26653229227618 18.6715995463759
1.0165634485136927 2350.4229774151527 0.03636363636363636 1.2303442416266896 2970.6835379768554 0.0 swap_t 100 1013.1573567390442 4.9799 18.90118726358449 7.9421771297 4.97 12.321748511923081 23.26653229227618 18.6715995463759
1.0165634485136927 2350.4229774151527 0.03636363636363636 1.2862241211735963 3140.013280760552 0.0 t_multiswap_k 100 1027.774664402008 4.9799 18.90118726358449 7.9421771297 4.97 12.321748511923081 23.26653229227618 19.614883550912143
1.0165634485136927 2350.4229774151527 0.03636363636363636 1.2753839766626924 3107.1649837231785 0.0 t_swap_r_k 100 1040.9831984043121 4.9799 18.90118726358449 7.9421771297 4.97 12.321748511923081 24.07386696935342 19.614883550912143
1.0165634485136927 2350.4229774151527 0.03636363636363636 1.353385890800891 3343.5299180206835 0.0 t_multiswap_k 100 1054.1806406974792 4.9799 18.90118726358449 7.9421771297 4.97 12.321748511923081 24.07386696935342 20.60873471540302
1.0165634485136927 2350.4229774151527 0.03636363636363636 1.3319173887245481 3278.475090343633 0.0 t_multiswap_k 100 1066.523915529251 4.9799 18.90118726358449 7.9421771297 4.97 12.321748511923081 24.07386696935342 21.46264736824899
1.0165634485136927 2350.4229774151527 0.03636363636363636 1.3178550848200863 3235.862859923739 0.0 t_swap_r_k 100 1077.5877752304077 4.9799 18.90118726358449 7.9421771297 4.97 12.321748511923081 24.873128299659886 21.46264736824899
1.0165634485136927 2350.4229774151527 0.03636363636363636 1.315683473906126 3229.282346141878 0.0 t_multiswap_k 100 1090.8581700325012 4.9799 18.90118726358449 7.9421771297 4.97 12.321748511923081 24.873128299659886 22.3180208945665
1.0165634485136927 2350.4229774151527 0.03636363636363636 1.3099361794060447 3211.866633951876 0.0 move_t 100 1101.0426552295685 4.9799 19.722175390948646 7.9421771297 4.97 12.321748511923081 24.873128299659886 22.3180208945665
1.0165634485136927 2350.4229774151527 0.03636363636363636 1.3824878231133115 3445.283242872606 0.0 swap_t 100 1113.5970611572266 4.9799 19.722175390948646 7.9421771297 4.97 13.27853102680385 24.873128299659886 22.3180208945665
1.0165634485136927 2350.4229774151527 0.03636363636363636 1.3276769677110154 3279.3994167723854 0.01818181818181818 move_t 100 1129.2457349300385 4.9799 20.65495363703916 7.9421771297 4.97 13.27853102680385 24.873128299659886 22.3180208945665
1.0165634485136927 2350.4229774151527 0.03636363636363636 1.3196805605139963 3253.0492887237024 0.015384615384615385 move_t 100 1141.5842759609222 4.9799 21.52840410066877 7.9421771297 4.97 13.27853102680385 24.873128299659886 22.3180208945665
1.0165634485136927 2350.4229774151527 0.03636363636363636 1.3069712554405248 3216.656029325168 0.01818181818181818 t_swap_r_k 100 1152.9734416007996 4.9799 21.52840410066877 7.9421771297 4.97 13.27853102680385 25.664397016663287 22.3180208945665
1.0165634485136927 2350.4229774151527 0.03636363636363636 1.3456000271745747 3282.2316350382052 0.015384615384615385 move_t 100 1166.60720205307 4.9799 22.37312005966208 7.9421771297 4.97 13.27853102680385 25.664397016663287 22.3180208945665
1.0165634485136927 2350.4229774151527 0.03636363636363636 1.3383806467965724 3310.6863699027035 0.016666666666666666 t_multiswap_k 100 1179.8067739009857 4.9799 22.37312005966208 7.9421771297 4.97 13.27853102680385 25.664397016663287 23.314840685620837
1.0165634485136927 2350.4229774151527 0.03636363636363636 1.3123368814778293 3231.767372254544 0.016666666666666666 t_move_k 100 1191.9016590118408 6.070100999999999 22.37312005966208 7.9421771297 4.97 13.27853102680385 25.664397016663287 23.314840685620837
1.0165634485136927 2350.4229774151527 0.03636363636363636 1.301318477881061 3198.3789064587013 0.016666666666666666 swap_t 100 1203.391021490097 6.070100999999999 22.37312005966208 7.9421771297 4.97 14.145745716535812 25.664397016663287 23.314840685620837
1.0165634485136927 2350.4229774151527 0.03636363636363636 1.2982898790033022 3189.2015089209094 0.016666666666666666 t_multiswap_k 100 1213.9134151935577 6.070100999999999 22.37312005966208 7.9421771297 4.97 14.145745716535812 25.664397016663287 24.081692278764628
1.0165634485136927 2350.4229774151527 0.03636363636363636 1.3051625725488913 3210.027456287687 0.016666666666666666 f_swap_t 100 1242.5999813079834 6.070100999999999 22.37312005966208 7.9421771297 5.9603 14.145745716535812 25.664397016663287 24.081692278764628
1.0165634485136927 2350.4229774151527 0.03636363636363636 1.3432206513234641 3325.3527709088567 0.016666666666666666 t_multiswap_k 100 1256.68523478508 6.070100999999999 22.37312005966208 7.9421771297 5.9603 14.145745716535812 25.664397016663287 24.920875355976982
1.0165634485136927 2350.4229774151527 0.03636363636363636 1.3307625398421166 3287.6016370515185 0.016666666666666666 t_swap_r_k 100 1275.0207653045654 6.070100999999999 22.37312005966208 7.9421771297 5.9603 14.145745716535812 26.507753046496653 24.920875355976982
1.0165634485136927 2350.4229774151527 0.03636363636363636 1.3307625398421166 3287.6016370515185 0.016666666666666666 t_swap_r_k 100 1286.6230068206787 6.070100999999999 22.37312005966208 7.9421771297 5.9603 14.145745716535812 27.282675516031688 24.920875355976982
1.0165634485136927 2350.4229774151527 0.03636363636363636 1.3307625398421166 3287.6016370515185 0.016666666666666666 t_swap_r_k 100 1303.0539381504059 6.070100999999999 22.37312005966208 7.9421771297 5.9603 14.145745716535812 28.04984876087137 24.920875355976982
1.0165634485136927 2350.4229774151527 0.03636363636363636 1.3299999588302527 3285.2908295186885 0.016666666666666666 move_t 100 1319.5703537464142 6.070100999999999 23.17938885906546 7.9421771297 5.9603 14.145745716535812 28.04984876087137 24.920875355976982
1.0165634485136927 2350.4229774151527 0.03636363636363636 1.312519395163744 3219.694411380043 0.0 t_multiswap_k 100 1333.1211853027344 6.070100999999999 23.17938885906546 7.9421771297 5.9603 14.145745716535812 28.04984876087137 25.85166660241721
1.0165634485136927 2350.4229774151527 0.03636363636363636 1.3353685228498748 3299.755178002479 0.014285714285714285 t_move_k 100 1348.1417808532715 7.0893999899999995 23.17938885906546 7.9421771297 5.9603 14.145745716535812 28.04984876087137 25.85166660241721
1.0165634485136927 2350.4229774151527 0.03636363636363636 1.315209601299248 3238.668700568343 0.014285714285714285 f_swap_t 100 1368.832016468048 7.0893999899999995 23.17938885906546 7.9421771297 6.930697 14.145745716535812 28.04984876087137 25.85166660241721
1.0165634485136927 2350.4229774151527 0.03636363636363636 1.2856990994637176 3152.196178494892 0.01818181818181818 t_multiswap_k 100 1382.5928828716278 7.0893999899999995 23.17938885906546 7.9421771297 6.930697 14.145745716535812 28.04984876087137 26.713149936393037
1.0165634485136927 2350.4229774151527 0.03636363636363636 1.369948596133939 3393.718978136553 0.0 move_t 100 1402.9199435710907 7.0893999899999995 24.087594970474807 7.9421771297 6.930697 14.145745716535812 28.04984876087137 26.713149936393037
1.0165634485136927 2350.4229774151527 0.03636363636363636 1.331068695996442 3275.9033431867338 0.0 t_swap_k 100 1417.178582906723 7.0893999899999995 24.087594970474807 8.892755358403 6.930697 14.145745716535812 28.04984876087137 26.713149936393037
1.0165634485136927 2350.4229774151527 0.03636363636363636 1.2877873335403425 3158.5240400066587 0.01818181818181818 t_multiswap_k 100 1431.6120460033417 7.0893999899999995 24.087594970474807 8.892755358403 6.930697 14.145745716535812 28.04984876087137 27.626018437029106
1.0165634485136927 2350.4229774151527 0.03636363636363636 1.2763147092692848 3123.759174143956 0.01818181818181818 swap_t 100 1447.1571762561798 7.0893999899999995 24.087594970474807 8.892755358403 6.930697 15.004288259370453 28.04984876087137 27.626018437029106
1.0165634485136927 2350.4229774151527 0.03636363636363636 1.286153801932659 3153.574038517735 0.01818181818181818 move_t 100 1460.5999529361725 7.0893999899999995 24.91671902077006 8.892755358403 6.930697 15.004288259370453 28.04984876087137 27.626018437029106
1.0165634485136927 2350.4229774151527 0.03636363636363636 1.2645708170353958 3088.172299809794 0.01818181818181818 t_multiswap_k 100 1478.8550641536713 7.0893999899999995 24.91671902077006 8.892755358403 6.930697 15.004288259370453 28.04984876087137 28.499758252658815
1.0165634485136927 2350.4229774151527 0.03636363636363636 1.2528536435019626 3052.6663896923124 0.01818181818181818 t_multiswap_k 100 1494.7724545001984 7.0893999899999995 24.91671902077006 8.892755358403 6.930697 15.004288259370453 28.04984876087137 29.214760670132225
1.0165634485136927 2350.4229774151527 0.03636363636363636 1.2510610094755148 3047.234268845507 0.01818181818181818 f_swap_t 100 1518.934580564499 7.0893999899999995 24.91671902077006 8.892755358403 7.861390030000001 15.004288259370453 28.04984876087137 29.214760670132225
1.0165634485136927 2350.4229774151527 0.03636363636363636 1.2475596378987432 3036.6242540549924 0.01818181818181818 t_move_k 100 1538.4114043712616 8.0785059901 24.91671902077006 8.892755358403 7.861390030000001 15.004288259370453 28.04984876087137 29.214760670132225
1.0165634485136927 2350.4229774151527 0.03636363636363636 1.3155090237946325 3242.5275618171863 0.01818181818181818 t_multiswap_k 100 1555.1784934997559 8.0785059901 24.91671902077006 8.892755358403 7.861390030000001 15.004288259370453 28.04984876087137 30.112613063430903
1.0165634485136927 2350.4229774151527 0.03636363636363636 1.2916204334518044 3170.1392730267517 0.01818181818181818 t_swap_r_k 100 1578.1502492427826 8.0785059901 24.91671902077006 8.892755358403 7.861390030000001 15.004288259370453 28.809350273262655 30.112613063430903
1.0165634485136927 2350.4229774151527 0.03636363636363636 1.2785689755242624 3130.5901538850794 0.01818181818181818 t_multiswap_k 100 1591.566225528717 8.0785059901 24.91671902077006 8.892755358403 7.861390030000001 15.004288259370453 28.809350273262655 30.841486932796595
1.0165634485136927 2350.4229774151527 0.03636363636363636 1.2805865557371876 3135.556096665654 0.016666666666666666 t_multiswap_k 100 1608.6904089450836 8.0785059901 24.91671902077006 8.892755358403 7.861390030000001 15.004288259370453 28.809350273262655 31.69307206346863
1.0165634485136927 2350.4229774151527 0.03636363636363636 1.2843705950698714 3148.1704842893746 0.01818181818181818 t_multiswap_k 100 1619.452877998352 8.0785059901 24.91671902077006 8.892755358403 7.861390030000001 15.004288259370453 28.809350273262655 32.416141342833946
1.0165634485136927 2350.4229774151527 0.03636363636363636 1.2832965215498195 3144.9157780452692 0.01818181818181818 swap_t 100 1639.4465651512146 8.0785059901 24.91671902077006 8.892755358403 7.861390030000001 15.884245376776748 28.809350273262655 32.416141342833946
1.0165634485136927 2350.4229774151527 0.03636363636363636 1.3168226039093274 3246.5080317958364 0.01818181818181818 t_multiswap_k 100 1653.1225471496582 8.0785059901 24.91671902077006 8.892755358403 7.861390030000001 15.884245376776748 28.809350273262655 33.2019799294056
1.0165634485136927 2350.4229774151527 0.03636363636363636 1.263400485607472 3084.6259084920453 0.01818181818181818 t_multiswap_k 100 1665.3939125537872 8.0785059901 24.91671902077006 8.892755358403 7.861390030000001 15.884245376776748 28.809350273262655 34.04996013011154
1.0165634485136927 2350.4229774151527 0.03636363636363636 1.2486670747151807 3039.9800592714146 0.01818181818181818 swap_t 100 1683.6588914394379 8.0785059901 24.91671902077006 8.892755358403 7.861390030000001 16.725402923008982 28.809350273262655 34.04996013011154
1.0165634485136927 2350.4229774151527 0.03636363636363636 1.2457304941573006 3031.081499815644 0.01818181818181818 t_multiswap_k 100 1694.5216872692108 8.0785059901 24.91671902077006 8.892755358403 7.861390030000001 16.725402923008982 28.809350273262655 34.709460528810425
1.0165634485136927 2350.4229774151527 0.03636363636363636 1.2447409487691048 3028.082934546452 0.01818181818181818 move_t 100 1711.6397502422333 8.0785059901 25.69755183056236 8.892755358403 7.861390030000001 16.725402923008982 28.809350273262655 34.709460528810425
1.0165634485136927 2350.4229774151527 0.03636363636363636 1.2395631826305724 3012.393033001552 0.01818181818181818 t_move_k 100 1727.6292979717255 8.997720930199 25.69755183056236 8.892755358403 7.861390030000001 16.725402923008982 28.809350273262655 34.709460528810425
1.0165634485136927 2350.4229774151527 0.03636363636363636 1.2395631826305724 3012.393033001552 0.01818181818181818 move_t 100 1741.7779376506805 8.997720930199 26.440576312256738 8.892755358403 7.861390030000001 16.725402923008982 28.809350273262655 34.709460528810425
1.0165634485136927 2350.4229774151527 0.03636363636363636 1.2448303764732418 3028.353922427278 0.01818181818181818 t_multiswap_k 100 1749.491803407669 8.997720930199 26.440576312256738 8.892755358403 7.861390030000001 16.725402923008982 28.809350273262655 35.43236592352232
1.0165634485136927 2350.4229774151527 0.03636363636363636 1.2485338354520596 3025.8024693124958 0.0 t_multiswap_k 100 1763.4648563861847 8.997720930199 26.440576312256738 8.892755358403 7.861390030000001 16.725402923008982 28.809350273262655 36.2280422642871
1.0165634485136927 2350.4229774151527 0.03636363636363636 1.230067155905033 2982.4699223838234 0.016666666666666666 t_swap_r_k 100 1777.3017921447754 8.997720930199 26.440576312256738 8.892755358403 7.861390030000001 16.725402923008982 29.56125677053003 36.2280422642871
1.0165634485136927 2350.4229774151527 0.03636363636363636 1.2286395456755461 2978.1439131849047 0.016666666666666666 f_swap_t 100 1802.5590679645538 8.997720930199 26.440576312256738 8.892755358403 8.8427761297 16.725402923008982 29.56125677053003 36.2280422642871
1.0165634485136927 2350.4229774151527 0.03636363636363636 1.2249097413174102 2966.8416910305687 0.016666666666666666 swap_t 100 1812.6732659339905 8.997720930199 26.440576312256738 8.892755358403 8.8427761297 17.558148893778892 29.56125677053003 36.2280422642871
1.0165634485136927 2350.4229774151527 0.03636363636363636 1.2290845492353613 2979.4923831338797 0.016666666666666666 move_t 100 1827.4898571968079 8.997720930199 27.24617054913417 8.892755358403 8.8427761297 17.558148893778892 29.56125677053003 36.2280422642871
1.0165634485136927 2350.4229774151527 0.03636363636363636 1.2227001734785634 2960.146158455181 0.016666666666666666 swap_t 100 1844.9906342029572 8.997720930199 27.24617054913417 8.892755358403 8.8427761297 18.382567404841105 29.56125677053003 36.2280422642871
1.0165634485136927 2350.4229774151527 0.03636363636363636 1.2224891659581176 2958.455995764683 0.016666666666666666 move_t 100 1864.3626165390015 8.997720930199 28.00370884364283 8.892755358403 8.8427761297 18.382567404841105 29.56125677053003 36.2280422642871
1.0165634485136927 2350.4229774151527 0.03636363636363636 1.2826154619552939 3141.7041802125373 0.016666666666666666 f_swap_t 100 1890.1427371501923 8.997720930199 28.00370884364283 8.892755358403 9.784348368403 18.382567404841105 29.56125677053003 36.2280422642871
1.0165634485136927 2350.4229774151527 0.03636363636363636 1.2754067321890417 3107.2339385501186 0.0 move_t 100 1906.4141008853912 8.997720930199 28.7236717552064 8.892755358403 9.784348368403 18.382567404841105 29.56125677053003 36.2280422642871
1.0165634485136927 2350.4229774151527 0.03636363636363636 1.2634536387568118 3111.3314596893547 0.016666666666666666 move_t 100 1919.6703627109528 8.997720930199 29.496435037654336 8.892755358403 9.784348368403 18.382567404841105 29.56125677053003 36.2280422642871
1.0165634485136927 2350.4229774151527 0.03636363636363636 1.2597960785500002 3072.5558507273713 0.016666666666666666 t_swap_r_k 100 1940.5498661994934 8.997720930199 29.496435037654336 8.892755358403 9.784348368403 18.382567404841105 30.30564420282473 36.2280422642871
1.0165634485136927 2350.4229774151527 0.03636363636363636 1.2558431131726682 3060.5773959417875 0.016666666666666666 move_t 100 1958.1633780002594 8.997720930199 30.231470687277792 8.892755358403 9.784348368403 18.382567404841105 30.30564420282473 36.2280422642871
1.0165634485136927 2350.4229774151527 0.03636363636363636 1.2240034035298717 2964.095265202822 0.016666666666666666 t_multiswap_k 100 1970.1623330116272 8.997720930199 30.231470687277792 8.892755358403 9.784348368403 18.382567404841105 30.30564420282473 36.955761841644225
1.0165634485136927 2350.4229774151527 0.03636363636363636 1.2182815053729614 2950.9651842008116 0.02222222222222222 t_swap_r_k 100 1982.8292269706726 8.997720930199 30.231470687277792 8.892755358403 9.784348368403 18.382567404841105 31.072587760796484 36.955761841644225
1.0165634485136927 2350.4229774151527 0.03636363636363636 1.2202860224875653 2952.8306887429826 0.016666666666666666 t_multiswap_k 100 1992.7307937145233 8.997720930199 30.231470687277792 8.892755358403 9.784348368403 18.382567404841105 31.072587760796484 37.65620422322778
1.0165634485136927 2350.4229774151527 0.03636363636363636 1.2312286056910589 2973.3633780330792 0.0 f_swap_t 100 2021.4870047569275 8.997720930199 30.231470687277792 8.892755358403 10.69650488471897 18.382567404841105 31.072587760796484 37.65620422322778
1.0165634485136927 2350.4229774151527 0.03636363636363636 1.2098844578300765 2925.520070286677 0.02222222222222222 t_swap_r_k 100 2038.7575528621674 8.997720930199 30.231470687277792 8.892755358403 10.69650488471897 18.382567404841105 31.83186188318852 37.65620422322778
1.0165634485136927 2350.4229774151527 0.03636363636363636 1.267364962280443 3082.8654030201587 0.0 f_swap_t 100 2071.002227783203 8.997720930199 30.231470687277792 8.892755358403 11.63953983587178 18.382567404841105 31.83186188318852 37.65620422322778
1.0165634485136927 2350.4229774151527 0.03636363636363636 1.2731751248082948 3021.3375105743944 0.0 move_t 100 2089.9598472118378 8.997720930199 30.939155980405015 8.892755358403 11.63953983587178 18.382567404841105 31.83186188318852 37.65620422322778
1.0165634485136927 2350.4229774151527 0.03636363636363636 1.3661334476993094 3370.132198041767 0.0 swap_t 100 2108.176927089691 8.997720930199 30.939155980405015 8.892755358403 11.63953983587178 19.228741730792695 31.83186188318852 37.65620422322778
1.0165634485136927 2350.4229774151527 0.03636363636363636 1.323009379644539 3251.4816376292865 0.0 t_swap_r_k 100 2122.573840379715 8.997720930199 30.939155980405015 8.892755358403 11.63953983587178 19.228741730792695 32.553543264356634 37.65620422322778
1.0165634485136927 2350.4229774151527 0.03636363636363636 1.3135708609057728 3222.8806105108797 0.0 move_t 100 2137.113438844681 8.997720930199 31.629764420600964 8.892755358403 11.63953983587178 19.228741730792695 32.553543264356634 37.65620422322778
1.0165634485136927 2350.4229774151527 0.03636363636363636 1.3132929487300395 3222.038468444452 0.0 t_swap_r_k 100 2160.8196272850037 8.997720930199 31.629764420600964 8.892755358403 11.63953983587178 19.228741730792695 33.26800783171307 37.65620422322778
1.0165634485136927 2350.4229774151527 0.03636363636363636 1.319301062338147 3240.2445265126707 0.0 t_move_k 100 2175.63493680954 10.06774372089701 31.629764420600964 8.892755358403 11.63953983587178 19.228741730792695 33.26800783171307 37.65620422322778
1.0165634485136927 2350.4229774151527 0.03636363636363636 1.3098607066239372 3226.789159445816 0.02 f_swap_t 100 2203.1009879112244 10.06774372089701 31.629764420600964 8.892755358403 12.553144437513062 19.228741730792695 33.26800783171307 37.65620422322778
1.0165634485136927 2350.4229774151527 0.03636363636363636 1.3816768451155923 3331.809533946855 0.02 swap_t 100 2220.712033510208 10.06774372089701 31.629764420600964 8.892755358403 12.553144437513062 20.04645431348477 33.26800783171307 37.65620422322778
1.0165634485136927 2350.4229774151527 0.03636363636363636 1.3539479318217729 3360.3842667246336 0.02 move_t 100 2236.8122458457947 10.06774372089701 32.343466776394955 8.892755358403 12.553144437513062 20.04645431348477 33.26800783171307 37.65620422322778
1.0165634485136927 2350.4229774151527 0.03636363636363636 1.3806407391013247 3426.118794191169 0.0 move_t 100 2246.3445954322815 10.06774372089701 33.070032108631004 8.892755358403 12.553144437513062 20.04645431348477 33.26800783171307 37.65620422322778
1.0165634485136927 2350.4229774151527 0.03636363636363636 1.3646442743760725 3377.645582020021 0.0 swap_t 100 2262.1662333011627 10.06774372089701 33.070032108631004 8.892755358403 12.553144437513062 20.84598977034992 33.26800783171307 37.65620422322778
1.0165634485136927 2350.4229774151527 0.03636363636363636 1.3399686603116405 3317.841511776188 0.0 move_t 100 2279.258510828018 10.06774372089701 33.91933178754469 8.892755358403 12.553144437513062 20.84598977034992 33.26800783171307 37.65620422322778
1.0165634485136927 2350.4229774151527 0.03636363636363636 1.3224604035747687 3249.818105469906 0.0 t_swap_r_k 100 2295.491188287735 10.06774372089701 33.91933178754469 8.892755358403 12.553144437513062 20.84598977034992 33.97532775339594 37.65620422322778
1.0165634485136927 2350.4229774151527 0.03636363636363636 1.2941522152167428 3185.6819598723146 0.02857142857142857 t_multiswap_k 100 2310.524196624756 10.06774372089701 33.91933178754469 8.892755358403 12.553144437513062 20.84598977034992 33.97532775339594 38.339642180995504
1.0165634485136927 2350.4229774151527 0.03636363636363636 1.287829598286052 3166.522879586627 0.02857142857142857 t_multiswap_k 100 2322.236707687378 10.06774372089701 33.91933178754469 8.892755358403 12.553144437513062 20.84598977034992 33.97532775339594 39.05624575918555
1.0165634485136927 2350.4229774151527 0.03636363636363636 1.2669068057921602 3109.0247610855413 0.03636363636363636 t_multiswap_k 100 2336.183292388916 10.06774372089701 33.91933178754469 8.892755358403 12.553144437513062 20.84598977034992 33.97532775339594 39.6956833015937
1.0165634485136927 2350.4229774151527 0.03636363636363636 1.2619962288465718 3094.14450833879 0.03636363636363636 move_t 100 2356.218937397003 10.06774372089701 34.67013846966925 8.892755358403 12.553144437513062 20.84598977034992 33.97532775339594 39.6956833015937
1.0165634485136927 2350.4229774151527 0.03636363636363636 1.255905514928854 3075.6881510699714 0.03636363636363636 t_swap_r_k 100 2369.496044397354 10.06774372089701 34.67013846966925 8.892755358403 12.553144437513062 20.84598977034992 34.67557447586198 39.6956833015937
1.0165634485136927 2350.4229774151527 0.03636363636363636 1.255905514928854 3075.6881510699714 0.03636363636363636 t_swap_r_k 100 2391.9357595443726 10.06774372089701 34.67013846966925 8.892755358403 12.553144437513062 20.84598977034992 35.36881873110336 39.6956833015937
1.0165634485136927 2350.4229774151527 0.03636363636363636 1.255905514928854 3075.6881510699714 0.03636363636363636 t_swap_r_k 100 2420.274495601654 10.06774372089701 34.67013846966925 8.892755358403 12.553144437513062 20.84598977034992 36.05513054379232 39.6956833015937
1.0165634485136927 2350.4229774151527 0.03636363636363636 1.2513172676091864 3061.7846361596507 0.03636363636363636 t_move_k 100 2444.4396662712097 11.12706628368804 34.67013846966925 8.892755358403 12.553144437513062 20.84598977034992 36.05513054379232 39.6956833015937
1.0165634485136927 2350.4229774151527 0.03636363636363636 1.2671476883766926 3103.8516191325366 0.02857142857142857 t_multiswap_k 100 2459.094544649124 11.12706628368804 34.67013846966925 8.892755358403 12.553144437513062 20.84598977034992 36.05513054379232 40.398726468577756
1.0165634485136927 2350.4229774151527 0.03636363636363636 1.3475528671312333 3335.323942002959 0.0125 swap_t 100 2470.8949131965637 11.12706628368804 34.67013846966925 8.892755358403 12.553144437513062 21.687529872646422 36.05513054379232 40.398726468577756
1.0165634485136927 2350.4229774151527 0.03636363636363636 1.3127687548257727 3233.0760544406075 0.016666666666666666 t_swap_r_k 100 2485.9611916542053 11.12706628368804 34.67013846966925 8.892755358403 12.553144437513062 21.687529872646422 36.7345792383544 40.398726468577756
1.0165634485136927 2350.4229774151527 0.03636363636363636 1.300897553460817 3206.121989434285 0.02857142857142857 f_swap_t 100 2505.5561549663544 11.12706628368804 34.67013846966925 8.892755358403 13.457612993137932 21.687529872646422 36.7345792383544 40.398726468577756
1.0165634485136927 2350.4229774151527 0.03636363636363636 1.3047159105951205 3196.047938883402 0.0 t_swap_r_k 100 2518.433852672577 11.12706628368804 34.67013846966925 8.892755358403 13.457612993137932 21.687529872646422 37.40723344597085 40.398726468577756
1.0165634485136927 2350.4229774151527 0.03636363636363636 1.3033675253414603 3191.9620007957233 0.0 t_swap_r_k 100 2530.735404729843 11.12706628368804 34.67013846966925 8.892755358403 13.457612993137932 21.687529872646422 38.07316111151115 40.398726468577756
1.0165634485136927 2350.4229774151527 0.03636363636363636 1.3033410566774233 3204.5078163655357 0.016666666666666666 move_t 100 2544.821860074997 11.12706628368804 35.393437084972554 8.892755358403 13.457612993137932 21.687529872646422 38.07316111151115 40.398726468577756
1.0165634485136927 2350.4229774151527 0.03636363636363636 1.2858804777113795 3155.8066529247753 0.02222222222222222 t_multiswap_k 100 2559.209181547165 11.12706628368804 35.393437084972554 8.892755358403 13.457612993137932 21.687529872646422 38.07316111151115 41.14473920389198
1.0165634485136927 2350.4229774151527 0.03636363636363636 1.2773816305427812 3130.0530611725117 0.02222222222222222 t_swap_r_k 100 2571.3584213256836 11.12706628368804 35.393437084972554 8.892755358403 13.457612993137932 21.687529872646422 38.76242950039604 41.14473920389198
1.0165634485136927 2350.4229774151527 0.03636363636363636 1.2702094275803768 3108.3195268008612 0.02222222222222222 swap_t 100 2585.652994155884 11.12706628368804 35.393437084972554 8.892755358403 13.457612993137932 22.530654573919957 38.76242950039604 41.14473920389198
1.0165634485136927 2350.4229774151527 0.03636363636363636 1.2697804044392451 3107.019481440615 0.02222222222222222 swap_t 100 2597.624584913254 11.12706628368804 35.393437084972554 8.892755358403 13.457612993137932 23.305348028180756 38.76242950039604 41.14473920389198
1.0165634485136927 2350.4229774151527 0.03636363636363636 1.2625351710991202 3085.064647109567 0.02222222222222222 t_multiswap_k 100 2605.3275394439697 11.12706628368804 35.393437084972554 8.892755358403 13.457612993137932 23.305348028180756 38.76242950039604 41.82329181185306
1.0165634485136927 2350.4229774151527 0.03636363636363636 1.2456540310294955 3038.720564814019 0.02857142857142857 t_multiswap_k 100 2619.4581389427185 11.12706628368804 35.393437084972554 8.892755358403 13.457612993137932 23.305348028180756 38.76242950039604 42.49505889373453
1.0165634485136927 2350.4229774151527 0.03636363636363636 1.2983292475567731 3198.3393925201926 0.02857142857142857 f_swap_t 100 2642.5564987659454 11.12706628368804 35.393437084972554 8.892755358403 14.333036863206553 23.305348028180756 38.76242950039604 42.49505889373453
1.0165634485136927 2350.4229774151527 0.03636363636363636 1.2760980028557098 3123.1025005511037 0.01818181818181818 swap_t 100 2659.184715986252 11.12706628368804 35.393437084972554 8.892755358403 14.333036863206553 24.10229454789895 38.76242950039604 42.49505889373453
1.0165634485136927 2350.4229774151527 0.03636363636363636 1.2740903366068024 3130.792621628281 0.03636363636363636 t_swap_k 100 2676.6800146102905 11.12706628368804 35.393437084972554 9.90382780481897 14.333036863206553 24.10229454789895 38.76242950039604 42.49505889373453
1.0165634485136927 2350.4229774151527 0.03636363636363636 1.2651214682160512 3089.840907966074 0.01818181818181818 t_swap_r_k 100 2692.5033502578735 11.12706628368804 35.393437084972554 9.90382780481897 14.333036863206553 24.10229454789895 39.41480520539208 42.49505889373453
1.0165634485136927 2350.4229774151527 0.03636363636363636 1.2630287674397662 3086.560365104636 0.02222222222222222 t_swap_r_k 100 2703.2998385429382 11.12706628368804 35.393437084972554 9.90382780481897 14.333036863206553 24.10229454789895 40.060657153338155 42.49505889373453
1.0165634485136927 2350.4229774151527 0.03636363636363636 1.2619260584826884 3083.218886461853 0.02222222222222222 swap_t 100 2721.6762313842773 11.12706628368804 35.393437084972554 9.90382780481897 14.333036863206553 24.89127160241996 40.060657153338155 42.49505889373453
1.0165634485136927 2350.4229774151527 0.03636363636363636 1.261765941648704 3082.7336931770114 0.02222222222222222 t_swap_r_k 100 2735.0710039138794 11.12706628368804 35.393437084972554 9.90382780481897 14.333036863206553 24.89127160241996 40.700050581804774 42.49505889373453
1.0165634485136927 2350.4229774151527 0.03636363636363636 1.2582305881133504 3082.7336931770114 0.03636363636363636 t_multiswap_k 100 2749.864465713501 11.12706628368804 35.393437084972554 9.90382780481897 14.333036863206553 24.89127160241996 40.700050581804774 43.10010830479718
1.0165634485136927 2350.4229774151527 0.03636363636363636 1.2476239685242874 3047.6414963010147 0.032467532467532464 move_t 100 2761.2087297439575 11.12706628368804 36.12950271412283 9.90382780481897 14.333036863206553 24.89127160241996 40.700050581804774 43.10010830479718
1.0165634485136927 2350.4229774151527 0.03636363636363636 1.2884476405854064 3171.347237001344 0.032467532467532464 t_multiswap_k 100 2773.3139505386353 11.12706628368804 36.12950271412283 9.90382780481897 14.333036863206553 24.89127160241996 40.700050581804774 43.75910722174921
1.0165634485136927 2350.4229774151527 0.03636363636363636 1.27823027518439 3137.4345758021213 0.02857142857142857 t_swap_r_k 100 2787.2110834121704 11.12706628368804 36.12950271412283 9.90382780481897 14.333036863206553 24.89127160241996 41.333050075986726 43.75910722174921
1.0165634485136927 2350.4229774151527 0.03636363636363636 1.2758098764224648 3130.100173811388 0.02857142857142857 t_swap_r_k 100 2805.2659392356873 11.12706628368804 36.12950271412283 9.90382780481897 14.333036863206553 24.89127160241996 41.959719575226856 43.75910722174921
1.0165634485136927 2350.4229774151527 0.03636363636363636 1.2864746862762448 3151.5948591569254 0.014285714285714285 t_move_k 100 2817.444040298462 12.325795620851158 36.12950271412283 9.90382780481897 14.333036863206553 24.89127160241996 41.959719575226856 43.75910722174921
1.0165634485136927 2350.4229774151527 0.03636363636363636 1.2749389036654841 3127.46091270154 0.02857142857142857 move_t 100 2830.673887014389 12.325795620851158 36.8882076869816 9.90382780481897 14.333036863206553 24.89127160241996 41.959719575226856 43.75910722174921
1.0165634485136927 2350.4229774151527 0.03636363636363636 1.2466722876926115 3047.7092075637674 0.03636363636363636 t_swap_r_k 100 2843.910650730133 12.325795620851158 36.8882076869816 9.90382780481897 14.333036863206553 24.89127160241996 42.58012237947459 43.75910722174921
1.0165634485136927 2350.4229774151527 0.03636363636363636 1.246299665788076 3046.5800717860575 0.03636363636363636 swap_t 100 2861.740714788437 12.325795620851158 36.8882076869816 9.90382780481897 14.333036863206553 25.64235888639576 42.58012237947459 43.75910722174921
1.0165634485136927 2350.4229774151527 0.03636363636363636 1.2462996657880758 3046.5800717860566 0.03636363636363636 t_swap_r_k 100 2880.7280445098877 12.325795620851158 36.8882076869816 9.90382780481897 14.333036863206553 25.64235888639576 43.194321155679845 43.75910722174921
1.0165634485136927 2350.4229774151527 0.03636363636363636 1.2482477177361277 3046.5800717860566 0.02857142857142857 t_swap_r_k 100 2888.8998951911926 12.325795620851158 36.8882076869816 9.90382780481897 14.333036863206553 25.64235888639576 43.802377944123045 43.75910722174921
1.0165634485136927 2350.4229774151527 0.03636363636363636 1.2482477177361277 3046.5800717860566 0.02857142857142857 swap_t 100 2899.3531267642975 12.325795620851158 36.8882076869816 9.90382780481897 14.333036863206553 26.385935297531802 43.802377944123045 43.75910722174921
1.0165634485136927 2350.4229774151527 0.03636363636363636 1.2619963699731305 3088.241860712426 0.02857142857142857 move_t 100 2913.9503207206726 12.325795620851158 37.52932561011178 9.90382780481897 14.333036863206553 26.385935297531802 43.802377944123045 43.75910722174921
1.0165634485136927 2350.4229774151527 0.03636363636363636 1.2511367349745572 3055.3345027162504 0.02857142857142857 t_move_k 100 2937.3554956912994 13.292537664642646 37.52932561011178 9.90382780481897 14.333036863206553 26.385935297531802 43.802377944123045 43.75910722174921
1.0165634485136927 2350.4229774151527 0.03636363636363636 1.2397998187832429 3024.5883005153323 0.03333333333333333 move_t 100 2953.050552368164 13.292537664642646 38.18403235401067 9.90382780481897 14.333036863206553 26.385935297531802 43.802377944123045 43.75910722174921
1.0165634485136927 2350.4229774151527 0.03636363636363636 1.2847997450708206 3157.3416810985946 0.02857142857142857 move_t 100 2975.980309486389 13.292537664642646 38.842192030470564 9.90382780481897 14.333036863206553 26.385935297531802 43.802377944123045 43.75910722174921
1.0165634485136927 2350.4229774151527 0.03636363636363636 1.287321804724131 3168.5915754183557 0.03333333333333333 move_t 100 2985.583223581314 13.292537664642646 39.523770110165856 9.90382780481897 14.333036863206553 26.385935297531802 43.802377944123045 43.75910722174921
1.0165634485136927 2350.4229774151527 0.03636363636363636 1.2714189785531411 3120.4021110368662 0.03333333333333333 move_t 100 2999.257027387619 13.292537664642646 40.1585324090642 9.90382780481897 14.333036863206553 26.385935297531802 43.802377944123045 43.75910722174921
1.0165634485136927 2350.4229774151527 0.03636363636363636 1.2939339712825189 3188.628062104676 0.03333333333333333 swap_t 100 3019.2625029087067 13.292537664642646 40.1585324090642 9.90382780481897 14.333036863206553 27.162075944556484 43.802377944123045 43.75910722174921
1.0165634485136927 2350.4229774151527 0.03636363636363636 1.2876498230143314 3169.5855513030274 0.03333333333333333 t_swap_r_k 100 3035.92590880394 13.292537664642646 40.1585324090642 9.90382780481897 14.333036863206553 27.162075944556484 44.40435416468181 43.75910722174921
1.0165634485136927 2350.4229774151527 0.03636363636363636 1.2759142912885182 3134.0240113592304 0.03333333333333333 t_multiswap_k 100 3048.250943660736 13.292537664642646 40.1585324090642 9.90382780481897 14.333036863206553 27.162075944556484 44.40435416468181 44.41151614953172
1.0165634485136927 2350.4229774151527 0.03636363636363636 1.261529926561698 3090.435857643638 0.03333333333333333 t_multiswap_k 100 3067.5268681049347 13.292537664642646 40.1585324090642 9.90382780481897 14.333036863206553 27.162075944556484 44.40435416468181 45.057400988036406
1.0165634485136927 2350.4229774151527 0.03636363636363636 1.2484612214970994 3050.8344754458312 0.03333333333333333 t_swap_r_k 100 3079.9317162036896 13.292537664642646 40.1585324090642 9.90382780481897 14.333036863206553 27.162075944556484 45.00031062303499 45.057400988036406
1.0165634485136927 2350.4229774151527 0.03636363636363636 1.2973040638268258 3070.3198664022166 0.014285714285714285 swap_t 100 3093.8947010040283 13.292537664642646 40.1585324090642 9.90382780481897 14.333036863206553 27.90045518511092 45.00031062303499 45.057400988036406
1.0165634485136927 2350.4229774151527 0.03636363636363636 1.2728444251157143 3116.3042157177338 0.02222222222222222 t_multiswap_k 100 3105.362597465515 13.292537664642646 40.1585324090642 9.90382780481897 14.333036863206553 27.90045518511092 45.00031062303499 45.69682697815604
1.0165634485136927 2350.4229774151527 0.03636363636363636 1.2642537573963804 3090.2723851724663 0.02222222222222222 t_swap_r_k 100 3124.7478477954865 13.292537664642646 40.1585324090642 9.90382780481897 14.333036863206553 27.90045518511092 45.59030751680464 45.69682697815604
1.0165634485136927 2350.4229774151527 0.03636363636363636 1.263931003445129 3089.2943615261925 0.02222222222222222 move_t 100 3145.969452381134 13.292537664642646 40.75694708497356 9.90382780481897 14.333036863206553 27.90045518511092 45.59030751680464 45.69682697815604
1.0165634485136927 2350.4229774151527 0.03636363636363636 1.263931003445129 3089.2943615261925 0.02222222222222222 t_swap_r_k 100 3163.266881465912 13.292537664642646 40.75694708497356 9.90382780481897 14.333036863206553 27.90045518511092 46.1744044416366 45.69682697815604
1.0165634485136927 2350.4229774151527 0.03636363636363636 1.2643868600415873 3090.6757188385277 0.02222222222222222 t_move_k 100 3177.633199453354 14.25961228799622 40.75694708497356 9.90382780481897 14.333036863206553 27.90045518511092 46.1744044416366 45.69682697815604
1.0165634485136927 2350.4229774151527 0.03636363636363636 1.2700518031978913 3107.8418862554786 0.02222222222222222 move_t 100 3191.192150115967 14.25961228799622 41.38937761412382 9.90382780481897 14.333036863206553 27.90045518511092 46.1744044416366 45.69682697815604
1.0165634485136927 2350.4229774151527 0.03636363636363636 1.267530529758502 3105.0117224333017 0.02857142857142857 f_swap_t 100 3217.4623510837555 14.25961228799622 41.38937761412382 9.90382780481897 15.219706494574488 27.90045518511092 46.1744044416366 45.69682697815604
1.0165634485136927 2350.4229774151527 0.03636363636363636 1.269910446508006 3090.5788446561846 0.0 t_swap_r_k 100 3235.1581308841705 14.25961228799622 41.38937761412382 9.90382780481897 15.219706494574488 27.90045518511092 46.75266039722023 45.69682697815604
1.0165634485136927 2350.4229774151527 0.03636363636363636 1.2865306241225132 3140.942059883259 0.0 move_t 100 3250.7534177303314 14.25961228799622 42.085483837982586 9.90382780481897 15.219706494574488 27.90045518511092 46.75266039722023 45.69682697815604
1.0165634485136927 2350.4229774151527 0.03636363636363636 1.2680281454143876 3096.529800244282 0.015384615384615385 move_t 100 3262.4388496875763 14.25961228799622 42.75462899960276 9.90382780481897 15.219706494574488 27.90045518511092 46.75266039722023 45.69682697815604
1.0165634485136927 2350.4229774151527 0.03636363636363636 1.263392785238532 3070.8287321781345 0.0 move_t 100 3273.6671895980835 14.25961228799622 43.38708270960673 9.90382780481897 15.219706494574488 27.90045518511092 46.75266039722023 45.69682697815604
1.0165634485136927 2350.4229774151527 0.03636363636363636 1.2706530205230933 3114.4736354205847 0.02857142857142857 move_t 100 3287.457197666168 14.25961228799622 44.08321188251066 9.90382780481897 15.219706494574488 27.90045518511092 46.75266039722023 45.69682697815604
1.0165634485136927 2350.4229774151527 0.03636363636363636 1.2588881803930934 3074.0133706359366 0.02222222222222222 move_t 100 3299.0581793785095 14.25961228799622 44.73237976368556 9.90382780481897 15.219706494574488 27.90045518511092 46.75266039722023 45.69682697815604
1.0165634485136927 2350.4229774151527 0.03636363636363636 1.2536615898751795 3058.175519244522 0.02222222222222222 move_t 100 3316.4757804870605 14.25961228799622 45.2850559660487 9.90382780481897 15.219706494574488 27.90045518511092 46.75266039722023 45.69682697815604
1.0165634485136927 2350.4229774151527 0.03636363636363636 1.2536615898751795 3058.175519244522 0.02222222222222222 t_multiswap_k 100 3323.2965836524963 14.25961228799622 45.2850559660487 9.90382780481897 15.219706494574488 27.90045518511092 46.75266039722023 46.23985870837448
1.0165634485136927 2350.4229774151527 0.03636363636363636 1.2491407836458288 3044.476367381671 0.02222222222222222 t_multiswap_k 100 3329.0900478363037 14.25961228799622 45.2850559660487 9.90382780481897 15.219706494574488 27.90045518511092 46.75266039722023 46.84746012129073
1.0165634485136927 2350.4229774151527 0.03636363636363636 1.2424706036715973 3024.264085814216 0.02222222222222222 t_swap_k 100 3342.2265944480896 14.25961228799622 45.2850559660487 10.804789526770781 15.219706494574488 27.90045518511092 46.75266039722023 46.84746012129073
1.0165634485136927 2350.4229774151527 0.03636363636363636 1.2424706036715973 3024.264085814216 0.02222222222222222 t_swap_r_k 100 3354.701573610306 14.25961228799622 45.2850559660487 10.804789526770781 15.219706494574488 27.90045518511092 47.32513379324803 46.84746012129073
1.0165634485136927 2350.4229774151527 0.03636363636363636 1.2424706036715973 3024.264085814216 0.02222222222222222 f_swap_t 100 3371.3853302001953 14.25961228799622 45.2850559660487 10.804789526770781 16.067509429628743 27.90045518511092 47.32513379324803 46.84746012129073
1.0165634485136927 2350.4229774151527 0.03636363636363636 1.2578076573270462 3075.5490338719374 0.02857142857142857 t_move_k 100 3383.0030329227448 15.257016165116257 45.2850559660487 10.804789526770781 16.067509429628743 27.90045518511092 47.32513379324803 46.84746012129073
1.0165634485136927 2350.4229774151527 0.03636363636363636 1.2529576616566869 3039.207747910502 0.0 t_swap_r_k 100 3402.373550891876 15.257016165116257 45.2850559660487 10.804789526770781 16.067509429628743 27.90045518511092 47.891882455315546 46.84746012129073
1.0165634485136927 2350.4229774151527 0.03636363636363636 1.2544997179194528 3055.5353463091715 0.015384615384615385 move_t 100 3413.6447808742523 15.257016165116257 45.90220540638821 10.804789526770781 16.067509429628743 27.90045518511092 47.891882455315546 46.84746012129073
1.0165634485136927 2350.4229774151527 0.03636363636363636 1.2433743351908904 3031.8125271964354 0.02857142857142857 move_t 100 3425.917517185211 15.257016165116257 46.50318335232433 10.804789526770781 16.067509429628743 27.90045518511092 47.891882455315546 46.84746012129073
1.0165634485136927 2350.4229774151527 0.03636363636363636 1.2433743351908904 3031.8125271964354 0.02857142857142857 f_swap_t 100 3441.448307275772 15.257016165116257 46.50318335232433 10.804789526770781 16.906834335332455 27.90045518511092 47.891882455315546 46.84746012129073
1.0165634485136927 2350.4229774151527 0.03636363636363636 1.2433743351908904 3031.8125271964354 0.02857142857142857 t_multiswap_k 100 3454.679060935974 15.257016165116257 46.50318335232433 10.804789526770781 16.906834335332455 27.90045518511092 47.891882455315546 47.378985520077826
1.0165634485136927 2350.4229774151527 0.03636363636363636 1.2421838590004142 3031.8125271964354 0.03333333333333333 t_swap_r_k 100 3469.3526163101196 15.257016165116257 46.50318335232433 10.804789526770781 16.906834335332455 27.90045518511092 48.48296363076239 47.378985520077826
1.0165634485136927 2350.4229774151527 0.03636363636363636 1.2499870536414919 3041.0283815817106 0.014285714285714285 move_t 100 3480.373101711273 15.257016165116257 47.118151518801085 10.804789526770781 16.906834335332455 27.90045518511092 48.48296363076239 47.378985520077826
1.0165634485136927 2350.4229774151527 0.03636363636363636 1.239539147682469 3020.1909682454525 0.02857142857142857 move_t 100 3491.90172624588 15.257016165116257 47.656970003613075 10.804789526770781 16.906834335332455 27.90045518511092 48.48296363076239 47.378985520077826
1.0165634485136927 2350.4229774151527 0.03636363636363636 1.2365671374965452 3000.362743655718 0.014285714285714285 t_swap_r_k 100 3501.8805553913116 15.257016165116257 47.656970003613075 10.804789526770781 16.906834335332455 27.90045518511092 49.03813399445477 47.378985520077826
1.0165634485136927 2350.4229774151527 0.03636363636363636 1.2365671374965452 3000.362743655718 0.014285714285714285 t_swap_r_k 100 3515.987186193466 15.257016165116257 47.656970003613075 10.804789526770781 16.906834335332455 27.90045518511092 49.58775265451022 47.378985520077826
1.0165634485136927 2350.4229774151527 0.03636363636363636 1.2365671374965452 3000.362743655718 0.014285714285714285 t_swap_r_k 100 3528.3832404613495 15.257016165116257 47.656970003613075 10.804789526770781 16.906834335332455 27.90045518511092 50.13187512796512 47.378985520077826
1.0165634485136927 2350.4229774151527 0.03636363636363636 1.2626800255726252 3083.3641891027014 0.0 move_t 100 3544.854620695114 15.257016165116257 48.260400303576944 10.804789526770781 16.906834335332455 27.90045518511092 50.13187512796512 47.378985520077826
1.0165634485136927 2350.4229774151527 0.03636363636363636 1.2458279507849785 3017.6029749972913 0.0 move_t 100 3563.1499421596527 15.257016165116257 48.83779630054117 10.804789526770781 16.906834335332455 27.90045518511092 50.13187512796512 47.378985520077826
1.0165634485136927 2350.4229774151527 0.03636363636363636 1.2427455356586545 3008.262501024815 0.0 f_swap_t 100 3581.60635137558 15.257016165116257 48.83779630054117 10.804789526770781 17.73776599197913 27.90045518511092 50.13187512796512 47.378985520077826
1.0165634485136927 2350.4229774151527 0.03636363636363636 1.2374414480912923 2992.1898145629593 0.0 t_move_k 100 3596.229041337967 16.134446003465094 48.83779630054117 10.804789526770781 17.73776599197913 27.90045518511092 50.13187512796512 47.378985520077826
1.0165634485136927 2350.4229774151527 0.03636363636363636 1.2594628590170622 3071.782457708803 0.0 swap_t 100 3611.0711307525635 16.134446003465094 48.83779630054117 10.804789526770781 17.73776599197913 28.691450633259812 50.13187512796512 47.378985520077826
1.0165634485136927 2350.4229774151527 0.03636363636363636 1.245355683437873 3016.1718890848133 0.0 t_swap_r_k 100 3628.9064297676086 16.134446003465094 48.83779630054117 10.804789526770781 17.73776599197913 28.691450633259812 50.67055637668547 47.378985520077826
1.0165634485136927 2350.4229774151527 0.03636363636363636 1.3168536091243415 3232.828142896079 0.0 move_t 100 3656.7172286510468 16.134446003465094 49.55941833753576 10.804789526770781 17.73776599197913 28.691450633259812 50.67055637668547 47.378985520077826