1
3 51 2 160

670.8041339662027
100 30
Neighbourhoods:
k_move_t t_move_k move_kt k_swap_t t_swap_k f_swap_kt swap_kt t_swap_r_k
5300.0 1600.0 2500.0 1400.0 2900.0 1800.0 2100.0 500.0
0.0 0.0 0.0 0.0 0.0 0.0 0.0 0.0
0.0 0.0 0.0 0.0 0.0 0.0 0.0 0.0
855.703125 224.578125 414.828125 219.0 430.15625 289.078125 335.515625 96.625
0.16145341981132075 0.140361328125 0.16593125 0.15642857142857142 0.14832974137931035 0.16059895833333335 0.15976934523809525 0.19325
0.0 0.0 0.0 0.0 0.0 0.0 0.0 0.0
0.0 0.0 0.0 0.0 0.0 0.0 0.0 0.0

Assigned customers matrix:
Vehicle 0:
0 51 18 47 0 0 0 0 0 0 0 0 0 0 0 0 0 0 0 0 0 0 0 0 0 0 0 0 0 0 0 0 0 0 0 0 0 0 0 0 0 0 0 0 0 0 0 0
0 4 13 41 40 19 42 15 37 5 0 0 0 0 0 0 0 0 0 0 0 0 0 0 0 0 0 0 0 0 0 0 0 0 0 0 0 0 0 0 0 0 0 0 0 0 0 0

Vehicle 1:
0 46 12 17 44 39 30 38 11 29 22 31 8 1 0 0 0 0 0 0 0 0 0 0 0 0 0 0 0 0 0 0 0 0 0 0 0 0 0 0 0 0 0 0 0 0 0 0
0 45 33 10 49 9 34 21 50 16 27 0 0 0 0 0 0 0 0 0 0 0 0 0 0 0 0 0 0 0 0 0 0 0 0 0 0 0 0 0 0 0 0 0 0 0 0 0

Vehicle 2:
0 6 14 25 24 43 7 48 0 0 0 0 0 0 0 0 0 0 0 0 0 0 0 0 0 0 0 0 0 0 0 0 0 0 0 0 0 0 0 0 0 0 0 0 0 0 0 0
0 32 2 20 35 36 3 28 26 23 0 0 0 0 0 0 0 0 0 0 0 0 0 0 0 0 0 0 0 0 0 0 0 0 0 0 0 0 0 0 0 0 0 0 0 0 0 0

Transported demand matrix:
158 160
158 159
143 159

Routes distance matrix:
32.261061940588554 121.75156467120873
174.30983455393644 127.03214466838983
93.67218573250138 121.77734239957776

Solution history:
0 670.8041339662027 0 0 0 0 0 3.0 3.0 3.0 3.0 3.0 3.0 3.0 3.0
0 670.8041339662027 0 0 k_move_t 100 0.1875 3.9699999999999998 3.0 3.0 3.0 3.0 3.0 3.0 3.0
0 670.8041339662027 0 0 swap_kt 100 0.453125 3.9699999999999998 3.0 3.0 3.0 3.0 3.0 3.9699999999999998 3.0
0 670.8041339662027 0 0 t_swap_k 100 0.671875 3.9699999999999998 3.0 3.0 3.0 3.9699999999999998 3.0 3.9699999999999998 3.0
0 670.8041339662027 0 0 t_swap_k 100 0.890625 3.9699999999999998 3.0 3.0 3.0 4.9303 3.0 3.9699999999999998 3.0
0 670.8041339662027 0 0 f_swap_kt 100 1.203125 3.9699999999999998 3.0 3.0 3.0 4.9303 3.9699999999999998 3.9699999999999998 3.0
0 670.8041339662027 0 0 k_swap_t 100 1.4375 3.9699999999999998 3.0 3.0 3.9699999999999998 4.9303 3.9699999999999998 3.9699999999999998 3.0
0 670.8041339662027 0 0 f_swap_kt 100 1.578125 3.9699999999999998 3.0 3.0 3.9699999999999998 4.9303 4.9303 3.9699999999999998 3.0
0 670.8041339662027 0 0 t_swap_k 100 1.796875 3.9699999999999998 3.0 3.0 3.9699999999999998 5.880997 4.9303 3.9699999999999998 3.0
0 670.8041339662027 0 0 f_swap_kt 100 2.03125 3.9699999999999998 3.0 3.0 3.9699999999999998 5.880997 5.880997 3.9699999999999998 3.0
0 670.8041339662027 0 0 k_swap_t 100 2.28125 3.9699999999999998 3.0 3.0 4.9303 5.880997 5.880997 3.9699999999999998 3.0
0 670.8041339662027 0 0 k_move_t 100 2.46875 4.9303 3.0 3.0 4.9303 5.880997 5.880997 3.9699999999999998 3.0
0 670.8041339662027 0 0 k_move_t 100 2.625 5.880997 3.0 3.0 4.9303 5.880997 5.880997 3.9699999999999998 3.0
0 670.8041339662027 0 0 move_kt 100 2.90625 5.880997 3.0 3.9699999999999998 4.9303 5.880997 5.880997 3.9699999999999998 3.0
0 670.8041339662027 0 0 f_swap_kt 100 3.09375 5.880997 3.0 3.9699999999999998 4.9303 5.880997 6.82218703 3.9699999999999998 3.0
0 670.8041339662027 0 0 move_kt 100 3.21875 5.880997 3.0 4.9303 4.9303 5.880997 6.82218703 3.9699999999999998 3.0
0 670.8041339662027 0 0 t_move_k 100 3.296875 5.880997 3.9699999999999998 4.9303 4.9303 5.880997 6.82218703 3.9699999999999998 3.0
0 670.8041339662027 0 0 t_move_k 100 3.34375 5.880997 4.9303 4.9303 4.9303 5.880997 6.82218703 3.9699999999999998 3.0
0 670.8041339662027 0 0 t_swap_k 100 3.515625 5.880997 4.9303 4.9303 4.9303 6.82218703 6.82218703 3.9699999999999998 3.0
0 670.8041339662027 0 0 k_move_t 100 3.734375 6.82218703 4.9303 4.9303 4.9303 6.82218703 6.82218703 3.9699999999999998 3.0
0 670.8041339662027 0 0 k_move_t 100 3.890625 7.7539651597 4.9303 4.9303 4.9303 6.82218703 6.82218703 3.9699999999999998 3.0
0 670.8041339662027 0 0 t_swap_k 100 4.0 7.7539651597 4.9303 4.9303 4.9303 7.7539651597 6.82218703 3.9699999999999998 3.0
0 670.8041339662027 0 0 t_swap_k 100 4.1875 7.7539651597 4.9303 4.9303 4.9303 8.676425508103 6.82218703 3.9699999999999998 3.0
0 670.8041339662027 0 0 move_kt 100 4.265625 7.7539651597 4.9303 5.880997 4.9303 8.676425508103 6.82218703 3.9699999999999998 3.0
0 670.8041339662027 0 0 k_move_t 100 4.390625 8.676425508103 4.9303 5.880997 4.9303 8.676425508103 6.82218703 3.9699999999999998 3.0
0 670.8041339662027 0 0 move_kt 100 4.515625 8.676425508103 4.9303 6.82218703 4.9303 8.676425508103 6.82218703 3.9699999999999998 3.0
0 670.8041339662027 0 0 swap_kt 100 4.796875 8.676425508103 4.9303 6.82218703 4.9303 8.676425508103 6.82218703 4.9303 3.0
0 670.8041339662027 0 0 move_kt 100 4.96875 8.676425508103 4.9303 7.7539651597 4.9303 8.676425508103 6.82218703 4.9303 3.0
0 670.8041339662027 0 0 t_move_k 100 5.078125 8.676425508103 5.880997 7.7539651597 4.9303 8.676425508103 6.82218703 4.9303 3.0
0 670.8041339662027 0 0 t_move_k 100 5.1875 8.676425508103 6.82218703 7.7539651597 4.9303 8.676425508103 6.82218703 4.9303 3.0
0 670.8041339662027 0 0 f_swap_kt 100 5.375 8.676425508103 6.82218703 7.7539651597 4.9303 8.676425508103 7.7539651597 4.9303 3.0
0 670.8041339662027 0 0 move_kt 100 5.609375 8.676425508103 6.82218703 8.676425508103 4.9303 8.676425508103 7.7539651597 4.9303 3.0
0 670.8041339662027 0 0 t_move_k 100 5.75 8.676425508103 7.7539651597 8.676425508103 4.9303 8.676425508103 7.7539651597 4.9303 3.0
0 670.8041339662027 0 0 k_move_t 100 5.921875 9.58966125302197 7.7539651597 8.676425508103 4.9303 8.676425508103 7.7539651597 4.9303 3.0
0 670.8041339662027 0 0 t_swap_k 100 6.046875 9.58966125302197 7.7539651597 8.676425508103 4.9303 9.58966125302197 7.7539651597 4.9303 3.0
0 670.8041339662027 0 0 swap_kt 100 6.3125 9.58966125302197 7.7539651597 8.676425508103 4.9303 9.58966125302197 7.7539651597 5.880997 3.0
0 670.8041339662027 0 0 t_move_k 100 6.453125 9.58966125302197 8.676425508103 8.676425508103 4.9303 9.58966125302197 7.7539651597 5.880997 3.0
0 670.8041339662027 0 0 swap_kt 100 6.625 9.58966125302197 8.676425508103 8.676425508103 4.9303 9.58966125302197 7.7539651597 6.82218703 3.0
0 670.8041339662027 0 0 k_move_t 100 6.828125 10.493764640491749 8.676425508103 8.676425508103 4.9303 9.58966125302197 7.7539651597 6.82218703 3.0
0 670.8041339662027 0 0 swap_kt 100 7.1875 10.493764640491749 8.676425508103 8.676425508103 4.9303 9.58966125302197 7.7539651597 7.7539651597 3.0
0 670.8041339662027 0 0 k_swap_t 100 7.390625 10.493764640491749 8.676425508103 8.676425508103 5.880997 9.58966125302197 7.7539651597 7.7539651597 3.0
0 670.8041339662027 0 0 k_move_t 100 7.5625 11.388826994086832 8.676425508103 8.676425508103 5.880997 9.58966125302197 7.7539651597 7.7539651597 3.0
0 670.8041339662027 0 0 move_kt 100 7.6875 11.388826994086832 8.676425508103 9.58966125302197 5.880997 9.58966125302197 7.7539651597 7.7539651597 3.0
0 670.8041339662027 0 0 k_move_t 100 7.84375 12.274938724145963 8.676425508103 9.58966125302197 5.880997 9.58966125302197 7.7539651597 7.7539651597 3.0
0 670.8041339662027 0 0 k_move_t 100 8.109375 13.152189336904504 8.676425508103 9.58966125302197 5.880997 9.58966125302197 7.7539651597 7.7539651597 3.0
0 670.8041339662027 0 0 k_move_t 100 8.296875 14.020667443535459 8.676425508103 9.58966125302197 5.880997 9.58966125302197 7.7539651597 7.7539651597 3.0
0 670.8041339662027 0 0 k_move_t 100 8.4375 14.880460769100104 8.676425508103 9.58966125302197 5.880997 9.58966125302197 7.7539651597 7.7539651597 3.0
0 670.8041339662027 0 0 k_move_t 100 8.59375 15.731656161409102 8.676425508103 9.58966125302197 5.880997 9.58966125302197 7.7539651597 7.7539651597 3.0
0 670.8041339662027 0 0 t_swap_k 100 8.765625 15.731656161409102 8.676425508103 9.58966125302197 5.880997 10.493764640491749 7.7539651597 7.7539651597 3.0
0 670.8041339662027 0 0 k_move_t 100 8.875 16.57433959979501 8.676425508103 9.58966125302197 5.880997 10.493764640491749 7.7539651597 7.7539651597 3.0
0 670.8041339662027 0 0 k_move_t 100 8.984375 17.40859620379706 8.676425508103 9.58966125302197 5.880997 10.493764640491749 7.7539651597 7.7539651597 3.0
0 670.8041339662027 0 0 k_move_t 100 9.0625 18.23451024175909 8.676425508103 9.58966125302197 5.880997 10.493764640491749 7.7539651597 7.7539651597 3.0
0 670.8041339662027 0 0 swap_kt 100 9.25 18.23451024175909 8.676425508103 9.58966125302197 5.880997 10.493764640491749 7.7539651597 8.676425508103 3.0
0 670.8041339662027 0 0 t_move_k 100 9.3125 18.23451024175909 9.58966125302197 9.58966125302197 5.880997 10.493764640491749 7.7539651597 8.676425508103 3.0
0 670.8041339662027 0 0 t_swap_k 100 9.46875 18.23451024175909 9.58966125302197 9.58966125302197 5.880997 11.388826994086832 7.7539651597 8.676425508103 3.0
0 670.8041339662027 0 0 move_kt 100 9.515625 18.23451024175909 9.58966125302197 10.493764640491749 5.880997 11.388826994086832 7.7539651597 8.676425508103 3.0
0 670.8041339662027 0 0 t_swap_r_k 100 10.34375 18.23451024175909 9.58966125302197 10.493764640491749 5.880997 11.388826994086832 7.7539651597 8.676425508103 3.9699999999999998
0 670.8041339662027 0 0 f_swap_kt 100 10.578125 18.23451024175909 9.58966125302197 10.493764640491749 5.880997 11.388826994086832 8.676425508103 8.676425508103 3.9699999999999998
0 670.8041339662027 0 0 k_move_t 100 10.75 19.052165139341497 9.58966125302197 10.493764640491749 5.880997 11.388826994086832 8.676425508103 8.676425508103 3.9699999999999998
0 670.8041339662027 0 0 k_move_t 100 10.875 19.861643487948083 9.58966125302197 10.493764640491749 5.880997 11.388826994086832 8.676425508103 8.676425508103 3.9699999999999998
0 670.8041339662027 0 0 k_move_t 100 10.984375 20.663027053068603 9.58966125302197 10.493764640491749 5.880997 11.388826994086832 8.676425508103 8.676425508103 3.9699999999999998
0 670.8041339662027 0 0 t_swap_k 100 11.203125 20.663027053068603 9.58966125302197 10.493764640491749 5.880997 12.274938724145963 8.676425508103 8.676425508103 3.9699999999999998
0 670.8041339662027 0 0 k_swap_t 100 11.484375 20.663027053068603 9.58966125302197 10.493764640491749 6.82218703 12.274938724145963 8.676425508103 8.676425508103 3.9699999999999998
0 670.8041339662027 0 0 t_swap_k 100 11.640625 20.663027053068603 9.58966125302197 10.493764640491749 6.82218703 13.152189336904504 8.676425508103 8.676425508103 3.9699999999999998
0 670.8041339662027 0 0 t_swap_k 100 11.75 20.663027053068603 9.58966125302197 10.493764640491749 6.82218703 14.020667443535459 8.676425508103 8.676425508103 3.9699999999999998
0 670.8041339662027 0 0 swap_kt 100 11.921875 20.663027053068603 9.58966125302197 10.493764640491749 6.82218703 14.020667443535459 8.676425508103 9.58966125302197 3.9699999999999998
0 670.8041339662027 0 0 t_move_k 100 11.953125 20.663027053068603 10.493764640491749 10.493764640491749 6.82218703 14.020667443535459 8.676425508103 9.58966125302197 3.9699999999999998
0 670.8041339662027 0 0 swap_kt 100 12.015625 20.663027053068603 10.493764640491749 10.493764640491749 6.82218703 14.020667443535459 8.676425508103 10.493764640491749 3.9699999999999998
0 670.8041339662027 0 0 k_move_t 100 12.125 21.45639678253792 10.493764640491749 10.493764640491749 6.82218703 14.020667443535459 8.676425508103 10.493764640491749 3.9699999999999998
0 670.8041339662027 0 0 t_swap_k 100 12.375 21.45639678253792 10.493764640491749 10.493764640491749 6.82218703 14.880460769100104 8.676425508103 10.493764640491749 3.9699999999999998
0 670.8041339662027 0 0 f_swap_kt 100 12.546875 21.45639678253792 10.493764640491749 10.493764640491749 6.82218703 14.880460769100104 9.58966125302197 10.493764640491749 3.9699999999999998
0 670.8041339662027 0 0 t_swap_k 100 12.765625 21.45639678253792 10.493764640491749 10.493764640491749 6.82218703 15.731656161409102 9.58966125302197 10.493764640491749 3.9699999999999998
0 670.8041339662027 0 0 move_kt 100 12.84375 21.45639678253792 10.493764640491749 11.388826994086832 6.82218703 15.731656161409102 9.58966125302197 10.493764640491749 3.9699999999999998
0 670.8041339662027 0 0 k_move_t 100 12.953125 22.241832814712538 10.493764640491749 11.388826994086832 6.82218703 15.731656161409102 9.58966125302197 10.493764640491749 3.9699999999999998
0 670.8041339662027 0 0 t_swap_k 100 13.1875 22.241832814712538 10.493764640491749 11.388826994086832 6.82218703 16.57433959979501 9.58966125302197 10.493764640491749 3.9699999999999998
0 670.8041339662027 0 0 k_move_t 100 13.359375 23.019414486565413 10.493764640491749 11.388826994086832 6.82218703 16.57433959979501 9.58966125302197 10.493764640491749 3.9699999999999998
0 670.8041339662027 0 0 f_swap_kt 100 13.578125 23.019414486565413 10.493764640491749 11.388826994086832 6.82218703 16.57433959979501 10.493764640491749 10.493764640491749 3.9699999999999998
0 670.8041339662027 0 0 move_kt 100 13.703125 23.019414486565413 10.493764640491749 12.274938724145963 6.82218703 16.57433959979501 10.493764640491749 10.493764640491749 3.9699999999999998
0 670.8041339662027 0 0 t_move_k 100 13.734375 23.019414486565413 11.388826994086832 12.274938724145963 6.82218703 16.57433959979501 10.493764640491749 10.493764640491749 3.9699999999999998
0 670.8041339662027 0 0 t_move_k 100 13.8125 23.019414486565413 12.274938724145963 12.274938724145963 6.82218703 16.57433959979501 10.493764640491749 10.493764640491749 3.9699999999999998
0 670.8041339662027 0 0 f_swap_kt 100 13.984375 23.019414486565413 12.274938724145963 12.274938724145963 6.82218703 16.57433959979501 11.388826994086832 10.493764640491749 3.9699999999999998
0 670.8041339662027 0 0 k_swap_t 100 14.140625 23.019414486565413 12.274938724145963 12.274938724145963 7.7539651597 16.57433959979501 11.388826994086832 10.493764640491749 3.9699999999999998
0 670.8041339662027 0 0 k_move_t 100 14.234375 23.78922034169976 12.274938724145963 12.274938724145963 7.7539651597 16.57433959979501 11.388826994086832 10.493764640491749 3.9699999999999998
0 670.8041339662027 0 0 swap_kt 100 14.40625 23.78922034169976 12.274938724145963 12.274938724145963 7.7539651597 16.57433959979501 11.388826994086832 11.388826994086832 3.9699999999999998
0 670.8041339662027 0 0 swap_kt 100 14.578125 23.78922034169976 12.274938724145963 12.274938724145963 7.7539651597 16.57433959979501 11.388826994086832 12.274938724145963 3.9699999999999998
0 670.8041339662027 0 0 swap_kt 100 14.78125 23.78922034169976 12.274938724145963 12.274938724145963 7.7539651597 16.57433959979501 11.388826994086832 13.152189336904504 3.9699999999999998
0 670.8041339662027 0 0 swap_kt 100 14.921875 23.78922034169976 12.274938724145963 12.274938724145963 7.7539651597 16.57433959979501 11.388826994086832 14.020667443535459 3.9699999999999998
0 670.8041339662027 0 0 swap_kt 100 15.0625 23.78922034169976 12.274938724145963 12.274938724145963 7.7539651597 16.57433959979501 11.388826994086832 14.880460769100104 3.9699999999999998
0 670.8041339662027 0 0 k_swap_t 100 15.234375 23.78922034169976 12.274938724145963 12.274938724145963 8.676425508103 16.57433959979501 11.388826994086832 14.880460769100104 3.9699999999999998
0 670.8041339662027 0 0 t_swap_r_k 100 15.890625 23.78922034169976 12.274938724145963 12.274938724145963 8.676425508103 16.57433959979501 11.388826994086832 14.880460769100104 4.9303
0 670.8041339662027 0 0 t_swap_k 100 16.109375 23.78922034169976 12.274938724145963 12.274938724145963 8.676425508103 17.40859620379706 11.388826994086832 14.880460769100104 4.9303
0 670.8041339662027 0 0 t_swap_k 100 16.265625 23.78922034169976 12.274938724145963 12.274938724145963 8.676425508103 18.23451024175909 11.388826994086832 14.880460769100104 4.9303
0 670.8041339662027 0 0 k_move_t 100 16.34375 24.551328138282763 12.274938724145963 12.274938724145963 8.676425508103 18.23451024175909 11.388826994086832 14.880460769100104 4.9303
0 670.8041339662027 0 0 move_kt 100 16.4375 24.551328138282763 12.274938724145963 13.152189336904504 8.676425508103 18.23451024175909 11.388826994086832 14.880460769100104 4.9303
0 670.8041339662027 0 0 k_move_t 100 16.59375 25.305814856899936 12.274938724145963 13.152189336904504 8.676425508103 18.23451024175909 11.388826994086832 14.880460769100104 4.9303
0 670.8041339662027 0 0 k_move_t 100 16.640625 26.052756708330936 12.274938724145963 13.152189336904504 8.676425508103 18.23451024175909 11.388826994086832 14.880460769100104 4.9303
0 670.8041339662027 0 0 k_move_t 100 16.8125 26.792229141247628 12.274938724145963 13.152189336904504 8.676425508103 18.23451024175909 11.388826994086832 14.880460769100104 4.9303
0 670.8041339662027 0 0 k_move_t 100 17.046875 27.524306849835153 12.274938724145963 13.152189336904504 8.676425508103 18.23451024175909 11.388826994086832 14.880460769100104 4.9303
0 670.8041339662027 0 0 k_swap_t 100 17.28125 27.524306849835153 12.274938724145963 13.152189336904504 9.58966125302197 18.23451024175909 11.388826994086832 14.880460769100104 4.9303
0 670.8041339662027 0 0 t_swap_k 100 17.46875 27.524306849835153 12.274938724145963 13.152189336904504 9.58966125302197 19.052165139341497 11.388826994086832 14.880460769100104 4.9303
0 670.8041339662027 0 0 move_kt 100 17.53125 27.524306849835153 12.274938724145963 14.020667443535459 9.58966125302197 19.052165139341497 11.388826994086832 14.880460769100104 4.9303
0 670.8041339662027 0 0 k_move_t 100 17.71875 28.2490637813368 12.274938724145963 14.020667443535459 9.58966125302197 19.052165139341497 11.388826994086832 14.880460769100104 4.9303
0 670.8041339662027 0 0 k_swap_t 100 17.9375 28.2490637813368 12.274938724145963 14.020667443535459 10.493764640491749 19.052165139341497 11.388826994086832 14.880460769100104 4.9303
0 670.8041339662027 0 0 move_kt 100 18.0 28.2490637813368 12.274938724145963 14.880460769100104 10.493764640491749 19.052165139341497 11.388826994086832 14.880460769100104 4.9303
0 670.8041339662027 0 0 k_move_t 100 18.140625 28.966573143523433 12.274938724145963 14.880460769100104 10.493764640491749 19.052165139341497 11.388826994086832 14.880460769100104 4.9303
0 670.8041339662027 0 0 k_move_t 100 18.203125 29.676907412088198 12.274938724145963 14.880460769100104 10.493764640491749 19.052165139341497 11.388826994086832 14.880460769100104 4.9303
0 670.8041339662027 0 0 f_swap_kt 100 18.375 29.676907412088198 12.274938724145963 14.880460769100104 10.493764640491749 19.052165139341497 12.274938724145963 14.880460769100104 4.9303
0 670.8041339662027 0 0 t_swap_k 100 18.546875 29.676907412088198 12.274938724145963 14.880460769100104 10.493764640491749 19.861643487948083 12.274938724145963 14.880460769100104 4.9303
0 670.8041339662027 0 0 t_swap_k 100 18.703125 29.676907412088198 12.274938724145963 14.880460769100104 10.493764640491749 20.663027053068603 12.274938724145963 14.880460769100104 4.9303
0 670.8041339662027 0 0 k_move_t 100 18.875 30.380138337967317 12.274938724145963 14.880460769100104 10.493764640491749 20.663027053068603 12.274938724145963 14.880460769100104 4.9303
0 670.8041339662027 0 0 t_swap_r_k 100 19.765625 30.380138337967317 12.274938724145963 14.880460769100104 10.493764640491749 20.663027053068603 12.274938724145963 14.880460769100104 5.880997
0 670.8041339662027 0 0 t_swap_r_k 100 20.453125 30.380138337967317 12.274938724145963 14.880460769100104 10.493764640491749 20.663027053068603 12.274938724145963 14.880460769100104 6.82218703
0 670.8041339662027 0 0 k_swap_t 100 20.765625 30.380138337967317 12.274938724145963 14.880460769100104 11.388826994086832 20.663027053068603 12.274938724145963 14.880460769100104 6.82218703
0 670.8041339662027 0 0 k_move_t 100 20.875 31.076336954587642 12.274938724145963 14.880460769100104 11.388826994086832 20.663027053068603 12.274938724145963 14.880460769100104 6.82218703
0 670.8041339662027 0 0 k_swap_t 100 21.125 31.076336954587642 12.274938724145963 14.880460769100104 12.274938724145963 20.663027053068603 12.274938724145963 14.880460769100104 6.82218703
0 670.8041339662027 0 0 swap_kt 100 21.265625 31.076336954587642 12.274938724145963 14.880460769100104 12.274938724145963 20.663027053068603 12.274938724145963 15.731656161409102 6.82218703
0 670.8041339662027 0 0 f_swap_kt 100 21.359375 31.076336954587642 12.274938724145963 14.880460769100104 12.274938724145963 20.663027053068603 13.152189336904504 15.731656161409102 6.82218703
0 670.8041339662027 0 0 k_move_t 100 21.4375 31.765573585041764 12.274938724145963 14.880460769100104 12.274938724145963 20.663027053068603 13.152189336904504 15.731656161409102 6.82218703
0 670.8041339662027 0 0 k_swap_t 100 21.65625 31.765573585041764 12.274938724145963 14.880460769100104 13.152189336904504 20.663027053068603 13.152189336904504 15.731656161409102 6.82218703
0 670.8041339662027 0 0 move_kt 100 21.703125 31.765573585041764 12.274938724145963 15.731656161409102 13.152189336904504 20.663027053068603 13.152189336904504 15.731656161409102 6.82218703
0 670.8041339662027 0 0 t_move_k 100 21.75 31.765573585041764 13.152189336904504 15.731656161409102 13.152189336904504 20.663027053068603 13.152189336904504 15.731656161409102 6.82218703
0 670.8041339662027 0 0 k_swap_t 100 21.921875 31.765573585041764 13.152189336904504 15.731656161409102 14.020667443535459 20.663027053068603 13.152189336904504 15.731656161409102 6.82218703
0 670.8041339662027 0 0 k_move_t 100 22.0 32.44791784919135 13.152189336904504 15.731656161409102 14.020667443535459 20.663027053068603 13.152189336904504 15.731656161409102 6.82218703
0 670.8041339662027 0 0 move_kt 100 22.09375 32.44791784919135 13.152189336904504 16.57433959979501 14.020667443535459 20.663027053068603 13.152189336904504 15.731656161409102 6.82218703
0 670.8041339662027 0 0 move_kt 100 22.203125 32.44791784919135 13.152189336904504 17.40859620379706 14.020667443535459 20.663027053068603 13.152189336904504 15.731656161409102 6.82218703
0 670.8041339662027 0 0 move_kt 100 22.3125 32.44791784919135 13.152189336904504 18.23451024175909 14.020667443535459 20.663027053068603 13.152189336904504 15.731656161409102 6.82218703
0 670.8041339662027 0 0 t_move_k 100 22.390625 32.44791784919135 14.020667443535459 18.23451024175909 14.020667443535459 20.663027053068603 13.152189336904504 15.731656161409102 6.82218703
0 670.8041339662027 0 0 t_swap_k 100 22.484375 32.44791784919135 14.020667443535459 18.23451024175909 14.020667443535459 21.45639678253792 13.152189336904504 15.731656161409102 6.82218703
0 670.8041339662027 0 0 move_kt 100 22.65625 32.44791784919135 14.020667443535459 19.052165139341497 14.020667443535459 21.45639678253792 13.152189336904504 15.731656161409102 6.82218703
0 670.8041339662027 0 0 k_swap_t 100 22.765625 32.44791784919135 14.020667443535459 19.052165139341497 14.880460769100104 21.45639678253792 13.152189336904504 15.731656161409102 6.82218703
0 670.8041339662027 0 0 k_move_t 100 22.890625 33.123438670699436 14.020667443535459 19.052165139341497 14.880460769100104 21.45639678253792 13.152189336904504 15.731656161409102 6.82218703
0 670.8041339662027 0 0 t_move_k 100 22.9375 33.123438670699436 14.880460769100104 19.052165139341497 14.880460769100104 21.45639678253792 13.152189336904504 15.731656161409102 6.82218703
0 670.8041339662027 0 0 t_swap_k 100 23.09375 33.123438670699436 14.880460769100104 19.052165139341497 14.880460769100104 22.241832814712538 13.152189336904504 15.731656161409102 6.82218703
0 670.8041339662027 0 0 k_move_t 100 23.203125 33.79220428399244 14.880460769100104 19.052165139341497 14.880460769100104 22.241832814712538 13.152189336904504 15.731656161409102 6.82218703
0 670.8041339662027 0 0 swap_kt 100 23.3125 33.79220428399244 14.880460769100104 19.052165139341497 14.880460769100104 22.241832814712538 13.152189336904504 16.57433959979501 6.82218703
0 670.8041339662027 0 0 k_move_t 100 23.34375 34.45428224115251 14.880460769100104 19.052165139341497 14.880460769100104 22.241832814712538 13.152189336904504 16.57433959979501 6.82218703
0 670.8041339662027 0 0 k_swap_t 100 23.578125 34.45428224115251 14.880460769100104 19.052165139341497 15.731656161409102 22.241832814712538 13.152189336904504 16.57433959979501 6.82218703
0 670.8041339662027 0 0 t_swap_k 100 23.828125 34.45428224115251 14.880460769100104 19.052165139341497 15.731656161409102 23.019414486565413 13.152189336904504 16.57433959979501 6.82218703
0 670.8041339662027 0 0 k_move_t 100 23.96875 35.109739418740986 14.880460769100104 19.052165139341497 15.731656161409102 23.019414486565413 13.152189336904504 16.57433959979501 6.82218703
0 670.8041339662027 0 0 k_move_t 100 24.03125 35.75864202455357 14.880460769100104 19.052165139341497 15.731656161409102 23.019414486565413 13.152189336904504 16.57433959979501 6.82218703
0 670.8041339662027 0 0 k_move_t 100 24.09375 36.401055604308034 14.880460769100104 19.052165139341497 15.731656161409102 23.019414486565413 13.152189336904504 16.57433959979501 6.82218703
0 670.8041339662027 0 0 t_swap_k 100 24.234375 36.401055604308034 14.880460769100104 19.052165139341497 15.731656161409102 23.78922034169976 13.152189336904504 16.57433959979501 6.82218703
0 670.8041339662027 0 0 t_move_k 100 24.25 36.401055604308034 15.731656161409102 19.052165139341497 15.731656161409102 23.78922034169976 13.152189336904504 16.57433959979501 6.82218703
0 670.8041339662027 0 0 move_kt 100 24.34375 36.401055604308034 15.731656161409102 19.861643487948083 15.731656161409102 23.78922034169976 13.152189336904504 16.57433959979501 6.82218703
0 670.8041339662027 0 0 k_move_t 100 24.390625 37.03704504826496 15.731656161409102 19.861643487948083 15.731656161409102 23.78922034169976 13.152189336904504 16.57433959979501 6.82218703
0 670.8041339662027 0 0 swap_kt 100 24.53125 37.03704504826496 15.731656161409102 19.861643487948083 15.731656161409102 23.78922034169976 13.152189336904504 17.40859620379706 6.82218703
0 670.8041339662027 0 0 t_swap_k 100 24.71875 37.03704504826496 15.731656161409102 19.861643487948083 15.731656161409102 24.551328138282763 13.152189336904504 17.40859620379706 6.82218703
0 670.8041339662027 0 0 move_kt 100 24.796875 37.03704504826496 15.731656161409102 20.663027053068603 15.731656161409102 24.551328138282763 13.152189336904504 17.40859620379706 6.82218703
0 670.8041339662027 0 0 f_swap_kt 100 24.96875 37.03704504826496 15.731656161409102 20.663027053068603 15.731656161409102 24.551328138282763 14.020667443535459 17.40859620379706 6.82218703
0 670.8041339662027 0 0 f_swap_kt 100 25.171875 37.03704504826496 15.731656161409102 20.663027053068603 15.731656161409102 24.551328138282763 14.880460769100104 17.40859620379706 6.82218703
0 670.8041339662027 0 0 swap_kt 100 25.265625 37.03704504826496 15.731656161409102 20.663027053068603 15.731656161409102 24.551328138282763 14.880460769100104 18.23451024175909 6.82218703
0 670.8041339662027 0 0 f_swap_kt 100 25.390625 37.03704504826496 15.731656161409102 20.663027053068603 15.731656161409102 24.551328138282763 15.731656161409102 18.23451024175909 6.82218703
0 670.8041339662027 0 0 move_kt 100 25.4375 37.03704504826496 15.731656161409102 21.45639678253792 15.731656161409102 24.551328138282763 15.731656161409102 18.23451024175909 6.82218703
0 670.8041339662027 0 0 k_move_t 100 25.578125 37.66667459778231 15.731656161409102 21.45639678253792 15.731656161409102 24.551328138282763 15.731656161409102 18.23451024175909 6.82218703
0 670.8041339662027 0 0 f_swap_kt 100 25.734375 37.66667459778231 15.731656161409102 21.45639678253792 15.731656161409102 24.551328138282763 16.57433959979501 18.23451024175909 6.82218703
0 670.8041339662027 0 0 move_kt 100 25.875 37.66667459778231 15.731656161409102 22.241832814712538 15.731656161409102 24.551328138282763 16.57433959979501 18.23451024175909 6.82218703
0 670.8041339662027 0 0 t_swap_k 100 26.15625 37.66667459778231 15.731656161409102 22.241832814712538 15.731656161409102 25.305814856899936 16.57433959979501 18.23451024175909 6.82218703
0 670.8041339662027 0 0 move_kt 100 26.25 37.66667459778231 15.731656161409102 23.019414486565413 15.731656161409102 25.305814856899936 16.57433959979501 18.23451024175909 6.82218703
0 670.8041339662027 0 0 f_swap_kt 100 26.453125 37.66667459778231 15.731656161409102 23.019414486565413 15.731656161409102 25.305814856899936 17.40859620379706 18.23451024175909 6.82218703
0 670.8041339662027 0 0 swap_kt 100 26.546875 37.66667459778231 15.731656161409102 23.019414486565413 15.731656161409102 25.305814856899936 17.40859620379706 19.052165139341497 6.82218703
0 670.8041339662027 0 0 k_move_t 100 26.6875 38.29000785180449 15.731656161409102 23.019414486565413 15.731656161409102 25.305814856899936 17.40859620379706 19.052165139341497 6.82218703
0 670.8041339662027 0 0 swap_kt 100 26.9375 38.29000785180449 15.731656161409102 23.019414486565413 15.731656161409102 25.305814856899936 17.40859620379706 19.861643487948083 6.82218703
0 670.8041339662027 0 0 k_move_t 100 27.015625 38.90710777328644 15.731656161409102 23.019414486565413 15.731656161409102 25.305814856899936 17.40859620379706 19.861643487948083 6.82218703
0 670.8041339662027 0 0 t_move_k 100 27.03125 38.90710777328644 16.57433959979501 23.019414486565413 15.731656161409102 25.305814856899936 17.40859620379706 19.861643487948083 6.82218703
0 670.8041339662027 0 0 swap_kt 100 27.3125 38.90710777328644 16.57433959979501 23.019414486565413 15.731656161409102 25.305814856899936 17.40859620379706 20.663027053068603 6.82218703
0 670.8041339662027 0 0 t_swap_k 100 27.453125 38.90710777328644 16.57433959979501 23.019414486565413 15.731656161409102 26.052756708330936 17.40859620379706 20.663027053068603 6.82218703
0 670.8041339662027 0 0 k_move_t 100 27.546875 39.518036695553576 16.57433959979501 23.019414486565413 15.731656161409102 26.052756708330936 17.40859620379706 20.663027053068603 6.82218703
0 670.8041339662027 0 0 k_move_t 100 27.6875 40.12285632859804 16.57433959979501 23.019414486565413 15.731656161409102 26.052756708330936 17.40859620379706 20.663027053068603 6.82218703
0 670.8041339662027 0 0 move_kt 100 27.8125 40.12285632859804 16.57433959979501 23.78922034169976 15.731656161409102 26.052756708330936 17.40859620379706 20.663027053068603 6.82218703
0 670.8041339662027 0 0 swap_kt 100 28.03125 40.12285632859804 16.57433959979501 23.78922034169976 15.731656161409102 26.052756708330936 17.40859620379706 21.45639678253792 6.82218703
0 670.8041339662027 0 0 move_kt 100 28.140625 40.12285632859804 16.57433959979501 24.551328138282763 15.731656161409102 26.052756708330936 17.40859620379706 21.45639678253792 6.82218703
0 670.8041339662027 0 0 k_move_t 100 28.25 40.72162776531206 16.57433959979501 24.551328138282763 15.731656161409102 26.052756708330936 17.40859620379706 21.45639678253792 6.82218703
0 670.8041339662027 0 0 t_move_k 100 28.296875 40.72162776531206 17.40859620379706 24.551328138282763 15.731656161409102 26.052756708330936 17.40859620379706 21.45639678253792 6.82218703
0 670.8041339662027 0 0 k_move_t 100 28.421875 41.31441148765894 17.40859620379706 24.551328138282763 15.731656161409102 26.052756708330936 17.40859620379706 21.45639678253792 6.82218703
0 670.8041339662027 0 0 k_move_t 100 28.578125 41.90126737278235 17.40859620379706 24.551328138282763 15.731656161409102 26.052756708330936 17.40859620379706 21.45639678253792 6.82218703
0 670.8041339662027 0 0 f_swap_kt 100 28.71875 41.90126737278235 17.40859620379706 24.551328138282763 15.731656161409102 26.052756708330936 18.23451024175909 21.45639678253792 6.82218703
0 670.8041339662027 0 0 f_swap_kt 100 28.9375 41.90126737278235 17.40859620379706 24.551328138282763 15.731656161409102 26.052756708330936 19.052165139341497 21.45639678253792 6.82218703
0 670.8041339662027 0 0 k_move_t 100 29.046875 42.48225469905453 17.40859620379706 24.551328138282763 15.731656161409102 26.052756708330936 19.052165139341497 21.45639678253792 6.82218703
0 670.8041339662027 0 0 k_move_t 100 29.1875 43.05743215206398 17.40859620379706 24.551328138282763 15.731656161409102 26.052756708330936 19.052165139341497 21.45639678253792 6.82218703
0 670.8041339662027 0 0 t_swap_k 100 29.34375 43.05743215206398 17.40859620379706 24.551328138282763 15.731656161409102 26.792229141247628 19.052165139341497 21.45639678253792 6.82218703
0 670.8041339662027 0 0 t_swap_k 100 29.484375 43.05743215206398 17.40859620379706 24.551328138282763 15.731656161409102 27.524306849835153 19.052165139341497 21.45639678253792 6.82218703
0 670.8041339662027 0 0 t_swap_r_k 100 30.171875 43.05743215206398 17.40859620379706 24.551328138282763 15.731656161409102 27.524306849835153 19.052165139341497 21.45639678253792 7.7539651597