5
6 75 5 140

2259.7951466405502
100 30
Neighbourhoods:
k_move_t t_move_k move_kt k_swap_t t_swap_k f_swap_kt swap_kt t_swap_r_k
200.0 100.0 200.0 300.0 0.0 200.0 100.0 700.0
0.0 0.0 0.0 0.0 0.0 0.0 0.0 0.0
0.0 0.0 0.0 0.0 0.0 0.0 0.0 0.0
3.078125 8.1875 22.125 58.28125 0.0 42.453125 24.15625 107.375
0.015390625 0.081875 0.110625 0.19427083333333334 0.0 0.212265625 0.2415625 0.15339285714285714
0.0 0.0 0.0 0.0 0.0 0.0 0.0 0.0
0.0 0.0 0.0 0.0 0.0 0.0 0.0 0.0

Assigned customers matrix:
Vehicle 0:
0 73 1 64 56 23 49 24 32 0 0 0 0 0 0 0 0 0 0 0 0 0 0 0 0 0 0 0 0 0 0 0 0 0 0 0 0 0 0 0 0 0 0 0 0 0 0 0 0 0 0 0 0 0
0 9 31 65 38 58 26 0 0 0 0 0 0 0 0 0 0 0 0 0 0 0 0 0 0 0 0 0 0 0 0 0 0 0 0 0 0 0 0 0 0 0 0 0 0 0 0 0 0 0 0 0 0 0
0 16 24 56 64 42 1 6 0 0 0 0 0 0 0 0 0 0 0 0 0 0 0 0 0 0 0 0 0 0 0 0 0 0 0 0 0 0 0 0 0 0 0 0 0 0 0 0 0 0 0 0 0 0
0 53 14 11 66 38 58 0 0 0 0 0 0 0 0 0 0 0 0 0 0 0 0 0 0 0 0 0 0 0 0 0 0 0 0 0 0 0 0 0 0 0 0 0 0 0 0 0 0 0 0 0 0 0
0 63 41 64 22 28 21 69 74 2 68 0 0 0 0 0 0 0 0 0 0 0 0 0 0 0 0 0 0 0 0 0 0 0 0 0 0 0 0 0 0 0 0 0 0 0 0 0 0 0 0 0 0 0

Vehicle 1:
0 12 9 40 17 0 0 0 0 0 0 0 0 0 0 0 0 0 0 0 0 0 0 0 0 0 0 0 0 0 0 0 0 0 0 0 0 0 0 0 0 0 0 0 0 0 0 0 0 0 0 0 0 0
0 33 43 64 28 62 0 0 0 0 0 0 0 0 0 0 0 0 0 0 0 0 0 0 0 0 0 0 0 0 0 0 0 0 0 0 0 0 0 0 0 0 0 0 0 0 0 0 0 0 0 0 0 0
0 52 54 14 59 66 11 0 0 0 0 0 0 0 0 0 0 0 0 0 0 0 0 0 0 0 0 0 0 0 0 0 0 0 0 0 0 0 0 0 0 0 0 0 0 0 0 0 0 0 0 0 0 0
0 40 33 43 64 28 62 0 0 0 0 0 0 0 0 0 0 0 0 0 0 0 0 0 0 0 0 0 0 0 0 0 0 0 0 0 0 0 0 0 0 0 0 0 0 0 0 0 0 0 0 0 0 0
0 67 52 54 13 57 15 4 0 0 0 0 0 0 0 0 0 0 0 0 0 0 0 0 0 0 0 0 0 0 0 0 0 0 0 0 0 0 0 0 0 0 0 0 0 0 0 0 0 0 0 0 0 0

Vehicle 2:
0 29 20 60 47 21 28 6 0 0 0 0 0 0 0 0 0 0 0 0 0 0 0 0 0 0 0 0 0 0 0 0 0 0 0 0 0 0 0 0 0 0 0 0 0 0 0 0 0 0 0 0 0 0
0 30 48 21 70 37 5 4 0 0 0 0 0 0 0 0 0 0 0 0 0 0 0 0 0 0 0 0 0 0 0 0 0 0 0 0 0 0 0 0 0 0 0 0 0 0 0 0 0 0 0 0 0 0
0 45 27 20 47 21 61 28 2 0 0 0 0 0 0 0 0 0 0 0 0 0 0 0 0 0 0 0 0 0 0 0 0 0 0 0 0 0 0 0 0 0 0 0 0 0 0 0 0 0 0 0 0 0
0 30 48 21 36 71 5 4 67 0 0 0 0 0 0 0 0 0 0 0 0 0 0 0 0 0 0 0 0 0 0 0 0 0 0 0 0 0 0 0 0 0 0 0 0 0 0 0 0 0 0 0 0 0
0 11 66 14 35 0 0 0 0 0 0 0 0 0 0 0 0 0 0 0 0 0 0 0 0 0 0 0 0 0 0 0 0 0 0 0 0 0 0 0 0 0 0 0 0 0 0 0 0 0 0 0 0 0

Vehicle 3:
0 67 7 27 45 4 75 0 0 0 0 0 0 0 0 0 0 0 0 0 0 0 0 0 0 0 0 0 0 0 0 0 0 0 0 0 0 0 0 0 0 0 0 0 0 0 0 0 0 0 0 0 0 0
0 8 14 66 11 53 0 0 0 0 0 0 0 0 0 0 0 0 0 0 0 0 0 0 0 0 0 0 0 0 0 0 0 0 0 0 0 0 0 0 0 0 0 0 0 0 0 0 0 0 0 0 0 0
0 10 39 9 12 0 0 0 0 0 0 0 0 0 0 0 0 0 0 0 0 0 0 0 0 0 0 0 0 0 0 0 0 0 0 0 0 0 0 0 0 0 0 0 0 0 0 0 0 0 0 0 0 0
0 8 46 34 0 0 0 0 0 0 0 0 0 0 0 0 0 0 0 0 0 0 0 0 0 0 0 0 0 0 0 0 0 0 0 0 0 0 0 0 0 0 0 0 0 0 0 0 0 0 0 0 0 0
0 72 10 39 55 9 40 0 0 0 0 0 0 0 0 0 0 0 0 0 0 0 0 0 0 0 0 0 0 0 0 0 0 0 0 0 0 0 0 0 0 0 0 0 0 0 0 0 0 0 0 0 0 0

Vehicle 4:
0 11 66 59 14 19 0 0 0 0 0 0 0 0 0 0 0 0 0 0 0 0 0 0 0 0 0 0 0 0 0 0 0 0 0 0 0 0 0 0 0 0 0 0 0 0 0 0 0 0 0 0 0 0
0 40 32 50 18 0 0 0 0 0 0 0 0 0 0 0 0 0 0 0 0 0 0 0 0 0 0 0 0 0 0 0 0 0 0 0 0 0 0 0 0 0 0 0 0 0 0 0 0 0 0 0 0 0
0 17 40 32 44 0 0 0 0 0 0 0 0 0 0 0 0 0 0 0 0 0 0 0 0 0 0 0 0 0 0 0 0 0 0 0 0 0 0 0 0 0 0 0 0 0 0 0 0 0 0 0 0 0
0 26 9 31 25 50 32 0 0 0 0 0 0 0 0 0 0 0 0 0 0 0 0 0 0 0 0 0 0 0 0 0 0 0 0 0 0 0 0 0 0 0 0 0 0 0 0 0 0 0 0 0 0 0
0 32 44 3 16 51 0 0 0 0 0 0 0 0 0 0 0 0 0 0 0 0 0 0 0 0 0 0 0 0 0 0 0 0 0 0 0 0 0 0 0 0 0 0 0 0 0 0 0 0 0 0 0 0

Vehicle 5:
0 0 0 0 0 0 0 0 0 0 0 0 0 0 0 0 0 0 0 0 0 0 0 0 0 0 0 0 0 0 0 0 0 0 0 0 0 0 0 0 0 0 0 0 0 0 0 0 0 0 0 0 0 0
0 34 46 67 0 0 0 0 0 0 0 0 0 0 0 0 0 0 0 0 0 0 0 0 0 0 0 0 0 0 0 0 0 0 0 0 0 0 0 0 0 0 0 0 0 0 0 0 0 0 0 0 0 0
0 67 4 75 0 0 0 0 0 0 0 0 0 0 0 0 0 0 0 0 0 0 0 0 0 0 0 0 0 0 0 0 0 0 0 0 0 0 0 0 0 0 0 0 0 0 0 0 0 0 0 0 0 0
0 0 0 0 0 0 0 0 0 0 0 0 0 0 0 0 0 0 0 0 0 0 0 0 0 0 0 0 0 0 0 0 0 0 0 0 0 0 0 0 0 0 0 0 0 0 0 0 0 0 0 0 0 0
0 0 0 0 0 0 0 0 0 0 0 0 0 0 0 0 0 0 0 0 0 0 0 0 0 0 0 0 0 0 0 0 0 0 0 0 0 0 0 0 0 0 0 0 0 0 0 0 0 0 0 0 0 0

Transported demand matrix:
117 119 132 139 134
136 97 132 124 123
137 124 134 133 121
139 126 128 121 137
131 110 96 136 94
0 118 76 0 0

Routes distance matrix:
129.5004364618605 95.58372726946182 120.15694312435463 88.46327204650792 134.02540906406455
48.74396003498089 97.57152671957141 106.57620700081293 115.28672685496946 76.49210532458247
108.02241370553159 94.28362558884173 111.01657597794608 93.7816309866315 80.17350897828052
53.441557409864146 83.46689857792339 65.90964996769512 33.047456278341684 105.8558426331581
94.73875252015466 71.18743955993722 49.02901306779654 100.15691750110629 58.8919875872721
0.0 23.621232784634294 20.77032961426901 0.0 0.0

Solution history:
0 2259.7951466405502 0 0 0 0 0 3.0 3.0 3.0 3.0 3.0 3.0 3.0 3.0
0 2259.7951466405502 0 0 k_move_t 100 1.140625 3.9699999999999998 3.0 3.0 3.0 3.0 3.0 3.0 3.0
0 2259.7951466405502 0 0 k_move_t 100 1.9375 4.9303 3.0 3.0 3.0 3.0 3.0 3.0 3.0
0 2259.7951466405502 0 0 t_swap_r_k 100 4.015625 4.9303 3.0 3.0 3.0 3.0 3.0 3.0 3.9699999999999998
0 2259.7951466405502 0 0 t_swap_r_k 100 6.0625 4.9303 3.0 3.0 3.0 3.0 3.0 3.0 4.9303
0 2259.7951466405502 0 0 move_kt 100 7.234375 4.9303 3.0 3.9699999999999998 3.0 3.0 3.0 3.0 4.9303
0 2259.7951466405502 0 0 t_move_k 100 8.1875 4.9303 3.9699999999999998 3.9699999999999998 3.0 3.0 3.0 3.0 4.9303
0 2259.7951466405502 0 0 k_swap_t 100 10.328125 4.9303 3.9699999999999998 3.9699999999999998 3.9699999999999998 3.0 3.0 3.0 4.9303
0 2259.7951466405502 0 0 t_swap_r_k 100 12.25 4.9303 3.9699999999999998 3.9699999999999998 3.9699999999999998 3.0 3.0 3.0 5.880997
0 2259.7951466405502 0 0 t_swap_r_k 100 14.109375 4.9303 3.9699999999999998 3.9699999999999998 3.9699999999999998 3.0 3.0 3.0 6.82218703
0 2259.7951466405502 0 0 move_kt 100 14.890625 4.9303 3.9699999999999998 4.9303 3.9699999999999998 3.0 3.0 3.0 6.82218703
0 2259.7951466405502 0 0 f_swap_kt 100 16.21875 4.9303 3.9699999999999998 4.9303 3.9699999999999998 3.0 3.9699999999999998 3.0 6.82218703
0 2259.7951466405502 0 0 t_swap_r_k 100 18.3125 4.9303 3.9699999999999998 4.9303 3.9699999999999998 3.0 3.9699999999999998 3.0 7.7539651597
0 2259.7951466405502 0 0 k_swap_t 100 19.84375 4.9303 3.9699999999999998 4.9303 4.9303 3.0 3.9699999999999998 3.0 7.7539651597
0 2259.7951466405502 0 0 t_swap_r_k 100 22.0 4.9303 3.9699999999999998 4.9303 4.9303 3.0 3.9699999999999998 3.0 8.676425508103
0 2259.7951466405502 0 0 swap_kt 100 24.15625 4.9303 3.9699999999999998 4.9303 4.9303 3.0 3.9699999999999998 3.9699999999999998 8.676425508103
0 2259.7951466405502 0 0 f_swap_kt 100 26.234375 4.9303 3.9699999999999998 4.9303 4.9303 3.0 4.9303 3.9699999999999998 8.676425508103
0 2259.7951466405502 0 0 k_swap_t 100 28.109375 4.9303 3.9699999999999998 4.9303 5.880997 3.0 4.9303 3.9699999999999998 8.676425508103
0 2259.7951466405502 0 0 t_swap_r_k 100 30.625 4.9303 3.9699999999999998 4.9303 5.880997 3.0 4.9303 3.9699999999999998 9.58966125302197