7
4 100 2 200

946.9683722944727
100 30
Neighbourhoods:
k_move_t t_move_k move_kt k_swap_t t_swap_k f_swap_kt swap_kt t_swap_r_k
1000.0 200.0 100.0 600.0 200.0 300.0 0.0 500.0
0.0 0.0 0.0 0.0 0.0 0.0 0.0 0.0
0.0 0.0 0.0 0.0 0.0 0.0 0.0 0.0
144.796875 40.25 18.546875 91.0 18.625 43.0 0.0 92.34375
0.144796875 0.20125 0.18546875 0.15166666666666667 0.093125 0.14333333333333334 0.0 0.1846875
0.0 0.0 0.0 0.0 0.0 0.0 0.0 0.0
0.0 0.0 0.0 0.0 0.0 0.0 0.0 0.0

Assigned customers matrix:
Vehicle 0:
0 99 92 37 98 61 91 44 38 43 15 42 57 2 41 22 75 74 72 21 0 0 0 0 0 0 0 0 0 0 0 0 0 0 0 0 0 0 0 0 0 0 0 0 0 0 0 0 0 0 0 0 0 0 0 0 0 0 0 0 0 0 0 0 0 0 0 0 0 0 0 0 0 0 0 0 0 0 0 0 0 0 0 0 0 0 0 0 0 0 0 0 0 0 0 0
0 94 96 59 95 97 87 13 53 0 0 0 0 0 0 0 0 0 0 0 0 0 0 0 0 0 0 0 0 0 0 0 0 0 0 0 0 0 0 0 0 0 0 0 0 0 0 0 0 0 0 0 0 0 0 0 0 0 0 0 0 0 0 0 0 0 0 0 0 0 0 0 0 0 0 0 0 0 0 0 0 0 0 0 0 0 0 0 0 0 0 0 0 0 0 0

Vehicle 1:
0 52 7 82 48 19 11 62 10 88 0 0 0 0 0 0 0 0 0 0 0 0 0 0 0 0 0 0 0 0 0 0 0 0 0 0 0 0 0 0 0 0 0 0 0 0 0 0 0 0 0 0 0 0 0 0 0 0 0 0 0 0 0 0 0 0 0 0 0 0 0 0 0 0 0 0 0 0 0 0 0 0 0 0 0 0 0 0 0 0 0 0 0 0 0 0
0 6 93 85 100 14 86 16 5 83 0 0 0 0 0 0 0 0 0 0 0 0 0 0 0 0 0 0 0 0 0 0 0 0 0 0 0 0 0 0 0 0 0 0 0 0 0 0 0 0 0 0 0 0 0 0 0 0 0 0 0 0 0 0 0 0 0 0 0 0 0 0 0 0 0 0 0 0 0 0 0 0 0 0 0 0 0 0 0 0 0 0 0 0 0 0

Vehicle 2:
0 69 70 51 35 20 32 90 63 64 49 36 47 46 8 45 17 84 60 18 89 0 0 0 0 0 0 0 0 0 0 0 0 0 0 0 0 0 0 0 0 0 0 0 0 0 0 0 0 0 0 0 0 0 0 0 0 0 0 0 0 0 0 0 0 0 0 0 0 0 0 0 0 0 0 0 0 0 0 0 0 0 0 0 0 0 0 0 0 0 0 0 0 0 0 0
0 58 40 73 26 12 80 24 29 34 78 79 3 76 28 27 0 0 0 0 0 0 0 0 0 0 0 0 0 0 0 0 0 0 0 0 0 0 0 0 0 0 0 0 0 0 0 0 0 0 0 0 0 0 0 0 0 0 0 0 0 0 0 0 0 0 0 0 0 0 0 0 0 0 0 0 0 0 0 0 0 0 0 0 0 0 0 0 0 0 0 0 0 0 0 0

Vehicle 3:
0 4 56 23 67 39 25 55 54 68 77 0 0 0 0 0 0 0 0 0 0 0 0 0 0 0 0 0 0 0 0 0 0 0 0 0 0 0 0 0 0 0 0 0 0 0 0 0 0 0 0 0 0 0 0 0 0 0 0 0 0 0 0 0 0 0 0 0 0 0 0 0 0 0 0 0 0 0 0 0 0 0 0 0 0 0 0 0 0 0 0 0 0 0 0 0
0 31 30 66 65 71 9 81 33 50 1 0 0 0 0 0 0 0 0 0 0 0 0 0 0 0 0 0 0 0 0 0 0 0 0 0 0 0 0 0 0 0 0 0 0 0 0 0 0 0 0 0 0 0 0 0 0 0 0 0 0 0 0 0 0 0 0 0 0 0 0 0 0 0 0 0 0 0 0 0 0 0 0 0 0 0 0 0 0 0 0 0 0 0 0 0

Transported demand matrix:
157 194
186 190
138 195
200 197

Routes distance matrix:
155.15553510530486 51.41830322765295
90.31306824098283 95.51690780802075
200.21241230109214 119.99860221793715
118.69822108359978 115.65532230988235

Solution history:
0 946.9683722944727 0 0 0 0 0 3.0 3.0 3.0 3.0 3.0 3.0 3.0 3.0
0 946.9683722944727 0 0 k_move_t 100 0.78125 3.9699999999999998 3.0 3.0 3.0 3.0 3.0 3.0 3.0
0 946.9683722944727 0 0 t_swap_r_k 100 2.53125 3.9699999999999998 3.0 3.0 3.0 3.0 3.0 3.0 3.9699999999999998
0 946.9683722944727 0 0 t_swap_k 100 3.6875 3.9699999999999998 3.0 3.0 3.0 3.9699999999999998 3.0 3.0 3.9699999999999998
0 946.9683722944727 0 0 k_move_t 100 4.546875 4.9303 3.0 3.0 3.0 3.9699999999999998 3.0 3.0 3.9699999999999998
0 946.9683722944727 0 0 k_swap_t 100 5.703125 4.9303 3.0 3.0 3.9699999999999998 3.9699999999999998 3.0 3.0 3.9699999999999998
0 946.9683722944727 0 0 k_move_t 100 6.328125 5.880997 3.0 3.0 3.9699999999999998 3.9699999999999998 3.0 3.0 3.9699999999999998
0 946.9683722944727 0 0 k_swap_t 100 7.40625 5.880997 3.0 3.0 4.9303 3.9699999999999998 3.0 3.0 3.9699999999999998
0 946.9683722944727 0 0 f_swap_kt 100 8.734375 5.880997 3.0 3.0 4.9303 3.9699999999999998 3.9699999999999998 3.0 3.9699999999999998
0 946.9683722944727 0 0 t_swap_r_k 100 10.234375 5.880997 3.0 3.0 4.9303 3.9699999999999998 3.9699999999999998 3.0 4.9303
0 946.9683722944727 0 0 k_swap_t 100 11.4375 5.880997 3.0 3.0 5.880997 3.9699999999999998 3.9699999999999998 3.0 4.9303
0 946.9683722944727 0 0 f_swap_kt 100 12.75 5.880997 3.0 3.0 5.880997 3.9699999999999998 4.9303 3.0 4.9303
0 946.9683722944727 0 0 t_move_k 100 13.265625 5.880997 3.9699999999999998 3.0 5.880997 3.9699999999999998 4.9303 3.0 4.9303
0 946.9683722944727 0 0 k_move_t 100 14.0625 6.82218703 3.9699999999999998 3.0 5.880997 3.9699999999999998 4.9303 3.0 4.9303
0 946.9683722944727 0 0 t_swap_k 100 14.9375 6.82218703 3.9699999999999998 3.0 5.880997 4.9303 4.9303 3.0 4.9303
0 946.9683722944727 0 0 k_move_t 100 15.578125 7.7539651597 3.9699999999999998 3.0 5.880997 4.9303 4.9303 3.0 4.9303
0 946.9683722944727 0 0 k_swap_t 100 16.8125 7.7539651597 3.9699999999999998 3.0 6.82218703 4.9303 4.9303 3.0 4.9303
0 946.9683722944727 0 0 k_move_t 100 17.59375 8.676425508103 3.9699999999999998 3.0 6.82218703 4.9303 4.9303 3.0 4.9303
0 946.9683722944727 0 0 move_kt 100 18.546875 8.676425508103 3.9699999999999998 3.9699999999999998 6.82218703 4.9303 4.9303 3.0 4.9303
0 946.9683722944727 0 0 k_swap_t 100 19.5 8.676425508103 3.9699999999999998 3.9699999999999998 7.7539651597 4.9303 4.9303 3.0 4.9303
0 946.9683722944727 0 0 k_move_t 100 20.0 9.58966125302197 3.9699999999999998 3.9699999999999998 7.7539651597 4.9303 4.9303 3.0 4.9303
0 946.9683722944727 0 0 k_move_t 100 20.578125 10.493764640491749 3.9699999999999998 3.9699999999999998 7.7539651597 4.9303 4.9303 3.0 4.9303
0 946.9683722944727 0 0 f_swap_kt 100 21.515625 10.493764640491749 3.9699999999999998 3.9699999999999998 7.7539651597 4.9303 5.880997 3.0 4.9303
0 946.9683722944727 0 0 k_move_t 100 22.3125 11.388826994086832 3.9699999999999998 3.9699999999999998 7.7539651597 4.9303 5.880997 3.0 4.9303
0 946.9683722944727 0 0 k_move_t 100 23.015625 12.274938724145963 3.9699999999999998 3.9699999999999998 7.7539651597 4.9303 5.880997 3.0 4.9303
0 946.9683722944727 0 0 t_swap_r_k 100 24.53125 12.274938724145963 3.9699999999999998 3.9699999999999998 7.7539651597 4.9303 5.880997 3.0 5.880997
0 946.9683722944727 0 0 t_swap_r_k 100 26.34375 12.274938724145963 3.9699999999999998 3.9699999999999998 7.7539651597 4.9303 5.880997 3.0 6.82218703
0 946.9683722944727 0 0 t_move_k 100 26.984375 12.274938724145963 4.9303 3.9699999999999998 7.7539651597 4.9303 5.880997 3.0 6.82218703
0 946.9683722944727 0 0 t_swap_r_k 100 28.703125 12.274938724145963 4.9303 3.9699999999999998 7.7539651597 4.9303 5.880997 3.0 7.7539651597
0 946.9683722944727 0 0 k_swap_t 100 30.140625 12.274938724145963 4.9303 3.9699999999999998 8.676425508103 4.9303 5.880997 3.0 7.7539651597