17
4 40 4 20

1680.635936575278
100 30
Neighbourhoods:
k_move_t t_move_k move_kt k_swap_t t_swap_k f_swap_kt swap_kt t_swap_r_k
1200.0 300.0 300.0 200.0 500.0 300.0 100.0 200.0
0.0 0.0 0.0 0.0 0.0 0.0 0.0 0.0
0.0 0.0 0.0 0.0 0.0 0.0 0.0 0.0
139.671875 67.203125 46.109375 38.90625 85.3125 43.71875 29.203125 27.03125
0.11639322916666667 0.22401041666666666 0.15369791666666666 0.19453125 0.170625 0.14572916666666666 0.29203125 0.13515625
0.0 0.0 0.0 0.0 0.0 0.0 0.0 0.0
0.0 0.0 0.0 0.0 0.0 0.0 0.0 0.0

Assigned customers matrix:
Vehicle 0:
0 14 4 0 0 0 0 0 0 0 0 0 0 0 0 0 0 0 0 0 0 0 0 0 0 0 0 0 0 0 0 0 0 0 0 0 0 0 0 0 0 0 0 0
0 4 35 22 8 15 0 0 0 0 0 0 0 0 0 0 0 0 0 0 0 0 0 0 0 0 0 0 0 0 0 0 0 0 0 0 0 0 0 0 0 0 0 0
0 3 0 0 0 0 0 0 0 0 0 0 0 0 0 0 0 0 0 0 0 0 0 0 0 0 0 0 0 0 0 0 0 0 0 0 0 0 0 0 0 0 0 0
0 15 8 22 36 4 0 0 0 0 0 0 0 0 0 0 0 0 0 0 0 0 0 0 0 0 0 0 0 0 0 0 0 0 0 0 0 0 0 0 0 0 0 0

Vehicle 1:
0 1 16 5 24 23 8 37 0 0 0 0 0 0 0 0 0 0 0 0 0 0 0 0 0 0 0 0 0 0 0 0 0 0 0 0 0 0 0 0 0 0 0 0
0 3 0 0 0 0 0 0 0 0 0 0 0 0 0 0 0 0 0 0 0 0 0 0 0 0 0 0 0 0 0 0 0 0 0 0 0 0 0 0 0 0 0 0
0 1 16 5 24 38 23 8 0 0 0 0 0 0 0 0 0 0 0 0 0 0 0 0 0 0 0 0 0 0 0 0 0 0 0 0 0 0 0 0 0 0 0 0
0 3 0 0 0 0 0 0 0 0 0 0 0 0 0 0 0 0 0 0 0 0 0 0 0 0 0 0 0 0 0 0 0 0 0 0 0 0 0 0 0 0 0 0

Vehicle 2:
0 3 0 0 0 0 0 0 0 0 0 0 0 0 0 0 0 0 0 0 0 0 0 0 0 0 0 0 0 0 0 0 0 0 0 0 0 0 0 0 0 0 0 0
0 1 9 25 39 5 17 18 6 19 29 11 2 0 0 0 0 0 0 0 0 0 0 0 0 0 0 0 0 0 0 0 0 0 0 0 0 0 0 0 0 0 0 0
0 4 14 0 0 0 0 0 0 0 0 0 0 0 0 0 0 0 0 0 0 0 0 0 0 0 0 0 0 0 0 0 0 0 0 0 0 0 0 0 0 0 0 0
0 7 21 34 13 0 0 0 0 0 0 0 0 0 0 0 0 0 0 0 0 0 0 0 0 0 0 0 0 0 0 0 0 0 0 0 0 0 0 0 0 0 0 0

Vehicle 3:
0 2 10 27 6 31 20 7 12 0 0 0 0 0 0 0 0 0 0 0 0 0 0 0 0 0 0 0 0 0 0 0 0 0 0 0 0 0 0 0 0 0 0 0
0 13 21 7 33 0 0 0 0 0 0 0 0 0 0 0 0 0 0 0 0 0 0 0 0 0 0 0 0 0 0 0 0 0 0 0 0 0 0 0 0 0 0 0
0 2 10 28 6 20 7 32 12 0 0 0 0 0 0 0 0 0 0 0 0 0 0 0 0 0 0 0 0 0 0 0 0 0 0 0 0 0 0 0 0 0 0 0
0 2 11 30 19 6 18 26 17 5 40 9 1 0 0 0 0 0 0 0 0 0 0 0 0 0 0 0 0 0 0 0 0 0 0 0 0 0 0 0 0 0 0 0

Transported demand matrix:
12 20 9 20
19 9 19 9
9 20 12 13
20 14 20 20

Routes distance matrix:
40.66032794310577 108.5770380681187 20.0 107.59365024630227
173.15010377194437 20.0 175.73017562478367 20.0
20.0 200.01222629311445 40.66032794310577 106.85219939655816
181.14849302879605 106.00388547404683 173.65604355914775 186.59146522625375

Solution history:
0 1680.635936575278 0 0 0 0 0 3.0 3.0 3.0 3.0 3.0 3.0 3.0 3.0
0 1680.635936575278 0 0 k_move_t 100 0.8125 3.9699999999999998 3.0 3.0 3.0 3.0 3.0 3.0 3.0
0 1680.635936575278 0 0 k_move_t 100 1.890625 4.9303 3.0 3.0 3.0 3.0 3.0 3.0 3.0
0 1680.635936575278 0 0 move_kt 100 2.71875 4.9303 3.0 3.9699999999999998 3.0 3.0 3.0 3.0 3.0
0 1680.635936575278 0 0 k_move_t 100 3.703125 5.880997 3.0 3.9699999999999998 3.0 3.0 3.0 3.0 3.0
0 1680.635936575278 0 0 k_move_t 100 4.46875 6.82218703 3.0 3.9699999999999998 3.0 3.0 3.0 3.0 3.0
0 1680.635936575278 0 0 f_swap_kt 100 5.875 6.82218703 3.0 3.9699999999999998 3.0 3.0 3.9699999999999998 3.0 3.0
0 1680.635936575278 0 0 t_swap_r_k 100 6.96875 6.82218703 3.0 3.9699999999999998 3.0 3.0 3.9699999999999998 3.0 3.9699999999999998
0 1680.635936575278 0 0 k_move_t 100 7.78125 7.7539651597 3.0 3.9699999999999998 3.0 3.0 3.9699999999999998 3.0 3.9699999999999998
0 1680.635936575278 0 0 k_swap_t 100 8.59375 7.7539651597 3.0 3.9699999999999998 3.9699999999999998 3.0 3.9699999999999998 3.0 3.9699999999999998
0 1680.635936575278 0 0 k_move_t 100 9.5625 8.676425508103 3.0 3.9699999999999998 3.9699999999999998 3.0 3.9699999999999998 3.0 3.9699999999999998
0 1680.635936575278 0 0 k_move_t 100 10.515625 9.58966125302197 3.0 3.9699999999999998 3.9699999999999998 3.0 3.9699999999999998 3.0 3.9699999999999998
0 1680.635936575278 0 0 t_swap_k 100 11.5 9.58966125302197 3.0 3.9699999999999998 3.9699999999999998 3.9699999999999998 3.9699999999999998 3.0 3.9699999999999998
0 1680.635936575278 0 0 k_move_t 100 12.1875 10.493764640491749 3.0 3.9699999999999998 3.9699999999999998 3.9699999999999998 3.9699999999999998 3.0 3.9699999999999998
0 1680.635936575278 0 0 t_swap_k 100 13.125 10.493764640491749 3.0 3.9699999999999998 3.9699999999999998 4.9303 3.9699999999999998 3.0 3.9699999999999998
0 1680.635936575278 0 0 t_move_k 100 13.84375 10.493764640491749 3.9699999999999998 3.9699999999999998 3.9699999999999998 4.9303 3.9699999999999998 3.0 3.9699999999999998
0 1680.635936575278 0 0 f_swap_kt 100 15.421875 10.493764640491749 3.9699999999999998 3.9699999999999998 3.9699999999999998 4.9303 4.9303 3.0 3.9699999999999998
0 1680.635936575278 0 0 k_move_t 100 16.265625 11.388826994086832 3.9699999999999998 3.9699999999999998 3.9699999999999998 4.9303 4.9303 3.0 3.9699999999999998
0 1680.635936575278 0 0 move_kt 100 17.296875 11.388826994086832 3.9699999999999998 4.9303 3.9699999999999998 4.9303 4.9303 3.0 3.9699999999999998
0 1680.635936575278 0 0 t_swap_k 100 18.1875 11.388826994086832 3.9699999999999998 4.9303 3.9699999999999998 5.880997 4.9303 3.0 3.9699999999999998
0 1680.635936575278 0 0 t_swap_k 100 19.109375 11.388826994086832 3.9699999999999998 4.9303 3.9699999999999998 6.82218703 4.9303 3.0 3.9699999999999998
0 1680.635936575278 0 0 t_swap_r_k 100 20.0625 11.388826994086832 3.9699999999999998 4.9303 3.9699999999999998 6.82218703 4.9303 3.0 4.9303
0 1680.635936575278 0 0 k_move_t 100 20.984375 12.274938724145963 3.9699999999999998 4.9303 3.9699999999999998 6.82218703 4.9303 3.0 4.9303
0 1680.635936575278 0 0 f_swap_kt 100 22.421875 12.274938724145963 3.9699999999999998 4.9303 3.9699999999999998 6.82218703 5.880997 3.0 4.9303
0 1680.635936575278 0 0 t_swap_k 100 23.390625 12.274938724145963 3.9699999999999998 4.9303 3.9699999999999998 7.7539651597 5.880997 3.0 4.9303
0 1680.635936575278 0 0 k_move_t 100 24.3125 13.152189336904504 3.9699999999999998 4.9303 3.9699999999999998 7.7539651597 5.880997 3.0 4.9303
0 1680.635936575278 0 0 t_move_k 100 25.296875 13.152189336904504 4.9303 4.9303 3.9699999999999998 7.7539651597 5.880997 3.0 4.9303
0 1680.635936575278 0 0 move_kt 100 26.09375 13.152189336904504 4.9303 5.880997 3.9699999999999998 7.7539651597 5.880997 3.0 4.9303
0 1680.635936575278 0 0 k_move_t 100 27.1875 14.020667443535459 4.9303 5.880997 3.9699999999999998 7.7539651597 5.880997 3.0 4.9303
0 1680.635936575278 0 0 t_move_k 100 28.0625 14.020667443535459 5.880997 5.880997 3.9699999999999998 7.7539651597 5.880997 3.0 4.9303
0 1680.635936575278 0 0 swap_kt 100 29.203125 14.020667443535459 5.880997 5.880997 3.9699999999999998 7.7539651597 5.880997 3.9699999999999998 4.9303
0 1680.635936575278 0 0 k_swap_t 100 30.3125 14.020667443535459 5.880997 5.880997 4.9303 7.7539651597 5.880997 3.9699999999999998 4.9303