18
4 76 4 30

3343.1376652761405
100 30
Neighbourhoods:
k_move_t t_move_k move_kt k_swap_t t_swap_k f_swap_kt swap_kt t_swap_r_k
500.0 100.0 400.0 100.0 0.0 100.0 400.0 200.0
0.0 0.0 0.0 0.0 0.0 0.0 0.0 0.0
0.0 0.0 0.0 0.0 0.0 0.0 0.0 0.0
64.40625 30.21875 39.796875 18.625 0.0 28.109375 51.53125 36.671875
0.1288125 0.3021875 0.0994921875 0.18625 0.0 0.28109375 0.128828125 0.183359375
0.0 0.0 0.0 0.0 0.0 0.0 0.0 0.0
0.0 0.0 0.0 0.0 0.0 0.0 0.0 0.0

Assigned customers matrix:
Vehicle 0:
0 19 4 0 0 0 0 0 0 0 0 0 0 0 0 0 0 0 0 0 0 0 0 0 0 0 0 0 0 0 0 0 0 0 0 0 0 0 0 0 0 0 0 0 0 0 0 0 0 0 0 0 0 0 0 0 0 0 0 0 0 0 0 0
0 17 33 70 41 11 7 24 16 3 0 0 0 0 0 0 0 0 0 0 0 0 0 0 0 0 0 0 0 0 0 0 0 0 0 0 0 0 0 0 0 0 0 0 0 0 0 0 0 0 0 0 0 0 0 0 0 0 0 0 0 0 0 0
0 13 60 5 61 9 44 28 20 1 0 0 0 0 0 0 0 0 0 0 0 0 0 0 0 0 0 0 0 0 0 0 0 0 0 0 0 0 0 0 0 0 0 0 0 0 0 0 0 0 0 0 0 0 0 0 0 0 0 0 0 0 0 0
0 21 29 62 37 9 36 5 45 1 0 0 0 0 0 0 0 0 0 0 0 0 0 0 0 0 0 0 0 0 0 0 0 0 0 0 0 0 0 0 0 0 0 0 0 0 0 0 0 0 0 0 0 0 0 0 0 0 0 0 0 0 0 0

Vehicle 1:
0 26 8 42 12 35 75 44 9 5 28 0 0 0 0 0 0 0 0 0 0 0 0 0 0 0 0 0 0 0 0 0 0 0 0 0 0 0 0 0 0 0 0 0 0 0 0 0 0 0 0 0 0 0 0 0 0 0 0 0 0 0 0 0
0 18 56 8 34 72 12 43 74 27 4 0 0 0 0 0 0 0 0 0 0 0 0 0 0 0 0 0 0 0 0 0 0 0 0 0 0 0 0 0 0 0 0 0 0 0 0 0 0 0 0 0 0 0 0 0 0 0 0 0 0 0 0 0
0 15 49 31 66 39 10 64 6 22 48 2 0 0 0 0 0 0 0 0 0 0 0 0 0 0 0 0 0 0 0 0 0 0 0 0 0 0 0 0 0 0 0 0 0 0 0 0 0 0 0 0 0 0 0 0 0 0 0 0 0 0 0 0
0 14 30 38 10 6 23 2 0 0 0 0 0 0 0 0 0 0 0 0 0 0 0 0 0 0 0 0 0 0 0 0 0 0 0 0 0 0 0 0 0 0 0 0 0 0 0 0 0 0 0 0 0 0 0 0 0 0 0 0 0 0 0 0

Vehicle 2:
0 2 15 31 39 10 65 6 22 47 13 20 1 0 0 0 0 0 0 0 0 0 0 0 0 0 0 0 0 0 0 0 0 0 0 0 0 0 0 0 0 0 0 0 0 0 0 0 0 0 0 0 0 0 0 0 0 0 0 0 0 0 0 0
0 46 21 29 37 9 76 36 5 59 1 0 0 0 0 0 0 0 0 0 0 0 0 0 0 0 0 0 0 0 0 0 0 0 0 0 0 0 0 0 0 0 0 0 0 0 0 0 0 0 0 0 0 0 0 0 0 0 0 0 0 0 0 0
0 19 8 35 73 12 42 71 26 55 4 0 0 0 0 0 0 0 0 0 0 0 0 0 0 0 0 0 0 0 0 0 0 0 0 0 0 0 0 0 0 0 0 0 0 0 0 0 0 0 0 0 0 0 0 0 0 0 0 0 0 0 0 0
0 3 16 51 24 7 11 41 33 17 0 0 0 0 0 0 0 0 0 0 0 0 0 0 0 0 0 0 0 0 0 0 0 0 0 0 0 0 0 0 0 0 0 0 0 0 0 0 0 0 0 0 0 0 0 0 0 0 0 0 0 0 0 0

Vehicle 3:
0 3 53 32 67 40 11 7 25 54 0 0 0 0 0 0 0 0 0 0 0 0 0 0 0 0 0 0 0 0 0 0 0 0 0 0 0 0 0 0 0 0 0 0 0 0 0 0 0 0 0 0 0 0 0 0 0 0 0 0 0 0 0 0
0 14 30 63 38 10 6 23 50 2 0 0 0 0 0 0 0 0 0 0 0 0 0 0 0 0 0 0 0 0 0 0 0 0 0 0 0 0 0 0 0 0 0 0 0 0 0 0 0 0 0 0 0 0 0 0 0 0 0 0 0 0 0 0
0 3 52 32 68 40 11 69 7 25 0 0 0 0 0 0 0 0 0 0 0 0 0 0 0 0 0 0 0 0 0 0 0 0 0 0 0 0 0 0 0 0 0 0 0 0 0 0 0 0 0 0 0 0 0 0 0 0 0 0 0 0 0 0
0 4 58 27 43 12 34 8 57 18 0 0 0 0 0 0 0 0 0 0 0 0 0 0 0 0 0 0 0 0 0 0 0 0 0 0 0 0 0 0 0 0 0 0 0 0 0 0 0 0 0 0 0 0 0 0 0 0 0 0 0 0 0 0

Transported demand matrix:
10 27 23 22
29 28 22 19
30 23 29 26
29 21 29 27

Routes distance matrix:
40.66032794310577 207.43905924333058 203.40755860597966 215.22393678281992
341.39080516598665 213.7606689935294 212.8748778038225 200.12727742070754
230.17024029380278 214.5535963176661 215.38230974202116 201.81595480366224
212.15046491847002 208.8694359242342 211.3956423854346 213.91550893156744

Solution history:
0 3343.1376652761405 0 0 0 0 0 3.0 3.0 3.0 3.0 3.0 3.0 3.0 3.0
0 3343.1376652761405 0 0 k_move_t 100 1.4375 3.9699999999999998 3.0 3.0 3.0 3.0 3.0 3.0 3.0
0 3343.1376652761405 0 0 move_kt 100 2.875 3.9699999999999998 3.0 3.9699999999999998 3.0 3.0 3.0 3.0 3.0
0 3343.1376652761405 0 0 swap_kt 100 4.578125 3.9699999999999998 3.0 3.9699999999999998 3.0 3.0 3.0 3.9699999999999998 3.0
0 3343.1376652761405 0 0 swap_kt 100 6.296875 3.9699999999999998 3.0 3.9699999999999998 3.0 3.0 3.0 4.9303 3.0
0 3343.1376652761405 0 0 move_kt 100 7.71875 3.9699999999999998 3.0 4.9303 3.0 3.0 3.0 4.9303 3.0
0 3343.1376652761405 0 0 move_kt 100 9.125 3.9699999999999998 3.0 5.880997 3.0 3.0 3.0 4.9303 3.0
0 3343.1376652761405 0 0 t_swap_r_k 100 11.046875 3.9699999999999998 3.0 5.880997 3.0 3.0 3.0 4.9303 3.9699999999999998
0 3343.1376652761405 0 0 k_move_t 100 12.5 4.9303 3.0 5.880997 3.0 3.0 3.0 4.9303 3.9699999999999998
0 3343.1376652761405 0 0 k_move_t 100 13.75 5.880997 3.0 5.880997 3.0 3.0 3.0 4.9303 3.9699999999999998
0 3343.1376652761405 0 0 k_move_t 100 15.109375 6.82218703 3.0 5.880997 3.0 3.0 3.0 4.9303 3.9699999999999998
0 3343.1376652761405 0 0 swap_kt 100 17.015625 6.82218703 3.0 5.880997 3.0 3.0 3.0 5.880997 3.9699999999999998
0 3343.1376652761405 0 0 k_swap_t 100 18.625 6.82218703 3.0 5.880997 3.9699999999999998 3.0 3.0 5.880997 3.9699999999999998
0 3343.1376652761405 0 0 move_kt 100 20.078125 6.82218703 3.0 6.82218703 3.9699999999999998 3.0 3.0 5.880997 3.9699999999999998
0 3343.1376652761405 0 0 k_move_t 100 21.609375 7.7539651597 3.0 6.82218703 3.9699999999999998 3.0 3.0 5.880997 3.9699999999999998
0 3343.1376652761405 0 0 swap_kt 100 23.640625 7.7539651597 3.0 6.82218703 3.9699999999999998 3.0 3.0 6.82218703 3.9699999999999998
0 3343.1376652761405 0 0 t_swap_r_k 100 25.625 7.7539651597 3.0 6.82218703 3.9699999999999998 3.0 3.0 6.82218703 4.9303
0 3343.1376652761405 0 0 f_swap_kt 100 28.109375 7.7539651597 3.0 6.82218703 3.9699999999999998 3.0 3.9699999999999998 6.82218703 4.9303
0 3343.1376652761405 0 0 t_move_k 100 30.21875 7.7539651597 3.9699999999999998 6.82218703 3.9699999999999998 3.0 3.9699999999999998 6.82218703 4.9303