25
3 51 6 20

4127.325840317032
100 30
Neighbourhoods:
k_move_t t_move_k move_kt k_swap_t t_swap_k f_swap_kt swap_kt t_swap_r_k
300.0 300.0 200.0 900.0 400.0 300.0 0.0 100.0
0.0 0.0 0.0 0.0 0.0 0.0 0.0 0.0
0.0 0.0 0.0 0.0 0.0 0.0 0.0 0.0
37.234375 56.875 24.546875 131.53125 64.734375 57.453125 0.0 17.03125
0.12411458333333333 0.18958333333333333 0.122734375 0.14614583333333334 0.1618359375 0.19151041666666666 0.0 0.1703125
0.0 0.0 0.0 0.0 0.0 0.0 0.0 0.0
0.0 0.0 0.0 0.0 0.0 0.0 0.0 0.0

Assigned customers matrix:
Vehicle 0:
0 5 6 12 39 1 7 2 3 0 0 0 0 0 0 0 0 0 0 0 0 0 0 0 0 0 0 0 0 0 0 0 0 0 0 0 0 0 0 0 0 0
0 5 30 31 10 28 4 26 0 0 0 0 0 0 0 0 0 0 0 0 0 0 0 0 0 0 0 0 0 0 0 0 0 0 0 0 0 0 0 0 0 0
0 3 8 0 0 0 0 0 0 0 0 0 0 0 0 0 0 0 0 0 0 0 0 0 0 0 0 0 0 0 0 0 0 0 0 0 0 0 0 0 0 0
0 2 7 1 38 12 37 6 5 47 46 0 0 0 0 0 0 0 0 0 0 0 0 0 0 0 0 0 0 0 0 0 0 0 0 0 0 0 0 0 0 0
0 1 49 0 0 0 0 0 0 0 0 0 0 0 0 0 0 0 0 0 0 0 0 0 0 0 0 0 0 0 0 0 0 0 0 0 0 0 0 0 0 0
0 23 22 8 21 20 2 0 0 0 0 0 0 0 0 0 0 0 0 0 0 0 0 0 0 0 0 0 0 0 0 0 0 0 0 0 0 0 0 0 0 0

Vehicle 1:
0 24 9 27 4 0 0 0 0 0 0 0 0 0 0 0 0 0 0 0 0 0 0 0 0 0 0 0 0 0 0 0 0 0 0 0 0 0 0 0 0 0
0 3 13 2 1 6 11 0 0 0 0 0 0 0 0 0 0 0 0 0 0 0 0 0 0 0 0 0 0 0 0 0 0 0 0 0 0 0 0 0 0 0
0 44 4 45 14 5 32 0 0 0 0 0 0 0 0 0 0 0 0 0 0 0 0 0 0 0 0 0 0 0 0 0 0 0 0 0 0 0 0 0 0 0
0 3 25 9 4 0 0 0 0 0 0 0 0 0 0 0 0 0 0 0 0 0 0 0 0 0 0 0 0 0 0 0 0 0 0 0 0 0 0 0 0 0
0 41 2 40 13 42 3 43 0 0 0 0 0 0 0 0 0 0 0 0 0 0 0 0 0 0 0 0 0 0 0 0 0 0 0 0 0 0 0 0 0 0
0 5 34 6 36 51 1 50 15 0 0 0 0 0 0 0 0 0 0 0 0 0 0 0 0 0 0 0 0 0 0 0 0 0 0 0 0 0 0 0 0 0

Vehicle 2:
0 0 0 0 0 0 0 0 0 0 0 0 0 0 0 0 0 0 0 0 0 0 0 0 0 0 0 0 0 0 0 0 0 0 0 0 0 0 0 0 0 0
0 0 0 0 0 0 0 0 0 0 0 0 0 0 0 0 0 0 0 0 0 0 0 0 0 0 0 0 0 0 0 0 0 0 0 0 0 0 0 0 0 0
0 2 18 19 16 17 1 15 48 6 0 0 0 0 0 0 0 0 0 0 0 0 0 0 0 0 0 0 0 0 0 0 0 0 0 0 0 0 0 0 0 0
0 0 0 0 0 0 0 0 0 0 0 0 0 0 0 0 0 0 0 0 0 0 0 0 0 0 0 0 0 0 0 0 0 0 0 0 0 0 0 0 0 0
0 4 29 10 5 33 11 35 6 0 0 0 0 0 0 0 0 0 0 0 0 0 0 0 0 0 0 0 0 0 0 0 0 0 0 0 0 0 0 0 0 0
0 14 4 3 0 0 0 0 0 0 0 0 0 0 0 0 0 0 0 0 0 0 0 0 0 0 0 0 0 0 0 0 0 0 0 0 0 0 0 0 0 0

Transported demand matrix:
19 20 12 14 4 13
12 19 19 20 20 20
0 0 19 0 20 16

Routes distance matrix:
463.02350366176364 289.20851644478665 215.46954038186868 415.23881116727483 149.82378986839882 241.87463891646183
226.32754031561507 392.0401196831789 224.30226141076662 232.08459540718633 183.1688728100664 280.8862906232844
0.0 0.0 278.01562815712487 0.0 349.84120858155364 186.02052288770193

Solution history:
0 4127.325840317032 0 0 0 0 0 3.0 3.0 3.0 3.0 3.0 3.0 3.0 3.0
0 4127.325840317032 0 0 k_move_t 100 0.75 3.9699999999999998 3.0 3.0 3.0 3.0 3.0 3.0 3.0
0 4127.325840317032 0 0 t_swap_k 100 2.265625 3.9699999999999998 3.0 3.0 3.0 3.9699999999999998 3.0 3.0 3.0
0 4127.325840317032 0 0 move_kt 100 3.078125 3.9699999999999998 3.0 3.9699999999999998 3.0 3.9699999999999998 3.0 3.0 3.0
0 4127.325840317032 0 0 k_swap_t 100 4.765625 3.9699999999999998 3.0 3.9699999999999998 3.9699999999999998 3.9699999999999998 3.0 3.0 3.0
0 4127.325840317032 0 0 k_swap_t 100 6.28125 3.9699999999999998 3.0 3.9699999999999998 4.9303 3.9699999999999998 3.0 3.0 3.0
0 4127.325840317032 0 0 k_swap_t 100 7.6875 3.9699999999999998 3.0 3.9699999999999998 5.880997 3.9699999999999998 3.0 3.0 3.0
0 4127.325840317032 0 0 k_swap_t 100 8.9375 3.9699999999999998 3.0 3.9699999999999998 6.82218703 3.9699999999999998 3.0 3.0 3.0
0 4127.325840317032 0 0 f_swap_kt 100 10.109375 3.9699999999999998 3.0 3.9699999999999998 6.82218703 3.9699999999999998 3.9699999999999998 3.0 3.0
0 4127.325840317032 0 0 t_swap_k 100 11.375 3.9699999999999998 3.0 3.9699999999999998 6.82218703 4.9303 3.9699999999999998 3.0 3.0
0 4127.325840317032 0 0 k_swap_t 100 12.6875 3.9699999999999998 3.0 3.9699999999999998 7.7539651597 4.9303 3.9699999999999998 3.0 3.0
0 4127.325840317032 0 0 t_move_k 100 13.59375 3.9699999999999998 3.9699999999999998 3.9699999999999998 7.7539651597 4.9303 3.9699999999999998 3.0 3.0
0 4127.325840317032 0 0 k_move_t 100 14.375 4.9303 3.9699999999999998 3.9699999999999998 7.7539651597 4.9303 3.9699999999999998 3.0 3.0
0 4127.325840317032 0 0 k_swap_t 100 15.40625 4.9303 3.9699999999999998 3.9699999999999998 8.676425508103 4.9303 3.9699999999999998 3.0 3.0
0 4127.325840317032 0 0 t_swap_r_k 100 17.03125 4.9303 3.9699999999999998 3.9699999999999998 8.676425508103 4.9303 3.9699999999999998 3.0 3.9699999999999998
0 4127.325840317032 0 0 f_swap_kt 100 18.625 4.9303 3.9699999999999998 3.9699999999999998 8.676425508103 4.9303 4.9303 3.0 3.9699999999999998
0 4127.325840317032 0 0 t_move_k 100 19.25 4.9303 4.9303 3.9699999999999998 8.676425508103 4.9303 4.9303 3.0 3.9699999999999998
0 4127.325840317032 0 0 t_swap_k 100 20.71875 4.9303 4.9303 3.9699999999999998 8.676425508103 5.880997 4.9303 3.0 3.9699999999999998
0 4127.325840317032 0 0 move_kt 100 21.46875 4.9303 4.9303 4.9303 8.676425508103 5.880997 4.9303 3.0 3.9699999999999998
0 4127.325840317032 0 0 k_move_t 100 22.109375 5.880997 4.9303 4.9303 8.676425508103 5.880997 4.9303 3.0 3.9699999999999998
0 4127.325840317032 0 0 k_swap_t 100 23.1875 5.880997 4.9303 4.9303 9.58966125302197 5.880997 4.9303 3.0 3.9699999999999998
0 4127.325840317032 0 0 t_move_k 100 24.03125 5.880997 5.880997 4.9303 9.58966125302197 5.880997 4.9303 3.0 3.9699999999999998
0 4127.325840317032 0 0 k_swap_t 100 25.546875 5.880997 5.880997 4.9303 10.493764640491749 5.880997 4.9303 3.0 3.9699999999999998
0 4127.325840317032 0 0 k_swap_t 100 27.03125 5.880997 5.880997 4.9303 11.388826994086832 5.880997 4.9303 3.0 3.9699999999999998
0 4127.325840317032 0 0 f_swap_kt 100 28.71875 5.880997 5.880997 4.9303 11.388826994086832 5.880997 5.880997 3.0 3.9699999999999998
0 4127.325840317032 0 0 t_swap_k 100 30.375 5.880997 5.880997 4.9303 11.388826994086832 6.82218703 5.880997 3.0 3.9699999999999998