26
3 51 6 20

4618.588510581181
100 30
Neighbourhoods:
k_move_t t_move_k move_kt k_swap_t t_swap_k f_swap_kt swap_kt t_swap_r_k
500.0 0.0 800.0 400.0 100.0 500.0 600.0 300.0
0.0 0.0 0.0 0.0 0.0 0.0 0.0 0.0
0.0 0.0 0.0 0.0 0.0 0.0 0.0 0.0
50.6875 0.0 112.4375 63.921875 2.75 80.78125 92.4375 52.65625
0.101375 0.0 0.140546875 0.1598046875 0.0275 0.1615625 0.1540625 0.17552083333333332
0.0 0.0 0.0 0.0 0.0 0.0 0.0 0.0
0.0 0.0 0.0 0.0 0.0 0.0 0.0 0.0

Assigned customers matrix:
Vehicle 0:
0 51 2 21 3 13 0 0 0 0 0 0 0 0 0 0 0 0 0 0 0 0 0 0 0 0 0 0 0 0 0 0 0 0 0 0 0 0
0 15 38 1 7 2 0 0 0 0 0 0 0 0 0 0 0 0 0 0 0 0 0 0 0 0 0 0 0 0 0 0 0 0 0 0 0 0
0 12 1 17 19 18 2 0 0 0 0 0 0 0 0 0 0 0 0 0 0 0 0 0 0 0 0 0 0 0 0 0 0 0 0 0 0 0
0 2 13 3 4 44 0 0 0 0 0 0 0 0 0 0 0 0 0 0 0 0 0 0 0 0 0 0 0 0 0 0 0 0 0 0 0 0
0 5 6 0 0 0 0 0 0 0 0 0 0 0 0 0 0 0 0 0 0 0 0 0 0 0 0 0 0 0 0 0 0 0 0 0 0 0
0 4 3 8 20 2 0 0 0 0 0 0 0 0 0 0 0 0 0 0 0 0 0 0 0 0 0 0 0 0 0 0 0 0 0 0 0 0

Vehicle 1:
0 5 30 10 27 4 0 0 0 0 0 0 0 0 0 0 0 0 0 0 0 0 0 0 0 0 0 0 0 0 0 0 0 0 0 0 0 0
0 4 9 22 3 42 43 0 0 0 0 0 0 0 0 0 0 0 0 0 0 0 0 0 0 0 0 0 0 0 0 0 0 0 0 0 0 0
0 46 5 33 6 0 0 0 0 0 0 0 0 0 0 0 0 0 0 0 0 0 0 0 0 0 0 0 0 0 0 0 0 0 0 0 0 0
0 47 5 31 10 28 29 0 0 0 0 0 0 0 0 0 0 0 0 0 0 0 0 0 0 0 0 0 0 0 0 0 0 0 0 0 0 0
0 41 40 2 7 1 39 50 15 0 0 0 0 0 0 0 0 0 0 0 0 0 0 0 0 0 0 0 0 0 0 0 0 0 0 0 0 0
0 6 34 5 0 0 0 0 0 0 0 0 0 0 0 0 0 0 0 0 0 0 0 0 0 0 0 0 0 0 0 0 0 0 0 0 0 0

Vehicle 2:
0 1 6 35 11 0 0 0 0 0 0 0 0 0 0 0 0 0 0 0 0 0 0 0 0 0 0 0 0 0 0 0 0 0 0 0 0 0
0 14 5 6 48 0 0 0 0 0 0 0 0 0 0 0 0 0 0 0 0 0 0 0 0 0 0 0 0 0 0 0 0 0 0 0 0 0
0 23 8 3 4 45 0 0 0 0 0 0 0 0 0 0 0 0 0 0 0 0 0 0 0 0 0 0 0 0 0 0 0 0 0 0 0 0
0 32 11 6 37 1 0 0 0 0 0 0 0 0 0 0 0 0 0 0 0 0 0 0 0 0 0 0 0 0 0 0 0 0 0 0 0 0
0 14 4 26 9 24 25 3 0 0 0 0 0 0 0 0 0 0 0 0 0 0 0 0 0 0 0 0 0 0 0 0 0 0 0 0 0 0
0 49 36 12 1 16 0 0 0 0 0 0 0 0 0 0 0 0 0 0 0 0 0 0 0 0 0 0 0 0 0 0 0 0 0 0 0 0

Transported demand matrix:
18 16 20 19 15 20
20 18 20 18 19 17
19 17 20 20 19 18

Routes distance matrix:
259.18574471623384 285.2256628536531 315.3353732334618 237.00035696247437 173.2035403818687 289.81818322337006
276.51597351800774 284.17712228318214 203.37714293480707 237.90741923826087 297.6220838348324 189.13419594497003
274.3486428415014 188.7143683995164 282.9497173775268 302.8505356867141 257.59030469870146 263.632142452099

Solution history:
0 4618.588510581181 0 0 0 0 0 3.0 3.0 3.0 3.0 3.0 3.0 3.0 3.0
0 4618.588510581181 0 0 k_move_t 100 0.46875 3.9699999999999998 3.0 3.0 3.0 3.0 3.0 3.0 3.0
0 4618.588510581181 0 0 k_move_t 100 0.84375 4.9303 3.0 3.0 3.0 3.0 3.0 3.0 3.0
0 4618.588510581181 0 0 swap_kt 100 1.8125 4.9303 3.0 3.0 3.0 3.0 3.0 3.9699999999999998 3.0
0 4618.588510581181 0 0 t_swap_k 100 2.75 4.9303 3.0 3.0 3.0 3.9699999999999998 3.0 3.9699999999999998 3.0
0 4618.588510581181 0 0 move_kt 100 3.21875 4.9303 3.0 3.9699999999999998 3.0 3.9699999999999998 3.0 3.9699999999999998 3.0
0 4618.588510581181 0 0 t_swap_r_k 100 4.609375 4.9303 3.0 3.9699999999999998 3.0 3.9699999999999998 3.0 3.9699999999999998 3.9699999999999998
0 4618.588510581181 0 0 f_swap_kt 100 6.25 4.9303 3.0 3.9699999999999998 3.0 3.9699999999999998 3.9699999999999998 3.9699999999999998 3.9699999999999998
0 4618.588510581181 0 0 move_kt 100 6.5625 4.9303 3.0 4.9303 3.0 3.9699999999999998 3.9699999999999998 3.9699999999999998 3.9699999999999998
0 4618.588510581181 0 0 f_swap_kt 100 8.359375 4.9303 3.0 4.9303 3.0 3.9699999999999998 4.9303 3.9699999999999998 3.9699999999999998
0 4618.588510581181 0 0 k_swap_t 100 9.09375 4.9303 3.0 4.9303 3.9699999999999998 3.9699999999999998 4.9303 3.9699999999999998 3.9699999999999998
0 4618.588510581181 0 0 swap_kt 100 10.09375 4.9303 3.0 4.9303 3.9699999999999998 3.9699999999999998 4.9303 4.9303 3.9699999999999998
0 4618.588510581181 0 0 k_swap_t 100 10.921875 4.9303 3.0 4.9303 4.9303 3.9699999999999998 4.9303 4.9303 3.9699999999999998
0 4618.588510581181 0 0 f_swap_kt 100 12.6875 4.9303 3.0 4.9303 4.9303 3.9699999999999998 5.880997 4.9303 3.9699999999999998
0 4618.588510581181 0 0 move_kt 100 13.078125 4.9303 3.0 5.880997 4.9303 3.9699999999999998 5.880997 4.9303 3.9699999999999998
0 4618.588510581181 0 0 move_kt 100 13.59375 4.9303 3.0 6.82218703 4.9303 3.9699999999999998 5.880997 4.9303 3.9699999999999998
0 4618.588510581181 0 0 k_move_t 100 14.140625 5.880997 3.0 6.82218703 4.9303 3.9699999999999998 5.880997 4.9303 3.9699999999999998
0 4618.588510581181 0 0 swap_kt 100 14.96875 5.880997 3.0 6.82218703 4.9303 3.9699999999999998 5.880997 5.880997 3.9699999999999998
0 4618.588510581181 0 0 move_kt 100 15.421875 5.880997 3.0 7.7539651597 4.9303 3.9699999999999998 5.880997 5.880997 3.9699999999999998
0 4618.588510581181 0 0 move_kt 100 15.671875 5.880997 3.0 8.676425508103 4.9303 3.9699999999999998 5.880997 5.880997 3.9699999999999998
0 4618.588510581181 0 0 k_move_t 100 16.09375 6.82218703 3.0 8.676425508103 4.9303 3.9699999999999998 5.880997 5.880997 3.9699999999999998
0 4618.588510581181 0 0 t_swap_r_k 100 18.0 6.82218703 3.0 8.676425508103 4.9303 3.9699999999999998 5.880997 5.880997 4.9303
0 4618.588510581181 0 0 swap_kt 100 18.71875 6.82218703 3.0 8.676425508103 4.9303 3.9699999999999998 5.880997 6.82218703 4.9303
0 4618.588510581181 0 0 k_move_t 100 19.140625 7.7539651597 3.0 8.676425508103 4.9303 3.9699999999999998 5.880997 6.82218703 4.9303
0 4618.588510581181 0 0 move_kt 100 19.515625 7.7539651597 3.0 9.58966125302197 4.9303 3.9699999999999998 5.880997 6.82218703 4.9303
0 4618.588510581181 0 0 swap_kt 100 20.34375 7.7539651597 3.0 9.58966125302197 4.9303 3.9699999999999998 5.880997 7.7539651597 4.9303
0 4618.588510581181 0 0 k_swap_t 100 21.234375 7.7539651597 3.0 9.58966125302197 5.880997 3.9699999999999998 5.880997 7.7539651597 4.9303
0 4618.588510581181 0 0 k_swap_t 100 22.671875 7.7539651597 3.0 9.58966125302197 6.82218703 3.9699999999999998 5.880997 7.7539651597 4.9303
0 4618.588510581181 0 0 f_swap_kt 100 24.96875 7.7539651597 3.0 9.58966125302197 6.82218703 3.9699999999999998 6.82218703 7.7539651597 4.9303
0 4618.588510581181 0 0 move_kt 100 25.375 7.7539651597 3.0 10.493764640491749 6.82218703 3.9699999999999998 6.82218703 7.7539651597 4.9303
0 4618.588510581181 0 0 swap_kt 100 26.5 7.7539651597 3.0 10.493764640491749 6.82218703 3.9699999999999998 6.82218703 8.676425508103 4.9303
0 4618.588510581181 0 0 f_swap_kt 100 28.515625 7.7539651597 3.0 10.493764640491749 6.82218703 3.9699999999999998 7.7539651597 8.676425508103 4.9303
0 4618.588510581181 0 0 t_swap_r_k 100 30.046875 7.7539651597 3.0 10.493764640491749 6.82218703 3.9699999999999998 7.7539651597 8.676425508103 5.880997