30
9 153 6 20
19.78125

127841.67299864259

86704.7767254124
Assigned customers matrix:
Vehicle 0:
0 27 6 23 5 77 4 0 0 0 0 0 0 0 0 0 0 0 0 0 0 0 0 0
0 18 136 135 17 40 31 75 0 0 0 0 0 0 0 0 0 0 0 0 0 0 0 0
0 74 4 59 26 0 0 0 0 0 0 0 0 0 0 0 0 0 0 0 0 0 0 0
0 94 130 16 127 15 90 9 0 0 0 0 0 0 0 0 0 0 0 0 0 0 0 0
0 16 131 40 17 149 148 31 0 0 0 0 0 0 0 0 0 0 0 0 0 0 0 0
0 9 91 10 95 11 35 0 0 0 0 0 0 0 0 0 0 0 0 0 0 0 0 0

Vehicle 1:
0 67 114 12 11 113 112 61 60 0 0 0 0 0 0 0 0 0 0 0 0 0 0 0
0 22 10 111 11 99 12 0 0 0 0 0 0 0 0 0 0 0 0 0 0 0 0 0
0 5 11 35 110 10 57 0 0 0 0 0 0 0 0 0 0 0 0 0 0 0 0 0
0 5 63 62 6 79 27 0 0 0 0 0 0 0 0 0 0 0 0 0 0 0 0 0
0 9 89 144 15 39 30 93 0 0 0 0 0 0 0 0 0 0 0 0 0 0 0 0
0 146 16 147 44 17 98 100 0 0 0 0 0 0 0 0 0 0 0 0 0 0 0 0

Vehicle 2:
0 32 17 133 41 137 18 115 0 0 0 0 0 0 0 0 0 0 0 0 0 0 0 0
0 1 69 66 6 5 76 0 0 0 0 0 0 0 0 0 0 0 0 0 0 0 0 0
0 15 128 16 132 17 44 0 0 0 0 0 0 0 0 0 0 0 0 0 0 0 0 0
0 7 13 45 102 12 36 0 0 0 0 0 0 0 0 0 0 0 0 0 0 0 0 0
0 4 5 6 78 0 0 0 0 0 0 0 0 0 0 0 0 0 0 0 0 0 0 0
0 1 6 5 0 0 0 0 0 0 0 0 0 0 0 0 0 0 0 0 0 0 0 0

Vehicle 3:
0 80 7 13 141 45 104 36 0 0 0 0 0 0 0 0 0 0 0 0 0 0 0 0
0 4 3 73 2 71 0 0 0 0 0 0 0 0 0 0 0 0 0 0 0 0 0 0
0 64 65 6 24 68 1 0 0 0 0 0 0 0 0 0 0 0 0 0 0 0 0 0
0 1 47 49 2 53 52 3 0 0 0 0 0 0 0 0 0 0 0 0 0 0 0 0
0 7 152 153 138 18 101 12 0 0 0 0 0 0 0 0 0 0 0 0 0 0 0 0
0 33 13 140 42 18 12 0 0 0 0 0 0 0 0 0 0 0 0 0 0 0 0 0

Vehicle 4:
0 25 0 0 0 0 0 0 0 0 0 0 0 0 0 0 0 0 0 0 0 0 0 0
0 107 14 120 37 118 13 28 0 0 0 0 0 0 0 0 0 0 0 0 0 0 0 0
0 12 103 18 139 42 33 117 0 0 0 0 0 0 0 0 0 0 0 0 0 0 0 0
0 34 8 86 43 122 14 82 0 0 0 0 0 0 0 0 0 0 0 0 0 0 0 0
0 105 13 37 14 143 28 85 0 0 0 0 0 0 0 0 0 0 0 0 0 0 0 0
0 2 20 8 83 7 24 0 0 0 0 0 0 0 0 0 0 0 0 0 0 0 0 0

Vehicle 5:
0 34 88 43 123 14 84 8 0 0 0 0 0 0 0 0 0 0 0 0 0 0 0 0
0 21 9 8 7 19 0 0 0 0 0 0 0 0 0 0 0 0 0 0 0 0 0 0
0 29 125 38 14 121 119 13 0 0 0 0 0 0 0 0 0 0 0 0 0 0 0 0
0 32 17 134 41 18 151 150 0 0 0 0 0 0 0 0 0 0 0 0 0 0 0 0
0 81 1 19 8 2 0 0 0 0 0 0 0 0 0 0 0 0 0 0 0 0 0 0
0 87 29 142 14 38 15 145 0 0 0 0 0 0 0 0 0 0 0 0 0 0 0 0

Vehicle 6:
0 3 51 50 2 48 46 1 0 0 0 0 0 0 0 0 0 0 0 0 0 0 0 0
0 109 15 124 39 129 16 30 0 0 0 0 0 0 0 0 0 0 0 0 0 0 0 0
0 116 7 8 106 108 9 54 0 0 0 0 0 0 0 0 0 0 0 0 0 0 0 0
0 25 4 10 97 11 23 0 0 0 0 0 0 0 0 0 0 0 0 0 0 0 0 0
0 3 21 10 96 11 22 0 0 0 0 0 0 0 0 0 0 0 0 0 0 0 0 0
0 3 55 56 4 58 26 0 0 0 0 0 0 0 0 0 0 0 0 0 0 0 0 0

Vehicle 7:
0 9 15 126 16 92 10 0 0 0 0 0 0 0 0 0 0 0 0 0 0 0 0 0
0 0 0 0 0 0 0 0 0 0 0 0 0 0 0 0 0 0 0 0 0 0 0 0
0 70 2 20 3 72 0 0 0 0 0 0 0 0 0 0 0 0 0 0 0 0 0 0
0 0 0 0 0 0 0 0 0 0 0 0 0 0 0 0 0 0 0 0 0 0 0 0
0 0 0 0 0 0 0 0 0 0 0 0 0 0 0 0 0 0 0 0 0 0 0 0
0 0 0 0 0 0 0 0 0 0 0 0 0 0 0 0 0 0 0 0 0 0 0 0

Vehicle 8:
0 0 0 0 0 0 0 0 0 0 0 0 0 0 0 0 0 0 0 0 0 0 0 0
0 0 0 0 0 0 0 0 0 0 0 0 0 0 0 0 0 0 0 0 0 0 0 0
0 0 0 0 0 0 0 0 0 0 0 0 0 0 0 0 0 0 0 0 0 0 0 0
0 0 0 0 0 0 0 0 0 0 0 0 0 0 0 0 0 0 0 0 0 0 0 0
0 0 0 0 0 0 0 0 0 0 0 0 0 0 0 0 0 0 0 0 0 0 0 0
0 0 0 0 0 0 0 0 0 0 0 0 0 0 0 0 0 0 0 0 0 0 0 0

Transported demand matrix:
20 20 11 20 20 19
20 19 19 17 20 19
20 18 19 20 14 12
20 16 17 20 20 20
3 20 20 20 20 20
20 18 20 20 17 20
20 20 20 20 20 17
20 0 15 0 0 0
0 0 0 0 0 0

Routes distance matrix:
301.68716323237555 4558.862156717669 163.34029772732023 3679.3096726288286 3706.8913845613715 1378.085171493204
928.9448143957626 1312.5637162851654 890.1386356044281 214.102935237318 3473.739224837667 2838.2262880495173
4292.462613799986 253.64506674718132 4134.253969477786 2068.267272117867 233.63405395843864 230.93904038169381
2455.2571350849603 236.47445871321736 288.06361467965144 289.0004900945605 2641.7718473485043 3615.226713114229
80.0 3636.8433925567415 3329.5559779547157 2794.031808596295 3820.024186569334 1057.8663398678366
2517.066080825772 1193.682485293418 4597.064646935844 3747.3022493735866 619.889125284262 3680.088202209496
289.0000260821389 4286.170901096671 1173.8731069983337 1075.4072141975578 1000.1320406513595 247.5006756423958
3128.295686562322 0.0 246.09484242559813 0.0 0.0 0.0
0.0 0.0 0.0 0.0 0.0 0.0
