11
4 138 5 235

Solution history:
B_obj   B_dis   B_sim   C_obj   C_dis   C_sim   neighbor   iterations   time   scores
1.0015311442482728 948.813521142544 0.11538461538461539 1.0015311442482728 948.813521142544 0.11538461538461539 0 0 0 3.0 3.0 3.0 3.0 3.0 3.0 3.0
1.0015311442482728 948.813521142544 0.11538461538461539 1.0015311442482728 948.813521142544 0.11538461538461539 t_move_k 100 31.651143312454224 3.9699999999999998 3.0 3.0 3.0 3.0 3.0 3.0
0.9929167280092771 938.3397738612385 0.11538461538461539 0.9929167280092771 938.3397738612385 0.11538461538461539 f_swap_t 100 57.107025384902954 3.9699999999999998 3.0 3.0 3.9699999999999998 3.0 3.0 3.0
0.9915281623072666 936.6515008729293 0.11538461538461539 0.9915281623072666 936.6515008729293 0.11538461538461539 swap_t 100 75.63638091087341 3.9699999999999998 3.0 3.0 3.9699999999999998 3.9699999999999998 3.0 3.0
0.9846707636633133 928.3140049345736 0.11538461538461539 0.9846707636633133 928.3140049345736 0.11538461538461539 move_t 39 87.01956295967102 3.9699999999999998 4.102564102564102 3.0 3.9699999999999998 3.9699999999999998 3.0 3.0
0.9829586375532474 926.2323344309615 0.11538461538461539 1.0228178451370862 992.2308784998793 0.17307692307692307 t_move_k 100 124.71244025230408 5.0603 4.102564102564102 3.0 3.9699999999999998 3.9699999999999998 3.0 3.0
0.9829586375532474 926.2323344309615 0.11538461538461539 1.064388205057252 1079.5652853543136 0.29411764705882354 t_multiswap_k 100 140.80085134506226 5.0603 4.102564102564102 3.0 3.9699999999999998 3.9699999999999998 3.0 4.05
0.9829586375532474 926.2323344309615 0.11538461538461539 1.0412195453490445 1066.809700790023 0.3448275862068966 t_move_k 100 179.69321131706238 6.039697 4.102564102564102 3.0 3.9699999999999998 3.9699999999999998 3.0 4.05
0.9829586375532474 926.2323344309615 0.11538461538461539 0.9981744993974917 1051.1586465186404 0.46551724137931033 t_swap_r_k 100 249.30702328681946 6.039697 4.102564102564102 3.0 3.9699999999999998 3.9699999999999998 4.1 4.05
0.9829586375532474 926.2323344309615 0.11538461538461539 0.9940301017351802 1046.1197242580945 0.46551724137931033 move_t 100 284.3778603076935 6.039697 5.091538461538461 3.0 3.9699999999999998 3.9699999999999998 4.1 4.05
0.9829586375532474 926.2323344309615 0.11538461538461539 0.9936307469289056 1045.6341729217704 0.46551724137931033 t_move_k 100 336.52649784088135 6.97930003 5.091538461538461 3.0 3.9699999999999998 3.9699999999999998 4.1 4.05
0.9829586375532474 926.2323344309615 0.11538461538461539 0.9936307469289056 1045.6341729217704 0.46551724137931033 t_swap_k 100 389.42992877960205 6.97930003 5.091538461538461 3.9699999999999998 3.9699999999999998 3.9699999999999998 4.1 4.05
0.9829586375532474 926.2323344309615 0.11538461538461539 0.9926815726391811 1044.4801293556511 0.46551724137931033 f_swap_t 100 427.0683858394623 6.97930003 5.091538461538461 3.9699999999999998 4.9603 3.9699999999999998 4.1 4.05
0.9829586375532474 926.2323344309615 0.11538461538461539 0.9922822178329067 1043.9945780193273 0.46551724137931033 f_swap_t 100 453.9601182937622 6.97930003 5.091538461538461 3.9699999999999998 5.910697 3.9699999999999998 4.1 4.05
0.9829586375532474 926.2323344309615 0.11538461538461539 0.9922822178329067 1043.9945780193273 0.46551724137931033 swap_t 100 474.4693400859833 6.97930003 5.091538461538461 3.9699999999999998 5.910697 4.9303 4.1 4.05
0.9829586375532474 926.2323344309615 0.11538461538461539 0.9836262105370264 1033.470262689429 0.46551724137931033 t_multiswap_k 100 499.4942145347595 6.97930003 5.091538461538461 3.9699999999999998 5.910697 4.9303 4.1 5.0395
0.9804909429469999 1029.6582806019426 0.46551724137931033 0.9848403479462471 1034.9464588745393 0.46551724137931033 swap_t 100 525.0171613693237 6.97930003 5.091538461538461 3.9699999999999998 5.910697 5.920997 4.1 5.0395
0.9804909429469999 1029.6582806019426 0.46551724137931033 0.9821353266648676 1031.6575872312733 0.46551724137931033 swap_t 100 556.0145089626312 6.97930003 5.091538461538461 3.9699999999999998 5.910697 6.86178703 4.1 5.0395
0.9804909429469999 1029.6582806019426 0.46551724137931033 0.9973944747507388 1044.9695743907632 0.4482758620689655 t_multiswap_k 100 580.1599357128143 6.97930003 5.091538461538461 3.9699999999999998 5.910697 6.86178703 4.1 6.029105
0.9803350218030569 1031.010084160261 0.47058823529411764 0.9803350218030569 1031.010084160261 0.47058823529411764 t_multiswap_k 87 597.2148461341858 6.97930003 5.091538461538461 3.9699999999999998 5.910697 6.86178703 4.1 7.109230229885058
0.9685371567554868 1016.6657741642069 0.47058823529411764 0.9685371567554868 1016.6657741642069 0.47058823529411764 t_move_k 19 610.0726840496063 7.980389502105263 5.091538461538461 3.9699999999999998 5.910697 6.86178703 4.1 7.109230229885058
0.9683011730194236 1016.3788558234336 0.47058823529411764 0.9830070553723649 1016.3788558234336 0.4117647058823529 t_swap_r_k 100 687.9368560314178 7.980389502105263 5.091538461538461 3.9699999999999998 5.910697 6.86178703 5.099 7.109230229885058
0.9683011730194236 1016.3788558234336 0.47058823529411764 0.9939057251176432 1029.6298886789998 0.4117647058823529 f_swap_t 100 723.3972651958466 7.980389502105263 5.091538461538461 3.9699999999999998 6.86159003 6.86178703 5.099 7.109230229885058
0.9683011730194236 1016.3788558234336 0.47058823529411764 0.9846029054117807 1018.3191532908394 0.4117647058823529 swap_t 100 743.8523008823395 7.980389502105263 5.091538461538461 3.9699999999999998 6.86159003 7.793169159700001 5.099 7.109230229885058
0.9683011730194236 1016.3788558234336 0.47058823529411764 1.0031843580641844 1040.9112168505067 0.4117647058823529 move_t 100 769.5673971176147 7.980389502105263 6.140623076923076 3.9699999999999998 6.86159003 7.793169159700001 5.099 7.109230229885058
0.9683011730194236 1016.3788558234336 0.47058823529411764 0.9901651056319364 1025.081895863019 0.4117647058823529 t_move_k 100 801.1938047409058 8.99058560708421 6.140623076923076 3.9699999999999998 6.86159003 7.793169159700001 5.099 7.109230229885058
0.9683011730194236 1016.3788558234336 0.47058823529411764 0.9832429488439262 1016.6656644170628 0.4117647058823529 t_multiswap_k 100 823.1618735790253 8.99058560708421 6.140623076923076 3.9699999999999998 6.86159003 7.793169159700001 5.099 8.068137927586207
0.9683011730194236 1016.3788558234336 0.47058823529411764 0.9815332679962848 1014.586966960023 0.4117647058823529 t_multiswap_k 100 837.6785223484039 8.99058560708421 6.140623076923076 3.9699999999999998 6.86159003 7.793169159700001 5.099 8.987456548310345
0.9683011730194236 1016.3788558234336 0.47058823529411764 0.980251233019816 1013.0282182326808 0.4117647058823529 swap_t 100 865.2233436107635 8.99058560708421 6.140623076923076 3.9699999999999998 6.86159003 8.715237468103 5.099 8.987456548310345
0.9683011730194236 1016.3788558234336 0.47058823529411764 0.9939745252565401 1029.7135386034674 0.4117647058823529 t_multiswap_k 100 885.7170207500458 8.99058560708421 6.140623076923076 3.9699999999999998 6.86159003 8.715237468103 5.099 9.90758198282724
0.9683011730194236 1016.3788558234336 0.47058823529411764 1.047871109633196 1077.3631410124165 0.35294117647058826 swap_t 100 913.0981888771057 8.99058560708421 6.140623076923076 3.9699999999999998 6.86159003 9.66808509342197 5.099 9.90758198282724
0.9683011730194236 1016.3788558234336 0.47058823529411764 1.0167741438780267 1057.4342148427477 0.4117647058823529 t_swap_k 100 966.4960632324219 8.99058560708421 6.140623076923076 5.080299999999999 6.86159003 9.66808509342197 5.099 9.90758198282724
0.9683011730194236 1016.3788558234336 0.47058823529411764 1.0098171028881007 1048.9755698071947 0.4117647058823529 t_swap_r_k 100 1037.981252670288 8.99058560708421 6.140623076923076 5.080299999999999 6.86159003 9.66808509342197 6.088010000000001 9.90758198282724
0.9683011730194236 1016.3788558234336 0.47058823529411764 1.0081326058667839 1046.9274918402261 0.4117647058823529 swap_t 100 1071.2482306957245 8.99058560708421 6.140623076923076 5.080299999999999 6.86159003 10.57140424248775 6.088010000000001 9.90758198282724
0.9683011730194236 1016.3788558234336 0.47058823529411764 1.0081326058667839 1046.9274918402261 0.4117647058823529 swap_t 100 1110.7842495441437 8.99058560708421 6.140623076923076 5.080299999999999 6.86159003 11.465690200062873 6.088010000000001 9.90758198282724
0.9683011730194236 1016.3788558234336 0.47058823529411764 1.0130870777527237 1052.9513343161402 0.4117647058823529 move_t 100 1150.0821087360382 8.99058560708421 7.1192168461538445 5.080299999999999 6.86159003 11.465690200062873 6.088010000000001 9.90758198282724
0.9683011730194236 1016.3788558234336 0.47058823529411764 1.0057124032420837 1050.0803658541718 0.4318181818181818 t_move_k 100 1198.464447259903 9.960679751013368 7.1192168461538445 5.080299999999999 6.86159003 11.465690200062873 6.088010000000001 9.90758198282724
0.9683011730194236 1016.3788558234336 0.47058823529411764 1.04124689711736 1100.1927848941602 0.45454545454545453 t_move_k 100 1244.9961953163147 10.991072953503235 7.1192168461538445 5.080299999999999 6.86159003 11.465690200062873 6.088010000000001 9.90758198282724
0.9683011730194236 1016.3788558234336 0.47058823529411764 1.001663273066291 1052.065452375406 0.45454545454545453 t_move_k 100 1295.5185141563416 11.971162223968202 7.1192168461538445 5.080299999999999 6.86159003 11.465690200062873 6.088010000000001 9.90758198282724
0.9683011730194236 1016.3788558234336 0.47058823529411764 0.9965770062345829 1045.881368402374 0.45454545454545453 t_multiswap_k 100 1328.8785660266876 11.971162223968202 7.1192168461538445 5.080299999999999 6.86159003 11.465690200062873 6.088010000000001 10.808506162998968
0.9683011730194236 1016.3788558234336 0.47058823529411764 0.9965770062345829 1045.881368402374 0.45454545454545453 t_move_k 100 1382.217211008072 12.85145060172852 7.1192168461538445 5.080299999999999 6.86159003 11.465690200062873 6.088010000000001 10.808506162998968
0.9683011730194236 1016.3788558234336 0.47058823529411764 0.9965770062345829 1045.881368402374 0.45454545454545453 t_multiswap_k 100 1399.2994031906128 12.85145060172852 7.1192168461538445 5.080299999999999 6.86159003 11.465690200062873 6.088010000000001 11.70042110136898
0.9683011730194236 1016.3788558234336 0.47058823529411764 0.9965770062345829 1045.881368402374 0.45454545454545453 swap_t 100 1422.9775567054749 12.85145060172852 7.1192168461538445 5.080299999999999 6.86159003 12.351033298062244 6.088010000000001 11.70042110136898
0.9683011730194236 1016.3788558234336 0.47058823529411764 0.9965770062345829 1045.881368402374 0.45454545454545453 swap_t 100 1451.1602747440338 12.85145060172852 7.1192168461538445 5.080299999999999 6.86159003 13.227522965081622 6.088010000000001 11.70042110136898
0.9683011730194236 1016.3788558234336 0.47058823529411764 0.9942085608009487 1047.8780804736357 0.47058823529411764 t_move_k 100 1500.15487575531 13.752936095711235 7.1192168461538445 5.080299999999999 6.86159003 13.227522965081622 6.088010000000001 11.70042110136898
0.9683011730194236 1016.3788558234336 0.47058823529411764 1.0169417304890287 1094.9393363340498 0.5344827586206896 t_multiswap_k 100 1526.9033386707306 13.752936095711235 7.1192168461538445 5.080299999999999 6.86159003 13.227522965081622 6.088010000000001 12.74341689035529
0.9683011730194236 1016.3788558234336 0.47058823529411764 1.0102840750458308 1082.20870338606 0.5192307692307693 t_swap_r_k 100 1589.7505896091461 13.752936095711235 7.1192168461538445 5.080299999999999 6.86159003 13.227522965081622 7.0671299 12.74341689035529
0.9683011730194236 1016.3788558234336 0.47058823529411764 1.0238022347405198 1098.6446155154938 0.5192307692307693 swap_t 100 1621.8657262325287 13.752936095711235 7.1192168461538445 5.080299999999999 6.86159003 14.135247735430806 7.0671299 12.74341689035529
0.9683011730194236 1016.3788558234336 0.47058823529411764 1.0705785768738885 1155.5171385810734 0.5192307692307693 swap_t 100 1657.7311336994171 13.752936095711235 7.1192168461538445 5.080299999999999 6.86159003 15.103895258076498 7.0671299 12.74341689035529
0.9683011730194236 1016.3788558234336 0.47058823529411764 1.0676059946431293 1146.057573703533 0.5 t_move_k 100 1701.8712840080261 14.765406734754123 7.1192168461538445 5.080299999999999 6.86159003 15.103895258076498 7.0671299 12.74341689035529
0.9683011730194236 1016.3788558234336 0.47058823529411764 1.0474832756227603 1121.591577658671 0.5 f_swap_t 100 1727.3226840496063 14.765406734754123 7.1192168461538445 5.080299999999999 7.8229741297 15.103895258076498 7.0671299 12.74341689035529
0.9683011730194236 1016.3788558234336 0.47058823529411764 1.0636279831816213 1117.8394220686298 0.4230769230769231 t_swap_r_k 100 1798.4479360580444 14.765406734754123 7.1192168461538445 5.080299999999999 7.8229741297 15.103895258076498 8.036458601 12.74341689035529
0.9683011730194236 1016.3788558234336 0.47058823529411764 1.1207356847931913 1193.118601846044 0.4423076923076923 t_move_k 100 1846.6139283180237 15.727752667406582 7.1192168461538445 5.080299999999999 7.8229741297 15.103895258076498 8.036458601 12.74341689035529
0.9683011730194236 1016.3788558234336 0.47058823529411764 1.1095104349830718 1179.470500057266 0.4423076923076923 t_swap_k 100 1891.3607351779938 15.727752667406582 7.1192168461538445 6.229496999999999 7.8229741297 15.103895258076498 8.036458601 12.74341689035529
0.9683011730194236 1016.3788558234336 0.47058823529411764 1.1198604569339359 1192.054465268814 0.4423076923076923 t_move_k 100 1955.2754712104797 16.710475140732516 7.1192168461538445 6.229496999999999 7.8229741297 15.103895258076498 8.036458601 12.74341689035529
0.9683011730194236 1016.3788558234336 0.47058823529411764 1.140482845341187 1211.2825970054266 0.4230769230769231 swap_t 100 2002.6930968761444 16.710475140732516 7.1192168461538445 6.229496999999999 7.8229741297 15.962856305495734 8.036458601 12.74341689035529
0.9683011730194236 1016.3788558234336 0.47058823529411764 1.1083390914580886 1178.0463343657207 0.4423076923076923 t_multiswap_k 100 2058.837475299835 16.710475140732516 7.1192168461538445 6.229496999999999 7.8229741297 15.962856305495734 8.036458601 13.675982721451737
0.9683011730194236 1016.3788558234336 0.47058823529411764 1.103680545717866 1172.3822905782126 0.4423076923076923 t_multiswap_k 100 2101.0820829868317 16.710475140732516 7.1192168461538445 6.229496999999999 7.8229741297 15.962856305495734 8.036458601 14.56922289423722
0.9683011730194236 1016.3788558234336 0.47058823529411764 1.097128899583652 1164.4165406094949 0.4423076923076923 t_multiswap_k 100 2153.5574893951416 16.710475140732516 7.1192168461538445 6.229496999999999 7.8229741297 15.962856305495734 8.036458601 15.453530665294847
0.9683011730194236 1016.3788558234336 0.47058823529411764 1.193898580872299 1282.0729386973505 0.4423076923076923 swap_t 100 2207.623678445816 16.710475140732516 7.1192168461538445 6.229496999999999 7.8229741297 16.863227742440777 8.036458601 15.453530665294847
0.9683011730194236 1016.3788558234336 0.47058823529411764 1.1771558842833285 1272.344474738918 0.4772727272727273 f_swap_t 100 2271.5439581871033 16.710475140732516 7.1192168461538445 6.229496999999999 8.844744388403 16.863227742440777 8.036458601 15.453530665294847
0.9683011730194236 1016.3788558234336 0.47058823529411764 1.1379706663805165 1224.7015401406256 0.4772727272727273 swap_t 100 2322.3365771770477 16.710475140732516 7.1192168461538445 6.229496999999999 8.844744388403 17.72459546501637 8.036458601 15.453530665294847
0.9683011730194236 1016.3788558234336 0.47058823529411764 1.1379843499716635 1219.9355918598849 0.46153846153846156 t_swap_k 100 2411.69459939003 16.710475140732516 7.1192168461538445 7.2072020299999995 8.844744388403 17.72459546501637 8.036458601 15.453530665294847
0.9683011730194236 1016.3788558234336 0.47058823529411764 1.1353453029173584 1216.7269342859518 0.46153846153846156 t_move_k 100 2479.614963054657 17.713370389325192 7.1192168461538445 7.2072020299999995 8.844744388403 17.72459546501637 8.036458601 15.453530665294847
0.9683011730194236 1016.3788558234336 0.47058823529411764 1.1552691134842317 1235.1057075108045 0.4423076923076923 t_move_k 100 2556.73108458519 18.60623668543194 7.1192168461538445 7.2072020299999995 8.844744388403 17.72459546501637 8.036458601 15.453530665294847
0.9683011730194236 1016.3788558234336 0.47058823529411764 1.1355247847448344 1211.0997733049164 0.4423076923076923 t_swap_r_k 100 2649.6105637550354 18.60623668543194 7.1192168461538445 7.2072020299999995 8.844744388403 17.72459546501637 8.99609401499 15.453530665294847
0.9683011730194236 1016.3788558234336 0.47058823529411764 1.1193081215381595 1191.3829140935068 0.4423076923076923 f_swap_t 100 2715.3937430381775 18.60623668543194 7.1192168461538445 7.2072020299999995 9.786296944518972 17.72459546501637 8.99609401499 15.453530665294847
0.9683011730194236 1016.3788558234336 0.47058823529411764 1.0993114377675426 1167.070156680006 0.4423076923076923 t_move_k 100 2799.3476424217224 19.450174318577623 7.1192168461538445 7.2072020299999995 9.786296944518972 17.72459546501637 8.99609401499 15.453530665294847
0.9683011730194236 1016.3788558234336 0.47058823529411764 1.1251075663427639 1198.434107995694 0.4423076923076923 t_move_k 100 2878.4290165901184 20.355672575391846 7.1192168461538445 7.2072020299999995 9.786296944518972 17.72459546501637 8.99609401499 15.453530665294847
0.9683011730194236 1016.3788558234336 0.47058823529411764 1.104295308716231 1181.7258938014804 0.47058823529411764 t_multiswap_k 100 2919.5168039798737 20.355672575391846 7.1192168461538445 7.2072020299999995 9.786296944518972 17.72459546501637 8.99609401499 16.3589953586419
0.9683011730194236 1016.3788558234336 0.47058823529411764 1.0804183258079627 1152.6953155378965 0.47058823529411764 f_swap_t 100 2987.1404366493225 20.355672575391846 7.1192168461538445 7.2072020299999995 10.718433975073783 17.72459546501637 8.99609401499 16.3589953586419
0.9683011730194236 1016.3788558234336 0.47058823529411764 1.106649168648128 1184.5878096154247 0.47058823529411764 t_move_k 100 3056.332646369934 21.26211584963793 7.1192168461538445 7.2072020299999995 10.718433975073783 17.72459546501637 8.99609401499 16.3589953586419
0.9683011730194236 1016.3788558234336 0.47058823529411764 1.0936791439628029 1168.8183416657048 0.47058823529411764 swap_t 100 3114.7163767814636 21.26211584963793 7.1192168461538445 7.2072020299999995 10.718433975073783 18.577349510366208 8.99609401499 16.3589953586419
0.9683011730194236 1016.3788558234336 0.47058823529411764 1.0854784376974738 1158.8475992998485 0.47058823529411764 t_move_k 100 3192.2808678150177 22.149494691141552 7.1192168461538445 7.2072020299999995 10.718433975073783 18.577349510366208 8.99609401499 16.3589953586419
0.9683011730194236 1016.3788558234336 0.47058823529411764 1.0817373393201166 1154.299024228497 0.47058823529411764 f_swap_t 100 3247.224469900131 22.149494691141552 7.1192168461538445 7.2072020299999995 11.611249635323045 18.577349510366208 8.99609401499 16.3589953586419
0.9683011730194236 1016.3788558234336 0.47058823529411764 1.079840957177885 1151.9933279682443 0.47058823529411764 t_swap_r_k 100 3352.0250885486603 22.149494691141552 7.1192168461538445 7.2072020299999995 11.611249635323045 18.577349510366208 9.9461330748401 16.3589953586419
0.9683011730194236 1016.3788558234336 0.47058823529411764 1.079840957177885 1151.9933279682443 0.47058823529411764 swap_t 100 3403.6583318710327 22.149494691141552 7.1192168461538445 7.2072020299999995 11.611249635323045 19.391576015262547 9.9461330748401 16.3589953586419
0.9683011730194236 1016.3788558234336 0.47058823529411764 1.074048919926038 1142.2003724275883 0.46153846153846156 t_multiswap_k 100 3444.9124586582184 22.149494691141552 7.1192168461538445 7.2072020299999995 11.611249635323045 19.391576015262547 9.9461330748401 17.22540540505548
0.9683011730194236 1016.3788558234336 0.47058823529411764 1.072724924753146 1140.5906068372328 0.46153846153846156 swap_t 100 3486.394588470459 22.149494691141552 7.1192168461538445 7.2072020299999995 11.611249635323045 20.197660255109923 9.9461330748401 17.22540540505548
0.9683011730194236 1016.3788558234336 0.47058823529411764 1.072724924753146 1140.5906068372328 0.46153846153846156 swap_t 100 3528.226622581482 22.149494691141552 7.1192168461538445 7.2072020299999995 11.611249635323045 20.995683652558824 9.9461330748401 17.22540540505548
0.9683011730194236 1016.3788558234336 0.47058823529411764 1.072724924753146 1140.5906068372328 0.46153846153846156 swap_t 100 3568.9100613594055 22.149494691141552 7.1192168461538445 7.2072020299999995 11.611249635323045 21.785726816033236 9.9461330748401 17.22540540505548
0.9683011730194236 1016.3788558234336 0.47058823529411764 1.0712222103148668 1138.7635473098258 0.46153846153846156 swap_t 100 3603.3865311145782 22.149494691141552 7.1192168461538445 7.2072020299999995 11.611249635323045 22.597869547872904 9.9461330748401 17.22540540505548
0.9683011730194236 1016.3788558234336 0.47058823529411764 1.0863621043098213 1145.4804638703333 0.4230769230769231 t_multiswap_k 100 3642.5843296051025 22.149494691141552 7.1192168461538445 7.2072020299999995 11.611249635323045 22.597869547872904 9.9461330748401 18.063151351004926
0.9683011730194236 1016.3788558234336 0.47058823529411764 1.0765837218211012 1133.5915204799294 0.4230769230769231 t_multiswap_k 100 3669.461438894272 22.149494691141552 7.1192168461538445 7.2072020299999995 11.611249635323045 22.597869547872904 9.9461330748401 18.882519837494876
0.9683011730194236 1016.3788558234336 0.47058823529411764 1.0751040691757374 1131.7925003906169 0.4230769230769231 swap_t 100 3703.8889005184174 22.149494691141552 7.1192168461538445 7.2072020299999995 11.611249635323045 23.401890852394175 9.9461330748401 18.882519837494876
0.9683011730194236 1016.3788558234336 0.47058823529411764 1.0976767723976004 1165.0826660016742 0.4423076923076923 t_multiswap_k 100 3753.8032972812653 22.149494691141552 7.1192168461538445 7.2072020299999995 11.611249635323045 23.401890852394175 9.9461330748401 19.773694639119928
0.9683011730194236 1016.3788558234336 0.47058823529411764 1.115368273871266 1186.592691791143 0.4423076923076923 t_move_k 100 3830.7285957336426 23.007999744230137 7.1192168461538445 7.2072020299999995 11.611249635323045 23.401890852394175 9.9461330748401 19.773694639119928
0.9683011730194236 1016.3788558234336 0.47058823529411764 1.105888208305738 1175.0664538907645 0.4423076923076923 swap_t 100 3876.699417114258 23.007999744230137 7.1192168461538445 7.2072020299999995 11.611249635323045 24.16787194387023 9.9461330748401 19.773694639119928
0.9683011730194236 1016.3788558234336 0.47058823529411764 1.1023326833495808 1170.7435063096402 0.4423076923076923 t_move_k 100 3943.2909190654755 23.777919746787834 7.1192168461538445 7.2072020299999995 11.611249635323045 24.16787194387023 9.9461330748401 19.773694639119928
0.9683011730194236 1016.3788558234336 0.47058823529411764 1.0925914341393108 1162.6194996156025 0.45454545454545453 t_multiswap_k 100 3994.0920720100403 23.777919746787834 7.1192168461538445 7.2072020299999995 11.611249635323045 24.16787194387023 9.9461330748401 20.635957692728727
0.9683011730194236 1016.3788558234336 0.47058823529411764 1.0838230382485772 1151.9585377960134 0.45454545454545453 t_multiswap_k 100 4048.9015593528748 23.777919746787834 7.1192168461538445 7.2072020299999995 11.611249635323045 24.16787194387023 9.9461330748401 21.42959811580144
0.9683011730194236 1016.3788558234336 0.47058823529411764 1.0939479975877258 1157.360684189449 0.4318181818181818 t_multiswap_k 100 4092.930919408798 23.777919746787834 7.1192168461538445 7.2072020299999995 11.611249635323045 24.16787194387023 9.9461330748401 22.315302134643424
0.9683011730194236 1016.3788558234336 0.47058823529411764 1.0884129109646272 1147.973915548234 0.4230769230769231 t_multiswap_k 100 4138.78635764122 23.777919746787834 7.1192168461538445 7.2072020299999995 11.611249635323045 24.16787194387023 9.9461330748401 23.16214911329699
0.9683011730194236 1016.3788558234336 0.47058823529411764 1.0839116554324058 1142.5011114039844 0.4230769230769231 t_swap_k 100 4228.793415546417 23.777919746787834 7.1192168461538445 8.1651300097 11.611249635323045 24.16787194387023 9.9461330748401 23.16214911329699