11
4 138 5 235

Solution history:
B_obj   B_dis   B_sim   C_obj   C_dis   C_sim   neighbor   iterations   time   scores
1.0272522980944268 948.813521142544 0.0125 1.0272522980944268 948.813521142544 0.0125 0 0 0 3.0 3.0 3.0 3.0 3.0 3.0 3.0
1.0255212641773812 946.4853618781784 0.011764705882352941 1.0255212641773812 946.4853618781784 0.011764705882352941 f_swap_t 60 32.642454624176025 3.0 3.0 3.0 4.066666666666666 3.0 3.0 3.0
1.020433735568406 936.7237453430012 0.0 1.0689921327133758 1000.1052450551289 0.014285714285714285 t_move_k 100 120.24004554748535 4.1 3.0 3.0 4.066666666666666 3.0 3.0 3.0
1.020433735568406 936.7237453430012 0.0 1.0586205783214162 987.4950998517945 0.014285714285714285 swap_t 100 157.45645427703857 4.1 3.0 3.0 4.066666666666666 3.98 3.0 3.0
1.020433735568406 936.7237453430012 0.0 1.1080045149281301 1046.7717538211584 0.011764705882352941 move_t 100 218.61433839797974 4.1 4.0600000000000005 3.0 4.066666666666666 3.98 3.0 3.0
1.020433735568406 936.7237453430012 0.0 1.086354844883975 1020.9260302440651 0.013333333333333332 swap_t 100 285.2566809654236 4.1 4.0600000000000005 3.0 4.066666666666666 5.0001999999999995 3.0 3.0
1.020433735568406 936.7237453430012 0.0 1.0856215792658084 1019.5576971704423 0.011764705882352941 t_move_k 100 367.0682542324066 5.159 4.0600000000000005 3.0 4.066666666666666 5.0001999999999995 3.0 3.0
1.020433735568406 936.7237453430012 0.0 1.0755585511928913 1007.7994702360536 0.013333333333333332 t_move_k 100 439.9295196533203 6.13741 4.0600000000000005 3.0 4.066666666666666 5.0001999999999995 3.0 3.0
1.020433735568406 936.7237453430012 0.0 1.0670535063864064 993.40590282336 0.0 t_swap_k 100 517.704648733139 6.13741 4.0600000000000005 4.0 4.066666666666666 5.0001999999999995 3.0 3.0
1.020433735568406 936.7237453430012 0.0 1.058825722191904 986.9782364859681 0.011764705882352941 t_swap_k 100 602.1304392814636 6.13741 4.0600000000000005 4.97 4.066666666666666 5.0001999999999995 3.0 3.0
1.020433735568406 936.7237453430012 0.0 1.0564699350253823 984.8802628448565 0.014285714285714285 t_swap_r_k 100 698.834299325943 6.13741 4.0600000000000005 4.97 4.066666666666666 5.0001999999999995 4.04 3.0
1.020433735568406 936.7237453430012 0.0 1.0551130127432211 983.2304631753917 0.014285714285714285 swap_t 100 739.2173714637756 6.13741 4.0600000000000005 4.97 4.066666666666666 5.950197999999999 4.04 3.0
1.020433735568406 936.7237453430012 0.0 1.0754368968899406 1007.9410437210196 0.014285714285714285 move_t 100 798.161732673645 6.13741 5.0394000000000005 4.97 4.066666666666666 5.950197999999999 4.04 3.0
1.020433735568406 936.7237453430012 0.0 1.086463719213274 1017.0056057149709 0.0 t_swap_k 100 881.0386068820953 6.13741 5.0394000000000005 5.9303 4.066666666666666 5.950197999999999 4.04 3.0
1.020433735568406 936.7237453430012 0.0 1.0751413288652831 1007.5816804503336 0.014285714285714285 t_swap_k 100 956.4958710670471 6.13741 5.0394000000000005 6.870997 4.066666666666666 5.950197999999999 4.04 3.0
1.020433735568406 936.7237453430012 0.0 1.0751413288652831 1007.5816804503336 0.014285714285714285 t_multiswap_k 100 975.4154071807861 6.13741 5.0394000000000005 6.870997 4.066666666666666 5.950197999999999 4.04 3.9699999999999998
1.020433735568406 936.7237453430012 0.0 1.212886155474309 1174.5144920625958 0.0125 swap_t 100 1031.5261318683624 6.13741 5.0394000000000005 6.870997 4.066666666666666 7.07069602 4.04 3.9699999999999998
1.020433735568406 936.7237453430012 0.0 1.1670292036230911 1118.5363000884079 0.011764705882352941 t_swap_k 100 1112.2566847801208 6.13741 5.0394000000000005 7.87228703 4.066666666666666 7.07069602 4.04 3.9699999999999998
1.020433735568406 936.7237453430012 0.0 1.155722244384779 1104.4124318629028 0.010526315789473684 swap_t 100 1168.9124293327332 6.13741 5.0394000000000005 7.87228703 4.066666666666666 8.0399890598 4.04 3.9699999999999998
1.020433735568406 936.7237453430012 0.0 1.1431349876892831 1090.2510546129301 0.014285714285714285 move_t 100 1232.2811257839203 6.13741 6.019006000000001 7.87228703 4.066666666666666 8.0399890598 4.04 3.9699999999999998
1.020433735568406 936.7237453430012 0.0 1.123580263435251 1066.4756490241903 0.014285714285714285 t_move_k 100 1310.9611518383026 7.1360358999999995 6.019006000000001 7.87228703 4.066666666666666 8.0399890598 4.04 3.9699999999999998
1.020433735568406 936.7237453430012 0.0 1.1169134185081315 1058.3698358160693 0.014285714285714285 swap_t 100 1345.5218341350555 7.1360358999999995 6.019006000000001 7.87228703 4.066666666666666 8.959589169202 4.04 3.9699999999999998
1.020433735568406 936.7237453430012 0.0 1.1169134185081315 1058.3698358160693 0.014285714285714285 swap_t 100 1387.4056370258331 7.1360358999999995 6.019006000000001 7.87228703 4.066666666666666 9.869993277509979 4.04 3.9699999999999998
1.020433735568406 936.7237453430012 0.0 1.1944877013561137 1148.3454269976562 0.0 t_swap_k 100 1459.6877014636993 7.1360358999999995 6.019006000000001 8.8935641597 4.066666666666666 9.869993277509979 4.04 3.9699999999999998
1.020433735568406 936.7237453430012 0.0 1.1903001536178532 1146.8300396151444 0.011764705882352941 t_swap_k 100 1527.599922657013 7.1360358999999995 6.019006000000001 9.934628518103 4.066666666666666 9.869993277509979 4.04 3.9699999999999998
1.020433735568406 936.7237453430012 0.0 1.1526422926668076 1101.8104112655753 0.014285714285714285 t_move_k 100 1599.3596143722534 8.124675541 6.019006000000001 9.934628518103 4.066666666666666 9.869993277509979 4.04 3.9699999999999998
1.020433735568406 936.7237453430012 0.0 1.1495148114947555 1098.007896212398 0.014285714285714285 t_move_k 100 1669.145234823227 9.04342878559 6.019006000000001 9.934628518103 4.066666666666666 9.869993277509979 4.04 3.9699999999999998
1.020433735568406 936.7237453430012 0.0 1.1486949484940934 1097.0110744155413 0.014285714285714285 t_multiswap_k 100 1697.2512826919556 9.04342878559 6.019006000000001 9.934628518103 4.066666666666666 9.869993277509979 4.04 4.9303
1.020433735568406 936.7237453430012 0.0 1.1941562670268981 1156.0842382287788 0.026785714285714284 t_swap_k 100 1766.9177389144897 9.04342878559 6.019006000000001 10.93528223292197 4.066666666666666 9.869993277509979 4.04 4.9303
1.020433735568406 936.7237453430012 0.0 1.1759717024762633 1129.632443064435 0.0125 t_swap_k 100 1851.378077507019 9.04342878559 6.019006000000001 11.87592941059275 4.066666666666666 9.869993277509979 4.04 4.9303
1.020433735568406 936.7237453430012 0.0 1.17250717366947 1125.962917671436 0.014285714285714285 t_swap_k 100 1909.4062972068787 9.04342878559 6.019006000000001 12.857170116486822 4.066666666666666 9.869993277509979 4.04 4.9303
1.020433735568406 936.7237453430012 0.0 1.1421389653743284 1088.4972658905692 0.0125 t_move_k 100 1975.8351545333862 10.042994497734101 6.019006000000001 12.857170116486822 4.066666666666666 9.869993277509979 4.04 4.9303
1.020433735568406 936.7237453430012 0.0 1.1403189074513223 1086.2843676286288 0.0125 f_swap_t 100 2033.1612598896027 10.042994497734101 6.019006000000001 12.857170116486822 5.066 9.869993277509979 4.04 4.9303
1.020433735568406 936.7237453430012 0.0 1.127685052990986 1070.9236287073595 0.0125 t_swap_r_k 100 2125.4346375465393 10.042994497734101 6.019006000000001 12.857170116486822 5.066 9.869993277509979 5.0396 4.9303
1.020433735568406 936.7237453430012 0.0 1.1353218694763694 1080.7515570996125 0.014285714285714285 swap_t 100 2175.707830429077 10.042994497734101 6.019006000000001 12.857170116486822 5.066 10.811293344734878 5.0396 4.9303
1.020433735568406 936.7237453430012 0.0 1.1614962962893203 1112.5754583444673 0.014285714285714285 t_swap_k 100 2250.202428817749 10.042994497734101 6.019006000000001 13.838598415321954 5.066 10.811293344734878 5.0396 4.9303
1.020433735568406 936.7237453430012 0.0 1.1529390840183706 1102.1712619053988 0.014285714285714285 swap_t 100 2291.221799850464 10.042994497734101 6.019006000000001 13.838598415321954 5.066 11.70318041128753 5.0396 4.9303
1.020433735568406 936.7237453430012 0.0 1.1604159078336092 1111.2618794162129 0.014285714285714285 f_swap_t 100 2325.614785194397 10.042994497734101 6.019006000000001 13.838598415321954 6.05534 11.70318041128753 5.0396 4.9303
1.020433735568406 936.7237453430012 0.0 1.144870591095816 1092.3612697402546 0.014285714285714285 t_move_k 100 2392.6773929595947 11.00256455275676 6.019006000000001 13.838598415321954 6.05534 11.70318041128753 5.0396 4.9303
1.020433735568406 936.7237453430012 0.0 1.1448416813915745 1092.3261201807484 0.014285714285714285 t_move_k 100 2453.6562962532043 11.892538907229193 6.019006000000001 13.838598415321954 6.05534 11.70318041128753 5.0396 4.9303
1.020433735568406 936.7237453430012 0.0 1.1406379108532314 1087.2150100340282 0.014285714285714285 t_move_k 100 2514.805873632431 12.8036135181569 6.019006000000001 13.838598415321954 6.05534 11.70318041128753 5.0396 4.9303
1.020433735568406 936.7237453430012 0.0 1.1352481332194602 1080.6619056480326 0.014285714285714285 t_multiswap_k 100 2548.6026589870453 12.8036135181569 6.019006000000001 13.838598415321954 6.05534 11.70318041128753 5.0396 5.940996999999999
1.020433735568406 936.7237453430012 0.0 1.128397358232137 1072.3324630128486 0.014285714285714285 t_move_k 100 2601.3268270492554 13.675577382975332 6.019006000000001 13.838598415321954 6.05534 11.70318041128753 5.0396 5.940996999999999
1.020433735568406 936.7237453430012 0.0 1.1478240730279632 1110.7436638020904 0.014285714285714285 swap_t 100 2646.7944242954254 13.675577382975332 6.019006000000001 13.838598415321954 6.05534 12.686148607174655 5.0396 5.940996999999999
1.020433735568406 936.7237453430012 0.0 1.1349361796838249 1080.2826202263504 0.014285714285714285 f_swap_t 100 2703.096743106842 13.675577382975332 6.019006000000001 13.838598415321954 6.9947866 12.686148607174655 5.0396 5.940996999999999
1.020433735568406 936.7237453430012 0.0 1.1727964241962197 1126.3145998788088 0.014285714285714285 t_move_k 100 2755.915858745575 14.668821609145578 6.019006000000001 13.838598415321954 6.9947866 12.686148607174655 5.0396 5.940996999999999
1.020433735568406 936.7237453430012 0.0 1.1468667894781057 1094.7883265249973 0.014285714285714285 t_move_k 100 2822.2136068344116 15.552133393054122 6.019006000000001 13.838598415321954 6.9947866 12.686148607174655 5.0396 5.940996999999999
1.020433735568406 936.7237453430012 0.0 1.191881845491556 1149.519408406601 0.014285714285714285 t_move_k 100 2888.266970396042 16.46661205912358 6.019006000000001 13.838598415321954 6.9947866 12.686148607174655 5.0396 5.940996999999999
1.020433735568406 936.7237453430012 0.0 1.159175812740263 1109.7541228541722 0.014285714285714285 t_multiswap_k 100 2913.344702720642 16.46661205912358 6.019006000000001 13.838598415321954 6.9947866 12.686148607174655 5.0396 6.8815870299999995
1.020433735568406 936.7237453430012 0.0 1.1347043882483487 1080.0007990501044 0.014285714285714285 t_move_k 100 2975.0474622249603 17.391945938532345 6.019006000000001 13.838598415321954 6.9947866 12.686148607174655 5.0396 6.8815870299999995
1.020433735568406 936.7237453430012 0.0 1.1312533636385678 1075.8049071148168 0.014285714285714285 t_move_k 100 3038.345118522644 18.21802647914702 6.019006000000001 13.838598415321954 6.9947866 12.686148607174655 5.0396 6.8815870299999995
1.020433735568406 936.7237453430012 0.0 1.1305807108115915 1074.9870692576312 0.014285714285714285 swap_t 100 3069.9833195209503 18.21802647914702 6.019006000000001 13.838598415321954 6.9947866 13.559287121102908 5.0396 6.8815870299999995
1.020433735568406 936.7237453430012 0.0 1.1681564633010524 1120.6731522794776 0.014285714285714285 t_multiswap_k 100 3107.9135003089905 18.21802647914702 6.019006000000001 13.838598415321954 6.9947866 13.559287121102908 5.0396 7.8927711597
1.020433735568406 936.7237453430012 0.0 1.182095701074927 1137.6210277578755 0.014285714285714285 move_t 100 3177.9074206352234 18.21802647914702 7.068815940000001 13.838598415321954 6.9947866 13.559287121102908 5.0396 7.8927711597
1.020433735568406 936.7237453430012 0.0 1.1781070490282088 1132.7714671641727 0.014285714285714285 t_multiswap_k 100 3219.388978242874 18.21802647914702 7.068815940000001 13.838598415321954 6.9947866 13.559287121102908 5.0396 8.953843448103
1.020433735568406 936.7237453430012 0.0 1.165195579571676 1117.0731929728404 0.014285714285714285 t_swap_r_k 100 3333.085726261139 18.21802647914702 7.068815940000001 13.838598415321954 6.9947866 13.559287121102908 6.029204 8.953843448103
1.020433735568406 936.7237453430012 0.0 1.1590692802742115 1109.6245964770246 0.014285714285714285 t_move_k 100 3412.266198158264 19.06584621435555 7.068815940000001 13.838598415321954 6.9947866 13.559287121102908 6.029204 8.953843448103
1.020433735568406 936.7237453430012 0.0 1.1474617697516307 1095.5117270258988 0.014285714285714285 t_move_k 100 3484.843199968338 19.965187752211992 7.068815940000001 13.838598415321954 6.9947866 13.559287121102908 6.029204 8.953843448103
1.020433735568406 936.7237453430012 0.0 1.1474077174401602 1095.4460080921247 0.014285714285714285 f_swap_t 100 3536.366589307785 19.965187752211992 7.068815940000001 13.838598415321954 7.924838734000001 13.559287121102908 6.029204 8.953843448103
1.020433735568406 936.7237453430012 0.0 1.1742140671600072 1128.038226149689 0.014285714285714285 t_swap_k 100 3625.1413238048553 19.965187752211992 7.068815940000001 14.810212431168734 7.924838734000001 13.559287121102908 6.029204 8.953843448103
1.020433735568406 936.7237453430012 0.0 1.16025358809669 1111.0645246731758 0.014285714285714285 f_swap_t 100 3690.3468956947327 19.965187752211992 7.068815940000001 14.810212431168734 8.84559034666 13.559287121102908 6.029204 8.953843448103