11
4 138 5 235

Solution history:
B_obj   B_dis   B_sim   C_obj   C_dis   C_sim   neighbor   iterations   time   scores
1.0270439647610934 948.813521142544 0.013333333333333332 1.0270439647610934 948.813521142544 0.013333333333333332 0 0 0 3.0 3.0 3.0 3.0 3.0 3.0 3.0
1.0270439647610934 948.813521142544 0.013333333333333332 1.0270439647610934 948.813521142544 0.013333333333333332 move_t 100 32.282721757888794 3.0 3.9699999999999998 3.0 3.0 3.0 3.0 3.0
1.021762881855431 938.3397738612385 0.0 1.0814174533576557 1010.8701565075397 0.0 move_t 100 91.26190376281738 3.0 5.0302999999999995 3.0 3.0 3.0 3.0 3.0
1.021762881855431 938.3397738612385 0.0 1.0502463024174538 972.9710408440545 0.0 f_swap_t 100 126.21966981887817 3.0 5.0302999999999995 3.0 3.9699999999999998 3.0 3.0 3.0
1.021762881855431 938.3397738612385 0.0 1.036113138389662 955.7873821717188 0.0 t_swap_r_k 100 213.30970287322998 3.0 5.0302999999999995 3.0 3.9699999999999998 3.0 4.01 3.0
1.021762881855431 938.3397738612385 0.0 1.0407396387127312 961.4124638761936 0.0 t_multiswap_k 100 229.2865800857544 3.0 5.0302999999999995 3.0 3.9699999999999998 3.0 4.01 3.98
1.021762881855431 938.3397738612385 0.0 1.0383041967971411 958.4513574663688 0.0 swap_t 100 268.5767741203308 3.0 5.0302999999999995 3.0 3.9699999999999998 3.9699999999999998 4.01 3.98
1.021762881855431 938.3397738612385 0.0 1.0669961998521849 1000.9352239696431 0.025 swap_t 100 288.2830605506897 3.0 5.0302999999999995 3.0 3.9699999999999998 4.9703 4.01 3.98
1.021762881855431 938.3397738612385 0.0 1.060903613890137 993.5276174777193 0.025 t_multiswap_k 100 310.5280227661133 3.0 5.0302999999999995 3.0 3.9699999999999998 4.9703 4.01 4.9402
1.021762881855431 938.3397738612385 0.0 1.1141107780176325 1058.2189877534724 0.025 swap_t 100 338.0273058414459 3.0 5.0302999999999995 3.0 3.9699999999999998 5.940597 4.01 4.9402
1.021762881855431 938.3397738612385 0.0 1.1471605087730539 1098.4021549053568 0.025 swap_t 100 360.3336362838745 3.0 5.0302999999999995 3.0 3.9699999999999998 6.95119103 4.01 4.9402
1.021762881855431 938.3397738612385 0.0 1.1217935304313418 1067.5599813824745 0.025 t_multiswap_k 100 373.36302375793457 3.0 5.0302999999999995 3.0 3.9699999999999998 6.95119103 4.01 5.960798
1.021762881855431 938.3397738612385 0.0 1.1436212362808196 1095.8525823327197 0.03076923076923077 t_move_k 100 441.92708563804626 4.13 5.0302999999999995 3.0 3.9699999999999998 6.95119103 4.01 5.960798
1.021762881855431 938.3397738612385 0.0 1.1370181908362256 1078.4717277397936 0.0 t_move_k 100 509.08845925331116 5.2187 5.0302999999999995 3.0 3.9699999999999998 6.95119103 4.01 5.960798
1.021762881855431 938.3397738612385 0.0 1.1141607605886548 1050.680761843649 0.0 t_multiswap_k 100 536.4938950538635 5.2187 5.0302999999999995 3.0 3.9699999999999998 6.95119103 4.01 6.93119002
1.021762881855431 938.3397738612385 0.0 1.1066745104051257 1041.578683382201 0.0 t_swap_r_k 100 637.9333503246307 5.2187 5.0302999999999995 3.0 3.9699999999999998 6.95119103 5.0099 6.93119002
1.021762881855431 938.3397738612385 0.0 1.0997122078188863 1033.1136410901706 0.0 t_swap_k 100 705.3554391860962 5.2187 5.0302999999999995 4.0 3.9699999999999998 6.95119103 5.0099 6.93119002
1.021762881855431 938.3397738612385 0.0 1.1270079336093322 1066.300861890436 0.0 t_swap_k 100 779.2396259307861 5.2187 5.0302999999999995 5.0 3.9699999999999998 6.95119103 5.0099 6.93119002
1.021762881855431 938.3397738612385 0.0 1.1168804402633796 1053.9874557401226 0.0 t_swap_r_k 100 866.571451663971 5.2187 5.0302999999999995 5.0 3.9699999999999998 6.95119103 5.999801 6.93119002
1.021762881855431 938.3397738612385 0.0 1.10454502748842 1038.9895739996675 0.0 t_multiswap_k 100 885.0418221950531 5.2187 5.0302999999999995 5.0 3.9699999999999998 6.95119103 5.999801 7.891878119799999
1.021762881855431 938.3397738612385 0.0 1.1031815123821092 1037.3317585143773 0.0 t_multiswap_k 100 908.1681790351868 5.2187 5.0302999999999995 5.0 3.9699999999999998 6.95119103 5.999801 8.812959338601999
1.021762881855431 938.3397738612385 0.0 1.1455488959713045 1083.962685076855 0.0 swap_t 100 933.4302566051483 5.2187 5.0302999999999995 5.0 3.9699999999999998 7.9516791197000005 5.999801 8.812959338601999
1.021762881855431 938.3397738612385 0.0 1.1742502953854597 1123.7399900318517 0.0 t_multiswap_k 100 959.3858518600464 5.2187 5.0302999999999995 5.0 3.9699999999999998 7.9516791197000005 5.999801 9.754829745215979
1.021762881855431 938.3397738612385 0.0 1.1532574755849212 1098.2160911148821 0.0 t_multiswap_k 100 990.2611782550812 5.2187 5.0302999999999995 5.0 3.9699999999999998 7.9516791197000005 5.999801 10.727281447763819
1.021762881855431 938.3397738612385 0.0 1.1444547570216375 1087.5133984352633 0.0 move_t 100 1040.476777791977 5.2187 6.039997 5.0 3.9699999999999998 7.9516791197000005 5.999801 10.727281447763819
1.021762881855431 938.3397738612385 0.0 1.1418184842848373 1084.3081139860574 0.0 swap_t 100 1068.3586139678955 5.2187 6.039997 5.0 3.9699999999999998 8.872162328503 5.999801 10.727281447763819
1.021762881855431 938.3397738612385 0.0 1.1940370991868694 1147.7975670946591 0.0 t_multiswap_k 100 1096.3963170051575 5.2187 6.039997 5.0 3.9699999999999998 8.872162328503 5.999801 11.74000863328618
1.021762881855431 938.3397738612385 0.0 1.176420439784715 1126.3785372498105 0.0 swap_t 100 1126.7883546352386 5.2187 6.039997 5.0 3.9699999999999998 9.78344070521797 5.999801 11.74000863328618
1.021762881855431 938.3397738612385 0.0 1.1711688667044717 1119.993467415039 0.0 t_swap_r_k 100 1224.1850154399872 5.2187 6.039997 5.0 3.9699999999999998 9.78344070521797 6.97980299 11.74000863328618
1.021762881855431 938.3397738612385 0.0 1.1600998413101378 1106.5353094372767 0.0 t_move_k 100 1277.4577131271362 6.3165130000000005 6.039997 5.0 3.9699999999999998 9.78344070521797 6.97980299 11.74000863328618
1.021762881855431 938.3397738612385 0.0 1.1585703690722613 1104.6757167209678 0.0 t_swap_r_k 100 1381.165126800537 6.3165130000000005 6.039997 5.0 3.9699999999999998 9.78344070521797 7.950004960099999 11.74000863328618
1.021762881855431 938.3397738612385 0.0 1.1619382850418916 1108.770561891195 0.0 f_swap_t 100 1412.0889554023743 6.3165130000000005 6.039997 5.0 4.9403 9.78344070521797 7.950004960099999 11.74000863328618
1.021762881855431 938.3397738612385 0.0 1.157162348748396 1102.963790035518 0.0 t_swap_r_k 100 1511.7865989208221 6.3165130000000005 6.039997 5.0 4.9403 9.78344070521797 8.910504910499 11.74000863328618
1.021762881855431 938.3397738612385 0.0 1.157162348748396 1102.963790035518 0.0 t_swap_r_k 100 1606.8717186450958 6.3165130000000005 6.039997 5.0 4.9403 9.78344070521797 9.86139986139401 11.74000863328618
1.021762881855431 938.3397738612385 0.0 1.1761085219640655 1125.9992952518173 0.0 t_multiswap_k 100 1627.4643218517303 6.3165130000000005 6.039997 5.0 4.9403 9.78344070521797 9.86139986139401 12.63260854695332
1.021762881855431 938.3397738612385 0.0 1.1721061037532838 1121.1329972124847 0.0 swap_t 100 1658.8805058002472 6.3165130000000005 6.039997 5.0 4.9403 10.755606298165791 9.86139986139401 12.63260854695332
1.021762881855431 938.3397738612385 0.0 1.1588941119616365 1108.4466679676063 0.01111111111111111 t_multiswap_k 100 1696.8018252849579 6.3165130000000005 6.039997 5.0 4.9403 10.755606298165791 9.86139986139401 13.506282461483787
1.021762881855431 938.3397738612385 0.0 1.1540720195108933 1106.8054424633076 0.025 t_swap_r_k 100 1803.450679063797 6.3165130000000005 6.039997 5.0 4.9403 10.755606298165791 10.83278586278007 13.506282461483787
1.021762881855431 938.3397738612385 0.0 1.1503092095682244 1102.2304696138772 0.025 t_multiswap_k 100 1829.1607744693756 6.3165130000000005 6.039997 5.0 4.9403 10.755606298165791 10.83278586278007 14.43121963686895
1.021762881855431 938.3397738612385 0.0 1.145565268032417 1096.4625982474563 0.025 t_swap_r_k 100 1930.083778142929 6.3165130000000005 6.039997 5.0 4.9403 10.755606298165791 11.76445800415227 14.43121963686895
1.021762881855431 938.3397738612385 0.0 1.1798474963226864 1138.1442845498773 0.025 t_multiswap_k 100 1961.964896440506 6.3165130000000005 6.039997 5.0 4.9403 10.755606298165791 11.76445800415227 15.32690744050026
1.021762881855431 938.3397738612385 0.0 1.1736434881553512 1130.6012065428413 0.025 t_swap_r_k 100 2064.5347287654877 6.3165130000000005 6.039997 5.0 4.9403 10.755606298165791 12.686813424110747 15.32690744050026
1.021762881855431 938.3397738612385 0.0 1.2150764485997818 1180.9770352434389 0.025 move_t 100 2114.082099199295 6.3165130000000005 7.089597029999999 5.0 4.9403 10.755606298165791 12.686813424110747 15.32690744050026
1.021762881855431 938.3397738612385 0.0 1.3538676553679347 1262.3966009845142 0.025 swap_t 100 2136.5832414627075 6.3165130000000005 7.089597029999999 5.0 4.9403 11.668050235184133 12.686813424110747 15.32690744050026
1.021762881855431 938.3397738612385 0.0 1.2943076598930707 1277.309469253427 0.025 t_swap_r_k 100 2243.5647456645966 6.3165130000000005 7.089597029999999 5.0 4.9403 11.668050235184133 13.59994528986964 15.32690744050026
1.021762881855431 938.3397738612385 0.0 1.2933611739637407 1268.5596976094623 0.0 t_swap_r_k 100 2334.6574862003326 6.3165130000000005 7.089597029999999 5.0 4.9403 11.668050235184133 14.503945836970942 15.32690744050026
1.021762881855431 938.3397738612385 0.0 1.2824740179399432 1255.3226635909284 0.0 swap_t 100 2373.2065255641937 6.3165130000000005 7.089597029999999 5.0 4.9403 12.581369732832291 14.503945836970942 15.32690744050026
1.021762881855431 938.3397738612385 0.0 1.2682382362929587 1238.0142383667783 0.0 t_multiswap_k 100 2408.858022928238 6.3165130000000005 7.089597029999999 5.0 4.9403 12.581369732832291 14.503945836970942 16.243638366095258
1.021762881855431 938.3397738612385 0.0 1.2540411667350924 1228.3518775210998 0.025 swap_t 100 2440.113599061966 6.3165130000000005 7.089597029999999 5.0 4.9403 13.465556035503969 14.503945836970942 16.243638366095258
1.021762881855431 938.3397738612385 0.0 1.2538972463563784 1220.5778967514816 0.0 t_swap_k 100 2513.2746629714966 6.3165130000000005 7.089597029999999 6.09 4.9403 13.465556035503969 14.503945836970942 16.243638366095258
1.021762881855431 938.3397738612385 0.0 1.235303538874522 1197.9709332864577 0.0 move_t 100 2569.695531845093 6.3165130000000005 8.0787010597 6.09 4.9403 13.465556035503969 14.503945836970942 16.243638366095258
1.021762881855431 938.3397738612385 0.0 1.233227803915534 1195.4471727923924 0.0 t_swap_r_k 100 2664.6844577789307 6.3165130000000005 8.0787010597 6.09 4.9403 13.465556035503969 15.398906378601232 16.243638366095258
1.021762881855431 938.3397738612385 0.0 1.233227803915534 1195.4471727923924 0.0 f_swap_t 100 2688.187464237213 6.3165130000000005 8.0787010597 6.09 5.890897 13.465556035503969 15.398906378601232 16.243638366095258
1.021762881855431 938.3397738612385 0.0 1.1859280336726323 1137.9382451711147 0.0 t_move_k 100 2744.0985214710236 7.40334787 8.0787010597 6.09 5.890897 13.465556035503969 15.398906378601232 16.243638366095258
1.021762881855431 938.3397738612385 0.0 1.173286985390222 1122.5687597170217 0.0 swap_t 100 2776.387740135193 7.40334787 8.0787010597 6.09 5.890897 14.360900475148929 15.398906378601232 16.243638366095258
1.021762881855431 938.3397738612385 0.0 1.1999207844915063 1154.951183921826 0.0 t_move_k 100 2825.406282901764 8.4293143913 8.0787010597 6.09 5.890897 14.360900475148929 15.398906378601232 16.243638366095258
1.021762881855431 938.3397738612385 0.0 1.1831049505955864 1134.5058293366835 0.0 t_multiswap_k 100 2852.3702778816223 8.4293143913 8.0787010597 6.09 5.890897 14.360900475148929 15.398906378601232 17.111201982434306
1.021762881855431 938.3397738612385 0.0 1.1790481455141673 1129.573405593336 0.0 move_t 100 2908.462993621826 8.4293143913 8.997914049103 6.09 5.890897 14.360900475148929 15.398906378601232 17.111201982434306
1.021762881855431 938.3397738612385 0.0 1.1708277083103467 1119.5786735736658 0.0 t_multiswap_k 100 2930.5298907756805 8.4293143913 8.997914049103 6.09 5.890897 14.360900475148929 15.398906378601232 17.97008996260996
1.021762881855431 938.3397738612385 0.0 1.1658625376328833 1113.5418230847274 0.0 t_swap_r_k 100 3053.255769968033 8.4293143913 8.997914049103 6.09 5.890897 14.360900475148929 16.28491731481522 17.97008996260996
1.021762881855431 938.3397738612385 0.0 1.2116839389563954 1169.2532914214019 0.0 t_swap_k 100 3142.4912297725677 8.4293143913 8.997914049103 7.1391 5.890897 14.360900475148929 16.28491731481522 17.97008996260996
1.021762881855431 938.3397738612385 0.0 1.1792105987809915 1129.7709226873021 0.0 t_swap_k 100 3201.448989868164 8.4293143913 8.997914049103 8.107709 5.890897 14.360900475148929 16.28491731481522 17.97008996260996
1.021762881855431 938.3397738612385 0.0 1.1577764667519521 1103.710458943973 0.0 move_t 100 3270.4896335601807 8.4293143913 9.90793490861197 8.107709 5.890897 14.360900475148929 16.28491731481522 17.97008996260996
1.021762881855431 938.3397738612385 0.0 1.1545966125500096 1099.8442666938492 0.0 t_swap_k 100 3340.879481315613 8.4293143913 9.90793490861197 9.03663191 5.890897 14.360900475148929 16.28491731481522 17.97008996260996
1.021762881855431 938.3397738612385 0.0 1.147808416949495 1091.590910547206 0.0 t_swap_r_k 100 3455.180088043213 8.4293143913 9.90793490861197 9.03663191 5.890897 14.360900475148929 17.16206814166707 17.97008996260996
1.021762881855431 938.3397738612385 0.0 1.1478037108359365 1091.5851886685873 0.0 t_multiswap_k 100 3478.592216730118 8.4293143913 9.90793490861197 9.03663191 5.890897 14.360900475148929 17.16206814166707 18.790389062983863
1.021762881855431 938.3397738612385 0.0 1.1478037108359365 1091.5851886685873 0.0 swap_t 100 3508.3457503318787 8.4293143913 9.90793490861197 9.03663191 5.890897 15.21729147039744 17.16206814166707 18.790389062983863
1.021762881855431 938.3397738612385 0.0 1.1478037108359365 1091.5851886685873 0.0 t_swap_k 100 3589.619034051895 8.4293143913 9.90793490861197 9.946265590900001 5.890897 15.21729147039744 17.16206814166707 18.790389062983863
1.021762881855431 938.3397738612385 0.0 1.1782645887157357 1128.6207263101865 0.0 t_move_k 100 3663.077925682068 9.395021247387 9.90793490861197 9.946265590900001 5.890897 15.21729147039744 17.16206814166707 18.790389062983863