26
3 51 6 20
3.171875

5164.457484553559

4481.323096273202
Assigned customers matrix:
Vehicle 0:
0 3 22 24 9 27 4 0 0 0 0 0 0 0 0 0 0 0 0 0 0 0 0 0
0 44 4 3 8 2 0 0 0 0 0 0 0 0 0 0 0 0 0 0 0 0 0 0
0 14 45 10 30 5 0 0 0 0 0 0 0 0 0 0 0 0 0 0 0 0 0 0
0 5 6 12 38 51 0 0 0 0 0 0 0 0 0 0 0 0 0 0 0 0 0 0
0 1 7 8 2 0 0 0 0 0 0 0 0 0 0 0 0 0 0 0 0 0 0 0
0 4 29 28 10 31 47 46 0 0 0 0 0 0 0 0 0 0 0 0 0 0 0 0

Vehicle 1:
0 5 6 37 12 0 0 0 0 0 0 0 0 0 0 0 0 0 0 0 0 0 0 0
0 5 32 11 35 6 0 0 0 0 0 0 0 0 0 0 0 0 0 0 0 0 0 0
0 4 26 3 2 19 0 0 0 0 0 0 0 0 0 0 0 0 0 0 0 0 0 0
0 43 23 3 25 9 4 0 0 0 0 0 0 0 0 0 0 0 0 0 0 0 0 0
0 6 34 11 33 5 0 0 0 0 0 0 0 0 0 0 0 0 0 0 0 0 0 0
0 1 15 49 6 5 0 0 0 0 0 0 0 0 0 0 0 0 0 0 0 0 0 0

Vehicle 2:
0 1 16 18 2 40 13 0 0 0 0 0 0 0 0 0 0 0 0 0 0 0 0 0
0 7 1 0 0 0 0 0 0 0 0 0 0 0 0 0 0 0 0 0 0 0 0 0
0 15 48 6 36 39 1 0 0 0 0 0 0 0 0 0 0 0 0 0 0 0 0 0
0 13 41 2 17 1 50 0 0 0 0 0 0 0 0 0 0 0 0 0 0 0 0 0
0 3 4 0 0 0 0 0 0 0 0 0 0 0 0 0 0 0 0 0 0 0 0 0
0 14 3 42 21 20 2 0 0 0 0 0 0 0 0 0 0 0 0 0 0 0 0 0

Transported demand matrix:
19 20 15 17 16 18
15 17 19 19 17 20
19 8 19 19 10 19

Routes distance matrix:
277.4538796241759 291.3698584245518 226.00977020021494 282.97392515338856 330.94020861683595 239.15826209766328
274.34872326063464 233.22594599058544 291.30266172555383 279.23458395949723 233.22594599058544 234.90985673513396
217.20774297511923 215.47066823496726 206.6368590426888 216.79891788692254 173.20504038169383 257.85024597298946
