11
4 138 5 235

Solution history:
B_obj   B_dis   B_sim   C_obj   C_dis   C_sim   neighbor   iterations   time   scores
1.0 948.813521142544 1.0 1.0 948.813521142544 1.0 0 0 0 3.0 3.0 3.0 3.0 3.0 3.0 3.0
1.0 948.813521142544 1.0 1.0 948.813521142544 1.0 f_swap_t 100 53.154690980911255 3.0 3.0 3.0 3.9699999999999998 3.0 3.0 3.0
1.0 948.813521142544 1.0 1.0 948.813521142544 1.0 move_t 100 102.65915751457214 3.0 3.9699999999999998 3.0 3.9699999999999998 3.0 3.0 3.0
1.0 948.813521142544 1.0 1.0 948.813521142544 1.0 t_multiswap_k 100 122.22975730895996 3.0 3.9699999999999998 3.0 3.9699999999999998 3.0 3.0 3.9699999999999998
1.0 948.813521142544 1.0 1.0 948.813521142544 1.0 swap_t 100 160.0812373161316 3.0 3.9699999999999998 3.0 3.9699999999999998 3.9699999999999998 3.0 3.9699999999999998
1.0 948.813521142544 1.0 1.0126054489918344 956.6260341224607 0.023859649122807018 move_t 100 219.1518964767456 3.0 5.0302999999999995 3.0 3.9699999999999998 3.9699999999999998 3.0 3.9699999999999998
1.0 948.813521142544 1.0 1.0077806726240877 947.8268038038981 0.023859649122807018 move_t 100 270.4572048187256 3.0 6.009996999999999 3.0 3.9699999999999998 3.9699999999999998 3.0 3.9699999999999998
1.0 948.813521142544 1.0 1.0077806726240877 947.8268038038981 0.023859649122807018 swap_t 100 317.1677989959717 3.0 6.009996999999999 3.0 3.9699999999999998 4.9303 3.0 3.9699999999999998
1.0 948.813521142544 1.0 1.0054247828997769 947.8268038038981 0.02857142857142857 t_swap_r_k 100 413.98957109451294 3.0 6.009996999999999 3.0 3.9699999999999998 4.9303 4.04 3.9699999999999998
1.0 948.813521142544 1.0 1.0054246758840395 934.7997571600619 0.014285714285714285 t_multiswap_k 100 437.59923577308655 3.0 6.009996999999999 3.0 3.9699999999999998 4.9303 4.04 4.9303
0.9973129592290297 933.0327907052537 0.02857142857142857 0.9973129592290297 933.0327907052537 0.02857142857142857 swap_t 100 475.5829586982727 3.0 6.009996999999999 3.0 3.9699999999999998 5.880997 4.04 4.9303
0.9973129592290297 933.0327907052537 0.02857142857142857 0.9990496539069009 933.0327907052537 0.025098039215686273 t_swap_r_k 100 578.1854889392853 3.0 6.009996999999999 3.0 3.9699999999999998 5.880997 5.0396 4.9303
0.9973129592290297 933.0327907052537 0.02857142857142857 0.9990496539069009 933.0327907052537 0.025098039215686273 f_swap_t 100 646.2129600048065 3.0 6.009996999999999 3.0 4.9303 5.880997 5.0396 4.9303
0.9973129592290297 933.0327907052537 0.02857142857142857 1.0210539562189178 973.1633396229328 0.025098039215686273 f_swap_t 100 701.0903732776642 3.0 6.009996999999999 3.0 5.890997 5.880997 5.0396 4.9303
0.9973129592290297 933.0327907052537 0.02857142857142857 1.0130071003552574 948.628273594807 0.014285714285714285 t_swap_r_k 100 800.3689992427826 3.0 6.009996999999999 3.0 5.890997 5.880997 6.029204 4.9303
0.9973129592290297 933.0327907052537 0.02857142857142857 1.0225989405648184 966.1214804814499 0.014285714285714285 f_swap_t 100 862.5091314315796 3.0 6.009996999999999 3.0 6.872087029999999 5.880997 6.029204 4.9303
0.9973129592290297 933.0327907052537 0.02857142857142857 1.0137767479644648 959.8914640733964 0.025098039215686273 f_swap_t 100 918.8902101516724 3.0 6.009996999999999 3.0 7.8333661597 5.880997 6.029204 4.9303
0.9973129592290297 933.0327907052537 0.02857142857142857 1.0116890083291414 956.0839296933145 0.025098039215686273 f_swap_t 100 972.2032494544983 3.0 6.009996999999999 3.0 8.755032498102999 5.880997 6.029204 4.9303
0.9973129592290297 933.0327907052537 0.02857142857142857 1.0169143052834757 965.6136131189411 0.025098039215686273 t_move_k 100 1045.4167006015778 4.13 6.009996999999999 3.0 8.755032498102999 5.880997 6.029204 4.9303
0.9973129592290297 933.0327907052537 0.02857142857142857 1.0169143052834757 965.6136131189411 0.025098039215686273 f_swap_t 100 1102.2900981903076 4.13 6.009996999999999 3.0 9.667482173121968 5.880997 6.029204 4.9303
0.9973129592290297 933.0327907052537 0.02857142857142857 1.0169143052834757 965.6136131189411 0.025098039215686273 t_move_k 100 1168.6073219776154 5.0887 6.009996999999999 3.0 9.667482173121968 5.880997 6.029204 4.9303
0.9973129592290297 933.0327907052537 0.02857142857142857 1.0161890294166618 964.2908845798007 0.025098039215686273 f_swap_t 100 1231.411890745163 5.0887 6.009996999999999 3.0 10.600807351390749 5.880997 6.029204 4.9303
0.9973129592290297 933.0327907052537 0.02857142857142857 1.0161890294166618 964.2908845798007 0.025098039215686273 t_swap_r_k 100 1344.5777077674866 5.0887 6.009996999999999 3.0 10.600807351390749 5.880997 7.00891196 4.9303
0.9973129592290297 933.0327907052537 0.02857142857142857 1.022650570996126 976.0751805216306 0.025098039215686273 t_move_k 100 1414.2668962478638 6.177813 6.009996999999999 3.0 10.600807351390749 5.880997 7.00891196 4.9303
0.9973129592290297 933.0327907052537 0.02857142857142857 1.0180171667200368 957.7654282512758 0.014285714285714285 t_multiswap_k 100 1436.674661397934 6.177813 6.009996999999999 3.0 10.600807351390749 5.880997 7.00891196 5.880997
0.9973129592290297 933.0327907052537 0.02857142857142857 1.046720166799536 1006.6846700833341 0.010526315789473684 move_t 100 1504.319807767868 6.177813 7.109897029999999 3.0 10.600807351390749 5.880997 7.00891196 5.880997
0.9973129592290297 933.0327907052537 0.02857142857142857 1.0295128974231713 978.7308729531813 0.014285714285714285 t_multiswap_k 100 1531.3684906959534 6.177813 7.109897029999999 3.0 10.600807351390749 5.880997 7.00891196 6.82218703
0.9973129592290297 933.0327907052537 0.02857142857142857 1.0400192722252175 996.263614288151 0.0125 f_swap_t 100 1582.6742560863495 6.177813 7.109897029999999 3.0 11.504799277876842 5.880997 7.00891196 6.82218703
0.9973129592290297 933.0327907052537 0.02857142857142857 1.0307006763982396 980.8970957939 0.014285714285714285 t_move_k 100 1642.306616306305 7.11603487 7.109897029999999 3.0 11.504799277876842 5.880997 7.00891196 6.82218703
0.9973129592290297 933.0327907052537 0.02857142857142857 1.0277212285156654 975.4633002886449 0.014285714285714285 swap_t 100 1694.235878944397 7.11603487 7.109897029999999 3.0 11.504799277876842 6.85218703 7.00891196 6.82218703
0.9973129592290297 933.0327907052537 0.02857142857142857 1.034539994643188 987.899087788679 0.014285714285714285 f_swap_t 100 1751.3662807941437 7.11603487 7.109897029999999 3.0 12.399751285098073 6.85218703 7.00891196 6.82218703
0.9973129592290297 933.0327907052537 0.02857142857142857 1.027356006767883 974.7972237638202 0.014285714285714285 f_swap_t 100 1797.3851172924042 7.11603487 7.109897029999999 3.0 13.275753772247093 6.85218703 7.00891196 6.82218703
0.9973129592290297 933.0327907052537 0.02857142857142857 1.033503436931918 986.008656119987 0.014285714285714285 t_swap_k 100 1847.8711471557617 7.11603487 7.109897029999999 4.01 13.275753772247093 6.85218703 7.00891196 6.82218703
0.9973129592290297 933.0327907052537 0.02857142857142857 1.0316472108567516 982.6233467266027 0.014285714285714285 t_move_k 100 1901.7300863265991 8.0448745213 7.109897029999999 4.01 13.275753772247093 6.85218703 7.00891196 6.82218703
0.9973129592290297 933.0327907052537 0.02857142857142857 1.0303527693967611 980.2625971970501 0.014285714285714285 t_multiswap_k 100 1915.477918624878 8.0448745213 7.109897029999999 4.01 13.275753772247093 6.85218703 7.00891196 7.7539651597
0.9973129592290297 933.0327907052537 0.02857142857142857 1.06187945569582 1074.1080003230484 0.014285714285714285 swap_t 100 1968.284256696701 8.0448745213 7.109897029999999 4.01 13.275753772247093 7.9136651597 7.00891196 7.7539651597
0.9973129592290297 933.0327907052537 0.02857142857142857 1.0503541168203716 1016.7402386973829 0.014285714285714285 swap_t 100 2004.667072057724 8.0448745213 7.109897029999999 4.01 13.275753772247093 8.834528508103 7.00891196 7.7539651597
0.9973129592290297 933.0327907052537 0.02857142857142857 1.0488950107868487 1014.0791806359148 0.014285714285714285 t_swap_r_k 100 2125.648226261139 8.0448745213 7.109897029999999 4.01 13.275753772247093 8.834528508103 7.9788228403999994 7.7539651597
0.9973129592290297 933.0327907052537 0.02857142857142857 1.0488950107868487 1014.0791806359148 0.014285714285714285 t_multiswap_k 100 2145.3705055713654 8.0448745213 7.109897029999999 4.01 13.275753772247093 8.834528508103 7.9788228403999994 8.676425508103
0.9973129592290297 933.0327907052537 0.02857142857142857 1.0488950107868487 1014.0791806359148 0.014285714285714285 t_swap_r_k 100 2253.828829050064 8.0448745213 7.109897029999999 4.01 13.275753772247093 8.834528508103 8.939034611996 8.676425508103
0.9973129592290297 933.0327907052537 0.02857142857142857 1.0488950107868487 1014.0791806359148 0.014285714285714285 t_swap_r_k 100 2369.667553424835 8.0448745213 7.109897029999999 4.01 13.275753772247093 8.834528508103 9.88964426587604 8.676425508103
0.9973129592290297 933.0327907052537 0.02857142857142857 1.0621560865390225 1040.4353315352862 0.016666666666666666 swap_t 100 2407.640956878662 8.0448745213 7.109897029999999 4.01 13.275753772247093 9.84618322302197 9.88964426587604 8.676425508103
0.9973129592290297 933.0327907052537 0.02857142857142857 1.0443772577814303 1008.0110289130689 0.016666666666666666 t_move_k 100 2470.5348336696625 9.054425776087001 7.109897029999999 4.01 13.275753772247093 9.84618322302197 9.88964426587604 8.676425508103
0.9973129592290297 933.0327907052537 0.02857142857142857 1.0459624441563498 1010.9020271578803 0.016666666666666666 move_t 100 2525.665774345398 9.054425776087001 8.0487980597 4.01 13.275753772247093 9.84618322302197 9.88964426587604 8.676425508103
0.9973129592290297 933.0327907052537 0.02857142857142857 1.0423935482047983 1002.2220783980974 0.014285714285714285 swap_t 100 2562.2283487319946 9.054425776087001 8.0487980597 4.01 13.275753772247093 10.747721390791751 9.88964426587604 8.676425508103
0.9973129592290297 933.0327907052537 0.02857142857142857 1.040695757626299 1001.2968591124996 0.016666666666666666 f_swap_t 100 2613.0598797798157 9.054425776087001 8.0487980597 4.01 14.142996234524622 10.747721390791751 9.88964426587604 8.676425508103
0.9973129592290297 933.0327907052537 0.02857142857142857 1.0490290909596323 1001.2968591124996 0.0 t_swap_r_k 100 2726.075923204422 9.054425776087001 8.0487980597 4.01 14.142996234524622 10.747721390791751 10.83074782321728 8.676425508103
0.9973129592290297 933.0327907052537 0.02857142857142857 1.0490290909596323 1001.2968591124996 0.0 t_swap_r_k 100 2829.941920518875 9.054425776087001 8.0487980597 4.01 14.142996234524622 10.747721390791751 11.762440344985107 8.676425508103
0.9973129592290297 933.0327907052537 0.02857142857142857 1.1164493431242568 1124.2551646824584 0.0 swap_t 100 2863.98468708992 9.054425776087001 8.0487980597 4.01 14.142996234524622 11.740244176883834 11.762440344985107 8.676425508103
0.9973129592290297 933.0327907052537 0.02857142857142857 1.0884708073212321 1073.2290524355303 0.0 t_swap_r_k 100 2952.442110300064 9.054425776087001 8.0487980597 4.01 14.142996234524622 11.740244176883834 12.684815941535255 8.676425508103
0.9973129592290297 933.0327907052537 0.02857142857142857 1.07660734339894 1051.5929508897577 0.0 f_swap_t 100 2997.531815767288 9.054425776087001 8.0487980597 4.01 15.001566272179376 11.740244176883834 12.684815941535255 8.676425508103
0.9973129592290297 933.0327907052537 0.02857142857142857 1.0665483488962215 1052.4088107493856 0.02222222222222222 move_t 100 3047.294759273529 9.054425776087001 9.058310079102998 4.01 15.001566272179376 11.740244176883834 12.684815941535255 8.676425508103
0.9973129592290297 933.0327907052537 0.02857142857142857 1.062684239360917 1046.4645529015165 0.02222222222222222 f_swap_t 100 3091.905457019806 9.054425776087001 9.058310079102998 4.01 15.881550609457582 11.740244176883834 12.684815941535255 8.676425508103
0.9973129592290297 933.0327907052537 0.02857142857142857 1.062684239360917 1046.4645529015165 0.02222222222222222 move_t 100 3147.7201421260834 9.054425776087001 9.967726978311969 4.01 15.881550609457582 11.740244176883834 12.684815941535255 8.676425508103
0.9973129592290297 933.0327907052537 0.02857142857142857 1.062684239360917 1046.4645529015165 0.02222222222222222 t_multiswap_k 100 3162.642499923706 9.054425776087001 9.967726978311969 4.01 15.881550609457582 11.740244176883834 12.684815941535255 9.58966125302197
0.9973129592290297 933.0327907052537 0.02857142857142857 1.0850892455297472 1096.6544260002076 0.02222222222222222 move_t 100 3205.5101432800293 9.054425776087001 11.02804970852885 4.01 15.881550609457582 11.740244176883834 12.684815941535255 9.58966125302197
0.9973129592290297 933.0327907052537 0.02857142857142857 1.0759545452009063 1062.5607988743388 0.013333333333333332 swap_t 100 3250.5384237766266 9.054425776087001 11.02804970852885 4.01 15.881550609457582 12.622841735114996 12.684815941535255 9.58966125302197
0.9973129592290297 933.0327907052537 0.02857142857142857 1.0615779821449811 1062.395112593294 0.0419047619047619 t_move_k 100 3310.9890785217285 10.053881518326131 11.02804970852885 4.01 15.881550609457582 12.622841735114996 12.684815941535255 9.58966125302197
0.9973129592290297 933.0327907052537 0.02857142857142857 1.061542615704683 1062.3306127222097 0.0419047619047619 move_t 100 3369.05375957489 10.053881518326131 11.94776921144356 4.01 15.881550609457582 12.622841735114996 12.684815941535255 9.58966125302197
0.9973129592290297 933.0327907052537 0.02857142857142857 1.061542615704683 1062.3306127222097 0.0419047619047619 t_swap_r_k 100 3475.774948835373 10.053881518326131 11.94776921144356 4.01 15.881550609457582 12.622841735114996 13.597967782119904 9.58966125302197
0.9973129592290297 933.0327907052537 0.02857142857142857 1.0607606833409893 1060.9045563752932 0.0419047619047619 t_move_k 100 3531.248391866684 11.01334270314287 11.94776921144356 4.01 15.881550609457582 12.622841735114996 13.597967782119904 9.58966125302197
0.9973129592290297 933.0327907052537 0.02857142857142857 1.0605202948869907 1060.4661457192476 0.0419047619047619 f_swap_t 100 3588.5145769119263 11.01334270314287 11.94776921144356 4.01 16.752735103363005 12.622841735114996 13.597967782119904 9.58966125302197
0.9973129592290297 933.0327907052537 0.02857142857142857 1.0568529236443294 1048.856488651996 0.0365079365079365 f_swap_t 100 3651.281945705414 11.01334270314287 11.94776921144356 4.01 17.655207752329375 12.622841735114996 13.597967782119904 9.58966125302197
0.9973129592290297 933.0327907052537 0.02857142857142857 1.0552129167160698 1024.7330629734151 0.013333333333333332 swap_t 100 3687.143792152405 11.01334270314287 11.94776921144356 4.01 17.655207752329375 13.526613317763847 13.597967782119904 9.58966125302197
0.9973129592290297 933.0327907052537 0.02857142857142857 1.0552129167160698 1024.7330629734151 0.013333333333333332 f_swap_t 100 3748.6958339214325 11.01334270314287 11.94776921144356 4.01 18.47865567480608 13.526613317763847 13.597967782119904 9.58966125302197
0.9973129592290297 933.0327907052537 0.02857142857142857 1.0552129167160698 1024.7330629734151 0.013333333333333332 t_swap_r_k 100 3853.8774983882904 11.01334270314287 11.94776921144356 4.01 18.47865567480608 13.526613317763847 14.501988104298704 9.58966125302197
0.9973129592290297 933.0327907052537 0.02857142857142857 1.1896904558376933 1282.2546647780405 0.026785714285714284 swap_t 100 3900.677153110504 11.01334270314287 11.94776921144356 4.01 18.47865567480608 14.511347184586208 14.501988104298704 9.58966125302197
0.9973129592290297 933.0327907052537 0.02857142857142857 1.164071954699474 1223.265735674369 0.013333333333333332 t_move_k 100 3971.076807975769 12.163209276111441 11.94776921144356 4.01 18.47865567480608 14.511347184586208 14.501988104298704 9.58966125302197
0.9973129592290297 933.0327907052537 0.02857142857142857 1.1359952174025825 1185.0873790218375 0.02761904761904762 move_t 100 4035.6039526462555 12.163209276111441 12.868291519329125 4.01 18.47865567480608 14.511347184586208 14.501988104298704 9.58966125302197
0.9973129592290297 933.0327907052537 0.02857142857142857 1.1857804649899282 1266.5310829008156 0.013333333333333332 swap_t 100 4091.4438242912292 12.163209276111441 12.868291519329125 4.01 18.47865567480608 15.426233712740347 14.501988104298704 9.58966125302197
0.9973129592290297 933.0327907052537 0.02857142857142857 1.1609408872310756 1220.5950212306357 0.016666666666666666 t_swap_r_k 100 4197.39884853363 12.163209276111441 12.868291519329125 4.01 18.47865567480608 15.426233712740347 15.426968223255717 9.58966125302197
0.9973129592290297 933.0327907052537 0.02857142857142857 1.1569033458069178 1224.0872274486394 0.02857142857142857 f_swap_t 100 4257.984073638916 12.163209276111441 12.868291519329125 4.01 19.32386911805802 15.426233712740347 15.426968223255717 9.58966125302197
0.9973129592290297 933.0327907052537 0.02857142857142857 1.1264869663114867 1168.6150753243937 0.02857142857142857 swap_t 100 4320.6599333286285 12.163209276111441 12.868291519329125 4.01 19.32386911805802 16.571971375612943 15.426968223255717 9.58966125302197
0.9973129592290297 933.0327907052537 0.02857142857142857 1.164725910452817 1227.4979921769893 0.016666666666666666 t_move_k 100 4415.925339221954 13.141577183350327 12.868291519329125 4.01 19.32386911805802 16.571971375612943 15.426968223255717 9.58966125302197
0.9973129592290297 933.0327907052537 0.02857142857142857 1.1720371916590504 1225.6340152009684 0.0 move_t 100 4496.554150104523 13.141577183350327 13.869608604135834 4.01 19.32386911805802 16.571971375612943 15.426968223255717 9.58966125302197
0.9973129592290297 933.0327907052537 0.02857142857142857 1.1512430175339436 1187.710448704856 0.0 t_multiswap_k 100 4556.0423412323 13.141577183350327 13.869608604135834 4.01 19.32386911805802 16.571971375612943 15.426968223255717 10.65376464049175
0.9973129592290297 933.0327907052537 0.02857142857142857 1.12908082347376 1147.2919432578742 0.0 f_swap_t 100 4643.320680379868 13.141577183350327 13.869608604135834 4.01 20.16063042687744 16.571971375612943 15.426968223255717 10.65376464049175
0.9973129592290297 933.0327907052537 0.02857142857142857 1.1221230717544108 1134.602679505216 0.0 move_t 100 4704.607085466385 13.141577183350327 14.760912518094475 4.01 20.16063042687744 16.571971375612943 15.426968223255717 10.65376464049175
0.9973129592290297 933.0327907052537 0.02857142857142857 1.114870220322274 1134.402076407512 0.014285714285714285 t_swap_r_k 100 4799.0264530181885 13.141577183350327 14.760912518094475 4.01 20.16063042687744 16.571971375612943 16.34269854102316 10.65376464049175
0.9973129592290297 933.0327907052537 0.02857142857142857 1.1131163158910942 1131.2033770543424 0.014285714285714285 t_swap_k 100 4899.564806222916 13.141577183350327 14.760912518094475 4.9999 20.16063042687744 16.571971375612943 16.34269854102316 10.65376464049175
0.9973129592290297 933.0327907052537 0.02857142857142857 1.112980051016009 1130.9548627339234 0.014285714285714285 swap_t 100 4958.659784555435 13.141577183350327 14.760912518094475 4.9999 20.16063042687744 17.406251661856814 16.34269854102316 10.65376464049175
0.9973129592290297 933.0327907052537 0.02857142857142857 1.1127260546356932 1130.4916344969795 0.014285714285714285 swap_t 100 5025.150149345398 13.141577183350327 14.760912518094475 4.9999 20.16063042687744 18.262189145238246 16.34269854102316 10.65376464049175
0.9973129592290297 933.0327907052537 0.02857142857142857 1.1119916036485746 1129.1521727477148 0.014285714285714285 t_swap_r_k 100 5130.412386894226 13.141577183350327 14.760912518094475 4.9999 20.16063042687744 18.262189145238246 17.21927155561293 10.65376464049175
0.9973129592290297 933.0327907052537 0.02857142857142857 1.1119916036485746 1129.1521727477148 0.014285714285714285 swap_t 100 5192.410992860794 13.141577183350327 14.760912518094475 4.9999 20.16063042687744 19.079567253785864 17.21927155561293 10.65376464049175
0.9973129592290297 933.0327907052537 0.02857142857142857 1.1292800165807757 1160.6820749935061 0.014285714285714285 swap_t 100 5249.7555775642395 13.141577183350327 14.760912518094475 4.9999 20.16063042687744 20.018771581248007 17.21927155561293 10.65376464049175
0.9973129592290297 933.0327907052537 0.02857142857142857 1.1186950160586036 1139.7492264093876 0.0125 f_swap_t 100 5335.514953136444 13.141577183350327 14.760912518094475 4.9999 20.959024122608664 20.018771581248007 17.21927155561293 10.65376464049175
0.9973129592290297 933.0327907052537 0.02857142857142857 1.1608510673895982 1227.4249009816563 0.014285714285714285 move_t 100 5407.706083774567 13.141577183350327 15.77330339291353 4.9999 20.959024122608664 20.018771581248007 17.21927155561293 10.65376464049175