11
4 138 5 235

Solution history:
B_obj   B_dis   B_sim   C_obj   C_dis   C_sim   neighbor   iterations   time   scores
1.0 948.813521142544 1.0 1.0 948.813521142544 1.0 0 0 0 3.0 3.0 3.0 3.0 3.0 3.0 3.0
1.0 948.813521142544 1.0 1.0 948.813521142544 1.0 t_swap_k 100 52.97435259819031 3.0 3.0 3.9699999999999998 3.0 3.0 3.0 3.0
1.0 948.813521142544 1.0 1.0135848653962845 948.813521142544 0.013333333333333332 t_swap_r_k 100 152.1174087524414 3.0 3.0 3.9699999999999998 3.0 3.0 4.01 3.0
1.0 948.813521142544 1.0 1.0135848653962845 948.813521142544 0.013333333333333332 t_multiswap_k 100 172.51368117332458 3.0 3.0 3.9699999999999998 3.0 3.0 4.01 3.9699999999999998
1.0 948.813521142544 1.0 1.049351057825091 1014.0424438555125 0.013333333333333332 swap_t 100 205.90033555030823 3.0 3.0 3.9699999999999998 3.0 3.98 4.01 3.9699999999999998
1.0 948.813521142544 1.0 1.0409187160913076 986.505488280611 0.0 f_swap_t 100 256.15467953681946 3.0 3.0 3.9699999999999998 3.9699999999999998 3.98 4.01 3.9699999999999998
1.0 948.813521142544 1.0 1.094090643004154 1083.478279499623 0.0 t_swap_k 100 321.0644054412842 3.0 3.0 5.0302999999999995 3.9699999999999998 3.98 4.01 3.9699999999999998
1.0 948.813521142544 1.0 1.1338838868661707 1156.051574337774 0.0 t_swap_k 100 399.9654972553253 3.0 3.0 6.1699969999999995 3.9699999999999998 3.98 4.01 3.9699999999999998
1.0 948.813521142544 1.0 1.1081788277150213 1109.1717360647972 0.0 t_swap_k 100 480.827351808548 3.0 3.0 7.28829703 3.9699999999999998 3.98 4.01 3.9699999999999998
1.0 948.813521142544 1.0 1.1094739834664114 1105.8373766185755 0.0 swap_t 100 525.144994020462 3.0 3.0 7.28829703 3.9699999999999998 4.9502 4.01 3.9699999999999998
1.0 948.813521142544 1.0 1.105485671025407 1104.2600667583579 0.0 f_swap_t 100 579.7382018566132 3.0 3.0 7.28829703 4.9303 4.9502 4.01 3.9699999999999998
1.0 948.813521142544 1.0 1.1038319974040756 1101.2441642673948 0.0 f_swap_t 100 637.1467523574829 3.0 3.0 7.28829703 5.980997 4.9502 4.01 3.9699999999999998
1.0 948.813521142544 1.0 1.0910099682733239 1090.0182653059853 0.013333333333333332 swap_t 100 673.3300986289978 3.0 3.0 7.28829703 5.980997 5.930698 4.01 3.9699999999999998
1.0 948.813521142544 1.0 1.0961257823194377 1087.1898835617835 0.0 t_swap_r_k 100 788.3476641178131 3.0 3.0 7.28829703 5.980997 5.930698 5.0099 3.9699999999999998
1.0 948.813521142544 1.0 1.115989048840095 1123.415698744154 0.0 t_multiswap_k 100 834.1494197845459 3.0 3.0 7.28829703 5.980997 5.930698 5.0099 5.0203
1.0 948.813521142544 1.0 1.1071975902458813 1107.3821951969785 0.0 swap_t 100 871.4375231266022 3.0 3.0 7.28829703 5.980997 6.901391019999999 5.0099 5.0203
1.0 948.813521142544 1.0 1.1078354328433728 1108.5454665062641 0.0 f_swap_t 100 935.5873682498932 3.0 3.0 7.28829703 6.93118703 6.901391019999999 5.0099 5.0203
1.0 948.813521142544 1.0 1.1008532012822108 1095.8115574167332 0.0 swap_t 100 977.0747652053833 3.0 3.0 7.28829703 6.93118703 7.8323771097999995 5.0099 5.0203
1.0 948.813521142544 1.0 1.1003048881645174 1094.811566320457 0.0 f_swap_t 100 1035.897570848465 3.0 3.0 7.28829703 7.8618751597 7.8323771097999995 5.0099 5.0203
1.0 948.813521142544 1.0 1.1003048881645174 1094.811566320457 0.0 t_swap_r_k 100 1158.465849161148 3.0 3.0 7.28829703 7.8618751597 7.8323771097999995 5.999801 5.0203
1.0 948.813521142544 1.0 1.0932557141614359 1081.955570336189 0.0 t_multiswap_k 100 1209.1528053283691 3.0 3.0 7.28829703 7.8618751597 7.8323771097999995 5.999801 6.100097
1.0 948.813521142544 1.0 1.0787591261708638 1069.5462015006237 0.015384615384615385 swap_t 100 1247.9428188800812 3.0 3.0 7.28829703 7.8618751597 8.784053338702 5.999801 6.100097
1.0 948.813521142544 1.0 1.0787591261708638 1069.5462015006237 0.015384615384615385 t_swap_r_k 100 1368.4640665054321 3.0 3.0 7.28829703 7.8618751597 8.784053338702 6.97980299 6.100097
1.0 948.813521142544 1.0 1.0743557677342668 1072.8013974493658 0.028717948717948714 swap_t 100 1415.3772673606873 3.0 3.0 7.28829703 7.8618751597 9.75621280531498 6.97980299 6.100097
1.0 948.813521142544 1.0 1.0738057729275101 1072.6708726295071 0.028717948717948714 f_swap_t 100 1476.1899363994598 3.0 3.0 7.28829703 8.813256408103001 9.75621280531498 6.97980299 6.100097
1.0 948.813521142544 1.0 1.0921892747385535 1106.1979532997009 0.028717948717948714 move_t 100 1532.5307500362396 3.0 4.12 7.28829703 8.813256408103001 9.75621280531498 6.97980299 6.100097
1.0 948.813521142544 1.0 1.0707897567203304 1055.0119905975573 0.015384615384615385 t_multiswap_k 100 1567.9391193389893 3.0 4.12 7.28829703 8.813256408103001 9.75621280531498 6.97980299 7.03909603
1.0 948.813521142544 1.0 1.0627075023289887 1038.4013824816743 0.013333333333333332 move_t 100 1627.0443227291107 3.0 5.1388 7.28829703 8.813256408103001 9.75621280531498 6.97980299 7.03909603
1.0 948.813521142544 1.0 1.1199290232209418 1144.6301802642538 0.015384615384615385 t_swap_k 100 1708.992688179016 3.0 5.1388 8.2454140597 8.813256408103001 9.75621280531498 6.97980299 7.03909603
1.0 948.813521142544 1.0 1.1127924096185087 1131.6147155056822 0.015384615384615385 swap_t 100 1750.1105303764343 3.0 5.1388 8.2454140597 8.813256408103001 10.71865067726183 6.97980299 7.03909603
1.0 948.813521142544 1.0 1.1370100534842988 1161.7529494877188 0.0 swap_t 100 1795.5720932483673 3.0 5.1388 8.2454140597 8.813256408103001 11.651464170489213 6.97980299 7.03909603
1.0 948.813521142544 1.0 1.1143977999717536 1120.5136439711516 0.0 f_swap_t 100 1845.3221974372864 3.0 5.1388 8.2454140597 9.72512384402197 11.651464170489213 6.97980299 7.03909603
1.0 948.813521142544 1.0 1.0995053310871503 1093.3533667397212 0.0 t_swap_r_k 100 1964.2232971191406 3.0 5.1388 8.2454140597 9.72512384402197 11.651464170489213 7.950004960099999 7.03909603
1.0 948.813521142544 1.0 1.0981138774180421 1090.8156903006764 0.0 f_swap_t 100 2011.8225615024567 3.0 5.1388 8.2454140597 10.657872605581751 11.651464170489213 7.950004960099999 7.03909603
1.0 948.813521142544 1.0 1.0940512861717806 1095.5648968222947 0.013333333333333332 f_swap_t 100 2071.411721944809 3.0 5.1388 8.2454140597 11.581293879525933 11.651464170489213 7.950004960099999 7.03909603
1.0 948.813521142544 1.0 1.0940512861717806 1095.5648968222947 0.013333333333333332 swap_t 100 2110.3613278865814 3.0 5.1388 8.2454140597 11.581293879525933 12.53494952878432 7.950004960099999 7.03909603
1.0 948.813521142544 1.0 1.0981458596524338 1103.0324129031228 0.013333333333333332 t_swap_k 100 2170.6166315078735 3.0 5.1388 9.282959919103 11.581293879525933 12.53494952878432 7.950004960099999 7.03909603
1.0 948.813521142544 1.0 1.0835209005342143 1064.2016143628452 0.0 t_swap_k 100 2259.1166541576385 3.0 5.1388 10.28013031991197 11.581293879525933 12.53494952878432 7.950004960099999 7.03909603
1.0 948.813521142544 1.0 1.0818040809200382 1061.0705487860967 0.0 f_swap_t 100 2313.4740738868713 3.0 5.1388 10.28013031991197 12.465480940730675 12.53494952878432 7.950004960099999 7.03909603
1.0 948.813521142544 1.0 1.0811531469203766 1072.0417966196208 0.013333333333333332 t_swap_k 100 2389.595304250717 3.0 5.1388 11.31732901671285 12.465480940730675 12.53494952878432 7.950004960099999 7.03909603
1.0 948.813521142544 1.0 1.080168147160621 1070.245394239656 0.013333333333333332 t_multiswap_k 100 2417.746281147003 3.0 5.1388 11.31732901671285 12.465480940730675 12.53494952878432 7.950004960099999 8.028705069699999
1.0 948.813521142544 1.0 1.108138183654118 1139.493597854646 0.03333333333333333 move_t 100 2493.3693640232086 3.0 6.2174119999999995 11.31732901671285 12.465480940730675 12.53494952878432 7.950004960099999 8.028705069699999
1.0 948.813521142544 1.0 1.084110344229694 1095.6726044991149 0.03333333333333333 t_multiswap_k 100 2518.750730276108 3.0 6.2174119999999995 11.31732901671285 12.465480940730675 12.53494952878432 7.950004960099999 8.948418019002998
1.0 948.813521142544 1.0 1.0808319396302506 1087.355431100743 0.03076923076923077 t_multiswap_k 100 2558.8300416469574 3.0 6.2174119999999995 11.31732901671285 12.465480940730675 12.53494952878432 7.950004960099999 9.858933838812968
1.0 948.813521142544 1.0 1.1370511830415428 1192.2239466664882 0.03333333333333333 swap_t 100 2602.3975698947906 3.0 6.2174119999999995 11.31732901671285 12.465480940730675 13.449600033496477 7.950004960099999 9.858933838812968
1.0 948.813521142544 1.0 1.1194232134502848 1129.6787880676145 0.0 f_swap_t 100 2659.620015144348 3.0 6.2174119999999995 11.31732901671285 13.400826131323369 13.449600033496477 7.950004960099999 9.858933838812968
1.0 948.813521142544 1.0 1.1037348169940842 1101.06693060001 0.0 move_t 100 2734.366598367691 3.0 7.18523788 11.31732901671285 13.400826131323369 13.449600033496477 7.950004960099999 9.858933838812968
1.0 948.813521142544 1.0 1.1009464915277103 1095.9816963608125 0.0 t_swap_r_k 100 2862.7502110004425 3.0 7.18523788 11.31732901671285 13.400826131323369 13.449600033496477 8.910504910499 9.858933838812968
1.0 948.813521142544 1.0 1.0959570226876405 1117.2780933997565 0.03333333333333333 t_swap_k 100 2940.2695622444153 3.0 7.18523788 12.274155726545722 13.400826131323369 13.449600033496477 8.910504910499 9.858933838812968
1.0 948.813521142544 1.0 1.0916565295704945 1109.435029486136 0.03333333333333333 t_multiswap_k 100 2977.584261894226 3.0 7.18523788 12.274155726545722 13.400826131323369 13.449600033496477 8.910504910499 10.820344500424838
1.0 948.813521142544 1.0 1.0916565295704945 1109.435029486136 0.03333333333333333 t_multiswap_k 100 3005.1222746372223 3.0 7.18523788 12.274155726545722 13.400826131323369 13.449600033496477 8.910504910499 11.71214105542059
1.0 948.813521142544 1.0 1.0916565295704945 1109.435029486136 0.03333333333333333 t_swap_r_k 100 3132.0683414936066 3.0 7.18523788 12.274155726545722 13.400826131323369 13.449600033496477 9.86139986139401 11.71214105542059
1.0 948.813521142544 1.0 1.0825463109183917 1092.8201843488146 0.03333333333333333 t_multiswap_k 100 3172.352665901184 3.0 7.18523788 12.274155726545722 13.400826131323369 13.449600033496477 9.86139986139401 12.745019644866384
1.0 948.813521142544 1.0 1.0823320468126323 1092.4294182133763 0.03333333333333333 move_t 100 3221.092200756073 3.0 8.1433855012 12.274155726545722 13.400826131323369 13.449600033496477 9.86139986139401 12.745019644866384
1.0 948.813521142544 1.0 1.1683683910196416 1249.3389930292115 0.03333333333333333 f_swap_t 100 3284.6998562812805 3.0 8.1433855012 12.274155726545722 14.386817870010134 13.449600033496477 9.86139986139401 12.745019644866384
1.0 948.813521142544 1.0 1.1485387620652836 1182.778537897955 0.0 t_swap_k 100 3376.4431943893433 3.0 8.1433855012 13.181414169280265 14.386817870010134 13.449600033496477 9.86139986139401 12.745019644866384
1.0 948.813521142544 1.0 1.1246385495959665 1169.586292146859 0.03333333333333333 t_move_k 100 3459.2567431926727 4.12 8.1433855012 13.181414169280265 14.386817870010134 13.449600033496477 9.86139986139401 12.745019644866384
1.0 948.813521142544 1.0 1.131541923541858 1177.967708843316 0.028717948717948714 f_swap_t 100 3519.097620487213 4.12 8.1433855012 13.181414169280265 15.342949691310032 13.449600033496477 9.86139986139401 12.745019644866384
1.0 948.813521142544 1.0 1.1200309723395492 1144.816110907879 0.015384615384615385 f_swap_t 100 3588.056081056595 4.12 8.1433855012 13.181414169280265 16.18952019439693 13.449600033496477 9.86139986139401 12.745019644866384
1.0 948.813521142544 1.0 1.113135657261532 1132.2407165546542 0.015384615384615385 t_swap_r_k 100 3721.989103794098 4.12 8.1433855012 13.181414169280265 16.18952019439693 13.449600033496477 10.802785862780071 12.745019644866384
1.0 948.813521142544 1.0 1.115813193668755 1153.4909680265625 0.03333333333333333 move_t 100 3793.650195837021 4.12 9.071951646188 13.181414169280265 16.18952019439693 13.449600033496477 10.802785862780071 12.745019644866384
1.0 948.813521142544 1.0 1.1031562372432182 1130.4077272229429 0.03333333333333333 move_t 100 3846.3195128440857 4.12 9.98123212972612 13.181414169280265 16.18952019439693 13.449600033496477 10.802785862780071 12.745019644866384
1.0 948.813521142544 1.0 1.1031562372432182 1130.4077272229429 0.03333333333333333 swap_t 100 3880.7476618289948 4.12 9.98123212972612 13.181414169280265 16.18952019439693 14.315104033161512 10.802785862780071 12.745019644866384
1.0 948.813521142544 1.0 1.1031562372432182 1130.4077272229429 0.03333333333333333 swap_t 100 3912.409621477127 4.12 9.98123212972612 13.181414169280265 16.18952019439693 15.171952992829898 10.802785862780071 12.745019644866384
1.0 948.813521142544 1.0 1.1031562372432182 1130.4077272229429 0.03333333333333333 t_swap_k 100 3985.68803191185 4.12 9.98123212972612 14.049600027587463 16.18952019439693 15.171952992829898 10.802785862780071 12.745019644866384
1.0 948.813521142544 1.0 1.1031562372432182 1130.4077272229429 0.03333333333333333 swap_t 100 4019.2691802978516 4.12 9.98123212972612 14.049600027587463 16.18952019439693 16.020233462901597 10.802785862780071 12.745019644866384
1.0 948.813521142544 1.0 1.1031562372432182 1130.4077272229429 0.03333333333333333 f_swap_t 100 4076.5433762073517 4.12 9.98123212972612 14.049600027587463 17.02762499245296 16.020233462901597 10.802785862780071 12.745019644866384
1.0 948.813521142544 1.0 1.1031562372432182 1130.4077272229429 0.03333333333333333 t_swap_r_k 100 4203.0211186409 4.12 9.98123212972612 14.049600027587463 17.02762499245296 16.020233462901597 11.73475800415227 12.745019644866384
1.0 948.813521142544 1.0 1.1031562372432182 1130.4077272229429 0.03333333333333333 swap_t 100 4229.254918336868 4.12 9.98123212972612 14.049600027587463 17.02762499245296 16.86003112827258 11.73475800415227 12.745019644866384
1.0 948.813521142544 1.0 1.1031562372432182 1130.4077272229429 0.03333333333333333 swap_t 100 4253.151508808136 4.12 9.98123212972612 14.049600027587463 17.02762499245296 17.691430816989854 11.73475800415227 12.745019644866384
1.0 948.813521142544 1.0 1.1031562372432182 1130.4077272229429 0.03333333333333333 t_multiswap_k 100 4296.51718878746 4.12 9.98123212972612 14.049600027587463 17.02762499245296 17.691430816989854 11.73475800415227 13.61756944841772
1.0 948.813521142544 1.0 1.1031562372432182 1130.4077272229429 0.03333333333333333 swap_t 100 4339.84138417244 4.12 9.98123212972612 14.049600027587463 17.02762499245296 18.514516508819955 11.73475800415227 13.61756944841772
1.0 948.813521142544 1.0 1.1031562372432182 1130.4077272229429 0.03333333333333333 t_swap_r_k 100 4448.4891312122345 4.12 9.98123212972612 14.049600027587463 17.02762499245296 18.514516508819955 12.657410424110749 13.61756944841772
1.0 948.813521142544 1.0 1.1213012960832005 1163.4999453295088 0.03333333333333333 move_t 100 4516.084232091904 4.12 10.981419808428859 14.049600027587463 17.02762499245296 18.514516508819955 12.657410424110749 13.61756944841772
1.0 948.813521142544 1.0 1.1142993069074687 1146.521328017269 0.028717948717948714 f_swap_t 100 4564.938926935196 4.12 10.981419808428859 14.049600027587463 17.94734874252843 18.514516508819955 12.657410424110749 13.61756944841772
1.0 948.813521142544 1.0 1.1139795467526277 1145.9381624911 0.028717948717948714 f_swap_t 100 4629.779202461243 4.12 10.981419808428859 14.049600027587463 18.797875255103147 18.514516508819955 12.657410424110749 13.61756944841772
1.0 948.813521142544 1.0 1.1139795467526277 1145.9381624911 0.028717948717948714 f_swap_t 100 4702.322978973389 4.12 10.981419808428859 14.049600027587463 19.609896502552115 18.514516508819955 12.657410424110749 13.61756944841772
1.0 948.813521142544 1.0 1.113638401118878 1145.315995000892 0.028717948717948714 f_swap_t 100 4760.906138181686 4.12 10.981419808428859 14.049600027587463 20.443797537526592 18.514516508819955 12.657410424110749 13.61756944841772
1.0 948.813521142544 1.0 1.113638401118878 1145.315995000892 0.028717948717948714 swap_t 100 4797.58868098259 4.12 10.981419808428859 14.049600027587463 20.443797537526592 19.329371343731754 12.657410424110749 13.61756944841772
1.0 948.813521142544 1.0 1.113638401118878 1145.315995000892 0.028717948717948714 swap_t 100 4821.828101634979 4.12 10.981419808428859 14.049600027587463 20.443797537526592 20.136077630294437 12.657410424110749 13.61756944841772
1.0 948.813521142544 1.0 1.112873462323445 1143.9209308305374 0.028717948717948714 t_swap_k 100 4885.46226811409 4.12 10.981419808428859 14.939104027311588 20.443797537526592 20.136077630294437 12.657410424110749 13.61756944841772
1.0 948.813521142544 1.0 1.112873462323445 1143.9209308305374 0.028717948717948714 t_multiswap_k 100 4926.092528104782 4.12 10.981419808428859 14.939104027311588 20.443797537526592 20.136077630294437 12.657410424110749 14.481393753933544
1.0 948.813521142544 1.0 1.112873462323445 1143.9209308305374 0.028717948717948714 t_swap_r_k 100 5043.6001217365265 4.12 10.981419808428859 14.939104027311588 20.443797537526592 20.136077630294437 13.570836319869642 14.481393753933544
1.0 948.813521142544 1.0 1.112873462323445 1143.9209308305374 0.028717948717948714 swap_t 100 5079.190697431564 4.12 10.981419808428859 14.939104027311588 20.443797537526592 20.934716853991493 13.570836319869642 14.481393753933544
1.0 948.813521142544 1.0 1.1246202675802155 1159.7777850223088 0.028717948717948714 swap_t 100 5108.538236856461 4.12 10.981419808428859 14.939104027311588 20.443797537526592 21.735369685451577 13.570836319869642 14.481393753933544
1.0 948.813521142544 1.0 1.1497091582609944 1198.9419757056055 0.015384615384615385 move_t 100 5167.5665674209595 4.12 11.93160561034457 14.939104027311588 20.443797537526592 21.735369685451577 13.570836319869642 14.481393753933544
1.0 948.813521142544 1.0 1.1316836934563272 1166.0678683219526 0.015384615384615385 f_swap_t 100 5225.802360057831 4.12 11.93160561034457 14.939104027311588 21.269359562151326 21.735369685451577 13.570836319869642 14.481393753933544
1.0 948.813521142544 1.0 1.1416400995272107 1200.5930253537351 0.03333333333333333 swap_t 100 5262.605613708496 4.12 11.93160561034457 14.939104027311588 21.269359562151326 22.55801598859706 13.570836319869642 14.481393753933544
1.0 948.813521142544 1.0 1.1276836627702749 1158.7727755331584 0.015384615384615385 swap_t 100 5296.014492034912 4.12 11.93160561034457 14.939104027311588 21.269359562151326 23.36243582871109 13.570836319869642 14.481393753933544
1.0 948.813521142544 1.0 1.1356278136976323 1177.4696690136605 0.02 f_swap_t 100 5351.388242006302 4.12 11.93160561034457 14.939104027311588 22.096665966529812 23.36243582871109 13.570836319869642 14.481393753933544
1.0 948.813521142544 1.0 1.1183054736015985 1155.6981336700594 0.03076923076923077 t_move_k 100 5411.186398983002 5.1688 11.93160561034457 14.939104027311588 22.096665966529812 23.36243582871109 13.570836319869642 14.481393753933544