19
4 112 4 40

Solution history:
B_obj   B_dis   B_sim   C_obj   C_dis   C_sim   neighbor   iterations   time   scores
1.0285467588884423 5203.968657911079 0.016666666666666666 1.0285467588884423 5203.968657911079 0.016666666666666666 0 0 0 3.0 3.0 3.0 3.0 3.0 3.0 3.0
1.0285467588884423 5203.968657911079 0.016666666666666666 1.0285467588884423 5203.968657911079 0.016666666666666666 swap_t 100 25.8984215259552 3.0 3.0 3.0 3.0 3.9699999999999998 3.0 3.0
1.0285467588884423 5203.968657911079 0.016666666666666666 1.0285467588884423 5203.968657911079 0.016666666666666666 move_t 100 51.5800518989563 3.0 3.9699999999999998 3.0 3.0 3.9699999999999998 3.0 3.0
1.0285467588884423 5203.968657911079 0.016666666666666666 1.0792251187998152 5466.499428348099 0.016666666666666666 swap_t 100 78.86294507980347 3.0 3.9699999999999998 3.0 3.0 4.9403 3.0 3.0
1.0285467588884423 5203.968657911079 0.016666666666666666 1.0603824442296157 5512.55135844107 0.016666666666666666 t_swap_r_k 100 128.4526994228363 3.0 3.9699999999999998 3.0 3.0 4.9403 4.01 3.0
1.0285467588884423 5203.968657911079 0.016666666666666666 1.0603824442296157 5512.55135844107 0.016666666666666666 move_t 100 161.19018244743347 3.0 4.9303 3.0 3.0 4.9403 4.01 3.0
1.0285467588884423 5203.968657911079 0.016666666666666666 1.0603824442296157 5512.55135844107 0.016666666666666666 move_t 100 200.22305822372437 3.0 5.880997 3.0 3.0 4.9403 4.01 3.0
1.0285467588884423 5203.968657911079 0.016666666666666666 1.132229784476432 6128.1914354428045 0.0 f_swap_t 100 253.81107330322266 3.0 5.880997 3.0 4.01 4.9403 4.01 3.0
1.0285467588884423 5203.968657911079 0.016666666666666666 1.0970354310437245 5867.828071738643 0.016666666666666666 t_swap_r_k 100 306.26469230651855 3.0 5.880997 3.0 4.01 4.9403 5.0099 3.0
1.0285467588884423 5203.968657911079 0.016666666666666666 1.1396853100770958 6200.45770516711 0.0 t_move_k 100 341.3705813884735 4.08 5.880997 3.0 4.01 4.9403 5.0099 3.0
1.0285467588884423 5203.968657911079 0.016666666666666666 1.1902482977142277 6789.183710889814 0.016666666666666666 move_t 100 380.1764268875122 4.08 6.92218703 3.0 4.01 4.9403 5.0099 3.0
1.0285467588884423 5203.968657911079 0.016666666666666666 1.1461915304944 6425.072064770674 0.03333333333333333 t_swap_k 100 417.01202630996704 4.08 6.92218703 3.98 4.01 4.9403 5.0099 3.0
1.0285467588884423 5203.968657911079 0.016666666666666666 1.135335646227123 6239.071338705083 0.016666666666666666 t_swap_k 100 448.95535039901733 4.08 6.92218703 4.9402 4.01 4.9403 5.0099 3.0
1.0285467588884423 5203.968657911079 0.016666666666666666 1.135335646227123 6239.071338705083 0.016666666666666666 t_swap_r_k 100 501.2382740974426 4.08 6.92218703 4.9402 4.01 4.9403 5.999801 3.0
1.0285467588884423 5203.968657911079 0.016666666666666666 1.135335646227123 6239.071338705083 0.016666666666666666 t_swap_k 100 544.3435645103455 4.08 6.92218703 5.890798 4.01 4.9403 5.999801 3.0
1.0285467588884423 5203.968657911079 0.016666666666666666 1.135335646227123 6239.071338705083 0.016666666666666666 t_multiswap_k 100 573.7294850349426 4.08 6.92218703 5.890798 4.01 4.9403 5.999801 3.9699999999999998
1.0285467588884423 5203.968657911079 0.016666666666666666 1.135335646227123 6239.071338705083 0.016666666666666666 t_swap_r_k 100 608.8158361911774 4.08 6.92218703 5.890798 4.01 4.9403 6.97980299 3.9699999999999998
1.0285467588884423 5203.968657911079 0.016666666666666666 1.135335646227123 6239.071338705083 0.016666666666666666 move_t 100 647.8534035682678 4.08 7.8529651597 5.890798 4.01 4.9403 6.97980299 3.9699999999999998
1.0285467588884423 5203.968657911079 0.016666666666666666 1.135335646227123 6239.071338705083 0.016666666666666666 swap_t 100 668.8744919300079 4.08 7.8529651597 5.890798 4.01 5.890897 6.97980299 3.9699999999999998
1.0285467588884423 5203.968657911079 0.016666666666666666 1.148484689943257 6366.524772668506 0.016666666666666666 t_swap_k 100 706.5169658660889 4.08 7.8529651597 6.90189002 4.01 5.890897 6.97980299 3.9699999999999998
1.0285467588884423 5203.968657911079 0.016666666666666666 1.132367097746678 6129.522410394248 0.0 t_swap_r_k 100 741.2079079151154 4.08 7.8529651597 6.90189002 4.01 5.890897 7.950004960099999 3.9699999999999998
1.0285467588884423 5203.968657911079 0.016666666666666666 1.1304161586662602 6110.611994502362 0.0 move_t 100 773.6202764511108 4.08 8.774435508103 6.90189002 4.01 5.890897 7.950004960099999 3.9699999999999998
1.0285467588884423 5203.968657911079 0.016666666666666666 1.1645307188467056 6522.058629682872 0.016666666666666666 t_multiswap_k 100 794.7330722808838 4.08 8.774435508103 6.90189002 4.01 5.890897 7.950004960099999 4.9403
1.0285467588884423 5203.968657911079 0.016666666666666666 1.1625896594371583 6503.243977255315 0.016666666666666666 f_swap_t 100 848.5112791061401 4.08 8.774435508103 6.90189002 4.9699 5.890897 7.950004960099999 4.9403
1.0285467588884423 5203.968657911079 0.016666666666666666 1.1621705714319628 6499.181765086266 0.016666666666666666 t_multiswap_k 100 884.0674452781677 4.08 8.774435508103 6.90189002 4.9699 5.890897 7.950004960099999 5.890897
1.0285467588884423 5203.968657911079 0.016666666666666666 1.1618533615727993 6496.107055874688 0.016666666666666666 swap_t 100 913.4329912662506 4.08 8.774435508103 6.90189002 4.9699 6.83198803 7.950004960099999 5.890897
1.0285467588884423 5203.968657911079 0.016666666666666666 1.1618533615727993 6496.107055874688 0.016666666666666666 move_t 100 944.2476119995117 4.08 9.68669115302197 6.90189002 4.9699 6.83198803 7.950004960099999 5.890897
1.0285467588884423 5203.968657911079 0.016666666666666666 1.1618533615727993 6496.107055874688 0.016666666666666666 f_swap_t 100 999.7961180210114 4.08 9.68669115302197 6.90189002 5.9202010000000005 6.83198803 7.950004960099999 5.890897
1.0285467588884423 5203.968657911079 0.016666666666666666 1.1627243742719262 6585.324609223088 0.03333333333333333 t_move_k 100 1037.947331905365 5.1592 9.68669115302197 6.90189002 5.9202010000000005 6.83198803 7.950004960099999 5.890897
1.0285467588884423 5203.968657911079 0.016666666666666666 1.1541273167181918 6421.218648098926 0.016666666666666666 t_swap_r_k 100 1075.0250451564789 5.1592 9.68669115302197 6.90189002 5.9202010000000005 6.83198803 8.910504910499 5.890897
1.0285467588884423 5203.968657911079 0.016666666666666666 1.1680869321296123 6556.528938292208 0.016666666666666666 t_swap_k 100 1113.6845343112946 5.1592 9.68669115302197 7.8428711198 5.9202010000000005 6.83198803 8.910504910499 5.890897
1.0285467588884423 5203.968657911079 0.016666666666666666 1.2637918274226678 7484.194692208799 0.016666666666666666 t_swap_k 100 1158.8005006313324 5.1592 9.68669115302197 8.834442408602 5.9202010000000005 6.83198803 8.910504910499 5.890897
1.0285467588884423 5203.968657911079 0.016666666666666666 1.23440576325717 7118.581280158271 0.0 t_swap_r_k 100 1202.280256986618 5.1592 9.68669115302197 8.834442408602 5.9202010000000005 6.83198803 9.86139986139401 5.890897
1.0285467588884423 5203.968657911079 0.016666666666666666 1.2158119914187933 7019.127042293527 0.016666666666666666 move_t 100 1233.9952392578125 5.1592 10.589824241491751 8.834442408602 5.9202010000000005 6.83198803 9.86139986139401 5.890897
1.0285467588884423 5203.968657911079 0.016666666666666666 1.2537084730179453 7080.074674478119 0.016666666666666666 move_t 100 1268.1330680847168 5.1592 11.493925999076833 8.834442408602 5.9202010000000005 6.83198803 9.86139986139401 5.890897
1.0285467588884423 5203.968657911079 0.016666666666666666 1.2311312737197857 7167.616558129634 0.016666666666666666 move_t 100 1310.8289723396301 5.1592 12.438986739086065 8.834442408602 5.9202010000000005 6.83198803 9.86139986139401 5.890897
1.0285467588884423 5203.968657911079 0.016666666666666666 1.2105555779584487 7048.951568875754 0.03333333333333333 move_t 100 1341.0371696949005 5.1592 13.314596871695205 8.834442408602 5.9202010000000005 6.83198803 9.86139986139401 5.890897
1.0285467588884423 5203.968657911079 0.016666666666666666 1.2096021859073331 7039.7103576172485 0.03333333333333333 move_t 100 1381.8929913043976 5.1592 14.181450902978252 8.834442408602 5.9202010000000005 6.83198803 9.86139986139401 5.890897
1.0285467588884423 5203.968657911079 0.016666666666666666 1.294827408377412 7865.796839539889 0.03333333333333333 t_swap_k 100 1418.0256867408752 5.1592 14.181450902978252 9.92609798451598 5.9202010000000005 6.83198803 9.86139986139401 5.890897
1.0285467588884423 5203.968657911079 0.016666666666666666 1.3173201569967223 8003.043786167468 0.016666666666666666 t_move_k 100 1457.238604068756 6.417608 14.181450902978252 9.92609798451598 5.9202010000000005 6.83198803 9.86139986139401 5.890897
1.0285467588884423 5203.968657911079 0.016666666666666666 1.4072855006650764 8875.076173903906 0.016666666666666666 f_swap_t 100 1508.3787875175476 6.417608 14.181450902978252 9.92609798451598 6.97099899 6.83198803 9.86139986139401 5.890897
1.0285467588884423 5203.968657911079 0.016666666666666666 1.3963358205816514 8768.941130355375 0.016666666666666666 move_t 100 1538.2616066932678 6.417608 15.11963639394847 9.92609798451598 6.97099899 6.83198803 9.86139986139401 5.890897
1.0285467588884423 5203.968657911079 0.016666666666666666 1.377097721026186 8582.466592418776 0.016666666666666666 t_swap_r_k 100 1603.8335361480713 6.417608 15.11963639394847 9.92609798451598 6.97099899 6.83198803 10.83278586278007 5.890897
1.0285467588884423 5203.968657911079 0.016666666666666666 1.3531734594920155 8350.569174370981 0.016666666666666666 t_swap_k 100 1666.7134954929352 6.417608 15.11963639394847 10.85683700467082 6.97099899 6.83198803 10.83278586278007 5.890897
1.0285467588884423 5203.968657911079 0.016666666666666666 1.3330590731744538 8236.375648897907 0.03333333333333333 t_swap_k 100 1723.3326785564423 6.417608 15.11963639394847 11.838268634624113 6.97099899 6.83198803 10.83278586278007 5.890897
1.0285467588884423 5203.968657911079 0.016666666666666666 1.3301617588235055 8208.292035270038 0.03333333333333333 move_t 100 1766.1055731773376 6.417608 16.058440030008985 11.838268634624113 6.97099899 6.83198803 10.83278586278007 5.890897
1.0285467588884423 5203.968657911079 0.016666666666666666 1.3235728693390663 8144.426053155547 0.03333333333333333 move_t 100 1805.3375582695007 6.417608 16.957855629708895 11.838268634624113 6.97099899 6.83198803 10.83278586278007 5.890897
1.0285467588884423 5203.968657911079 0.016666666666666666 1.3152395360057327 8144.426053155547 0.05 t_swap_r_k 100 1873.8982660770416 6.417608 16.957855629708895 11.838268634624113 6.97099899 6.83198803 11.79445800415227 5.890897
1.0285467588884423 5203.968657911079 0.016666666666666666 1.3461701222752858 8444.23564537093 0.05 f_swap_t 100 1951.866990327835 6.417608 16.957855629708895 11.838268634624113 7.9612890001 6.83198803 11.79445800415227 5.890897
1.0285467588884423 5203.968657911079 0.016666666666666666 1.386162392701964 8670.330284849219 0.016666666666666666 f_swap_t 100 2042.113799571991 6.417608 16.957855629708895 11.838268634624113 9.081676110099 6.83198803 11.79445800415227 5.890897
1.0285467588884423 5203.968657911079 0.016666666666666666 1.3503993776706167 8323.680051339246 0.016666666666666666 t_multiswap_k 100 2085.225015640259 6.417608 16.957855629708895 11.838268634624113 9.081676110099 6.83198803 11.79445800415227 7.11198803
1.0285467588884423 5203.968657911079 0.016666666666666666 1.3303641025934767 8067.784488455771 0.016666666666666666 move_t 100 2119.6880576610565 6.417608 17.798277073411807 11.838268634624113 9.081676110099 6.83198803 11.79445800415227 7.11198803
1.0285467588884423 5203.968657911079 0.016666666666666666 1.3023536766417267 7857.973972972633 0.016666666666666666 move_t 100 2159.962226867676 6.417608 18.65029430267769 11.838268634624113 9.081676110099 6.83198803 11.79445800415227 7.11198803
1.0285467588884423 5203.968657911079 0.016666666666666666 1.29409646023155 7796.092506834362 0.016666666666666666 swap_t 100 2196.8334069252014 6.417608 18.65029430267769 11.838268634624113 9.081676110099 7.7936681497 11.79445800415227 7.11198803
1.0285467588884423 5203.968657911079 0.016666666666666666 1.4018458014842976 8903.124115437811 0.03333333333333333 f_swap_t 100 2267.724442243576 6.417608 18.65029430267769 11.838268634624113 10.21085934899801 7.7936681497 11.79445800415227 7.11198803
1.0285467588884423 5203.968657911079 0.016666666666666666 1.347430525357569 8375.677865190004 0.03333333333333333 t_swap_r_k 100 2347.730672121048 6.417608 18.65029430267769 11.838268634624113 10.21085934899801 7.7936681497 12.746513424110747 7.11198803
1.0285467588884423 5203.968657911079 0.016666666666666666 1.3556405159518998 8455.257149938365 0.03333333333333333 t_swap_k 100 2422.394029855728 6.417608 18.65029430267769 12.759885948277871 10.21085934899801 7.7936681497 12.746513424110747 7.11198803
1.0285467588884423 5203.968657911079 0.016666666666666666 1.333965591173824 8245.16251085256 0.03333333333333333 t_swap_k 100 2491.6537606716156 6.417608 18.65029430267769 13.692287088795092 10.21085934899801 7.7936681497 12.746513424110747 7.11198803
1.0285467588884423 5203.968657911079 0.016666666666666666 1.3745691593831735 8557.957291868295 0.016666666666666666 t_swap_k 100 2561.5617859363556 6.417608 18.65029430267769 14.655364217907142 10.21085934899801 7.7936681497 12.746513424110747 7.11198803
1.0285467588884423 5203.968657911079 0.016666666666666666 1.3495958189572366 8315.891171811389 0.016666666666666666 t_swap_r_k 100 2652.9672009944916 6.417608 18.65029430267769 14.655364217907142 10.21085934899801 7.7936681497 13.65904828986964 7.11198803
1.0285467588884423 5203.968657911079 0.016666666666666666 1.341667113115205 8239.038374888001 0.016666666666666666 swap_t 100 2699.1934118270874 6.417608 18.65029430267769 14.655364217907142 10.21085934899801 8.715731468203 13.65904828986964 7.11198803
1.0285467588884423 5203.968657911079 0.016666666666666666 1.3324328252302988 8149.530595725781 0.016666666666666666 t_multiswap_k 100 2747.5528757572174 6.417608 18.65029430267769 14.655364217907142 10.21085934899801 8.715731468203 13.65904828986964 8.1708681497
1.0285467588884423 5203.968657911079 0.016666666666666666 1.3149146032923495 7979.726799257649 0.016666666666666666 t_move_k 100 2807.9874572753906 7.39343192 18.65029430267769 14.655364217907142 10.21085934899801 8.715731468203 13.65904828986964 8.1708681497
1.0285467588884423 5203.968657911079 0.016666666666666666 1.290915899501357 7827.88265741424 0.03333333333333333 swap_t 100 2853.258458375931 7.39343192 18.65029430267769 14.655364217907142 10.21085934899801 9.62857415352097 13.65904828986964 8.1708681497
1.0285467588884423 5203.968657911079 0.016666666666666666 1.289150021662683 7810.766036665407 0.03333333333333333 t_move_k 100 2923.354792356491 8.3194976008 18.65029430267769 14.655364217907142 10.21085934899801 9.62857415352097 13.65904828986964 8.1708681497
1.0285467588884423 5203.968657911079 0.016666666666666666 1.2873545735085763 7793.36279140405 0.03333333333333333 f_swap_t 100 3010.5629036426544 8.3194976008 18.65029430267769 14.655364217907142 11.10875075550803 9.62857415352097 13.65904828986964 8.1708681497
1.0285467588884423 5203.968657911079 0.016666666666666666 1.3059181861387328 7973.299540232187 0.03333333333333333 t_move_k 100 3076.805830478668 9.246302624792 18.65029430267769 14.655364217907142 11.10875075550803 9.62857415352097 13.65904828986964 8.1708681497
1.0285467588884423 5203.968657911079 0.016666666666666666 1.3040069322530232 7954.773792187809 0.03333333333333333 move_t 100 3126.9192860126495 9.246302624792 19.463791359650912 14.655364217907142 11.10875075550803 9.62857415352097 13.65904828986964 8.1708681497
1.0285467588884423 5203.968657911079 0.016666666666666666 1.3025862084526103 7941.002743054098 0.03333333333333333 t_swap_r_k 100 3209.5629036426544 9.246302624792 19.463791359650912 14.655364217907142 11.10875075550803 9.62857415352097 14.562457806970944 8.1708681497
1.0285467588884423 5203.968657911079 0.016666666666666666 1.3025424200727165 7940.5783031095925 0.03333333333333333 swap_t 100 3265.307370662689 9.246302624792 19.463791359650912 14.655364217907142 11.10875075550803 10.53228841198576 14.562457806970944 8.1708681497
1.0285467588884423 5203.968657911079 0.016666666666666666 1.3025424200727165 7940.5783031095925 0.03333333333333333 t_swap_r_k 100 3338.8842463493347 9.246302624792 19.463791359650912 14.655364217907142 11.10875075550803 10.53228841198576 15.456833228901234 8.1708681497
1.0285467588884423 5203.968657911079 0.016666666666666666 1.3267888230707934 8094.823388718529 0.016666666666666666 t_swap_k 100 3405.522559404373 9.246302624792 19.463791359650912 15.52881057572807 11.10875075550803 10.53228841198576 15.456833228901234 8.1708681497
1.0285467588884423 5203.968657911079 0.016666666666666666 1.3097074097601662 8010.028413679798 0.03333333333333333 move_t 100 3452.2084538936615 9.246302624792 20.269153446054403 15.52881057572807 11.10875075550803 10.53228841198576 15.456833228901234 8.1708681497
1.0285467588884423 5203.968657911079 0.016666666666666666 1.3528495256183353 8214.657135123893 0.016666666666666666 swap_t 100 3491.14040017128 9.246302624792 20.269153446054403 15.52881057572807 11.10875075550803 11.466965527865902 15.456833228901234 8.1708681497
1.0285467588884423 5203.968657911079 0.016666666666666666 1.3156072903233937 7986.441001649429 0.016666666666666666 t_swap_k 100 3560.553771495819 9.246302624792 20.269153446054403 16.493522469970788 11.10875075550803 11.466965527865902 15.456833228901234 8.1708681497
1.0285467588884423 5203.968657911079 0.016666666666666666 1.303958204951945 7873.526635770301 0.016666666666666666 swap_t 100 3605.537975549698 9.246302624792 20.269153446054403 16.493522469970788 11.10875075550803 12.352295872587243 15.456833228901234 8.1708681497