2
3 50 5 160

1806.0337130867758

1563.5654310526497
45.84375
4 500 7200 7200
21 7 9 1 0

Assigned customers matrix:
Vehicle 0:
0 12 4 41 40 0 0 0 0 0 0 0 0 0 0 0 0 0 0 0 0 0
0 12 5 38 9 39 33 15 17 41 0 0 0 0 0 0 0 0 0 0 0 0
0 12 37 44 42 41 13 14 6 0 0 0 0 0 0 0 0 0 0 0 0 0
0 12 5 38 9 10 39 33 45 41 0 0 0 0 0 0 0 0 0 0 0 0
0 12 44 42 19 41 13 14 6 0 0 0 0 0 0 0 0 0 0 0 0 0

Vehicle 1:
0 32 8 26 31 23 25 18 0 0 0 0 0 0 0 0 0 0 0 0 0 0
0 27 48 7 43 24 25 18 0 0 0 0 0 0 0 0 0 0 0 0 0 0
0 47 18 25 23 8 31 32 0 0 0 0 0 0 0 0 0 0 0 0 0 0
0 27 48 7 43 25 18 0 0 0 0 0 0 0 0 0 0 0 0 0 0 0
0 47 18 25 0 0 0 0 0 0 0 0 0 0 0 0 0 0 0 0 0 0

Vehicle 2:
0 2 20 34 30 49 0 0 0 0 0 0 0 0 0 0 0 0 0 0 0 0
0 2 20 35 29 34 50 16 11 0 0 0 0 0 0 0 0 0 0 0 0 0
0 46 49 30 34 2 20 3 28 0 0 0 0 0 0 0 0 0 0 0 0 0
0 11 16 34 21 35 36 20 2 0 0 0 0 0 0 0 0 0 0 0 0 0
0 1 22 28 3 20 2 34 0 0 0 0 0 0 0 0 0 0 0 0 0 0

Transported demand matrix:
72 153 153 155 153
138 141 156 131 94
121 151 156 149 129

Routes distance matrix:
88.33078754712687 136.44549182600775 98.24242004497746 134.91533185132278 98.44741983541469
115.88095960287848 92.3077770170232 107.75303643406019 91.97960091336262 51.763371529084495
96.77475562916946 105.05926473504232 117.71596073281513 115.81669153258284 112.13256182178166