4
5 75 2 140

1191.564504632046

934.4329665051864
182.90625
4 500 7200 7200
4 4 16 21 3

Assigned customers matrix:
Vehicle 0:
0 68 63 42 64 22 61 28 62 73 0 0 0 0 0 0 0 0 0 0
0 51 3 44 32 25 55 31 10 0 0 0 0 0 0 0 0 0 0 0

Vehicle 1:
0 4 1 43 41 56 23 33 0 0 0 0 0 0 0 0 0 0 0 0
0 30 29 5 37 20 70 60 71 47 0 0 0 0 0 0 0 0 0 0

Vehicle 2:
0 26 17 40 9 39 72 58 0 0 0 0 0 0 0 0 0 0 0 0
0 67 46 52 27 45 48 0 0 0 0 0 0 0 0 0 0 0 0 0

Vehicle 3:
0 75 34 35 53 14 11 0 0 0 0 0 0 0 0 0 0 0 0 0
0 13 54 19 59 66 65 38 0 0 0 0 0 0 0 0 0 0 0 0

Vehicle 4:
0 6 16 49 24 18 50 12 0 0 0 0 0 0 0 0 0 0 0 0
0 7 8 57 15 36 69 21 74 2 0 0 0 0 0 0 0 0 0 0

Transported demand matrix:
140 140
140 138
138 134
139 137
121 137

Routes distance matrix:
119.16800620552658 111.74092467658278
93.3398394145933 99.13045888927802
65.00914114144668 56.7464672555662
78.40555168337065 111.33241855573135
89.52720232669648 110.03295635639432