5
6 75 5 140

2803.066737056107

2473.8159315558414
75.15625
4 500 7200 7200
19 4 12 0 0

Assigned customers matrix:
Vehicle 0:
0 21 69 36 60 70 20 37 67 0 0 0 0 0 0 0 0 0 0 0
0 67 45 29 21 30 2 0 0 0 0 0 0 0 0 0 0 0 0 0
0 67 5 20 47 21 48 0 0 0 0 0 0 0 0 0 0 0 0 0
0 67 45 30 21 22 2 0 0 0 0 0 0 0 0 0 0 0 0 0
0 48 21 61 71 47 5 67 0 0 0 0 0 0 0 0 0 0 0 0

Vehicle 1:
0 7 53 14 0 0 0 0 0 0 0 0 0 0 0 0 0 0 0 0
0 34 46 8 14 0 0 0 0 0 0 0 0 0 0 0 0 0 0 0
0 75 52 27 13 54 14 53 0 0 0 0 0 0 0 0 0 0 0 0
0 34 46 8 35 14 0 0 0 0 0 0 0 0 0 0 0 0 0 0
0 75 52 27 15 57 54 19 14 0 0 0 0 0 0 0 0 0 0 0

Vehicle 2:
0 1 42 64 28 74 4 0 0 0 0 0 0 0 0 0 0 0 0 0
0 4 62 28 64 56 49 0 0 0 0 0 0 0 0 0 0 0 0 0
0 73 1 43 64 28 4 0 0 0 0 0 0 0 0 0 0 0 0 0
0 4 62 28 64 56 23 0 0 0 0 0 0 0 0 0 0 0 0 0
0 63 43 41 64 28 4 0 0 0 0 0 0 0 0 0 0 0 0 0

Vehicle 3:
0 17 6 0 0 0 0 0 0 0 0 0 0 0 0 0 0 0 0 0
0 0 0 0 0 0 0 0 0 0 0 0 0 0 0 0 0 0 0 0
0 68 6 17 44 72 58 10 31 0 0 0 0 0 0 0 0 0 0 0
0 0 0 0 0 0 0 0 0 0 0 0 0 0 0 0 0 0 0 0
0 58 10 31 55 44 0 0 0 0 0 0 0 0 0 0 0 0 0 0

Vehicle 4:
0 26 11 66 59 0 0 0 0 0 0 0 0 0 0 0 0 0 0 0
0 12 39 38 65 11 66 0 0 0 0 0 0 0 0 0 0 0 0 0
0 26 11 66 59 0 0 0 0 0 0 0 0 0 0 0 0 0 0 0
0 12 39 38 11 66 0 0 0 0 0 0 0 0 0 0 0 0 0 0
0 11 66 0 0 0 0 0 0 0 0 0 0 0 0 0 0 0 0 0

Vehicle 5:
0 33 51 3 32 9 40 0 0 0 0 0 0 0 0 0 0 0 0 0
0 40 9 32 24 16 0 0 0 0 0 0 0 0 0 0 0 0 0 0
0 33 32 50 9 40 0 0 0 0 0 0 0 0 0 0 0 0 0 0
0 16 24 32 9 40 0 0 0 0 0 0 0 0 0 0 0 0 0 0
0 32 50 18 25 9 40 0 0 0 0 0 0 0 0 0 0 0 0 0

Transported demand matrix:
138 140 140 139 136
68 93 137 103 140
126 136 129 137 131
39 0 139 0 96
116 139 116 130 74
140 136 139 136 139

Routes distance matrix:
109.81130201031621 72.72026287357417 93.99679574077093 88.44726661125611 113.28762333052762
57.54733843968927 58.931389515865284 82.47471467275747 59.93844046302714 97.1553092157781
97.19699470661723 121.83369086389546 98.11196850181639 116.66019365317844 102.2742353040461
27.281802205591436 0.0 115.02890363576526 0.0 106.50622959550125
90.64680280906147 95.99295205703439 90.64680280906147 91.98414199346746 72.6702112274939
77.50915404842898 84.29881603522111 85.14406471834008 84.29881603522111 81.41970848253725