7
4 100 2 200

1215.712237778415

991.9970728360136
76.09375
4 500 7200 7200
14 8 50 1 0

Assigned customers matrix:
Vehicle 0:
0 27 50 51 30 10 62 11 19 7 0 0 0 0 0 0 0 0 0 0 0 0 0 0 0 0 0 0 0 0 0 0 0 0 0 0 0
0 94 59 92 61 5 60 69 1 33 81 9 71 29 0 0 0 0 0 0 0 0 0 0 0 0 0 0 0 0 0 0 0 0 0 0 0

Vehicle 1:
0 76 77 3 79 78 34 35 65 66 20 70 31 88 0 0 0 0 0 0 0 0 0 0 0 0 0 0 0 0 0 0 0 0 0 0 0
0 28 12 80 68 24 55 25 4 56 75 74 72 73 21 40 0 0 0 0 0 0 0 0 0 0 0 0 0 0 0 0 0 0 0 0 0

Vehicle 2:
0 13 87 2 22 41 23 39 67 54 26 0 0 0 0 0 0 0 0 0 0 0 0 0 0 0 0 0 0 0 0 0 0 0 0 0 0
0 53 58 95 97 37 100 91 16 86 17 45 8 46 18 89 0 0 0 0 0 0 0 0 0 0 0 0 0 0 0 0 0 0 0 0 0

Vehicle 3:
0 6 96 99 93 85 98 42 57 15 43 14 44 38 84 83 0 0 0 0 0 0 0 0 0 0 0 0 0 0 0 0 0 0 0 0 0
0 52 82 48 47 36 49 64 63 90 32 0 0 0 0 0 0 0 0 0 0 0 0 0 0 0 0 0 0 0 0 0 0 0 0 0 0

Transported demand matrix:
129 192
183 193
199 199
195 168

Routes distance matrix:
103.1437525378378 156.0154972734342
125.13987133392284 103.20169806800948
122.85741499940937 118.71371746460736
140.92423944042685 122.00088171836572