26
3 51 6 20

5095.500142759081

4426.6274544673015
46.203125
4 500 7200 7200
35 8 4 1 1

Assigned customers matrix:
Vehicle 0:
0 3 24 9 27 4 0 0 0 0 0 0 0
0 44 4 3 22 8 20 0 0 0 0 0 0
0 3 26 4 29 10 31 0 0 0 0 0 0
0 3 25 9 4 0 0 0 0 0 0 0 0
0 4 3 8 0 0 0 0 0 0 0 0 0
0 43 42 3 4 28 10 0 0 0 0 0 0

Vehicle 1:
0 5 6 0 0 0 0 0 0 0 0 0 0
0 5 32 11 35 6 12 0 0 0 0 0 0
0 14 45 30 5 34 6 0 0 0 0 0 0
0 46 5 6 0 0 0 0 0 0 0 0 0
0 5 33 11 6 37 12 0 0 0 0 0 0
0 14 47 5 6 0 0 0 0 0 0 0 0

Vehicle 2:
0 48 49 36 39 38 1 2 0 0 0 0 0
0 50 51 1 16 7 2 0 0 0 0 0 0
0 15 1 19 2 40 13 0 0 0 0 0 0
0 2 1 0 0 0 0 0 0 0 0 0 0
0 41 2 18 7 17 1 0 0 0 0 0 0
0 15 1 2 21 23 13 0 0 0 0 0 0

Transported demand matrix:
17 19 19 15 13 19
10 20 19 12 20 15
20 19 20 10 19 20

Routes distance matrix:
233.2276260798244 286.7580318061186 299.9947228080602 232.08459540718633 273.20504038169383 283.1540357156948
173.2035403818687 333.22757384385886 249.73140721794968 175.89855395861352 333.2278661023108 186.62434625412098
250.84046746552693 240.88872196449012 215.3713360858661 173.20504038169383 235.92221622681154 250.0623323856123