28
6 102 6 20

33794.612677890844

28655.217114491978
412.328125
4 500 7200 7200
123 23 22 3 0

Assigned customers matrix:
Vehicle 0:
0 6 12 88 27 89 0 0 0 0 0 0 0
0 6 49 47 17 12 0 0 0 0 0 0 0
0 63 64 6 12 85 26 84 0 0 0 0 0
0 6 52 99 12 87 27 0 0 0 0 0 0
0 6 50 17 12 0 0 0 0 0 0 0 0
0 6 12 86 26 83 0 0 0 0 0 0 0

Vehicle 1:
0 44 16 29 80 79 10 4 0 0 0 0 0
0 59 4 41 40 15 10 0 0 0 0 0 0
0 20 60 4 10 77 76 24 0 0 0 0 0
0 4 43 16 29 96 10 0 0 0 0 0 0
0 4 42 15 10 0 0 0 0 0 0 0 0
0 20 4 95 10 78 24 75 0 0 0 0 0

Vehicle 2:
0 5 11 82 25 0 0 0 0 0 0 0 0
0 5 11 0 0 0 0 0 0 0 0 0 0
0 5 11 0 0 0 0 0 0 0 0 0 0
0 61 62 5 11 81 25 0 0 0 0 0 0
0 5 45 46 97 98 11 0 0 0 0 0 0
0 5 48 11 0 0 0 0 0 0 0 0 0

Vehicle 3:
0 1 53 101 7 0 0 0 0 0 0 0 0
0 21 65 1 31 13 7 0 0 0 0 0 0
0 1 51 18 30 102 7 0 0 0 0 0 0
0 1 7 68 67 0 0 0 0 0 0 0 0
0 21 66 1 32 13 7 0 0 0 0 0 0
0 1 54 18 30 100 90 7 0 0 0 0 0

Vehicle 4:
0 2 3 0 0 0 0 0 0 0 0 0 0
0 56 55 2 3 0 0 0 0 0 0 0 0
0 2 3 14 28 91 69 22 0 0 0 0 0
0 2 3 0 0 0 0 0 0 0 0 0 0
0 2 3 0 0 0 0 0 0 0 0 0 0
0 2 3 14 28 92 70 22 0 0 0 0 0

Vehicle 5:
0 34 33 8 93 9 0 0 0 0 0 0 0
0 19 36 35 8 9 0 0 0 0 0 0 0
0 8 72 23 73 9 0 0 0 0 0 0 0
0 58 57 9 8 0 0 0 0 0 0 0 0
0 19 38 37 94 9 8 0 0 0 0 0 0
0 39 9 74 23 71 8 0 0 0 0 0 0

Transported demand matrix:
16 16 20 18 14 16
20 18 20 18 14 20
14 10 10 18 18 12
14 18 18 14 18 20
10 14 20 10 10 20
16 16 16 14 18 18

Routes distance matrix:
1131.637025064704 632.3218606924733 1140.4416672140485 1104.1530129488742 613.4542003852403 1093.9013532726915
863.1243160583332 635.0175837662648 1190.825532948983 661.0658028783987 613.4547162149088 1159.07442291327
1083.0677852009317 577.3497018943544 577.3497018943544 1091.873929911914 640.5327508664982 588.5073324981593
598.4345309974642 626.8750991874238 675.8528873020095 857.2448464807125 626.8750991874238 896.9457739974152
173.2035403818687 182.00844458252635 1223.2778546233808 173.2035403818687 173.2035403818687 1210.0590769465684
875.2663990354365 875.0246835223644 1166.1332987891346 869.1128346178732 884.950821984199 1170.3921454680362