29
6 102 6 20

34142.2540834451

29723.69988667911
497.3125
4 500 7200 7200
81 44 21 1 0

Assigned customers matrix:
Vehicle 0:
0 6 18 30 99 12 0 0 0 0 0 0 0
0 6 12 88 27 0 0 0 0 0 0 0 0
0 6 49 17 12 0 0 0 0 0 0 0 0
0 6 18 30 100 12 0 0 0 0 0 0 0
0 6 50 12 87 27 0 0 0 0 0 0 0
0 6 17 12 85 83 84 0 0 0 0 0 0

Vehicle 1:
0 4 43 16 29 96 10 0 0 0 0 0 0
0 20 4 10 77 76 75 0 0 0 0 0 0
0 4 40 15 10 79 97 0 0 0 0 0 0
0 4 44 16 29 95 10 0 0 0 0 0 0
0 20 60 4 42 10 0 0 0 0 0 0 0
0 59 4 41 15 10 0 0 0 0 0 0 0

Vehicle 2:
0 5 11 81 80 25 26 0 0 0 0 0 0
0 61 62 5 45 46 98 11 0 0 0 0 0
0 5 47 48 11 0 0 0 0 0 0 0 0
0 5 11 82 25 26 86 0 0 0 0 0 0
0 5 11 0 0 0 0 0 0 0 0 0 0
0 5 11 0 0 0 0 0 0 0 0 0 0

Vehicle 3:
0 65 1 54 51 52 64 63 0 0 0 0 0
0 1 53 101 102 90 89 0 0 0 0 0 0
0 21 66 1 0 0 0 0 0 0 0 0 0
0 1 0 0 0 0 0 0 0 0 0 0 0
0 1 32 31 67 68 0 0 0 0 0 0 0
0 21 1 0 0 0 0 0 0 0 0 0 0

Vehicle 4:
0 2 33 13 7 8 0 0 0 0 0 0 0
0 2 8 70 22 7 0 0 0 0 0 0 0
0 2 14 92 8 7 0 0 0 0 0 0 0
0 2 34 13 7 8 0 0 0 0 0 0 0
0 2 8 69 22 7 0 0 0 0 0 0 0
0 2 14 91 8 7 0 0 0 0 0 0 0

Vehicle 5:
0 3 39 9 74 23 24 0 0 0 0 0 0
0 3 9 37 55 56 19 0 0 0 0 0 0
0 3 36 35 28 94 9 0 0 0 0 0 0
0 3 9 73 23 24 78 0 0 0 0 0 0
0 58 57 3 9 38 19 0 0 0 0 0 0
0 3 28 93 9 72 71 0 0 0 0 0 0

Transported demand matrix:
18 15 15 18 17 19
20 19 19 20 17 17
20 20 14 20 10 10
17 15 10 5 13 8
20 20 20 20 20 20
20 19 19 20 19 19

Routes distance matrix:
659.9228810248003 1083.0677852009317 613.4538606924732 659.9228810248003 1094.2258080357 1024.2777922187395
661.0658028783987 1002.1315588526995 960.7983903404024 661.0658028783987 601.9283775161065 616.1499938758982
1677.4046612414845 642.5434121602217 600.0539071698156 1631.637220381632 577.3497018943544 577.3497018943544
201.84198089619804 844.3024664129953 128.89038297251494 115.47 848.7405047721775 128.2854825060081
902.1301580093428 1160.418270209315 905.5409889850885 902.1305502350808 1160.4178779783513 925.4771227294748
1594.2259283330081 607.5225291589851 681.6100301646951 1631.6365754400417 594.2043908449206 1046.5051077497042