30
9 153 6 20

125606.57424333305

100357.58311024793
2404.015625
4 500 7200 7200
154 24 54 0 1

Assigned customers matrix:
Vehicle 0:
0 112 113 11 98 99 17 132 133 0 0 0 0
0 62 23 11 96 44 148 17 0 0 0 0 0
0 26 60 11 17 0 0 0 0 0 0 0 0
0 76 77 11 17 135 134 0 0 0 0 0 0
0 63 23 11 97 44 149 17 0 0 0 0 0
0 26 61 11 17 0 0 0 0 0 0 0 0

Vehicle 1:
0 25 70 8 84 28 14 0 0 0 0 0 0
0 51 34 106 8 14 121 37 0 0 0 0 0
0 49 8 14 0 0 0 0 0 0 0 0 0
0 25 50 8 85 82 28 14 0 0 0 0 0
0 34 107 8 14 120 37 0 0 0 0 0 0
0 71 8 87 86 143 14 123 0 0 0 0 0

Vehicle 2:
0 21 9 30 15 0 0 0 0 0 0 0 0
0 9 145 15 124 38 122 142 0 0 0 0 0
0 54 9 89 29 43 144 15 0 0 0 0 0
0 21 9 90 30 15 0 0 0 0 0 0 0
0 72 109 108 9 15 125 38 0 0 0 0 0
0 9 88 29 43 15 127 91 0 0 0 0 0

Vehicle 3:
0 4 10 16 128 39 0 0 0 0 0 0 0
0 74 4 22 111 10 16 0 0 0 0 0 0
0 75 4 110 10 93 92 16 0 0 0 0 0
0 4 10 16 129 39 126 0 0 0 0 0 0
0 4 22 10 16 131 130 0 0 0 0 0 0
0 4 10 94 95 146 147 16 0 0 0 0 0

Vehicle 4:
0 5 0 0 0 0 0 0 0 0 0 0 0
0 5 35 31 40 41 42 0 0 0 0 0 0
0 5 67 24 36 105 33 0 0 0 0 0 0
0 5 0 0 0 0 0 0 0 0 0 0 0
0 5 35 31 40 41 42 0 0 0 0 0 0
0 5 64 65 24 36 33 0 0 0 0 0 0

Vehicle 5:
0 6 66 114 115 12 103 18 0 0 0 0 0
0 6 12 18 137 136 0 0 0 0 0 0 0
0 27 6 12 101 32 18 0 0 0 0 0 0
0 6 12 18 151 150 102 79 0 0 0 0 0
0 78 6 12 18 138 139 0 0 0 0 0 0
0 27 6 12 100 32 18 0 0 0 0 0 0

Vehicle 6:
0 0 0 0 0 0 0 0 0 0 0 0 0
0 0 0 0 0 0 0 0 0 0 0 0 0
0 0 0 0 0 0 0 0 0 0 0 0 0
0 0 0 0 0 0 0 0 0 0 0 0 0
0 0 0 0 0 0 0 0 0 0 0 0 0
0 73 53 52 55 56 57 58 59 0 0 0 0

Vehicle 7:
0 1 7 104 45 152 13 0 0 0 0 0 0
0 1 7 83 13 118 119 0 0 0 0 0 0
0 1 69 116 117 7 13 0 0 0 0 0 0
0 1 47 7 45 153 13 0 0 0 0 0 0
0 80 81 1 68 7 13 0 0 0 0 0 0
0 1 7 13 141 140 0 0 0 0 0 0 0

Vehicle 8:
0 2 3 0 0 0 0 0 0 0 0 0 0
0 2 48 19 20 3 0 0 0 0 0 0 0
0 2 3 0 0 0 0 0 0 0 0 0 0
0 2 3 0 0 0 0 0 0 0 0 0 0
0 2 46 19 20 3 0 0 0 0 0 0 0
0 2 3 0 0 0 0 0 0 0 0 0 0

Transported demand matrix:
20 20 13 16 20 13
18 20 10 20 18 18
14 19 20 16 19 20
17 19 20 19 19 20
4 19 17 4 19 17
20 16 20 20 18 20
0 0 0 0 0 16
19 18 18 19 18 16
8 16 8 8 16 8

Routes distance matrix:
2849.2905383315347 2034.923258541965 1740.1002194720672 2574.8226624923836 2030.3397355441707 1738.614411068655
1956.7971142705792 3317.2660458535074 1739.3577305372896 2049.9936925325096 3316.30381768754 2537.577676714558
1962.8682660154516 3443.57357954967 2020.683977161814 1968.5849420996233 3293.420536558131 2673.8268144929734
3249.200918444237 1794.1976887278952 1930.0410990974724 3394.9080904950215 2719.8976444283235 2012.8102150487025
115.46954038186868 6010.487406084632 1088.5159642915096 115.46954038186868 6010.487406084632 1086.2362632754866
1855.7160352771443 2571.733059634427 1961.9070786614789 1883.4339591731025 2687.6340378486248 1961.9067389764054
0.0 0.0 0.0 0.0 0.0 296.89945976571767
2001.13369009821 2747.527792848694 1793.1223827805811 2011.7845518930412 1752.0122532280116 2684.9363511117904
173.2035403818687 332.08387141676536 173.2035403818687 173.2035403818687 346.87089034041014 173.2035403818687