31
9 153 6 20

127635.67882667744

100105.91015280833
3787.625
4 500 7200 7200
154 60 56 4 5

Assigned customers matrix:
Vehicle 0:
0 35 113 11 31 44 149 17 0 0 0 0 0
0 62 11 17 132 133 40 131 0 0 0 0 0
0 77 61 112 11 97 148 17 0 0 0 0 0
0 59 35 11 96 31 44 17 0 0 0 0 0
0 11 94 146 147 130 40 17 0 0 0 0 0
0 63 11 99 17 134 150 151 0 0 0 0 0

Vehicle 1:
0 8 14 122 38 124 144 0 0 0 0 0 0
0 70 50 106 8 84 28 14 0 0 0 0 0
0 46 8 143 14 120 37 119 0 0 0 0 0
0 8 86 142 14 123 125 38 0 0 0 0 0
0 8 85 28 14 0 0 0 0 0 0 0 0
0 71 107 8 14 121 118 37 0 0 0 0 0

Vehicle 2:
0 25 52 9 15 127 39 0 0 0 0 0 0
0 55 21 9 15 0 0 0 0 0 0 0 0
0 9 89 88 145 15 30 92 0 0 0 0 0
0 25 109 108 9 15 126 39 0 0 0 0 0
0 54 21 9 15 0 0 0 0 0 0 0 0
0 73 9 90 91 30 15 0 0 0 0 0 0

Vehicle 3:
0 4 57 10 95 16 0 0 0 0 0 0 0
0 4 10 16 111 75 0 0 0 0 0 0 0
0 4 10 16 110 74 0 0 0 0 0 0 0
0 4 58 10 93 16 0 0 0 0 0 0 0
0 4 10 16 128 129 0 0 0 0 0 0 0
0 4 10 16 0 0 0 0 0 0 0 0 0

Vehicle 4:
0 5 0 0 0 0 0 0 0 0 0 0 0
0 5 23 32 33 45 42 41 135 0 0 0 0
0 26 76 5 22 0 0 0 0 0 0 0 0
0 5 0 0 0 0 0 0 0 0 0 0 0
0 5 23 98 32 33 45 42 41 0 0 0 0
0 26 5 60 22 0 0 0 0 0 0 0 0

Vehicle 5:
0 6 12 100 101 18 0 0 0 0 0 0 0
0 78 79 6 12 18 0 0 0 0 0 0 0
0 6 12 103 102 18 0 0 0 0 0 0 0
0 6 12 18 138 139 0 0 0 0 0 0 0
0 6 12 18 137 136 0 0 0 0 0 0 0
0 6 114 115 12 18 0 0 0 0 0 0 0

Vehicle 6:
0 72 3 56 0 0 0 0 0 0 0 0 0
0 3 53 20 34 87 29 43 0 0 0 0 0
0 3 0 0 0 0 0 0 0 0 0 0 0
0 3 0 0 0 0 0 0 0 0 0 0 0
0 3 51 20 34 29 43 0 0 0 0 0 0
0 3 0 0 0 0 0 0 0 0 0 0 0

Vehicle 7:
0 27 80 1 7 13 0 0 0 0 0 0 0
0 1 7 105 153 13 0 0 0 0 0 0 0
0 1 7 104 152 13 0 0 0 0 0 0 0
0 27 1 47 7 13 0 0 0 0 0 0 0
0 1 69 116 7 13 0 0 0 0 0 0 0
0 1 7 13 141 140 0 0 0 0 0 0 0

Vehicle 8:
0 2 0 0 0 0 0 0 0 0 0 0 0
0 2 48 19 68 24 36 82 83 0 0 0 0
0 2 0 0 0 0 0 0 0 0 0 0 0
0 2 49 66 67 65 64 0 0 0 0 0 0
0 81 24 36 117 19 2 0 0 0 0 0 0
0 2 0 0 0 0 0 0 0 0 0 0 0

Transported demand matrix:
20 20 20 20 20 20
18 20 20 20 14 20
18 14 20 20 14 18
19 19 19 19 19 15
5 19 11 5 19 11
19 19 19 19 19 19
9 17 5 5 15 5
19 19 19 19 19 19
5 19 5 15 15 5

Routes distance matrix:
2077.8113595363875 3462.21827063153 1826.8210959156727 2072.3897477368178 3568.7624925907894 3016.9772343973063
3395.730669828065 1987.0874805956191 3461.9395423754386 3680.746922257513 1949.0929721012053 3545.688890393805
3255.7655689108187 1753.7097101846514 2015.1244800618088 3296.175670176889 1761.256417090429 2007.6133753861566
1861.2638791889922 1742.809437618597 1736.5163290708085 1805.7999818572569 2684.9358055350285 1732.0499999999997
115.46954038186868 5161.176541559482 228.89197410739442 115.46954038186868 5027.466643828405 229.43053770153753
1852.3762250411796 1740.855858158619 1907.8415399741575 2684.93902427188 2571.733059634427 1777.2231270346292
182.2676377953528 1231.1601105348977 115.46954038186868 115.46954038186868 1231.4004255666491 115.46954038186868
1745.470382972515 1925.170300689606 1812.5798089081086 1756.0234770495995 1762.5718862870704 2684.9363511117904
115.46954038186868 1067.3368033139043 115.46954038186868 315.6754123377167 587.3393684329094 115.46954038186868