32
9 153 6 20

126353.92675262937

102645.47749459105
2228.84375
4 500 7200 7200
105 28 47 2 0

Assigned customers matrix:
Vehicle 0:
0 76 77 11 97 17 132 133 0 0 0 0 0
0 35 112 11 98 99 17 0 0 0 0 0 0
0 23 11 148 17 147 146 0 0 0 0 0 0
0 11 17 135 134 136 137 150 0 0 0 0 0
0 35 113 11 96 149 17 0 0 0 0 0 0
0 23 11 17 0 0 0 0 0 0 0 0 0

Vehicle 1:
0 8 85 28 14 142 29 0 0 0 0 0 0
0 8 84 14 0 0 0 0 0 0 0 0 0
0 8 14 121 37 152 153 0 0 0 0 0 0
0 8 87 29 143 14 28 0 0 0 0 0 0
0 70 50 107 106 8 86 14 0 0 0 0 0
0 71 8 14 122 120 37 0 0 0 0 0 0

Vehicle 2:
0 25 53 20 108 9 15 0 0 0 0 0 0
0 72 9 89 88 145 144 15 0 0 0 0 0
0 73 52 9 15 127 39 0 0 0 0 0 0
0 25 51 20 109 9 15 0 0 0 0 0 0
0 9 15 125 124 0 0 0 0 0 0 0 0
0 9 90 91 15 126 39 0 0 0 0 0 0

Vehicle 3:
0 4 10 93 16 0 0 0 0 0 0 0 0
0 4 10 16 111 75 0 0 0 0 0 0 0
0 4 10 16 110 74 0 0 0 0 0 0 0
0 4 10 16 128 129 0 0 0 0 0 0 0
0 4 10 16 131 130 0 0 0 0 0 0 0
0 4 10 94 95 16 0 0 0 0 0 0 0

Vehicle 4:
0 27 78 24 101 32 18 0 0 0 0 0 0
0 22 31 44 40 41 18 0 0 0 0 0 0
0 79 33 45 151 18 138 42 0 0 0 0 0
0 27 24 100 32 18 0 0 0 0 0 0 0
0 22 31 44 40 41 18 0 0 0 0 0 0
0 33 45 18 139 42 140 141 0 0 0 0 0

Vehicle 5:
0 5 6 114 115 12 0 0 0 0 0 0 0
0 5 6 66 67 12 0 0 0 0 0 0 0
0 5 6 12 103 102 0 0 0 0 0 0 0
0 5 64 65 6 12 0 0 0 0 0 0 0
0 5 6 12 0 0 0 0 0 0 0 0 0
0 5 6 12 0 0 0 0 0 0 0 0 0

Vehicle 6:
0 3 0 0 0 0 0 0 0 0 0 0 0
0 3 34 43 123 38 30 0 0 0 0 0 0
0 3 54 21 57 0 0 0 0 0 0 0 0
0 3 0 0 0 0 0 0 0 0 0 0 0
0 3 34 92 30 43 38 0 0 0 0 0 0
0 3 55 56 21 58 59 0 0 0 0 0 0

Vehicle 7:
0 80 104 13 7 1 0 0 0 0 0 0 0
0 69 117 13 7 1 0 0 0 0 0 0 0
0 68 116 13 7 1 0 0 0 0 0 0 0
0 1 7 83 82 13 0 0 0 0 0 0 0
0 1 7 13 105 81 0 0 0 0 0 0 0
0 1 7 13 118 119 0 0 0 0 0 0 0

Vehicle 8:
0 26 2 0 0 0 0 0 0 0 0 0 0
0 2 48 19 36 0 0 0 0 0 0 0 0
0 2 0 0 0 0 0 0 0 0 0 0 0
0 26 60 61 63 62 2 0 0 0 0 0 0
0 2 49 46 47 19 36 0 0 0 0 0 0
0 2 0 0 0 0 0 0 0 0 0 0 0

Transported demand matrix:
20 19 19 20 19 13
20 12 19 20 20 19
20 20 19 20 14 19
17 19 19 19 19 19
18 20 20 16 20 20
19 19 19 19 15 15
5 19 12 5 19 16
19 19 19 19 19 19
8 13 5 16 17 5

Routes distance matrix:
2750.6216285746423 1919.4790320242741 2333.1044446160813 3276.6017847614467 1992.2745203486816 1751.5414613278099
2113.81987427848 1794.6431071221064 3660.950412479977 2083.07771895882 1839.4319343802003 3913.3835142523476
1778.9430656337845 1963.828826030657 3254.0340533257163 1759.0069318893982 2684.937956604947 3424.9921376404127
1794.6419873136651 1742.809437618597 1736.5163290708085 2684.9358055350285 2684.9363511117904 1907.8408151533495
1968.3065094999974 4732.0499226403845 3452.5577872744516 1926.280705425078 4732.0499226403845 3647.141602307768
680.2567232503835 657.7899171252509 914.9782192466502 662.5622908775515 635.0837018943545 635.0837018943545
115.46954038186868 3377.004539646756 226.32822330901877 115.46954038186868 3655.721370196982 292.48342088652953
1760.431530108648 1743.861693594158 1737.2263993309539 1907.8408151533495 1778.464237347883 2684.9358055350285
192.25071286684403 489.81867362147466 115.46954038186868 326.5047294892153 520.2330478470984 115.46954038186868