31
9 153 6 20

Solution history:
B_obj   B_dis   B_sim   C_obj   C_dis   C_sim   neighbor   iterations   time   scores
0.9910812734366875 87064.32089767371 0.0 0.9910812734366875 87064.32089767371 0.0 0 0 0 3.0 3.0 3.0 3.0 3.0 3.0 3.0
0.9910812734366875 87064.32089767371 0.0 0.991962825448377 87220.6121907556 0.0 t_move_k 100 78.69203281402588 3.98 3.0 3.0 3.0 3.0 3.0 3.0
0.9910812734366875 87064.32089767371 0.0 0.9919583970671737 87219.8270783455 0.0 swap_t 100 140.88376474380493 3.98 3.0 3.0 3.0 4.0 3.0 3.0
0.9910812734366875 87064.32089767371 0.0 0.9919583970671737 87219.8270783455 0.0 swap_t 100 189.871812582016 3.98 3.0 3.0 3.0 4.96 3.0 3.0
0.9910812734366875 87064.32089767371 0.0 0.9919583970671737 87219.8270783455 0.0 f_swap_t 100 313.79096603393555 3.98 3.0 3.0 3.9699999999999998 4.96 3.0 3.0
0.9910812734366875 87064.32089767371 0.0 0.9919583970671737 87219.8270783455 0.0 t_multiswap_k 100 339.679092168808 3.98 3.0 3.0 3.9699999999999998 4.96 3.0 3.9699999999999998
0.9910812734366875 87064.32089767371 0.0 0.9919583970671737 87219.8270783455 0.0 swap_t 100 383.64650201797485 3.98 3.0 3.0 3.9699999999999998 5.9104 3.0 3.9699999999999998
0.9910812734366875 87064.32089767371 0.0 1.0036033015677335 89284.36457366544 0.0 t_swap_k 100 486.91077852249146 3.98 3.0 4.01 3.9699999999999998 5.9104 3.0 3.9699999999999998
0.9910812734366875 87064.32089767371 0.0 1.0086382547027568 90177.01676621322 0.0 t_swap_k 100 591.5262050628662 3.98 3.0 5.0099 3.9699999999999998 5.9104 3.0 3.9699999999999998
0.9910812734366875 87064.32089767371 0.0 1.006064462000057 89720.70632247801 0.0 move_t 100 672.1971120834351 3.98 4.0 5.0099 3.9699999999999998 5.9104 3.0 3.9699999999999998
0.9910812734366875 87064.32089767371 0.0 1.0056501625562055 89647.2547337526 0.0 t_swap_r_k 100 885.720386505127 3.98 4.0 5.0099 3.9699999999999998 5.9104 4.01 3.9699999999999998
0.9910812734366875 87064.32089767371 0.0 1.0056501625562055 89647.2547337526 0.0 t_swap_r_k 100 1116.0572535991669 3.98 4.0 5.0099 3.9699999999999998 5.9104 5.0099 3.9699999999999998
0.9910812734366875 87064.32089767371 0.0 1.0056501625562055 89647.2547337526 0.0 t_swap_r_k 100 1342.8586766719818 3.98 4.0 5.0099 3.9699999999999998 5.9104 5.999801 3.9699999999999998
0.9910812734366875 87064.32089767371 0.0 1.0050377800053718 89538.68478046403 0.0 t_move_k 100 1421.2842233181 4.9702 4.0 5.0099 3.9699999999999998 5.9104 5.999801 3.9699999999999998
0.9910812734366875 87064.32089767371 0.0 1.0050377800053718 89538.68478046403 0.0 swap_t 100 1475.120269536972 4.9702 4.0 5.0099 3.9699999999999998 6.8512960000000005 5.999801 3.9699999999999998
0.9910812734366875 87064.32089767371 0.0 1.0050377800053718 89538.68478046403 0.0 move_t 100 1540.980328321457 4.9702 4.96 5.0099 3.9699999999999998 6.8512960000000005 5.999801 3.9699999999999998
0.9910812734366875 87064.32089767371 0.0 1.0050377800053718 89538.68478046403 0.0 move_t 100 1609.503837108612 4.9702 5.9104 5.0099 3.9699999999999998 6.8512960000000005 5.999801 3.9699999999999998
0.9910812734366875 87064.32089767371 0.0 1.0050377800053718 89538.68478046403 0.0 swap_t 100 1664.7654149532318 4.9702 5.9104 5.0099 3.9699999999999998 7.78278304 5.999801 3.9699999999999998
0.9910812734366875 87064.32089767371 0.0 1.0050377800053718 89538.68478046403 0.0 t_multiswap_k 100 1710.5103948116302 4.9702 5.9104 5.0099 3.9699999999999998 7.78278304 5.999801 4.9303
0.9910812734366875 87064.32089767371 0.0 1.0050377800053718 89538.68478046403 0.0 t_move_k 100 1788.7432222366333 5.920498 5.9104 5.0099 3.9699999999999998 7.78278304 5.999801 4.9303
0.9910812734366875 87064.32089767371 0.0 1.0116421123746386 90709.57388541556 0.0 t_multiswap_k 100 1842.7603833675385 5.920498 5.9104 5.0099 3.9699999999999998 7.78278304 5.999801 5.890997
0.9910812734366875 87064.32089767371 0.0 1.0142762891534338 91051.09919209161 0.0 swap_t 100 1887.2385556697845 5.920498 5.9104 5.0099 3.9699999999999998 8.7149552096 5.999801 5.890997
0.9910812734366875 87064.32089767371 0.0 1.0129737338733455 90945.6584761928 0.0 move_t 100 1930.9903259277344 5.920498 6.881296 5.0099 3.9699999999999998 8.7149552096 5.999801 5.890997
0.9910812734366875 87064.32089767371 0.0 1.0237091021125435 92848.94332106426 0.0 t_move_k 100 2021.2347733974457 6.9112930200000005 6.881296 5.0099 3.9699999999999998 8.7149552096 5.999801 5.890997
0.9910812734366875 87064.32089767371 0.0 1.0230527458520704 92732.57722205763 0.0 t_multiswap_k 100 2060.023201227188 6.9112930200000005 6.881296 5.0099 3.9699999999999998 8.7149552096 5.999801 6.86208703
0.9910812734366875 87064.32089767371 0.0 1.022598644350902 92652.06908428819 0.0 t_move_k 100 2149.93772649765 7.8421800898 6.881296 5.0099 3.9699999999999998 8.7149552096 5.999801 6.86208703
0.9910812734366875 87064.32089767371 0.0 1.0256833830052523 93198.96567883414 0.0 swap_t 100 2203.8760368824005 7.8421800898 6.881296 5.0099 3.9699999999999998 9.667805657504 5.999801 6.86208703
0.9910812734366875 87064.32089767371 0.0 1.024355973924718 92963.6279121518 0.0 move_t 100 2269.7080965042114 7.8421800898 7.81248304 5.0099 3.9699999999999998 9.667805657504 5.999801 6.86208703
0.9910812734366875 87064.32089767371 0.0 1.0242775858755908 92949.73041160978 0.0 move_t 100 2334.006289243698 7.8421800898 8.7343582096 5.0099 3.9699999999999998 9.667805657504 5.999801 6.86208703
0.9910812734366875 87064.32089767371 0.0 1.0272180852469002 93471.05467036524 0.0 t_swap_k 100 2463.9568293094635 7.8421800898 8.7343582096 6.059801 3.9699999999999998 9.667805657504 5.999801 6.86208703
0.9910812734366875 87064.32089767371 0.0 1.022132262700624 92569.38378583151 0.0 swap_t 100 2526.4083454608917 7.8421800898 8.7343582096 6.059801 3.9699999999999998 10.571127600928959 5.999801 6.86208703
0.9910812734366875 87064.32089767371 0.0 1.022132262700624 92569.38378583151 0.0 swap_t 100 2584.858024597168 7.8421800898 8.7343582096 6.059801 3.9699999999999998 11.46541632491967 5.999801 6.86208703
0.9910812734366875 87064.32089767371 0.0 1.022132262700624 92569.38378583151 0.0 t_multiswap_k 100 2625.8146736621857 7.8421800898 8.7343582096 6.059801 3.9699999999999998 11.46541632491967 5.999801 7.7934661596999995
0.9910812734366875 87064.32089767371 0.0 1.0224206383046215 92620.51020315506 0.0 move_t 100 2704.0498464107513 7.8421800898 9.657014627504 6.059801 3.9699999999999998 11.46541632491967 5.999801 7.7934661596999995
0.9910812734366875 87064.32089767371 0.0 1.0319955102929048 94318.0494343054 0.0 t_swap_k 100 2825.5960822105408 7.8421800898 9.657014627504 7.00920299 3.9699999999999998 11.46541632491967 5.999801 7.7934661596999995
0.9910812734366875 87064.32089767371 0.0 1.041185172578377 95947.29442783647 0.0 t_swap_k 100 2970.8626112937927 7.8421800898 9.657014627504 7.9491109601000005 3.9699999999999998 11.46541632491967 5.999801 7.7934661596999995
0.9910812734366875 87064.32089767371 0.0 1.0385148358241452 95540.20020883878 0.0 move_t 100 3052.7082591056824 7.8421800898 10.62044448122896 7.9491109601000005 3.9699999999999998 11.46541632491967 5.999801 7.7934661596999995
0.9910812734366875 87064.32089767371 0.0 1.0372681826810422 95252.8471258901 0.0 t_move_k 100 3142.773694753647 8.853758288902 10.62044448122896 7.9491109601000005 3.9699999999999998 11.46541632491967 5.999801 7.7934661596999995
0.9910812734366875 87064.32089767371 0.0 1.0368424521670496 95177.36891059024 0.0 t_move_k 100 3211.3229806423187 9.76522070601298 10.62044448122896 7.9491109601000005 3.9699999999999998 11.46541632491967 5.999801 7.7934661596999995
0.9910812734366875 87064.32089767371 0.0 1.0368424521670496 95177.36891059024 0.0 t_swap_k 100 3334.7522695064545 9.76522070601298 10.62044448122896 8.869619850499001 3.9699999999999998 11.46541632491967 5.999801 7.7934661596999995
0.9910812734366875 87064.32089767371 0.0 1.0499479352939778 97500.85394290846 0.0 t_multiswap_k 100 3388.0095698833466 9.76522070601298 10.62044448122896 8.869619850499001 3.9699999999999998 11.46541632491967 5.999801 8.735531498102999
0.9910812734366875 87064.32089767371 0.0 1.0501684417286505 97539.94776306987 0.0 t_multiswap_k 100 3447.206491947174 9.76522070601298 10.62044448122896 8.869619850499001 3.9699999999999998 11.46541632491967 5.999801 9.658176183121968
0.9910812734366875 87064.32089767371 0.0 1.0484650469530348 97237.95109290208 0.0 t_swap_r_k 100 3668.239109277725 9.76522070601298 10.62044448122896 8.869619850499001 3.9699999999999998 11.46541632491967 6.97980299 9.658176183121968