31
9 153 6 20

Solution history:
B_obj   B_dis   B_sim   C_obj   C_dis   C_sim   neighbor   iterations   time   scores
0.9910812734366875 87064.32089767371 0.0 0.9910812734366875 87064.32089767371 0.0 0 0 0 3.0 3.0 3.0 3.0 3.0 3.0 3.0
0.9910812734366875 87064.32089767371 0.0 0.9910812734366875 87064.32089767371 0.0 t_move_k 100 16.22747302055359 3.9699999999999998 3.0 3.0 3.0 3.0 3.0 3.0
0.9910812734366875 87064.32089767371 0.0 1.0134129581660694 91023.52901786532 0.0 t_swap_k 100 45.32864856719971 3.9699999999999998 3.0 4.05 3.0 3.0 3.0 3.0
0.9910812734366875 87064.32089767371 0.0 1.0007790626302209 88783.65225078147 0.0 f_swap_t 100 58.64112329483032 3.9699999999999998 3.0 4.05 4.0 3.0 3.0 3.0
0.9910812734366875 87064.32089767371 0.0 1.0004264923237394 88721.14468642724 0.0 t_multiswap_k 100 78.32370972633362 3.9699999999999998 3.0 4.05 4.0 3.0 3.0 3.9699999999999998
0.9910812734366875 87064.32089767371 0.0 1.0004264923237394 88721.14468642724 0.0 t_multiswap_k 100 90.8189423084259 3.9699999999999998 3.0 4.05 4.0 3.0 3.0 4.9303
0.9910812734366875 87064.32089767371 0.0 1.0004264923237394 88721.14468642724 0.0 move_t 100 122.38978171348572 3.9699999999999998 3.9699999999999998 4.05 4.0 3.0 3.0 4.9303
0.9910812734366875 87064.32089767371 0.0 1.0154496627733276 89903.494430185 0.0 move_t 100 132.07568287849426 3.9699999999999998 4.9502999999999995 4.05 4.0 3.0 3.0 4.9303
0.9910812734366875 87064.32089767371 0.0 1.0114046085091117 90667.46657267289 0.0 t_move_k 100 163.59127640724182 4.9603 4.9502999999999995 4.05 4.0 3.0 3.0 4.9303
0.9910812734366875 87064.32089767371 0.0 1.0097759484408129 90378.71969819469 0.0 f_swap_t 100 195.73251628875732 4.9603 4.9502999999999995 4.05 4.96 3.0 3.0 4.9303
0.9910812734366875 87064.32089767371 0.0 1.0172636053051973 91706.21434169897 0.0 t_swap_k 100 213.79228281974792 4.9603 4.9502999999999995 5.0495 4.96 3.0 3.0 4.9303
0.9910812734366875 87064.32089767371 0.0 1.0145851733906808 91231.3523008883 0.0 f_swap_t 100 238.46536302566528 4.9603 4.9502999999999995 5.0495 5.9104 3.0 3.0 4.9303
0.9910812734366875 87064.32089767371 0.0 1.0145851733906808 91231.3523008883 0.0 t_swap_r_k 100 329.32425355911255 4.9603 4.9502999999999995 5.0495 5.9104 3.0 4.01 4.9303
0.9910812734366875 87064.32089767371 0.0 1.0144388007495597 91205.40173977645 0.0 move_t 100 348.54554319381714 4.9603 5.930796999999999 5.0495 5.9104 3.0 4.01 4.9303
0.9910812734366875 87064.32089767371 0.0 1.01523909307365 91347.28641647959 0.0 t_swap_k 100 365.4611985683441 4.9603 5.930796999999999 6.009005 5.9104 3.0 4.01 4.9303
0.9910812734366875 87064.32089767371 0.0 1.0152238893152412 91344.59092599248 0.0 t_swap_r_k 100 450.3720717430115 4.9603 5.930796999999999 6.009005 5.9104 3.0 5.0099 4.9303
0.9910812734366875 87064.32089767371 0.0 1.0160077638264953 91483.56487120877 0.0 t_swap_k 100 485.7479815483093 4.9603 5.930796999999999 6.9589149500000005 5.9104 3.0 5.0099 4.9303
0.9910812734366875 87064.32089767371 0.0 1.0157114068180337 91431.02342220502 0.0 f_swap_t 100 507.4515655040741 4.9603 5.930796999999999 6.9589149500000005 6.911296 3.0 5.0099 4.9303
0.9910812734366875 87064.32089767371 0.0 1.0138289200884099 91097.27534916895 0.0 t_move_k 100 528.1771147251129 6.030697 5.930796999999999 6.9589149500000005 6.911296 3.0 5.0099 4.9303
0.9910812734366875 87064.32089767371 0.0 1.0128012034917293 90915.07038146764 0.0 t_swap_k 100 583.9983446598053 6.030697 5.930796999999999 7.9193258005 6.911296 3.0 5.0099 4.9303
0.9910812734366875 87064.32089767371 0.0 1.0411084918659066 95736.47527592747 0.0 move_t 100 614.0110714435577 6.030697 6.911489029999999 7.9193258005 6.911296 3.0 5.0099 4.9303
0.9910812734366875 87064.32089767371 0.0 1.0292207451254474 93826.10836869612 0.0 f_swap_t 100 629.8251714706421 6.030697 6.911489029999999 7.9193258005 7.87218304 3.0 5.0099 4.9303
0.9910812734366875 87064.32089767371 0.0 1.0234732763504726 92807.1335210668 0.0 t_swap_k 100 674.1803765296936 6.030697 6.911489029999999 8.870132542495 7.87218304 3.0 5.0099 4.9303
0.9910812734366875 87064.32089767371 0.0 1.0196958173946427 92137.4238080358 0.0 t_swap_k 100 729.7744424343109 6.030697 6.911489029999999 9.81143121707005 7.87218304 3.0 5.0099 4.9303
0.9910812734366875 87064.32089767371 0.0 1.025642114842229 92829.22555145362 0.0 move_t 100 761.920079946518 6.030697 7.852374139699999 9.81143121707005 7.87218304 3.0 5.0099 4.9303
0.9910812734366875 87064.32089767371 0.0 1.0191565938002363 92041.82428388688 0.0 t_swap_r_k 100 832.3304018974304 6.030697 7.852374139699999 9.81143121707005 7.87218304 3.0 5.999801 4.9303
0.9910812734366875 87064.32089767371 0.0 1.015910647964961 91466.34709690088 0.0 f_swap_t 100 860.1496806144714 6.030697 7.852374139699999 9.81143121707005 8.8234612096 3.0 5.999801 4.9303
0.9910812734366875 87064.32089767371 0.0 1.0213449905564476 92429.80747066339 0.0 t_move_k 100 883.7771561145782 7.02039003 7.852374139699999 9.81143121707005 8.8234612096 3.0 5.999801 4.9303
0.9910812734366875 87064.32089767371 0.0 1.0322130503859794 94551.79583553471 0.0 move_t 100 928.1375164985657 7.02039003 8.843850398303 9.81143121707005 8.8234612096 3.0 5.999801 4.9303
0.9910812734366875 87064.32089767371 0.0 1.0405073875653648 95827.12920251736 0.0 swap_t 100 953.9477875232697 7.02039003 8.843850398303 9.81143121707005 8.8234612096 4.01 5.999801 4.9303
0.9910812734366875 87064.32089767371 0.0 1.0402564837431667 95782.64619721474 0.0 t_move_k 100 987.197717666626 8.0501861297 8.843850398303 9.81143121707005 8.8234612096 4.01 5.999801 4.9303
0.9910812734366875 87064.32089767371 0.0 1.0395238292509212 95652.75310360607 0.0 f_swap_t 100 1039.7598640918732 8.0501861297 8.843850398303 9.81143121707005 9.735226597503999 4.01 5.999801 4.9303
0.9910812734366875 87064.32089767371 0.0 1.0390965919657322 95577.00775123933 0.0 t_move_k 100 1069.2482056617737 9.059684268403 8.843850398303 9.81143121707005 9.735226597503999 4.01 5.999801 4.9303
0.9910812734366875 87064.32089767371 0.0 1.0389680946990867 95554.22633426654 0.0 f_swap_t 100 1087.2364284992218 9.059684268403 8.843850398303 9.81143121707005 10.637874331528959 4.01 5.999801 4.9303
0.9910812734366875 87064.32089767371 0.0 1.0705140472915375 98857.90939655852 0.0 move_t 100 1108.6522443294525 9.059684268403 9.795411894319969 9.81143121707005 10.637874331528959 4.01 5.999801 4.9303
0.9910812734366875 87064.32089767371 0.0 1.066853592997575 99438.58631079757 0.0 move_t 100 1138.4648432731628 9.059684268403 10.73745777537677 9.81143121707005 10.637874331528959 4.01 5.999801 4.9303
0.9910812734366875 87064.32089767371 0.0 1.0645876845201094 100096.35064260036 0.0 move_t 100 1167.7057266235352 9.059684268403 11.660083197623003 9.81143121707005 10.637874331528959 4.01 5.999801 4.9303
0.9910812734366875 87064.32089767371 0.0 1.0695346735565179 100973.40758661486 0.0 t_move_k 100 1209.8903579711914 10.03908742571897 11.660083197623003 9.81143121707005 10.637874331528959 4.01 5.999801 4.9303
0.9910812734366875 87064.32089767371 0.0 1.0656514275443838 100284.94277393933 0.0 move_t 100 1241.078361749649 10.03908742571897 12.633482365646772 9.81143121707005 10.637874331528959 4.01 5.999801 4.9303
0.9910812734366875 87064.32089767371 0.0 1.0807339186241183 102958.93364741051 0.0 t_swap_k 100 1282.9495494365692 10.03908742571897 12.633482365646772 10.84331690489935 10.637874331528959 4.01 5.999801 4.9303
0.9910812734366875 87064.32089767371 0.0 1.0764648746262728 102202.07029981512 0.0 f_swap_t 100 1328.637027978897 10.03908742571897 12.633482365646772 10.84331690489935 11.53149558821367 4.01 5.999801 4.9303
0.9910812734366875 87064.32089767371 0.0 1.0752882174219498 101993.45949348804 0.0 move_t 100 1376.4373087882996 10.03908742571897 13.537147541990304 10.84331690489935 11.53149558821367 4.01 5.999801 4.9303
0.9910812734366875 87064.32089767371 0.0 1.0806718715064814 102947.93324797986 0.0 f_swap_t 100 1428.7334425449371 10.03908742571897 13.537147541990304 10.84331690489935 12.426180632331533 4.01 5.999801 4.9303
0.9910812734366875 87064.32089767371 0.0 1.0776150939333657 102405.99390324352 0.0 move_t 100 1452.8451585769653 10.03908742571897 14.471776066570401 10.84331690489935 12.426180632331533 4.01 5.999801 4.9303
0.9910812734366875 87064.32089767371 0.0 1.0755003178590115 102031.06300539892 0.0 t_swap_k 100 1485.3701145648956 10.03908742571897 14.471776066570401 11.794883735850357 12.426180632331533 4.01 5.999801 4.9303
0.9910812734366875 87064.32089767371 0.0 1.07528080886063 101992.14602177772 0.0 t_swap_r_k 100 1575.443990945816 10.03908742571897 14.471776066570401 11.794883735850357 12.426180632331533 4.01 6.97980299 4.9303
0.9910812734366875 87064.32089767371 0.0 1.0923629996874622 105020.66578872899 0.0 t_move_k 100 1627.3036015033722 11.128696551461779 14.471776066570401 11.794883735850357 12.426180632331533 4.01 6.97980299 4.9303
0.9910812734366875 87064.32089767371 0.0 1.0839763347927576 103533.78505604727 0.0 t_multiswap_k 100 1667.9121496677399 11.128696551461779 14.471776066570401 11.794883735850357 12.426180632331533 4.01 6.97980299 5.970997
0.9910812734366875 87064.32089767371 0.0 1.082770807903494 103275.23936539414 0.0 swap_t 100 1683.6432437896729 11.128696551461779 14.471776066570401 11.794883735850357 12.426180632331533 4.9799 6.97980299 5.970997
0.9910812734366875 87064.32089767371 0.0 1.0780165696363244 102477.17195731675 0.0 t_move_k 100 1748.771522283554 12.107409585947162 14.471776066570401 11.794883735850357 12.426180632331533 4.9799 6.97980299 5.970997
0.9910812734366875 87064.32089767371 0.0 1.077071321512158 102309.58791275644 0.0 move_t 100 1785.020444393158 12.107409585947162 15.327058305904696 11.794883735850357 12.426180632331533 4.9799 6.97980299 5.970997
0.9910812734366875 87064.32089767371 0.0 1.0821087260124465 103202.67471045742 0.0 t_move_k 100 1840.1459848880768 13.08633549008769 15.327058305904696 11.794883735850357 12.426180632331533 4.9799 6.97980299 5.970997
0.9910812734366875 87064.32089767371 0.0 1.0814516327350996 103086.17794494594 0.0 f_swap_t 100 1892.2386529445648 13.08633549008769 15.327058305904696 11.794883735850357 13.301918826008219 4.9799 6.97980299 5.970997
0.9910812734366875 87064.32089767371 0.0 1.0814516327350996 103086.17794494594 0.0 move_t 100 1941.3784503936768 13.08633549008769 16.17378772284565 11.794883735850357 13.301918826008219 4.9799 6.97980299 5.970997
0.9910812734366875 87064.32089767371 0.0 1.0814516327350996 103086.17794494594 0.0 t_swap_r_k 100 2056.4567806720734 13.08633549008769 16.17378772284565 11.794883735850357 13.301918826008219 4.9799 7.950004960099999 5.970997
0.9910812734366875 87064.32089767371 0.0 1.0814516327350996 103086.17794494594 0.0 move_t 100 2102.6312885284424 13.08633549008769 17.01204984561719 11.794883735850357 13.301918826008219 4.9799 7.950004960099999 5.970997
0.9910812734366875 87064.32089767371 0.0 1.083849022979814 103511.21380942118 0.0 t_move_k 100 2138.5313804149628 14.015472135186812 17.01204984561719 11.794883735850357 13.301918826008219 4.9799 7.950004960099999 5.970997
0.9910812734366875 87064.32089767371 0.0 1.0839705068800851 103532.75181921555 0.0 t_swap_k 100 2174.050776720047 14.015472135186812 17.01204984561719 12.776934898491854 13.301918826008219 4.9799 7.950004960099999 5.970997
0.9910812734366875 87064.32089767371 0.0 1.0834015399534935 103431.87906809176 0.0 t_move_k 100 2205.1683824062347 14.935317413834944 17.01204984561719 12.776934898491854 13.301918826008219 4.9799 7.950004960099999 5.970997
0.9910812734366875 87064.32089767371 0.0 1.0818632301127598 103159.1504814845 0.0 move_t 100 2256.5905339717865 14.935317413834944 17.87192934716102 12.776934898491854 13.301918826008219 4.9799 7.950004960099999 5.970997
0.9910812734366875 87064.32089767371 0.0 1.0817827355984533 103144.87952349208 0.0 move_t 100 2296.338686943054 14.935317413834944 18.72321005368941 12.776934898491854 13.301918826008219 4.9799 7.950004960099999 5.970997
0.9910812734366875 87064.32089767371 0.0 1.0815853238334172 103109.880181856 0.0 t_move_k 100 2329.9221935272217 15.815964239696594 18.72321005368941 12.776934898491854 13.301918826008219 4.9799 7.950004960099999 5.970997
0.9910812734366875 87064.32089767371 0.0 1.08116897366865 103036.06501863991 0.0 t_move_k 100 2364.3283977508545 16.657804597299627 18.72321005368941 12.776934898491854 13.301918826008219 4.9799 7.950004960099999 5.970997
0.9910812734366875 87064.32089767371 0.0 1.1023068088685535 106783.6142869054 0.0 swap_t 100 2406.9634919166565 16.657804597299627 18.72321005368941 12.776934898491854 13.301918826008219 6.010101 7.950004960099999 5.970997
0.9910812734366875 87064.32089767371 0.0 1.0960410754529568 105672.75575031913 0.0 t_move_k 100 2435.5371623039246 17.551226551326632 18.72321005368941 12.776934898491854 13.301918826008219 6.010101 7.950004960099999 5.970997
0.9910812734366875 87064.32089767371 0.0 1.0949381564653615 105477.21807080609 0.0 t_move_k 100 2472.396915435791 18.405714285813367 18.72321005368941 12.776934898491854 13.301918826008219 6.010101 7.950004960099999 5.970997
0.9910812734366875 87064.32089767371 0.0 1.0917552691347536 105261.57610738897 0.0 move_t 100 2489.2621462345123 18.405714285813367 19.565977953152515 12.776934898491854 13.301918826008219 6.010101 7.950004960099999 5.970997
0.9910812734366875 87064.32089767371 0.0 1.088913707182199 104409.13705450027 0.0 t_swap_k 100 2543.596616268158 18.405714285813367 19.565977953152515 13.709165549506935 13.301918826008219 6.010101 7.950004960099999 5.970997
0.9910812734366875 87064.32089767371 0.0 1.0880271121426812 104251.95167765487 0.0 t_move_k 100 2558.0823476314545 19.221657142955234 19.565977953152515 13.709165549506935 13.301918826008219 6.010101 7.950004960099999 5.970997
0.9910812734366875 87064.32089767371 0.0 1.0828518451018998 103334.42308362703 0.0 t_move_k 100 2583.404941558838 20.119440571525683 19.565977953152515 13.709165549506935 13.301918826008219 6.010101 7.950004960099999 5.970997
0.9910812734366875 87064.32089767371 0.0 1.0807541813452834 102962.52604678148 0.0 t_swap_k 100 2612.2003104686737 20.119440571525683 19.565977953152515 14.572073894011865 13.301918826008219 6.010101 7.950004960099999 5.970997
0.9910812734366875 87064.32089767371 0.0 1.0805130067145685 102919.76794017725 0.0 t_swap_r_k 100 2687.8785507678986 20.119440571525683 19.565977953152515 14.572073894011865 13.301918826008219 6.010101 8.910504910499 5.970997
0.9910812734366875 87064.32089767371 0.0 1.0803904017159938 102898.0311696731 0.0 f_swap_t 100 2716.0526344776154 20.119440571525683 19.565977953152515 14.572073894011865 14.168899637748137 6.010101 8.910504910499 5.970997
0.9910812734366875 87064.32089767371 0.0 1.0803904017159938 102898.0311696731 0.0 move_t 100 2743.9265887737274 20.119440571525683 20.37031817362099 14.572073894011865 14.168899637748137 6.010101 8.910504910499 5.970997
0.9910812734366875 87064.32089767371 0.0 1.0803904017159938 102898.0311696731 0.0 t_move_k 100 2768.0034668445587 20.918246165810427 20.37031817362099 14.572073894011865 14.168899637748137 6.010101 8.910504910499 5.970997
0.9910812734366875 87064.32089767371 0.0 1.0803904017159938 102898.0311696731 0.0 t_swap_k 100 2804.136201620102 20.918246165810427 20.37031817362099 15.426353155071746 14.168899637748137 6.010101 8.910504910499 5.970997
0.9910812734366875 87064.32089767371 0.0 1.0871717522164595 104100.30400724294 0.0 t_swap_k 100 2839.556722640991 20.918246165810427 20.37031817362099 16.31208962352103 14.168899637748137 6.010101 8.910504910499 5.970997
0.9910812734366875 87064.32089767371 0.0 1.0800574190466383 102838.99631832304 0.0 t_swap_r_k 100 2954.69371008873 20.918246165810427 20.37031817362099 16.31208962352103 14.168899637748137 6.010101 9.86139986139401 5.970997
0.9910812734366875 87064.32089767371 0.0 1.0799330257471809 102816.94249805476 0.0 f_swap_t 100 2983.724887609482 20.918246165810427 20.37031817362099 16.31208962352103 15.057210641370656 6.010101 9.86139986139401 5.970997
0.9910812734366875 87064.32089767371 0.0 1.0943432652582445 105371.74917643516 0.0 t_swap_k 100 3022.3504781723022 20.918246165810427 20.37031817362099 17.19896872728582 15.057210641370656 6.010101 9.86139986139401 5.970997
0.9910812734366875 87064.32089767371 0.0 1.0906743214772758 104721.27823408722 0.0 move_t 100 3052.2603595256805 20.918246165810427 21.17661499188478 17.19896872728582 15.057210641370656 6.010101 9.86139986139401 5.970997
0.9910812734366875 87064.32089767371 0.0 1.0900587591722526 104612.14453879888 0.0 t_swap_k 100 3100.339204311371 20.918246165810427 21.17661499188478 18.02697904001296 15.057210641370656 6.010101 9.86139986139401 5.970997
0.9910812734366875 87064.32089767371 0.0 1.0900587591722526 104612.14453879888 0.0 t_move_k 100 3128.142901659012 21.70906370415232 21.17661499188478 18.02697904001296 15.057210641370656 6.010101 9.86139986139401 5.970997
0.9910812734366875 87064.32089767371 0.0 1.0900587591722526 104612.14453879888 0.0 swap_t 100 3146.2566080093384 21.70906370415232 21.17661499188478 18.02697904001296 15.057210641370656 6.949999989999999 9.86139986139401 5.970997
0.9910812734366875 87064.32089767371 0.0 1.0900587591722526 104612.14453879888 0.0 move_t 100 3172.82381272316 21.70906370415232 21.96484884196593 18.02697904001296 15.057210641370656 6.949999989999999 9.86139986139401 5.970997
0.9910812734366875 87064.32089767371 0.0 1.0900587591722526 104612.14453879888 0.0 swap_t 100 3210.2255182266235 21.70906370415232 21.96484884196593 18.02697904001296 15.057210641370656 7.8804999901 9.86139986139401 5.970997
0.9910812734366875 87064.32089767371 0.0 1.0900587591722526 104612.14453879888 0.0 t_move_k 100 3255.1435737609863 22.4919730671108 21.96484884196593 18.02697904001296 15.057210641370656 7.8804999901 9.86139986139401 5.970997
0.9910812734366875 87064.32089767371 0.0 1.0900587591722526 104612.14453879888 0.0 move_t 100 3284.063870191574 22.4919730671108 22.745200353546274 18.02697904001296 15.057210641370656 7.8804999901 9.86139986139401 5.970997
0.9910812734366875 87064.32089767371 0.0 1.0900587591722526 104612.14453879888 0.0 f_swap_t 100 3312.0341601371765 22.4919730671108 22.745200353546274 18.02697904001296 15.906638534956949 7.8804999901 9.86139986139401 5.970997
0.9910812734366875 87064.32089767371 0.0 1.1142224045206193 108896.1429041713 0.0 f_swap_t 100 3376.7510991096497 22.4919730671108 22.745200353546274 18.02697904001296 16.75757214960738 7.8804999901 9.86139986139401 5.970997
0.9910812734366875 87064.32089767371 0.0 1.0984245830533368 106095.33034602566 0.0 t_swap_k 100 3411.8140246868134 22.4919730671108 22.745200353546274 18.87670924961283 16.75757214960738 7.8804999901 9.86139986139401 5.970997
0.9910812734366875 87064.32089767371 0.0 1.0973086963536924 105897.49360706104 0.0 t_swap_k 100 3466.5914647579193 22.4919730671108 22.745200353546274 19.717942157116703 16.75757214960738 7.8804999901 9.86139986139401 5.970997
0.9910812734366875 87064.32089767371 0.0 1.1006460862414154 106489.18300729396 0.0 t_move_k 100 3509.735748767853 23.30705333643969 22.745200353546274 19.717942157116703 16.75757214960738 7.8804999901 9.86139986139401 5.970997
0.9910812734366875 87064.32089767371 0.0 1.0897786206221438 104562.47847751374 0.0 f_swap_t 100 3551.148376226425 23.30705333643969 22.745200353546274 19.717942157116703 17.589996428111306 7.8804999901 9.86139986139401 5.970997
0.9910812734366875 87064.32089767371 0.0 1.0861399482013152 103917.37437677803 0.0 t_move_k 100 3576.495500802994 24.133982803075295 22.745200353546274 19.717942157116703 17.589996428111306 7.8804999901 9.86139986139401 5.970997
0.9910812734366875 87064.32089767371 0.0 1.0861399482013152 103917.37437677803 0.0 f_swap_t 100 3611.3475184440613 24.133982803075295 22.745200353546274 19.717942157116703 18.41409646383019 7.8804999901 9.86139986139401 5.970997