31
9 153 6 20

Solution history:
B_obj   B_dis   B_sim   C_obj   C_dis   C_sim   neighbor   iterations   time   scores
0.9910812734366875 87064.32089767371 0.0 0.9910812734366875 87064.32089767371 0.0 0 0 0 3.0 3.0 3.0 3.0 3.0 3.0 3.0
0.9910812734366875 87064.32089767371 0.0 0.9910812734366875 87064.32089767371 0.0 t_swap_r_k 100 239.84324741363525 3.0 3.0 3.0 3.0 3.0 4.01 3.0
0.9910812734366875 87064.32089767371 0.0 0.9910812734366875 87064.32089767371 0.0 swap_t 100 301.2883622646332 3.0 3.0 3.0 3.0 3.9699999999999998 4.01 3.0
0.9910812734366875 87064.32089767371 0.0 0.9910812734366875 87064.32089767371 0.0 t_swap_r_k 100 549.3896083831787 3.0 3.0 3.0 3.0 3.9699999999999998 5.0099 3.0
0.9910812734366875 87064.32089767371 0.0 0.9910812734366875 87064.32089767371 0.0 t_multiswap_k 100 590.2186062335968 3.0 3.0 3.0 3.0 3.9699999999999998 5.0099 3.9699999999999998
0.9910812734366875 87064.32089767371 0.0 0.9916412211127549 87163.59461628624 0.0 t_swap_k 100 698.9380323886871 3.0 3.0 3.98 3.0 3.9699999999999998 5.0099 3.9699999999999998
0.9910812734366875 87064.32089767371 0.0 1.0130153774265223 90953.04150599503 0.0 t_swap_k 100 825.2475423812866 3.0 3.0 4.9602 3.0 3.9699999999999998 5.0099 3.9699999999999998
0.9910812734366875 87064.32089767371 0.0 1.008967398119363 90235.37095236295 0.0 move_t 100 897.2238686084747 3.0 4.0 4.9602 3.0 3.9699999999999998 5.0099 3.9699999999999998
0.9910812734366875 87064.32089767371 0.0 1.002382676225713 89067.95860947589 0.0 t_move_k 100 985.1038405895233 4.03 4.0 4.9602 3.0 3.9699999999999998 5.0099 3.9699999999999998
0.9910812734366875 87064.32089767371 0.0 0.9982827391794993 88341.07641306521 0.0 t_move_k 100 1057.37424492836 4.9897 4.0 4.9602 3.0 3.9699999999999998 5.0099 3.9699999999999998
0.9910812734366875 87064.32089767371 0.0 0.9982827391794993 88341.07641306521 0.0 swap_t 100 1127.0845868587494 4.9897 4.0 4.9602 3.0 4.9303 5.0099 3.9699999999999998
0.9910812734366875 87064.32089767371 0.0 1.0223021870712343 92599.50985809574 0.0 t_swap_k 100 1264.1134037971497 4.9897 4.0 6.000598 3.0 4.9303 5.0099 3.9699999999999998
0.9910812734366875 87064.32089767371 0.0 1.017097406864431 91676.74884349677 0.0 move_t 100 1349.2811846733093 4.9897 4.96 6.000598 3.0 4.9303 5.0099 3.9699999999999998
0.9910812734366875 87064.32089767371 0.0 1.017097406864431 91676.74884349677 0.0 t_swap_r_k 100 1574.33838224411 4.9897 4.96 6.000598 3.0 4.9303 5.999801 3.9699999999999998
0.9910812734366875 87064.32089767371 0.0 1.017097406864431 91676.74884349677 0.0 swap_t 100 1631.426703453064 4.9897 4.96 6.000598 3.0 5.880997 5.999801 3.9699999999999998
0.9910812734366875 87064.32089767371 0.0 1.0149340483384757 91293.2047111735 0.0 move_t 100 1705.7513437271118 4.9897 5.9404 6.000598 3.0 5.880997 5.999801 3.9699999999999998
0.9910812734366875 87064.32089767371 0.0 1.0469673358106042 96972.42029266598 0.0 f_swap_t 100 1795.4214897155762 4.9897 5.9404 6.000598 3.98 5.880997 5.999801 3.9699999999999998
0.9910812734366875 87064.32089767371 0.0 1.0386353132876267 95495.22716414269 0.0 move_t 100 1865.1829829216003 4.9897 6.880996000000001 6.000598 3.98 5.880997 5.999801 3.9699999999999998
0.9910812734366875 87064.32089767371 0.0 1.042417549552021 96165.78385128643 0.0 t_swap_k 100 1979.3451132774353 4.9897 6.880996000000001 6.96059202 3.98 5.880997 5.999801 3.9699999999999998
0.9910812734366875 87064.32089767371 0.0 1.0417096761418172 96040.28422205069 0.0 move_t 100 2044.9018759727478 4.9897 7.81218604 6.96059202 3.98 5.880997 5.999801 3.9699999999999998
0.9910812734366875 87064.32089767371 0.0 1.0414200824240885 95988.94184404911 0.0 t_multiswap_k 100 2080.2559320926666 4.9897 7.81218604 6.96059202 3.98 5.880997 5.999801 4.9303
0.9910812734366875 87064.32089767371 0.0 1.0407981199703649 95878.6734595955 0.0 move_t 100 2161.069451570511 4.9897 8.7640641796 6.96059202 3.98 5.880997 5.999801 4.9303
0.9910812734366875 87064.32089767371 0.0 1.0407030812139793 95861.82393746695 0.0 swap_t 100 2234.1756641864777 4.9897 8.7640641796 6.96059202 3.98 6.82218703 5.999801 4.9303
0.9910812734366875 87064.32089767371 0.0 1.0407030812139793 95861.82393746695 0.0 move_t 100 2286.464731693268 4.9897 9.676423537804 6.96059202 3.98 6.82218703 5.999801 4.9303
0.9910812734366875 87064.32089767371 0.0 1.0407030812139793 95861.82393746695 0.0 swap_t 100 2370.793462753296 4.9897 9.676423537804 6.96059202 3.98 7.7539651597 5.999801 4.9303
0.9910812734366875 87064.32089767371 0.0 1.0454990235863355 96712.10165787654 0.0 t_multiswap_k 100 2411.766937971115 4.9897 9.676423537804 6.96059202 3.98 7.7539651597 5.999801 5.900997
0.9910812734366875 87064.32089767371 0.0 1.041276362873501 95963.4616521777 0.0 t_swap_k 100 2580.8043310642242 4.9897 9.676423537804 7.9209860998 3.98 7.7539651597 5.999801 5.900997
0.9910812734366875 87064.32089767371 0.0 1.0543052675887492 98273.37001650031 0.0 f_swap_t 100 2648.462414741516 4.9897 9.676423537804 7.9209860998 4.9502 7.7539651597 5.999801 5.900997
0.9910812734366875 87064.32089767371 0.0 1.0511940547774168 97721.77979052578 0.0 swap_t 100 2662.663112640381 4.9897 9.676423537804 7.9209860998 4.9502 8.676425508103 5.999801 5.900997
0.9910812734366875 87064.32089767371 0.0 1.042837862286264 96240.30154265638 0.0 f_swap_t 100 2707.935158252716 4.9897 9.676423537804 7.9209860998 5.930698 8.676425508103 5.999801 5.900997
0.9910812734366875 87064.32089767371 0.0 1.0411989403183042 95949.73532508078 0.0 t_swap_k 100 2760.579230070114 4.9897 9.676423537804 8.871776238802001 5.930698 8.676425508103 5.999801 5.900997
0.9910812734366875 87064.32089767371 0.0 1.0407884667090674 95876.96202264042 0.0 t_swap_r_k 100 2823.7270255088806 4.9897 9.676423537804 8.871776238802001 5.930698 8.676425508103 6.97980299 5.900997
0.9910812734366875 87064.32089767371 0.0 1.0407884667090674 95876.96202264042 0.0 f_swap_t 100 2867.23282456398 4.9897 9.676423537804 8.871776238802001 6.871391019999999 8.676425508103 6.97980299 5.900997
0.9910812734366875 87064.32089767371 0.0 1.0407884667090674 95876.96202264042 0.0 swap_t 100 2909.9033880233765 4.9897 9.676423537804 8.871776238802001 6.871391019999999 9.58966125302197 6.97980299 5.900997
0.9910812734366875 87064.32089767371 0.0 1.0407884667090674 95876.96202264042 0.0 swap_t 100 2956.8764712810516 4.9897 9.676423537804 8.871776238802001 6.871391019999999 10.493764640491749 6.97980299 5.900997
0.9910812734366875 87064.32089767371 0.0 1.0407884667090674 95876.96202264042 0.0 move_t 100 2980.339605808258 4.9897 10.57965930242596 8.871776238802001 6.871391019999999 10.493764640491749 6.97980299 5.900997
0.9910812734366875 87064.32089767371 0.0 1.0407884667090674 95876.96202264042 0.0 swap_t 100 3011.752493619919 4.9897 10.57965930242596 8.871776238802001 6.871391019999999 11.388826994086832 6.97980299 5.900997
0.9910812734366875 87064.32089767371 0.0 1.0407884667090674 95876.96202264042 0.0 t_multiswap_k 100 3035.209758758545 4.9897 10.57965930242596 8.871776238802001 6.871391019999999 11.388826994086832 6.97980299 6.84198703
0.9910812734366875 87064.32089767371 0.0 1.0396797320239854 95680.39327193887 0.0 f_swap_t 100 3069.263027191162 4.9897 10.57965930242596 8.871776238802001 7.832677109799999 11.388826994086832 6.97980299 6.84198703
0.9910812734366875 87064.32089767371 0.0 1.0380589860514902 95393.04949591699 0.0 t_swap_k 100 3112.992747783661 4.9897 10.57965930242596 9.843058476413981 7.832677109799999 11.388826994086832 6.97980299 6.84198703
0.9910812734366875 87064.32089767371 0.0 1.0372215005727192 95244.57080529095 0.0 swap_t 100 3146.511355638504 4.9897 10.57965930242596 9.843058476413981 7.832677109799999 12.274938724145963 6.97980299 6.84198703
0.9910812734366875 87064.32089767371 0.0 1.049801563994854 96577.12686591719 0.0 swap_t 100 3168.264190673828 4.9897 10.57965930242596 9.843058476413981 7.832677109799999 13.192189336904503 6.97980299 6.84198703
0.9910812734366875 87064.32089767371 0.0 1.0464877764292817 96887.39870026695 0.0 swap_t 100 3201.5077896118164 4.9897 10.57965930242596 9.843058476413981 7.832677109799999 14.060267443535459 6.97980299 6.84198703
0.9910812734366875 87064.32089767371 0.0 1.0457577064055585 96757.96380982937 0.0 f_swap_t 100 3246.526184797287 4.9897 10.57965930242596 9.843058476413981 8.754350338701999 14.060267443535459 6.97980299 6.84198703
0.9910812734366875 87064.32089767371 0.0 1.045101956319317 96641.7051800965 0.0 move_t 100 3286.251870393753 4.9897 11.5038627094017 9.843058476413981 8.754350338701999 14.060267443535459 6.97980299 6.84198703
0.9910812734366875 87064.32089767371 0.0 1.045101956319317 96641.7051800965 0.0 swap_t 100 3314.3913011550903 4.9897 11.5038627094017 9.843058476413981 8.754350338701999 14.919664769100104 6.97980299 6.84198703
0.9910812734366875 87064.32089767371 0.0 1.0449149844775696 96608.55674355605 0.0 t_swap_k 100 3367.783658504486 4.9897 11.5038627094017 10.77462789164984 8.754350338701999 14.919664769100104 6.97980299 6.84198703
0.9910812734366875 87064.32089767371 0.0 1.0449149844775696 96608.55674355605 0.0 t_multiswap_k 100 3380.029324531555 4.9897 11.5038627094017 10.77462789164984 8.754350338701999 14.919664769100104 6.97980299 7.773567159700001
0.9910812734366875 87064.32089767371 0.0 1.0407807322448894 95875.59077126595 0.0 t_swap_k 100 3413.340303182602 4.9897 11.5038627094017 11.756881612733343 8.754350338701999 14.919664769100104 6.97980299 7.773567159700001
0.9910812734366875 87064.32089767371 0.0 1.0399084701169548 95720.94649154843 0.0 t_multiswap_k 100 3445.0062849521637 4.9897 11.5038627094017 11.756881612733343 8.754350338701999 14.919664769100104 6.97980299 8.695831488103
0.9910812734366875 87064.32089767371 0.0 1.0397234922718646 95688.1515727946 0.0 move_t 100 3488.9754638671875 4.9897 12.388824082307682 11.756881612733343 8.754350338701999 14.919664769100104 6.97980299 8.695831488103
0.9910812734366875 87064.32089767371 0.0 1.0397234922718646 95688.1515727946 0.0 swap_t 100 3533.1850924491882 4.9897 12.388824082307682 11.756881612733343 8.754350338701999 15.770468121409102 6.97980299 8.695831488103
0.9910812734366875 87064.32089767371 0.0 1.0660702162100646 100359.19026157407 0.0 t_swap_k 100 3570.8862912654877 4.9897 12.388824082307682 12.69931279660601 8.754350338701999 15.770468121409102 6.97980299 8.695831488103
0.9910812734366875 87064.32089767371 0.0 1.0716439508285092 101347.36359594436 0.0 f_swap_t 100 3625.5200366973877 4.9897 12.388824082307682 12.69931279660601 9.676806835314979 15.770468121409102 6.97980299 8.695831488103