10
4 100 5 200

Solution history:
B_obj   B_dis   B_sim   C_obj   C_dis   C_sim   neighbor   iterations   time   scores
1.0294061290793026 2041.209359525368 0.0 1.0294061290793026 2041.209359525368 0.0 0 0 0 3.0 3.0 3.0 3.0 3.0 3.0 3.0
1.0294061290793026 2041.209359525368 0.0 1.0294061290793026 2041.209359525368 0.0 move_t 100 5.880831241607666 3.0 3.9699999999999998 3.0 3.0 3.0 3.0 3.0
1.0294061290793026 2041.209359525368 0.0 1.0294061290793026 2041.209359525368 0.0 move_t 100 23.49082112312317 3.0 4.9303 3.0 3.0 3.0 3.0 3.0
1.0294061290793026 2041.209359525368 0.0 1.0294061290793026 2041.209359525368 0.0 swap_t 100 38.329280614852905 3.0 4.9303 3.0 3.0 3.9699999999999998 3.0 3.0
1.0294061290793026 2041.209359525368 0.0 1.0294061290793026 2041.209359525368 0.0 swap_t 100 45.93921256065369 3.0 4.9303 3.0 3.0 4.9303 3.0 3.0
1.0294061290793026 2041.209359525368 0.0 1.0294061290793026 2041.209359525368 0.0 f_swap_t 100 56.936930894851685 3.0 4.9303 3.0 3.9699999999999998 4.9303 3.0 3.0
1.0294061290793026 2041.209359525368 0.0 1.1817267257960886 2440.126196417675 0.0 swap_t 100 77.8815426826477 3.0 4.9303 3.0 3.9699999999999998 5.930997 3.0 3.0
1.0294061290793026 2041.209359525368 0.0 1.1216413587775573 2282.766882764826 0.0 t_multiswap_k 100 89.4527575969696 3.0 4.9303 3.0 3.9699999999999998 5.930997 3.0 3.9699999999999998
1.0294061290793026 2041.209359525368 0.0 1.1451140986197417 2344.2403232112965 0.0 move_t 100 99.62815546989441 3.0 5.940996999999999 3.0 3.9699999999999998 5.930997 3.0 3.9699999999999998
1.0294061290793026 2041.209359525368 0.0 1.1116298642365838 2256.547488796225 0.0 swap_t 100 109.58611035346985 3.0 5.940996999999999 3.0 3.9699999999999998 6.8716870299999995 3.0 3.9699999999999998
1.0294061290793026 2041.209359525368 0.0 1.100576515311512 2227.5995521067757 0.0 f_swap_t 100 128.7936487197876 3.0 5.940996999999999 3.0 4.9303 6.8716870299999995 3.0 3.9699999999999998
1.0294061290793026 2041.209359525368 0.0 1.0979392063886066 2220.692627133331 0.0 f_swap_t 100 146.1908359527588 3.0 5.940996999999999 3.0 5.880997 6.8716870299999995 3.0 3.9699999999999998
1.0294061290793026 2041.209359525368 0.0 1.0979392063886066 2220.692627133331 0.0 move_t 100 168.8781659603119 3.0 6.8815870299999995 3.0 5.880997 6.8716870299999995 3.0 3.9699999999999998
1.0294061290793026 2041.209359525368 0.0 1.0979392063886066 2220.692627133331 0.0 t_swap_k 100 193.3102524280548 3.0 6.8815870299999995 3.9699999999999998 5.880997 6.8716870299999995 3.0 3.9699999999999998
1.0294061290793026 2041.209359525368 0.0 1.0979392063886066 2220.692627133331 0.0 t_swap_r_k 100 227.05259943008423 3.0 6.8815870299999995 3.9699999999999998 5.880997 6.8716870299999995 4.01 3.9699999999999998
1.0294061290793026 2041.209359525368 0.0 1.1295679200796036 2303.5259844897523 0.0 f_swap_t 100 236.46697473526 3.0 6.8815870299999995 3.9699999999999998 6.87218703 6.8716870299999995 4.01 3.9699999999999998
1.0294061290793026 2041.209359525368 0.0 1.124148992022933 2289.334196338257 0.0 f_swap_t 100 256.55222368240356 3.0 6.8815870299999995 3.9699999999999998 7.8034651597 6.8716870299999995 4.01 3.9699999999999998
1.0294061290793026 2041.209359525368 0.0 1.124148992022933 2289.334196338257 0.0 swap_t 100 265.04269456863403 3.0 6.8815870299999995 3.9699999999999998 7.8034651597 7.802970159699999 4.01 3.9699999999999998
1.0294061290793026 2041.209359525368 0.0 1.1235248246362162 2287.699546232051 0.0 swap_t 100 276.6748139858246 3.0 6.8815870299999995 3.9699999999999998 7.8034651597 8.754940458102999 4.01 3.9699999999999998
1.0294061290793026 2041.209359525368 0.0 1.1216097104261136 2282.683997977588 0.0 f_swap_t 100 290.5671579837799 3.0 6.8815870299999995 3.9699999999999998 8.725430508103 8.754940458102999 4.01 3.9699999999999998
1.0294061290793026 2041.209359525368 0.0 1.12154500812488 2282.5145472407594 0.0 move_t 100 297.3426079750061 3.0 7.8427711597 3.9699999999999998 8.725430508103 8.754940458102999 4.01 3.9699999999999998
1.0294061290793026 2041.209359525368 0.0 1.114125795632098 2263.0841560550202 0.0 t_move_k 100 311.299343585968 4.03 7.8427711597 3.9699999999999998 8.725430508103 8.754940458102999 4.01 3.9699999999999998
1.0294061290793026 2041.209359525368 0.0 1.1052561881213094 2239.8552832108653 0.0 t_move_k 100 325.55471777915955 5.0297 7.8427711597 3.9699999999999998 8.725430508103 8.754940458102999 4.01 3.9699999999999998
1.0294061290793026 2041.209359525368 0.0 1.099315512258447 2224.2970745687217 0.0 swap_t 100 336.10600757598877 5.0297 7.8427711597 3.9699999999999998 8.725430508103 9.66739105352197 4.01 3.9699999999999998
1.0294061290793026 2041.209359525368 0.0 1.098282222606581 2221.5909622739914 0.0 swap_t 100 343.19897294044495 5.0297 7.8427711597 3.9699999999999998 8.725430508103 10.600717142986749 4.01 3.9699999999999998
1.0294061290793026 2041.209359525368 0.0 1.127876367105981 2299.0959272537766 0.0 t_swap_k 100 364.757609128952 5.0297 7.8427711597 4.9803 8.725430508103 10.600717142986749 4.01 3.9699999999999998
1.0294061290793026 2041.209359525368 0.0 1.1748095630124258 2422.01063780377 0.0 f_swap_t 100 380.1321699619293 5.0297 7.8427711597 4.9803 9.688176203021971 10.600717142986749 4.01 3.9699999999999998
1.0294061290793026 2041.209359525368 0.0 1.1349673361536565 2317.666672142989 0.0 t_move_k 100 399.2135441303253 6.039403 7.8427711597 4.9803 9.688176203021971 10.600717142986749 4.01 3.9699999999999998
1.0294061290793026 2041.209359525368 0.0 1.1204498843353226 2279.6464957260455 0.0 t_swap_k 100 416.21129608154297 6.039403 7.8427711597 6.0304969999999996 9.688176203021971 10.600717142986749 4.01 3.9699999999999998
1.0294061290793026 2041.209359525368 0.0 1.1145974763670718 2264.319454438 0.0 t_swap_r_k 100 434.57359433174133 6.039403 7.8427711597 6.0304969999999996 9.688176203021971 10.600717142986749 5.0099 3.9699999999999998
1.0294061290793026 2041.209359525368 0.0 1.1122354346488699 2258.1334347457005 0.0 t_move_k 100 447.8354468345642 7.00900897 7.8427711597 6.0304969999999996 9.688176203021971 10.600717142986749 5.0099 3.9699999999999998
1.0294061290793026 2041.209359525368 0.0 1.1098183837189335 2251.803349830326 0.0 t_swap_r_k 100 479.37667632102966 7.00900897 7.8427711597 6.0304969999999996 9.688176203021971 10.600717142986749 5.999801 3.9699999999999998
1.0294061290793026 2041.209359525368 0.0 1.1098183837189335 2251.803349830326 0.0 f_swap_t 100 500.6224102973938 7.00900897 7.8427711597 6.0304969999999996 10.591294440991751 10.600717142986749 5.999801 3.9699999999999998
1.0294061290793026 2041.209359525368 0.0 1.1089609798371152 2249.5578698896843 0.0 t_move_k 100 519.2148025035858 8.0089188803 7.8427711597 6.0304969999999996 10.591294440991751 10.600717142986749 5.999801 3.9699999999999998
1.0294061290793026 2041.209359525368 0.0 1.098498901177801 2222.158428080432 0.0 t_swap_r_k 100 543.4503571987152 8.0089188803 7.8427711597 6.0304969999999996 10.591294440991751 10.600717142986749 6.97980299 3.9699999999999998
1.0294061290793026 2041.209359525368 0.0 1.098498901177801 2222.158428080432 0.0 t_move_k 100 551.1915738582611 8.928829691497 7.8427711597 6.0304969999999996 10.591294440991751 10.600717142986749 6.97980299 3.9699999999999998
1.0294061290793026 2041.209359525368 0.0 1.098498901177801 2222.158428080432 0.0 t_swap_r_k 100 597.7548501491547 8.928829691497 7.8427711597 6.0304969999999996 10.591294440991751 10.600717142986749 7.950004960099999 3.9699999999999998
1.0294061290793026 2041.209359525368 0.0 1.098498901177801 2222.158428080432 0.0 swap_t 100 606.5622622966766 8.928829691497 7.8427711597 6.0304969999999996 10.591294440991751 11.494709971556881 7.950004960099999 3.9699999999999998
1.0294061290793026 2041.209359525368 0.0 1.098498901177801 2222.158428080432 0.0 t_swap_r_k 100 637.6437227725983 8.928829691497 7.8427711597 6.0304969999999996 10.591294440991751 11.494709971556881 8.910504910499 3.9699999999999998
1.0294061290793026 2041.209359525368 0.0 1.098498901177801 2222.158428080432 0.0 move_t 100 652.5511207580566 8.928829691497 8.764343448103 6.0304969999999996 10.591294440991751 11.494709971556881 8.910504910499 3.9699999999999998
1.0294061290793026 2041.209359525368 0.0 1.1349789527467615 2317.697095176228 0.0 t_move_k 100 677.0095999240875 9.90954139458203 8.764343448103 6.0304969999999996 10.591294440991751 11.494709971556881 8.910504910499 3.9699999999999998
1.0294061290793026 2041.209359525368 0.0 1.184862457197743 2448.338454503938 0.0 move_t 100 684.1534285545349 9.90954139458203 9.74670001362197 6.0304969999999996 10.591294440991751 11.494709971556881 8.910504910499 3.9699999999999998
1.0294061290793026 2041.209359525368 0.0 1.1424642118196442 2337.300457669783 0.0 t_multiswap_k 100 692.9843702316284 9.90954139458203 9.74670001362197 6.0304969999999996 10.591294440991751 11.494709971556881 8.910504910499 4.9902999999999995
1.0294061290793026 2041.209359525368 0.0 1.134070822246195 2315.318765819726 0.0 move_t 100 708.9136698246002 9.90954139458203 10.64923301348575 6.0304969999999996 10.591294440991751 11.494709971556881 8.910504910499 4.9902999999999995
1.0294061290793026 2041.209359525368 0.0 1.133963562536834 2315.037860250115 0.0 swap_t 100 716.8345108032227 9.90954139458203 10.64923301348575 6.0304969999999996 10.591294440991751 12.379762871841313 8.910504910499 4.9902999999999995
1.0294061290793026 2041.209359525368 0.0 1.133963562536834 2315.037860250115 0.0 f_swap_t 100 728.4412305355072 9.90954139458203 10.64923301348575 6.0304969999999996 11.485381496581834 12.379762871841313 8.910504910499 4.9902999999999995
1.0294061290793026 2041.209359525368 0.0 1.1621892644359217 2388.958971139568 0.0 t_multiswap_k 100 743.234147310257 9.90954139458203 10.64923301348575 6.0304969999999996 11.485381496581834 12.379762871841313 8.910504910499 6.010396999999999
1.0294061290793026 2041.209359525368 0.0 1.183128400091747 2443.7970819605994 0.0 t_move_k 100 761.4350519180298 10.90044598063621 10.64923301348575 6.0304969999999996 11.485381496581834 12.379762871841313 8.910504910499 6.010396999999999
1.0294061290793026 2041.209359525368 0.0 1.173678671774748 2419.048913879838 0.0 t_swap_r_k 100 803.7377707958221 10.90044598063621 10.64923301348575 6.0304969999999996 11.485381496581834 12.379762871841313 9.86139986139401 6.010396999999999
1.0294061290793026 2041.209359525368 0.0 1.172377867652375 2415.6422001648284 0.0 t_swap_r_k 100 847.1438398361206 10.90044598063621 10.64923301348575 6.0304969999999996 11.485381496581834 12.379762871841313 10.802785862780071 6.010396999999999
1.0294061290793026 2041.209359525368 0.0 1.172377867652375 2415.6422001648284 0.0 swap_t 100 853.3416347503662 10.90044598063621 10.64923301348575 6.0304969999999996 11.485381496581834 13.255965243122901 10.802785862780071 6.010396999999999
1.0294061290793026 2041.209359525368 0.0 1.223720629272765 2546.959439235924 0.037606837606837605 swap_t 100 874.4560542106628 10.90044598063621 10.64923301348575 6.0304969999999996 11.485381496581834 14.213405590691671 10.802785862780071 6.010396999999999
1.0294061290793026 2041.209359525368 0.0 1.2111904187886071 2559.4546496905696 0.037606837606837605 move_t 100 891.7387020587921 10.90044598063621 11.582740683350892 6.0304969999999996 11.485381496581834 14.213405590691671 10.802785862780071 6.010396999999999
1.0294061290793026 2041.209359525368 0.0 1.2511557437254348 2621.9558689498194 0.0 t_multiswap_k 100 903.057430267334 10.90044598063621 11.582740683350892 6.0304969999999996 11.485381496581834 14.213405590691671 10.802785862780071 7.070293029999999
1.0294061290793026 2041.209359525368 0.0 1.230560323075822 2568.017923346271 0.0 f_swap_t 100 931.1791818141937 10.90044598063621 11.582740683350892 6.0304969999999996 12.400527681616015 14.213405590691671 10.802785862780071 7.070293029999999
1.0294061290793026 2041.209359525368 0.0 1.2414421114169276 2611.066160915607 0.02222222222222222 t_move_k 100 946.3482177257538 11.881441520829847 11.582740683350892 6.0304969999999996 12.400527681616015 14.213405590691671 10.802785862780071 7.070293029999999
1.0294061290793026 2041.209359525368 0.0 1.2184954623012525 2550.97051476 0.02222222222222222 f_swap_t 100 959.600679397583 11.881441520829847 11.582740683350892 6.0304969999999996 13.286522404799856 14.213405590691671 10.802785862780071 7.070293029999999
1.0294061290793026 2041.209359525368 0.0 1.2136396847587778 2538.2535778542297 0.02222222222222222 swap_t 100 982.6484067440033 11.881441520829847 11.582740683350892 6.0304969999999996 13.286522404799856 15.071271534784755 10.802785862780071 7.070293029999999
1.0294061290793026 2041.209359525368 0.0 1.2049375205374602 2515.463227106458 0.02222222222222222 t_multiswap_k 100 1002.1718883514404 11.881441520829847 11.582740683350892 6.0304969999999996 13.286522404799856 15.071271534784755 10.802785862780071 8.0295900997
1.0294061290793026 2041.209359525368 0.0 1.2013617280663464 2506.098480298039 0.02222222222222222 t_multiswap_k 100 1029.9558424949646 11.881441520829847 11.582740683350892 6.0304969999999996 13.286522404799856 15.071271534784755 10.802785862780071 8.949294198703
1.0294061290793026 2041.209359525368 0.0 1.1938220684295275 2486.3526465868126 0.02222222222222222 move_t 100 1053.0685849189758 11.881441520829847 12.556913276517383 6.0304969999999996 13.286522404799856 15.071271534784755 10.802785862780071 8.949294198703
1.0294061290793026 2041.209359525368 0.0 1.1846946962952227 2462.4487064799746 0.02222222222222222 t_multiswap_k 100 1070.206637620926 11.881441520829847 12.556913276517383 6.0304969999999996 13.286522404799856 15.071271534784755 10.802785862780071 9.91980125671597
1.0294061290793026 2041.209359525368 0.0 1.17604950138371 2439.8075543130726 0.02222222222222222 f_swap_t 100 1101.5414760112762 11.881441520829847 12.556913276517383 6.0304969999999996 14.153657180751857 15.071271534784755 10.802785862780071 9.91980125671597
1.0294061290793026 2041.209359525368 0.0 1.2341867962704975 2577.515399374313 0.0 move_t 100 1127.5670671463013 11.881441520829847 13.541344143752209 6.0304969999999996 14.153657180751857 15.071271534784755 10.802785862780071 9.91980125671597
1.0294061290793026 2041.209359525368 0.0 1.225899826810722 2570.362020130788 0.02222222222222222 t_move_k 100 1158.6372616291046 12.92262710562155 13.541344143752209 6.0304969999999996 14.153657180751857 15.071271534784755 10.802785862780071 9.91980125671597
1.0294061290793026 2041.209359525368 0.0 1.2135876827091856 2538.1173881754703 0.02222222222222222 swap_t 100 1180.054720401764 12.92262710562155 13.541344143752209 6.0304969999999996 14.153657180751857 15.920558819436907 10.802785862780071 9.91980125671597
1.0294061290793026 2041.209359525368 0.0 1.1542939668260421 2368.281746806521 0.0 t_multiswap_k 100 1206.2298526763916 12.92262710562155 13.541344143752209 6.0304969999999996 14.153657180751857 15.920558819436907 10.802785862780071 10.970603244148812
1.0294061290793026 2041.209359525368 0.0 1.1489213122633983 2383.3103574100815 0.04444444444444444 t_multiswap_k 100 1225.6260073184967 12.92262710562155 13.541344143752209 6.0304969999999996 14.153657180751857 15.920558819436907 10.802785862780071 11.970897211707324
1.0294061290793026 2041.209359525368 0.0 1.124552552581314 2319.4903045682418 0.04444444444444444 t_swap_r_k 100 1253.1145548820496 12.92262710562155 13.541344143752209 6.0304969999999996 14.153657180751857 15.920558819436907 11.73475800415227 11.970897211707324
1.0294061290793026 2041.209359525368 0.0 1.1532595053087462 2380.1221713578284 0.02222222222222222 t_move_k 100 1272.1552720069885 13.933400834565333 13.541344143752209 6.0304969999999996 14.153657180751857 15.920558819436907 11.73475800415227 11.970897211707324
1.0294061290793026 2041.209359525368 0.0 1.1444677802974965 2357.097267254835 0.02222222222222222 t_multiswap_k 100 1288.2134010791779 13.933400834565333 13.541344143752209 6.0304969999999996 14.153657180751857 15.920558819436907 11.73475800415227 12.861188239590252
1.0294061290793026 2041.209359525368 0.0 1.1564681317657761 2388.525336422808 0.02222222222222222 t_move_k 100 1311.7442309856415 14.83406682621968 13.541344143752209 6.0304969999999996 14.153657180751857 15.920558819436907 11.73475800415227 12.861188239590252
1.0294061290793026 2041.209359525368 0.0 1.1511021972131696 2374.472334498998 0.02222222222222222 t_multiswap_k 100 1340.4702453613281 14.83406682621968 13.541344143752209 6.0304969999999996 14.153657180751857 15.920558819436907 11.73475800415227 13.79257635719435
1.0294061290793026 2041.209359525368 0.0 1.153763241057476 2366.8918136693283 0.0 t_move_k 100 1364.287649154663 15.725726157957482 13.541344143752209 6.0304969999999996 14.153657180751857 15.920558819436907 11.73475800415227 13.79257635719435
1.0294061290793026 2041.209359525368 0.0 1.1428124183875765 2352.7619918472346 0.02222222222222222 t_swap_r_k 100 1400.0154070854187 15.725726157957482 13.541344143752209 6.0304969999999996 14.153657180751857 15.920558819436907 12.687410424110748 13.79257635719435
1.0294061290793026 2041.209359525368 0.0 1.1537574598845097 2376.9494772571625 0.015384615384615385 t_swap_k 100 1429.5284445285797 15.725726157957482 13.541344143752209 6.9801920299999995 14.153657180751857 15.920558819436907 12.687410424110748 13.79257635719435
1.0294061290793026 2041.209359525368 0.0 1.179373708761665 2444.0366158016686 0.015384615384615385 f_swap_t 100 1454.6504521369934 15.725726157957482 13.541344143752209 6.9801920299999995 15.112120608944338 15.920558819436907 12.687410424110748 13.79257635719435
1.0294061290793026 2041.209359525368 0.0 1.1621471195958755 2398.9214008630265 0.015384615384615385 t_multiswap_k 100 1480.4484918117523 15.725726157957482 13.541344143752209 6.9801920299999995 15.112120608944338 15.920558819436907 12.687410424110748 14.654650593622407
1.0294061290793026 2041.209359525368 0.0 1.1656147785799529 2408.00295374009 0.015384615384615385 t_multiswap_k 100 1494.1904022693634 15.725726157957482 13.541344143752209 6.9801920299999995 15.112120608944338 15.920558819436907 12.687410424110748 15.518104087686183
1.0294061290793026 2041.209359525368 0.0 1.1638630578553943 2403.4153214328267 0.015384615384615385 move_t 100 1515.2292726039886 15.725726157957482 14.405930702314686 6.9801920299999995 15.112120608944338 15.920558819436907 12.687410424110748 15.518104087686183
1.0294061290793026 2041.209359525368 0.0 1.1849127961191628 2458.5430926377044 0.015384615384615385 t_move_k 100 1540.1411089897156 16.678468896377908 14.405930702314686 6.9801920299999995 15.112120608944338 15.920558819436907 12.687410424110748 15.518104087686183
1.0294061290793026 2041.209359525368 0.0 1.2267999091476482 2558.169666039204 0.0 t_move_k 100 1572.054743051529 17.61168420741413 14.405930702314686 6.9801920299999995 15.112120608944338 15.920558819436907 12.687410424110748 15.518104087686183
1.0294061290793026 2041.209359525368 0.0 1.204541226286675 2539.124797058208 0.0 swap_t 100 1584.4854216575623 17.61168420741413 14.405930702314686 6.9801920299999995 15.112120608944338 16.79135323124254 12.687410424110748 15.518104087686183
1.0294061290793026 2041.209359525368 0.0 1.1986214659824543 2484.3723224211953 0.0 t_move_k 100 1607.4467115402222 18.495567365339987 14.405930702314686 6.9801920299999995 15.112120608944338 16.79135323124254 12.687410424110748 15.518104087686183
1.0294061290793026 2041.209359525368 0.0 1.3319282837747033 2866.6438739319397 0.0 swap_t 100 1628.856371164322 18.495567365339987 14.405930702314686 6.9801920299999995 15.112120608944338 17.673439698930114 12.687410424110748 15.518104087686183
1.0294061290793026 2041.209359525368 0.0 1.2906305393403332 2735.4103623188703 0.015384615384615385 t_swap_r_k 100 1666.069149017334 18.495567365339987 14.405930702314686 6.9801920299999995 15.112120608944338 17.673439698930114 13.60053631986964 15.518104087686183
1.0294061290793026 2041.209359525368 0.0 1.2199594754414327 2550.3278595055344 0.015384615384615385 t_move_k 100 1694.375037431717 19.580611691686588 14.405930702314686 6.9801920299999995 15.112120608944338 17.673439698930114 13.60053631986964 15.518104087686183
1.0294061290793026 2041.209359525368 0.0 1.2005134550004308 2508.7534295724577 0.02967032967032967 t_multiswap_k 100 1710.0278279781342 19.580611691686588 14.405930702314686 6.9801920299999995 15.112120608944338 17.673439698930114 13.60053631986964 16.392923046809322
1.0294061290793026 2041.209359525368 0.0 1.220946259883562 2562.2654960198583 0.02967032967032967 t_multiswap_k 100 1731.7743163108826 19.580611691686588 14.405930702314686 6.9801920299999995 15.112120608944338 17.673439698930114 13.60053631986964 17.26899381634123
1.0294061290793026 2041.209359525368 0.0 1.2012745526288708 2505.870174011679 0.02222222222222222 move_t 100 1749.974220752716 19.580611691686588 15.26187139529154 6.9801920299999995 15.112120608944338 17.673439698930114 13.60053631986964 17.26899381634123
1.0294061290793026 2041.209359525368 0.0 1.1941745362824614 2492.1522511448843 0.02967032967032967 swap_t 100 1766.3304505348206 19.580611691686588 15.26187139529154 6.9801920299999995 15.112120608944338 18.52670530194081 13.60053631986964 17.26899381634123
1.0294061290793026 2041.209359525368 0.0 1.2607350365018628 2647.0433571582794 0.0 t_move_k 100 1788.1376235485077 20.534805574769724 15.26187139529154 6.9801920299999995 15.112120608944338 18.52670530194081 13.60053631986964 17.26899381634123
1.0294061290793026 2041.209359525368 0.0 1.2469161584733945 2610.8526959388587 0.0 t_multiswap_k 100 1805.3626511096954 20.534805574769724 15.26187139529154 6.9801920299999995 15.112120608944338 18.52670530194081 13.60053631986964 18.246303878177816
1.0294061290793026 2041.209359525368 0.0 1.2227052703340648 2559.350320459261 0.01818181818181818 t_multiswap_k 100 1821.5694289207458 20.534805574769724 15.26187139529154 6.9801920299999995 15.112120608944338 18.52670530194081 13.60053631986964 19.223840839396036
1.0294061290793026 2041.209359525368 0.0 1.2077324468944202 2508.2333350795516 0.0 t_multiswap_k 100 1851.020146369934 20.534805574769724 15.26187139529154 6.9801920299999995 15.112120608944338 18.52670530194081 13.60053631986964 20.091602431002077
1.0294061290793026 2041.209359525368 0.0 1.1945384381563298 2485.5833851937014 0.01818181818181818 t_swap_r_k 100 1875.238608598709 20.534805574769724 15.26187139529154 6.9801920299999995 15.112120608944338 18.52670530194081 14.534530956670944 20.091602431002077
1.0294061290793026 2041.209359525368 0.0 1.216579884908664 2543.3083705764725 0.01818181818181818 move_t 100 1890.4542536735535 20.534805574769724 16.179252681338625 6.9801920299999995 15.112120608944338 18.52670530194081 14.534530956670944 20.091602431002077
1.0294061290793026 2041.209359525368 0.0 1.2617991920125196 2649.8303049475007 0.0 t_multiswap_k 100 1912.8304042816162 20.534805574769724 16.179252681338625 6.9801920299999995 15.112120608944338 18.52670530194081 14.534530956670944 20.940686406692055
1.0294061290793026 2041.209359525368 0.0 1.239421978384243 2562.727017265387 0.0 swap_t 100 1934.6354005336761 20.534805574769724 16.179252681338625 6.9801920299999995 15.112120608944338 19.371438248921404 14.534530956670944 20.940686406692055
1.0294061290793026 2041.209359525368 0.0 1.2876006943895855 2717.402609266042 0.0 f_swap_t 100 1951.8394072055817 20.534805574769724 16.179252681338625 6.9801920299999995 16.030999402854896 19.371438248921404 14.534530956670944 20.940686406692055
1.0294061290793026 2041.209359525368 0.0 1.2472975334617642 2611.8514899779416 0.0 t_multiswap_k 100 1978.7867999076843 20.534805574769724 16.179252681338625 6.9801920299999995 16.030999402854896 19.371438248921404 14.534530956670944 21.731279542625135
1.0294061290793026 2041.209359525368 0.0 1.2354742378493364 2580.8871175357704 0.0 swap_t 100 1993.9587433338165 20.534805574769724 16.179252681338625 6.9801920299999995 16.030999402854896 20.17772386643219 14.534530956670944 21.731279542625135
1.0294061290793026 2041.209359525368 0.0 1.2354742378493362 2580.88711753577 0.0 t_swap_r_k 100 2038.04429936409 20.534805574769724 16.179252681338625 6.9801920299999995 16.030999402854896 20.17772386643219 15.429185647104234 21.731279542625135
1.0294061290793026 2041.209359525368 0.0 1.2363448926372005 2583.1673006593023 0.0 t_multiswap_k 100 2065.1880538463593 20.534805574769724 16.179252681338625 6.9801920299999995 16.030999402854896 20.17772386643219 15.429185647104234 22.583966747198883
1.0294061290793026 2041.209359525368 0.0 1.2240305227658945 2550.9168395708575 0.0 t_swap_r_k 100 2095.3946075439453 20.534805574769724 16.179252681338625 6.9801920299999995 16.030999402854896 20.17772386643219 16.314893790633192 22.583966747198883
1.0294061290793026 2041.209359525368 0.0 1.2233020607026317 2549.009049105638 0.0 t_multiswap_k 100 2114.8204832077026 20.534805574769724 16.179252681338625 6.9801920299999995 16.030999402854896 20.17772386643219 16.314893790633192 23.388127079726893
1.0294061290793026 2041.209359525368 0.0 1.2425963079624085 2599.539313908888 0.0 move_t 100 2126.5954356193542 20.534805574769724 17.057460154525238 6.9801920299999995 16.030999402854896 20.17772386643219 16.314893790633192 23.388127079726893
1.0294061290793026 2041.209359525368 0.0 1.2250524288046165 2553.593138990339 0.0 t_swap_r_k 100 2173.1401076316833 20.534805574769724 17.057460154525238 6.9801920299999995 16.030999402854896 20.17772386643219 17.19174485272686 23.388127079726893
1.0294061290793026 2041.209359525368 0.0 1.2601968211574033 2645.6338093531467 0.0 swap_t 100 2194.3962206840515 20.534805574769724 17.057460154525238 6.9801920299999995 16.030999402854896 20.985946627767866 17.19174485272686 23.388127079726893
1.0294061290793026 2041.209359525368 0.0 1.269426911024125 2669.8067599141955 0.0 t_move_k 100 2216.653704881668 21.479457519022027 17.057460154525238 6.9801920299999995 16.030999402854896 20.985946627767866 17.19174485272686 23.388127079726893
1.0294061290793026 2041.209359525368 0.0 1.2456325469445106 2607.491008406523 0.0 t_multiswap_k 100 2239.7971200942993 21.479457519022027 17.057460154525238 6.9801920299999995 16.030999402854896 20.985946627767866 17.19174485272686 24.214245808929622
1.0294061290793026 2041.209359525368 0.0 1.3104302557851457 2777.1916109890903 0.0 f_swap_t 100 2287.2733237743378 21.479457519022027 17.057460154525238 6.9801920299999995 16.920689408826348 20.985946627767866 17.19174485272686 24.214245808929622
1.0294061290793026 2041.209359525368 0.0 1.2679671510872907 2665.983752197736 0.0 t_move_k 100 2322.926850795746 22.364662943831807 17.057460154525238 6.9801920299999995 16.920689408826348 20.985946627767866 17.19174485272686 24.214245808929622
1.0294061290793026 2041.209359525368 0.0 1.2427068735969098 2611.7331004533844 0.01818181818181818 t_swap_r_k 100 2361.95414853096 22.364662943831807 17.057460154525238 6.9801920299999995 16.920689408826348 20.985946627767866 18.05982740419959 24.214245808929622
1.0294061290793026 2041.209359525368 0.0 1.2726521836183833 2690.157743023139 0.01818181818181818 t_multiswap_k 100 2387.1083719730377 22.364662943831807 17.057460154525238 6.9801920299999995 16.920689408826348 20.985946627767866 18.05982740419959 25.142103350840326
1.0294061290793026 2041.209359525368 0.0 1.2588816248220556 2656.739009331831 0.02222222222222222 t_swap_r_k 100 2430.2928183078766 22.364662943831807 17.057460154525238 6.9801920299999995 16.920689408826348 20.985946627767866 18.949229130157594 25.142103350840326
1.0294061290793026 2041.209359525368 0.0 1.2548189593528205 2646.0991766810157 0.02222222222222222 t_swap_r_k 100 2491.3583874702454 22.364662943831807 17.057460154525238 6.9801920299999995 16.920689408826348 20.985946627767866 19.799736838856017 25.142103350840326
1.0294061290793026 2041.209359525368 0.0 1.2548189593528205 2646.0991766810157 0.02222222222222222 move_t 100 2510.947439432144 22.364662943831807 17.886885552979987 6.9801920299999995 16.920689408826348 20.985946627767866 19.799736838856017 25.142103350840326
1.0294061290793026 2041.209359525368 0.0 1.2519829065167676 2646.0991766810157 0.033566433566433566 t_swap_r_k 100 2552.3168506622314 22.364662943831807 17.886885552979987 6.9801920299999995 16.920689408826348 20.985946627767866 20.671739470467458 25.142103350840326
1.0294061290793026 2041.209359525368 0.0 1.2519829065167676 2646.0991766810157 0.033566433566433566 f_swap_t 100 2594.5235435962677 22.364662943831807 17.886885552979987 6.9801920299999995 17.751482514738086 20.985946627767866 20.671739470467458 25.142103350840326
1.0294061290793026 2041.209359525368 0.0 1.286259825973853 2738.817713991067 0.033566433566433566 swap_t 100 2618.7388200759888 22.364662943831807 17.886885552979987 6.9801920299999995 17.751482514738086 21.816087161490188 20.671739470467458 25.142103350840326
1.0294061290793026 2041.209359525368 0.0 1.2619147049164363 2672.109852109333 0.033566433566433566 t_move_k 100 2655.23445725441 23.30101631439349 17.886885552979987 6.9801920299999995 17.751482514738086 21.816087161490188 20.671739470467458 25.142103350840326
1.0294061290793026 2041.209359525368 0.0 1.3104134578569453 2799.1246454679863 0.033566433566433566 move_t 100 2689.093863248825 23.30101631439349 18.798016697450187 6.9801920299999995 17.751482514738086 21.816087161490188 20.671739470467458 25.142103350840326
1.0294061290793026 2041.209359525368 0.0 1.3645874969963532 2919.025583704927 0.0 t_swap_k 100 2724.5090746879578 23.30101631439349 18.798016697450187 8.040390109699999 17.751482514738086 21.816087161490188 20.671739470467458 25.142103350840326
1.0294061290793026 2041.209359525368 0.0 1.3453305042008636 2919.6007845732775 0.0 swap_t 100 2747.271496295929 23.30101631439349 18.798016697450187 8.040390109699999 17.751482514738086 22.667926289875286 20.671739470467458 25.142103350840326
1.0294061290793026 2041.209359525368 0.0 1.2865013807292618 2714.5235847770286 0.0 t_multiswap_k 100 2769.076763153076 23.30101631439349 18.798016697450187 8.040390109699999 17.751482514738086 22.667926289875286 20.671739470467458 26.040682317331925
1.0294061290793026 2041.209359525368 0.0 1.3337012915963458 2838.1368028876755 0.0 move_t 100 2804.6560072898865 23.30101631439349 19.770036530475686 8.040390109699999 17.751482514738086 22.667926289875286 20.671739470467458 26.040682317331925
1.0294061290793026 2041.209359525368 0.0 1.3037986420518113 2759.8238850806097 0.0 t_swap_r_k 100 2855.4226109981537 23.30101631439349 19.770036530475686 8.040390109699999 17.751482514738086 22.667926289875286 21.50502207576278 26.040682317331925
1.0294061290793026 2041.209359525368 0.0 1.3003439687876288 2750.7763408827195 0.0 t_swap_r_k 100 2910.0477933883667 23.30101631439349 19.770036530475686 8.040390109699999 17.751482514738086 22.667926289875286 22.329971855005155 26.040682317331925
1.0294061290793026 2041.209359525368 0.0 1.295389085499132 2737.7998530588643 0.0 t_multiswap_k 100 2930.310706615448 23.30101631439349 19.770036530475686 8.040390109699999 17.751482514738086 22.667926289875286 22.329971855005155 26.810275494158606
1.0294061290793026 2041.209359525368 0.0 1.281251888336152 2700.7755366083147 0.0 move_t 100 2956.479053258896 23.30101631439349 20.63233616517093 8.040390109699999 17.751482514738086 22.667926289875286 22.329971855005155 26.810275494158606
1.0294061290793026 2041.209359525368 0.0 1.277699481632871 2691.4720354668193 0.0 move_t 100 2980.3469893932343 23.30101631439349 21.48601280351922 8.040390109699999 17.751482514738086 22.667926289875286 22.329971855005155 26.810275494158606
1.0294061290793026 2041.209359525368 0.0 1.2764687843670983 2688.248926635734 0.0 f_swap_t 100 3004.012181520462 23.30101631439349 21.48601280351922 8.040390109699999 18.573967689590706 22.667926289875286 22.329971855005155 26.810275494158606
1.0294061290793026 2041.209359525368 0.0 1.3647155392218306 2951.2755712534927 0.0 swap_t 100 3020.172772884369 23.30101631439349 21.48601280351922 8.040390109699999 18.573967689590706 23.521247026976532 22.329971855005155 26.810275494158606
1.0294061290793026 2041.209359525368 0.0 1.345302134623583 2868.518587790437 0.0 t_swap_r_k 100 3065.151681661606 23.30101631439349 21.48601280351922 8.040390109699999 18.573967689590706 23.521247026976532 23.146672136455102 26.810275494158606
1.0294061290793026 2041.209359525368 0.0 1.3091585572761462 2773.8611228106993 0.0 move_t 100 3086.505200147629 23.30101631439349 22.34115267548403 8.040390109699999 18.573967689590706 23.521247026976532 23.146672136455102 26.810275494158606
1.0294061290793026 2041.209359525368 0.0 1.3569041475670702 2898.903436620861 0.0 t_move_k 100 3111.077160358429 24.188006151249553 22.34115267548403 8.040390109699999 18.573967689590706 23.521247026976532 23.146672136455102 26.810275494158606
1.0294061290793026 2041.209359525368 0.0 1.3361991336757275 2844.678474091972 0.0 f_swap_t 100 3143.884754180908 24.188006151249553 22.34115267548403 8.040390109699999 19.3882280126948 23.521247026976532 23.146672136455102 26.810275494158606
1.0294061290793026 2041.209359525368 0.0 1.3250934330998434 2815.5934321429695 0.0 move_t 100 3175.7294356822968 24.188006151249553 23.207741148729188 8.040390109699999 19.3882280126948 23.521247026976532 23.146672136455102 26.810275494158606
1.0294061290793026 2041.209359525368 0.0 1.314656630833316 2788.260187413272 0.0 move_t 100 3209.520315885544 24.188006151249553 24.035663737241897 8.040390109699999 19.3882280126948 23.521247026976532 23.146672136455102 26.810275494158606
1.0294061290793026 2041.209359525368 0.0 1.2816635524725075 2701.8536557772036 0.0 t_move_k 100 3235.844174146652 25.126126089737056 24.035663737241897 8.040390109699999 19.3882280126948 23.521247026976532 23.146672136455102 26.810275494158606
1.0294061290793026 2041.209359525368 0.0 1.2710400633574648 2674.031491435159 0.0 t_swap_r_k 100 3286.2908520698547 25.126126089737056 24.035663737241897 8.040390109699999 19.3882280126948 23.521247026976532 23.95520541509055 26.810275494158606
1.0294061290793026 2041.209359525368 0.0 1.3132795469925749 2784.6537025272823 0.0 swap_t 100 3301.470790863037 25.126126089737056 24.035663737241897 8.040390109699999 19.3882280126948 24.366034556706765 23.95520541509055 26.810275494158606
1.0294061290793026 2041.209359525368 0.0 1.3003545807972352 2750.8041329830426 0.0 move_t 100 3327.1799154281616 25.126126089737056 24.855307099869478 8.040390109699999 19.3882280126948 24.366034556706765 23.95520541509055 26.810275494158606
1.0294061290793026 2041.209359525368 0.0 1.318900228712892 2799.3738692110846 0.0 f_swap_t 100 3336.5697786808014 25.126126089737056 24.855307099869478 8.040390109699999 20.24434573256785 24.366034556706765 23.95520541509055 26.810275494158606
1.0294061290793026 2041.209359525368 0.0 1.3025072664568653 2756.441864010054 0.0 move_t 100 3367.69158744812 25.126126089737056 25.796754028870783 8.040390109699999 20.24434573256785 24.366034556706765 23.95520541509055 26.810275494158606
1.0294061290793026 2041.209359525368 0.0 1.3295619312246618 2827.2961117282275 0.0 t_move_k 100 3394.200142621994 25.934864828839686 25.796754028870783 8.040390109699999 20.24434573256785 24.366034556706765 23.95520541509055 26.810275494158606
1.0294061290793026 2041.209359525368 0.0 1.3082513681874954 2771.485258945219 0.0 t_swap_k 100 3411.0588009357452 25.934864828839686 25.796754028870783 8.989986208602998 20.24434573256785 24.366034556706765 23.95520541509055 26.810275494158606
1.0294061290793026 2041.209359525368 0.0 1.30062244913284 2751.505661150909 0.0 t_swap_r_k 100 3454.8740270137787 25.934864828839686 25.796754028870783 8.989986208602998 20.24434573256785 24.366034556706765 24.755653360939643 26.810275494158606
1.0294061290793026 2041.209359525368 0.0 1.3369600297368294 2846.6712068966035 0.0 move_t 100 3477.4317557811737 25.934864828839686 26.708786488582074 8.989986208602998 20.24434573256785 24.366034556706765 24.755653360939643 26.810275494158606
1.0294061290793026 2041.209359525368 0.0 1.3307968564218315 2830.5302932117042 0.0 t_multiswap_k 100 3510.1313745975494 25.934864828839686 26.708786488582074 8.989986208602998 20.24434573256785 24.366034556706765 24.755653360939643 27.742172739217022
1.0294061290793026 2041.209359525368 0.0 1.2863129252512384 2728.579639127934 0.02222222222222222 t_move_k 100 3543.7640936374664 26.73551618055129 26.708786488582074 8.989986208602998 20.24434573256785 24.366034556706765 24.755653360939643 27.742172739217022
1.0294061290793026 2041.209359525368 0.0 1.2847254971143705 2718.6024351012225 0.013333333333333332 t_swap_r_k 100 3590.506665945053 26.73551618055129 26.708786488582074 8.989986208602998 20.24434573256785 24.366034556706765 25.548096827330248 27.742172739217022
1.0294061290793026 2041.209359525368 0.0 1.275284941837018 2693.878290560543 0.013333333333333332 move_t 100 3615.13738489151 26.73551618055129 27.501698623696253 8.989986208602998 20.24434573256785 24.366034556706765 25.548096827330248 27.742172739217022