10
4 100 5 200

Solution history:
B_obj   B_dis   B_sim   C_obj   C_dis   C_sim   neighbor   iterations   time   scores
0.9373008659214079 2041.209359525368 0.3684210526315789 0.9373008659214079 2041.209359525368 0.3684210526315789 0 0 0 3.0 3.0 3.0 3.0 3.0 3.0 3.0
0.9373008659214079 2041.209359525368 0.3684210526315789 0.9373008659214079 2041.209359525368 0.3684210526315789 t_move_k 100 4.993036508560181 3.9699999999999998 3.0 3.0 3.0 3.0 3.0 3.0
0.9373008659214079 2041.209359525368 0.3684210526315789 0.9373008659214079 2041.209359525368 0.3684210526315789 move_t 100 10.73345136642456 3.9699999999999998 3.9699999999999998 3.0 3.0 3.0 3.0 3.0
0.9373008659214079 2041.209359525368 0.3684210526315789 0.9648203801826853 2113.281015089672 0.3684210526315789 move_t 100 21.950658798217773 3.9699999999999998 4.9403 3.0 3.0 3.0 3.0 3.0
0.9373008659214079 2041.209359525368 0.3684210526315789 0.9575741830553981 2094.3037388721286 0.3684210526315789 f_swap_t 100 33.529881715774536 3.9699999999999998 4.9403 3.0 3.9699999999999998 3.0 3.0 3.0
0.9373008659214079 2041.209359525368 0.3684210526315789 0.9516412261947373 2078.7657457491505 0.3684210526315789 t_multiswap_k 100 37.61545538902283 3.9699999999999998 4.9403 3.0 3.9699999999999998 3.0 3.0 3.9699999999999998
0.9373008659214079 2041.209359525368 0.3684210526315789 1.0485522108569663 2315.338943097403 0.34210526315789475 f_swap_t 100 46.44811201095581 3.9699999999999998 4.9403 3.0 4.9703 3.0 3.0 3.9699999999999998
0.9373008659214079 2041.209359525368 0.3684210526315789 1.034125909897088 2277.5574843123422 0.34210526315789475 swap_t 100 54.18109321594238 3.9699999999999998 4.9403 3.0 4.9703 3.9699999999999998 3.0 3.9699999999999998
0.9373008659214079 2041.209359525368 0.3684210526315789 1.0288917196730951 2263.849511438981 0.34210526315789475 swap_t 100 62.10118556022644 3.9699999999999998 4.9403 3.0 4.9703 4.9603 3.0 3.9699999999999998
0.9373008659214079 2041.209359525368 0.3684210526315789 0.9935661209917254 2171.3342745567315 0.34210526315789475 f_swap_t 100 70.21356701850891 3.9699999999999998 4.9403 3.0 5.9805969999999995 4.9603 3.0 3.9699999999999998
0.9373008659214079 2041.209359525368 0.3684210526315789 0.9510123389842868 2146.0379204995124 0.47368421052631576 t_swap_r_k 100 93.44027829170227 3.9699999999999998 4.9403 3.0 5.9805969999999995 4.9603 4.07 3.9699999999999998
0.9373008659214079 2041.209359525368 0.3684210526315789 1.0230167708920688 2211.3257073450545 0.47368421052631576 swap_t 100 99.69074392318726 3.9699999999999998 4.9403 3.0 5.9805969999999995 5.9206970000000005 4.07 3.9699999999999998
0.9373008659214079 2041.209359525368 0.3684210526315789 1.0050930925057646 2287.671577382127 0.47368421052631576 swap_t 100 104.66911292076111 3.9699999999999998 4.9403 3.0 5.9805969999999995 6.861490030000001 4.07 3.9699999999999998
0.9373008659214079 2041.209359525368 0.3684210526315789 1.0025855375336694 2281.104468800865 0.47368421052631576 move_t 100 116.82075810432434 3.9699999999999998 5.890897 3.0 5.9805969999999995 6.861490030000001 4.07 3.9699999999999998
0.9373008659214079 2041.209359525368 0.3684210526315789 1.0025855375336694 2281.104468800865 0.47368421052631576 t_multiswap_k 100 124.26017498970032 3.9699999999999998 5.890897 3.0 5.9805969999999995 6.861490030000001 4.07 4.9303
0.9373008659214079 2041.209359525368 0.3684210526315789 1.0492693640061046 2403.366098493922 0.47368421052631576 t_move_k 100 133.890620470047 5.000299999999999 5.890897 3.0 5.9805969999999995 6.861490030000001 4.07 4.9303
0.9373008659214079 2041.209359525368 0.3684210526315789 1.0332452637187584 2361.4001166211056 0.47368421052631576 move_t 100 141.96932792663574 5.000299999999999 6.83198803 3.0 5.9805969999999995 6.861490030000001 4.07 4.9303
0.9373008659214079 2041.209359525368 0.3684210526315789 1.031813446745835 2357.6502895448025 0.47368421052631576 move_t 100 160.1374351978302 5.000299999999999 7.7636681497 3.0 5.9805969999999995 6.861490030000001 4.07 4.9303
0.9373008659214079 2041.209359525368 0.3684210526315789 1.027842595734804 2347.250912446534 0.47368421052631576 swap_t 100 163.82214641571045 5.000299999999999 7.7636681497 3.0 5.9805969999999995 7.822875129700001 4.07 4.9303
0.9373008659214079 2041.209359525368 0.3684210526315789 0.9937336695023002 2257.9220543948377 0.47368421052631576 f_swap_t 100 173.11738681793213 5.000299999999999 7.7636681497 3.0 6.98079103 7.822875129700001 4.07 4.9303
0.9373008659214079 2041.209359525368 0.3684210526315789 0.9873900194817367 2241.3084850214177 0.47368421052631576 move_t 100 183.1328525543213 5.000299999999999 8.686031468203 3.0 6.98079103 7.822875129700001 4.07 4.9303
0.9373008659214079 2041.209359525368 0.3684210526315789 0.9859582025088132 2237.558657945114 0.47368421052631576 swap_t 100 186.85696005821228 5.000299999999999 8.686031468203 3.0 6.98079103 8.744646378403 4.07 4.9303
0.9373008659214079 2041.209359525368 0.3684210526315789 0.9859582025088132 2237.558657945114 0.47368421052631576 t_move_k 100 198.6585750579834 5.950296999999999 8.686031468203 3.0 6.98079103 8.744646378403 4.07 4.9303
0.9373008659214079 2041.209359525368 0.3684210526315789 1.118797777437471 2441.3098254681518 0.4473684210526316 swap_t 100 206.07693886756897 5.950296999999999 8.686031468203 3.0 6.98079103 9.67719991461897 4.07 4.9303
0.9373008659214079 2041.209359525368 0.3684210526315789 1.0940733355621175 2486.2449286512583 0.42105263157894735 move_t 100 220.7888627052307 5.950296999999999 9.66917115352097 3.0 6.98079103 9.67719991461897 4.07 4.9303
0.9373008659214079 2041.209359525368 0.3684210526315789 1.073737567830619 2432.9869956199855 0.42105263157894735 t_swap_r_k 100 242.33449721336365 5.950296999999999 9.66917115352097 3.0 6.98079103 9.67719991461897 5.0693 4.9303
0.9373008659214079 2041.209359525368 0.3684210526315789 1.0701798948905425 2440.8994990129436 0.4473684210526316 move_t 100 248.03374576568604 5.950296999999999 10.60247944198576 3.0 6.98079103 9.67719991461897 5.0693 4.9303
0.9373008659214079 2041.209359525368 0.3684210526315789 1.0700105548024563 2442.420622504145 0.4473684210526316 swap_t 100 252.50114965438843 5.950296999999999 10.60247944198576 3.0 6.98079103 10.610427915472782 5.0693 4.9303
0.9373008659214079 2041.209359525368 0.3684210526315789 1.0678174468155912 2434.7124151011453 0.4473684210526316 swap_t 100 258.6720287799835 5.950296999999999 10.60247944198576 3.0 6.98079103 11.504323636318054 5.0693 4.9303
0.9373008659214079 2041.209359525368 0.3684210526315789 1.0567625973023258 2354.0711591726017 0.3684210526315789 t_multiswap_k 100 263.8981144428253 5.950296999999999 10.60247944198576 3.0 6.98079103 11.504323636318054 5.0693 5.940996999999999
0.9373008659214079 2041.209359525368 0.3684210526315789 1.05499625927047 2349.445245174506 0.3684210526315789 f_swap_t 100 269.84886503219604 5.950296999999999 10.60247944198576 3.0 7.9109831197 11.504323636318054 5.0693 5.940996999999999
0.9373008659214079 2041.209359525368 0.3684210526315789 1.052073033729347 2341.78952486141 0.3684210526315789 t_multiswap_k 100 274.16605377197266 5.950296999999999 10.60247944198576 3.0 7.9109831197 11.504323636318054 5.0693 6.8815870299999995
0.9373008659214079 2041.209359525368 0.3684210526315789 1.052073033729347 2341.78952486141 0.3684210526315789 t_swap_r_k 100 306.83301639556885 5.950296999999999 10.60247944198576 3.0 7.9109831197 11.504323636318054 6.058607 6.8815870299999995
0.9373008659214079 2041.209359525368 0.3684210526315789 1.049874096494182 2353.2604606742693 0.39473684210526316 swap_t 100 311.7593615055084 5.950296999999999 10.60247944198576 3.0 7.9109831197 12.419280399954873 6.058607 6.8815870299999995
0.9373008659214079 2041.209359525368 0.3684210526315789 1.0489705152773543 2350.894045569145 0.39473684210526316 t_move_k 100 318.39533042907715 6.9307940299999995 10.60247944198576 3.0 7.9109831197 12.419280399954873 6.058607 6.8815870299999995
0.9373008659214079 2041.209359525368 0.3684210526315789 1.044394906848405 2338.9108516959745 0.39473684210526316 t_swap_r_k 100 334.0032308101654 6.9307940299999995 10.60247944198576 3.0 7.9109831197 12.419280399954873 7.03802093 6.8815870299999995
0.9373008659214079 2041.209359525368 0.3684210526315789 1.0383473516223742 2357.5323264539625 0.4473684210526316 t_multiswap_k 100 337.13849115371704 6.9307940299999995 10.60247944198576 3.0 7.9109831197 12.419280399954873 7.03802093 7.8427711597
0.9373008659214079 2041.209359525368 0.3684210526315789 1.0258167686507351 2324.715618594309 0.4473684210526316 t_swap_r_k 100 363.2768533229828 6.9307940299999995 10.60247944198576 3.0 7.9109831197 12.419280399954873 8.0076407207 7.8427711597
0.9373008659214079 2041.209359525368 0.3684210526315789 1.0202851303309084 2286.917749200336 0.4117647058823529 t_multiswap_k 100 376.27481174468994 6.9307940299999995 10.60247944198576 3.0 7.9109831197 12.419280399954873 8.0076407207 8.794343448103
0.9373008659214079 2041.209359525368 0.3684210526315789 1.017019107166324 2278.3642662301013 0.4117647058823529 swap_t 100 385.80122089385986 6.9307940299999995 10.60247944198576 3.0 7.9109831197 13.295087595955325 8.0076407207 8.794343448103
0.9373008659214079 2041.209359525368 0.3684210526315789 1.0235493793083215 2295.4665857002333 0.4117647058823529 t_move_k 100 395.5919539928436 7.9014860897 10.60247944198576 3.0 7.9109831197 13.295087595955325 8.0076407207 8.794343448103
0.9373008659214079 2041.209359525368 0.3684210526315789 0.9978672603810983 2278.3642662301013 0.4883720930232558 t_swap_r_k 100 426.5160400867462 7.9014860897 10.60247944198576 3.0 7.9109831197 13.295087595955325 9.027564313492999 8.794343448103
0.9373008659214079 2041.209359525368 0.3684210526315789 0.9978672603810983 2278.3642662301013 0.4883720930232558 t_swap_r_k 100 445.75624918937683 7.9014860897 10.60247944198576 3.0 7.9109831197 13.295087595955325 9.97728867035807 8.794343448103
0.9373008659214079 2041.209359525368 0.3684210526315789 0.9945065473079957 2269.5627971069375 0.4883720930232558 move_t 100 458.8340790271759 7.9014860897 11.526454647565902 3.0 7.9109831197 13.295087595955325 9.97728867035807 8.794343448103
0.9373008659214079 2041.209359525368 0.3684210526315789 0.9945065473079957 2269.5627971069375 0.4883720930232558 move_t 100 474.36184906959534 7.9014860897 12.411190101090243 3.0 7.9109831197 13.295087595955325 9.97728867035807 8.794343448103
0.9373008659214079 2041.209359525368 0.3684210526315789 0.9945065473079957 2269.5627971069375 0.4883720930232558 swap_t 100 494.758908033371 7.9014860897 12.411190101090243 3.0 7.9109831197 14.162136719995772 9.97728867035807 8.794343448103
0.9373008659214079 2041.209359525368 0.3684210526315789 1.0301068324405898 2370.410584184809 0.5 t_swap_k 100 508.59984731674194 7.9014860897 12.411190101090243 4.05 7.9109831197 14.162136719995772 9.97728867035807 8.794343448103
0.9373008659214079 2041.209359525368 0.3684210526315789 1.065339769014561 2462.683145581406 0.5 move_t 100 518.7752335071564 7.9014860897 13.49707820007934 4.05 7.9109831197 14.162136719995772 9.97728867035807 8.794343448103
0.9373008659214079 2041.209359525368 0.3684210526315789 1.051763828358094 2427.1287201048235 0.5 swap_t 100 527.690911769867 7.9014860897 13.49707820007934 4.05 7.9109831197 15.020515352795814 9.97728867035807 8.794343448103
0.9373008659214079 2041.209359525368 0.3684210526315789 1.0489536048815307 2426.5667962097214 0.5 swap_t 100 543.4529931545258 7.9014860897 13.49707820007934 4.05 7.9109831197 15.900310199267855 9.97728867035807 8.794343448103
0.9373008659214079 2041.209359525368 0.3684210526315789 1.0326546145520632 2409.253754652517 0.5 move_t 100 558.1593058109283 7.9014860897 14.392107418078547 4.05 7.9109831197 15.900310199267855 9.97728867035807 8.794343448103
0.9373008659214079 2041.209359525368 0.3684210526315789 1.06050773173699 2381.5098899454956 0.3953488372093023 t_swap_r_k 100 590.6728744506836 7.9014860897 14.392107418078547 4.05 7.9109831197 15.900310199267855 10.947515783654488 8.794343448103
0.9373008659214079 2041.209359525368 0.3684210526315789 1.0515252057857976 2373.2116234498453 0.4186046511627907 t_multiswap_k 100 595.345781326294 7.9014860897 14.392107418078547 4.05 7.9109831197 15.900310199267855 10.947515783654488 9.76640001362197
0.9373008659214079 2041.209359525368 0.3684210526315789 1.0338812863200337 2345.836018258186 0.4473684210526316 t_move_k 100 604.5007972717285 8.882471228803 14.392107418078547 4.05 7.9109831197 15.900310199267855 10.947515783654488 9.76640001362197
0.9373008659214079 2041.209359525368 0.3684210526315789 1.032942057207265 2343.37624384252 0.4473684210526316 t_swap_r_k 100 640.2521522045135 8.882471228803 14.392107418078547 4.05 7.9109831197 15.900310199267855 11.878040625817944 9.76640001362197
0.9373008659214079 2041.209359525368 0.3684210526315789 1.032323535541802 2359.884970725345 0.4473684210526316 swap_t 100 652.7387518882751 8.882471228803 14.392107418078547 4.05 7.9109831197 16.771307097275177 11.878040625817944 9.76640001362197
0.9373008659214079 2041.209359525368 0.3684210526315789 1.0322527215865538 2341.57092275464 0.4473684210526316 swap_t 100 666.0946311950684 8.882471228803 14.392107418078547 4.05 7.9109831197 17.603594026302424 11.878040625817944 9.76640001362197
0.9373008659214079 2041.209359525368 0.3684210526315789 1.0322527215865538 2341.57092275464 0.4473684210526316 t_swap_r_k 100 697.6590158939362 8.882471228803 14.392107418078547 4.05 7.9109831197 17.603594026302424 12.799260219559764 9.76640001362197
0.9373008659214079 2041.209359525368 0.3684210526315789 1.0308131144422537 2337.80069377215 0.4473684210526316 t_move_k 100 708.977691411972 9.82364651651497 14.392107418078547 4.05 7.9109831197 17.603594026302424 12.799260219559764 9.76640001362197
0.9373008659214079 2041.209359525368 0.3684210526315789 1.0301502143466656 2336.0646054491817 0.4473684210526316 t_swap_r_k 100 734.3485579490662 9.82364651651497 14.392107418078547 4.05 7.9109831197 17.603594026302424 13.711267617364166 9.76640001362197
0.9373008659214079 2041.209359525368 0.3684210526315789 1.0301502143466656 2336.0646054491817 0.4473684210526316 move_t 100 746.2477927207947 9.82364651651497 15.248186343897762 4.05 7.9109831197 17.603594026302424 13.711267617364166 9.76640001362197
0.9373008659214079 2041.209359525368 0.3684210526315789 1.0294844699299945 2330.714831587934 0.4418604651162791 t_multiswap_k 100 751.5794281959534 9.82364651651497 15.248186343897762 4.05 7.9109831197 17.603594026302424 13.711267617364166 10.69873601348575
0.9373008659214079 2041.209359525368 0.3684210526315789 1.0886804018803684 2485.7447778954715 0.4418604651162791 t_swap_k 100 771.6350915431976 9.82364651651497 15.248186343897762 5.0995 7.9109831197 17.603594026302424 13.711267617364166 10.69873601348575
0.9373008659214079 2041.209359525368 0.3684210526315789 1.056302878167369 2400.9503402134133 0.4418604651162791 t_multiswap_k 100 788.1970582008362 9.82364651651497 15.248186343897762 5.0995 7.9109831197 17.603594026302424 13.711267617364166 11.621748653350892
0.9373008659214079 2041.209359525368 0.3684210526315789 1.0398655003831356 2357.9020138949304 0.4418604651162791 t_swap_r_k 100 813.7716917991638 9.82364651651497 15.248186343897762 5.0995 7.9109831197 17.603594026302424 14.614154941190524 11.621748653350892
0.9373008659214079 2041.209359525368 0.3684210526315789 1.0398655003831356 2357.9020138949304 0.4418604651162791 swap_t 100 822.3388135433197 9.82364651651497 15.248186343897762 5.0995 7.9109831197 18.4275580860394 14.614154941190524 11.621748653350892
0.9373008659214079 2041.209359525368 0.3684210526315789 1.0398655003831356 2357.9020138949304 0.4418604651162791 t_swap_r_k 100 836.706648349762 9.82364651651497 15.248186343897762 5.0995 7.9109831197 18.4275580860394 15.508013391778618 11.621748653350892
0.9373008659214079 2041.209359525368 0.3684210526315789 1.0690290122523727 2466.7676004912923 0.4418604651162791 move_t 100 853.8002977371216 9.82364651651497 16.145704480458786 5.0995 7.9109831197 18.4275580860394 15.508013391778618 11.621748653350892
0.9373008659214079 2041.209359525368 0.3684210526315789 1.058032200098391 2405.4793116694173 0.4418604651162791 t_move_k 100 866.8981940746307 10.82541005134982 16.145704480458786 5.0995 7.9109831197 18.4275580860394 15.508013391778618 11.621748653350892
0.9373008659214079 2041.209359525368 0.3684210526315789 1.076426617686838 2414.7321981173995 0.4418604651162791 swap_t 100 882.0594758987427 10.82541005134982 16.145704480458786 5.0995 7.9109831197 19.25328250517901 15.508013391778618 11.621748653350892
0.9373008659214079 2041.209359525368 0.3684210526315789 1.0516991743491553 2401.7773856678255 0.46153846153846156 t_swap_r_k 100 913.452171087265 10.82541005134982 16.145704480458786 5.0995 7.9109831197 19.25328250517901 16.422933257860834 11.621748653350892
0.9373008659214079 2041.209359525368 0.3684210526315789 1.0464024175170907 2387.905555286517 0.46153846153846156 t_swap_r_k 100 942.6812193393707 10.82541005134982 16.145704480458786 5.0995 7.9109831197 19.25328250517901 17.298703925282226 11.621748653350892
0.9373008659214079 2041.209359525368 0.3684210526315789 1.0464024175170907 2387.905555286517 0.46153846153846156 f_swap_t 100 954.9985764026642 10.82541005134982 16.145704480458786 5.0995 8.831873288503 19.25328250517901 17.298703925282226 11.621748653350892
0.9373008659214079 2041.209359525368 0.3684210526315789 1.0464024175170907 2387.905555286517 0.46153846153846156 t_multiswap_k 100 962.3129026889801 10.82541005134982 16.145704480458786 5.0995 8.831873288503 19.25328250517901 17.298703925282226 12.505531166817383
0.9373008659214079 2041.209359525368 0.3684210526315789 1.0464024175170907 2387.905555286517 0.46153846153846156 move_t 100 983.5674750804901 10.82541005134982 16.984247435654197 5.0995 8.831873288503 19.25328250517901 17.298703925282226 12.505531166817383
0.9373008659214079 2041.209359525368 0.3684210526315789 1.0464024175170907 2387.905555286517 0.46153846153846156 t_multiswap_k 100 998.1766130924225 10.82541005134982 16.984247435654197 5.0995 8.831873288503 19.25328250517901 17.298703925282226 13.380475855149209
0.9373008659214079 2041.209359525368 0.3684210526315789 1.123448968118756 2592.0275180597537 0.46511627906976744 f_swap_t 100 1013.8454020023346 10.82541005134982 16.984247435654197 5.0995 9.89355455561797 19.25328250517901 17.298703925282226 13.380475855149209
0.9373008659214079 2041.209359525368 0.3684210526315789 1.0869723731207752 2496.497903478138 0.46511627906976744 f_swap_t 100 1031.4741415977478 10.82541005134982 16.984247435654197 5.0995 10.79461901006179 19.25328250517901 17.298703925282226 13.380475855149209
0.9373008659214079 2041.209359525368 0.3684210526315789 1.082988624767928 2486.0647491566147 0.46511627906976744 f_swap_t 100 1048.376933336258 10.82541005134982 16.984247435654197 5.0995 11.716672819961172 19.25328250517901 17.298703925282226 13.380475855149209
0.9373008659214079 2041.209359525368 0.3684210526315789 1.0752808192150538 2471.488254384718 0.47368421052631576 t_multiswap_k 100 1051.9760208129883 10.82541005134982 16.984247435654197 5.0995 11.716672819961172 19.25328250517901 17.298703925282226 14.306671096597716
0.9373008659214079 2041.209359525368 0.3684210526315789 1.0670360566208483 2449.8958060494238 0.47368421052631576 t_multiswap_k 100 1060.7651271820068 10.82541005134982 16.984247435654197 5.0995 11.716672819961172 19.25328250517901 17.298703925282226 15.193604385631739
0.9373008659214079 2041.209359525368 0.3684210526315789 1.114929342733131 2575.3249247379053 0.47368421052631576 swap_t 100 1068.1682810783386 10.82541005134982 16.984247435654197 5.0995 11.716672819961172 20.19074968012722 17.298703925282226 15.193604385631739
0.9373008659214079 2041.209359525368 0.3684210526315789 1.1705744035285246 2686.5957985259656 0.42105263157894735 move_t 100 1082.0891771316528 10.82541005134982 17.934404961297655 5.0995 11.716672819961172 20.19074968012722 17.298703925282226 15.193604385631739
0.9373008659214079 2041.209359525368 0.3684210526315789 1.1375281189848896 2600.0499236716214 0.42105263157894735 f_swap_t 100 1094.85049533844 10.82541005134982 17.934404961297655 5.0995 12.62950609176156 20.19074968012722 17.298703925282226 15.193604385631739
0.9373008659214079 2041.209359525368 0.3684210526315789 1.1360497824981515 2596.1782652888187 0.42105263157894735 swap_t 100 1114.8978669643402 10.82541005134982 17.934404961297655 5.0995 12.62950609176156 20.988842183325946 17.298703925282226 15.193604385631739
0.9373008659214079 2041.209359525368 0.3684210526315789 1.1360497824981515 2596.1782652888187 0.42105263157894735 move_t 100 1125.3215637207031 10.82541005134982 18.75506091168468 5.0995 12.62950609176156 20.988842183325946 17.298703925282226 15.193604385631739
0.9373008659214079 2041.209359525368 0.3684210526315789 1.183214977602182 2753.4019989560334 0.4473684210526316 swap_t 100 1142.5580749511719 10.82541005134982 18.75506091168468 5.0995 12.62950609176156 21.888953761492687 17.298703925282226 15.193604385631739
0.9373008659214079 2041.209359525368 0.3684210526315789 1.178489090785442 2736.173694674221 0.46511627906976744 move_t 100 1161.3167414665222 10.82541005134982 19.637510302567833 5.0995 12.62950609176156 21.888953761492687 17.298703925282226 15.193604385631739
0.9373008659214079 2041.209359525368 0.3684210526315789 1.15871842016622 2690.0054120558434 0.47368421052631576 t_swap_k 100 1168.6028389930725 10.82541005134982 19.637510302567833 6.088505 12.62950609176156 21.888953761492687 17.298703925282226 15.193604385631739
0.9373008659214079 2041.209359525368 0.3684210526315789 1.1437434944571818 2650.7871439732016 0.47368421052631576 t_multiswap_k 100 1185.7955079078674 10.82541005134982 19.637510302567833 6.088505 12.62950609176156 21.888953761492687 17.298703925282226 16.04166834177542
0.9373008659214079 2041.209359525368 0.3684210526315789 1.1664195514681848 2727.403925038007 0.5 t_multiswap_k 100 1194.9841756820679 10.82541005134982 19.637510302567833 6.088505 12.62950609176156 21.888953761492687 17.298703925282226 16.981251658357667
0.9373008659214079 2041.209359525368 0.3684210526315789 1.2087324575748375 2805.8185661374932 0.5263157894736842 move_t 100 1211.3438746929169 10.82541005134982 20.521135199542154 6.088505 12.62950609176156 21.888953761492687 17.298703925282226 16.981251658357667
0.9373008659214079 2041.209359525368 0.3684210526315789 1.181121439584964 2765.9071270363206 0.5 t_move_k 100 1226.874171257019 11.847155950836322 20.521135199542154 6.088505 12.62950609176156 21.888953761492687 17.298703925282226 16.981251658357667
0.9373008659214079 2041.209359525368 0.3684210526315789 1.1659030035142677 2743.280919026602 0.5263157894736842 t_swap_k 100 1235.0617740154266 11.847155950836322 20.521135199542154 7.12761995 12.62950609176156 21.888953761492687 17.298703925282226 16.981251658357667
0.9373008659214079 2041.209359525368 0.3684210526315789 1.1420891520366727 2716.976496037535 0.5813953488372093 t_swap_r_k 100 1260.9309310913086 11.847155950836322 20.521135199542154 7.12761995 12.62950609176156 21.888953761492687 18.195716886029402 16.981251658357667
0.9373008659214079 2041.209359525368 0.3684210526315789 1.1401472986138987 2711.8909196820155 0.5813953488372093 f_swap_t 100 1279.9477066993713 11.847155950836322 20.521135199542154 7.12761995 13.503211030843945 21.888953761492687 18.195716886029402 16.981251658357667
0.9373008659214079 2041.209359525368 0.3684210526315789 1.190844577201413 2810.6281659859046 0.5294117647058824 t_swap_k 100 1301.1160943508148 11.847155950836322 20.521135199542154 8.1763437505 13.503211030843945 21.888953761492687 18.195716886029402 16.981251658357667
0.9373008659214079 2041.209359525368 0.3684210526315789 1.192843966742498 2815.864425353561 0.5294117647058824 move_t 100 1316.0064144134521 11.847155950836322 21.425923847546734 8.1763437505 13.503211030843945 21.888953761492687 18.195716886029402 16.981251658357667
0.9373008659214079 2041.209359525368 0.3684210526315789 1.1756545242117393 2770.846494816812 0.5294117647058824 swap_t 100 1327.9448935985565 11.847155950836322 21.425923847546734 8.1763437505 13.503211030843945 22.67006422387776 18.195716886029402 16.981251658357667
0.9373008659214079 2041.209359525368 0.3684210526315789 1.168485782465337 2752.0720687469757 0.5294117647058824 swap_t 100 1341.3361837863922 11.847155950836322 21.425923847546734 8.1763437505 13.503211030843945 23.44336358163898 18.195716886029402 16.981251658357667
0.9373008659214079 2041.209359525368 0.3684210526315789 1.1977619154947339 2832.326850537336 0.5348837209302325 t_move_k 100 1354.5427944660187 12.90868439132796 21.425923847546734 8.1763437505 13.503211030843945 23.44336358163898 18.195716886029402 16.981251658357667
0.9373008659214079 2041.209359525368 0.3684210526315789 1.186325198936766 2779.5354036142376 0.5 t_swap_r_k 100 1383.9330110549927 12.90868439132796 21.425923847546734 8.1763437505 13.503211030843945 23.44336358163898 19.08375971716911 16.981251658357667
0.9373008659214079 2041.209359525368 0.3684210526315789 1.1796145075329567 2761.9605788967015 0.5 swap_t 100 1392.3698182106018 12.90868439132796 21.425923847546734 8.1763437505 13.503211030843945 24.26892994582259 19.08375971716911 16.981251658357667
0.9373008659214079 2041.209359525368 0.3684210526315789 1.2227478225231698 2874.923670897766 0.5 t_swap_k 100 1405.6075899600983 12.90868439132796 21.425923847546734 9.204580312994999 13.503211030843945 24.26892994582259 19.08375971716911 16.981251658357667
0.9373008659214079 2041.209359525368 0.3684210526315789 1.2086869661446638 2857.0326182747067 0.47058823529411764 swap_t 100 1419.278948545456 12.90868439132796 21.425923847546734 9.204580312994999 13.503211030843945 25.086240646364367 19.08375971716911 16.981251658357667
0.9373008659214079 2041.209359525368 0.3684210526315789 1.2128082832841327 2868.1495540700244 0.5294117647058824 t_move_k 100 1432.8592629432678 13.88959754741468 21.425923847546734 9.204580312994999 13.503211030843945 25.086240646364367 19.08375971716911 16.981251658357667
0.9373008659214079 2041.209359525368 0.3684210526315789 1.1952714951056935 2822.221949923353 0.5294117647058824 f_swap_t 100 1451.4176607131958 13.88959754741468 21.425923847546734 9.204580312994999 14.398178920535505 25.086240646364367 19.08375971716911 16.981251658357667
0.9373008659214079 2041.209359525368 0.3684210526315789 1.1865337717850115 2799.3384724169746 0.5294117647058824 move_t 100 1467.9259555339813 13.88959754741468 22.211664609071267 9.204580312994999 14.398178920535505 25.086240646364367 19.08375971716911 16.981251658357667
0.9373008659214079 2041.209359525368 0.3684210526315789 1.2035255339580797 2874.945881159545 0.5769230769230769 t_move_k 100 1480.2051541805267 15.000701571940532 22.211664609071267 9.204580312994999 14.398178920535505 25.086240646364367 19.08375971716911 16.981251658357667
0.9373008659214079 2041.209359525368 0.3684210526315789 1.1931699093900252 2805.0743805813577 0.5116279069767442 t_swap_r_k 100 1499.3532283306122 15.000701571940532 22.211664609071267 9.204580312994999 14.398178920535505 25.086240646364367 19.932922119997418 16.981251658357667
0.9373008659214079 2041.209359525368 0.3684210526315789 1.146634669764632 2710.0483163030817 0.5526315789473685 t_multiswap_k 100 1513.752196073532 15.000701571940532 22.211664609071267 9.204580312994999 14.398178920535505 25.086240646364367 19.932922119997418 17.87143914177409
0.9373008659214079 2041.209359525368 0.3684210526315789 1.1658240178706922 2760.3038576644913 0.5526315789473685 t_move_k 100 1528.8203282356262 15.980694556221126 22.211664609071267 9.204580312994999 14.398178920535505 25.086240646364367 19.932922119997418 17.87143914177409
0.9373008659214079 2041.209359525368 0.3684210526315789 1.1358451544510408 2681.791341125249 0.5526315789473685 t_multiswap_k 100 1538.4842691421509 15.980694556221126 22.211664609071267 9.204580312994999 14.398178920535505 25.086240646364367 19.932922119997418 18.72272475035635
0.9373008659214079 2041.209359525368 0.3684210526315789 1.1822583989279143 2751.654946462455 0.47368421052631576 t_multiswap_k 100 1557.5403382778168 15.980694556221126 22.211664609071267 9.204580312994999 14.398178920535505 25.086240646364367 19.932922119997418 19.615497502852786
0.9373008659214079 2041.209359525368 0.3684210526315789 1.1724313377627429 2725.9185704210304 0.47368421052631576 swap_t 100 1573.5567882061005 15.980694556221126 22.211664609071267 9.204580312994999 14.398178920535505 25.86537823990072 19.932922119997418 19.615497502852786
0.9373008659214079 2041.209359525368 0.3684210526315789 1.1688595361611869 2716.5642754168634 0.47368421052631576 swap_t 100 1581.4424376487732 15.980694556221126 22.211664609071267 9.204580312994999 14.398178920535505 26.606724457501713 19.932922119997418 19.615497502852786
0.9373008659214079 2041.209359525368 0.3684210526315789 1.1667689781630592 2728.3190487628976 0.5 move_t 100 1599.537985086441 15.980694556221126 23.019547962980553 9.204580312994999 14.398178920535505 26.606724457501713 19.932922119997418 19.615497502852786
0.9373008659214079 2041.209359525368 0.3684210526315789 1.1639352790453943 2720.897791801666 0.5 swap_t 100 1610.631647825241 15.980694556221126 23.019547962980553 9.204580312994999 14.398178920535505 27.340657212926697 19.932922119997418 19.615497502852786
0.9373008659214079 2041.209359525368 0.3684210526315789 1.1638818088154053 2720.757757062603 0.5 move_t 100 1623.0606350898743 15.980694556221126 23.819352483350748 9.204580312994999 14.398178920535505 27.340657212926697 19.932922119997418 19.615497502852786
0.9373008659214079 2041.209359525368 0.3684210526315789 1.1638818088154053 2720.757757062603 0.5 swap_t 100 1641.0094902515411 15.980694556221126 23.819352483350748 9.204580312994999 14.398178920535505 28.06725064079743 19.932922119997418 19.615497502852786
0.9373008659214079 2041.209359525368 0.3684210526315789 1.1589848691397306 2725.162815885124 0.5263157894736842 move_t 100 1658.761295557022 15.980694556221126 24.61115895851724 9.204580312994999 14.398178920535505 28.06725064079743 19.932922119997418 19.615497502852786
0.9373008659214079 2041.209359525368 0.3684210526315789 1.156060513653763 2717.50413632664 0.5263157894736842 swap_t 100 1674.6621136665344 15.980694556221126 24.61115895851724 9.204580312994999 14.398178920535505 28.786578134389455 19.932922119997418 19.615497502852786
0.9373008659214079 2041.209359525368 0.3684210526315789 1.154025299336574 2712.1740544118447 0.5263157894736842 t_multiswap_k 100 1690.8669865131378 15.980694556221126 24.61115895851724 9.204580312994999 14.398178920535505 28.786578134389455 19.932922119997418 20.449342527824257
0.9373008659214079 2041.209359525368 0.3684210526315789 1.1996094136481716 2831.555615971313 0.5263157894736842 t_multiswap_k 100 1709.2836627960205 15.980694556221126 24.61115895851724 9.204580312994999 14.398178920535505 28.786578134389455 19.932922119997418 21.284849102546016
0.9373008659214079 2041.209359525368 0.3684210526315789 1.2071656020677146 2862.378332198823 0.5263157894736842 swap_t 100 1718.5028347969055 15.980694556221126 24.61115895851724 9.204580312994999 14.398178920535505 29.53871235304556 19.932922119997418 21.284849102546016
0.9373008659214079 2041.209359525368 0.3684210526315789 1.2814150885504862 3028.569078657368 0.5 t_swap_k 100 1737.9431340694427 15.980694556221126 24.61115895851724 10.232534509865049 14.398178920535505 29.53871235304556 19.932922119997418 21.284849102546016
0.9373008659214079 2041.209359525368 0.3684210526315789 1.2419713338306337 2925.2686832600493 0.5 t_swap_r_k 100 1757.7598164081573 15.980694556221126 24.61115895851724 10.232534509865049 14.398178920535505 29.53871235304556 20.773592898797443 21.284849102546016
0.9373008659214079 2041.209359525368 0.3684210526315789 1.2172436471155872 2852.8954601152004 0.4883720930232558 t_multiswap_k 100 1768.7812657356262 15.980694556221126 24.61115895851724 10.232534509865049 14.398178920535505 29.53871235304556 20.773592898797443 22.162000611520554
0.9373008659214079 2041.209359525368 0.3684210526315789 1.2052558902619173 2829.113541216043 0.5 t_swap_r_k 100 1793.2558658123016 15.980694556221126 24.61115895851724 10.232534509865049 14.398178920535505 29.53871235304556 21.635856969809467 22.162000611520554
0.9373008659214079 2041.209359525368 0.3684210526315789 1.192621421897858 2813.254561318489 0.5263157894736842 t_multiswap_k 100 1807.4245233535767 15.980694556221126 24.61115895851724 10.232534509865049 14.398178920535505 29.53871235304556 21.635856969809467 23.030380605405348
0.9373008659214079 2041.209359525368 0.3684210526315789 1.1844740115362038 2791.917071573896 0.5263157894736842 f_swap_t 100 1826.1228940486908 15.980694556221126 24.61115895851724 10.232534509865049 15.284197131330151 29.53871235304556 21.635856969809467 23.030380605405348
0.9373008659214079 2041.209359525368 0.3684210526315789 1.2063471111646686 2812.714540037359 0.47058823529411764 t_move_k 100 1843.599175453186 17.070887610658914 24.61115895851724 10.232534509865049 15.284197131330151 29.53871235304556 21.635856969809467 23.030380605405348
0.9373008659214079 2041.209359525368 0.3684210526315789 1.190441951624534 2797.930052719979 0.5116279069767442 move_t 100 1868.4629740715027 17.070887610658914 25.50504736893207 10.232534509865049 15.284197131330151 29.53871235304556 21.635856969809467 23.030380605405348
0.9373008659214079 2041.209359525368 0.3684210526315789 1.1750298338166723 2757.5668095457468 0.5116279069767442 swap_t 100 1883.619862318039 17.070887610658914 25.50504736893207 10.232534509865049 15.284197131330151 30.243325229515104 21.635856969809467 23.030380605405348
0.9373008659214079 2041.209359525368 0.3684210526315789 1.1750298338166723 2757.5668095457468 0.5116279069767442 swap_t 100 1894.7139048576355 17.070887610658914 25.50504736893207 10.232534509865049 15.284197131330151 30.94089197721995 21.635856969809467 23.030380605405348
0.9373008659214079 2041.209359525368 0.3684210526315789 1.1750298338166723 2757.5668095457468 0.5116279069767442 swap_t 100 1911.382238149643 17.070887610658914 25.50504736893207 10.232534509865049 15.284197131330151 31.631483057447753 21.635856969809467 23.030380605405348
0.9373008659214079 2041.209359525368 0.3684210526315789 1.1706280565304044 2746.0388671033515 0.5116279069767442 t_move_k 100 1939.2655804157257 17.960178734552326 25.50504736893207 10.232534509865049 15.284197131330151 31.631483057447753 21.635856969809467 23.030380605405348
0.9373008659214079 2041.209359525368 0.3684210526315789 1.1920999602030558 2787.045927831611 0.4883720930232558 f_swap_t 100 1964.6878571510315 17.960178734552326 25.50504736893207 10.232534509865049 16.23135516001685 31.631483057447753 21.635856969809467 23.030380605405348
0.9373008659214079 2041.209359525368 0.3684210526315789 1.1683310274362837 2724.7967791281276 0.4883720930232558 t_multiswap_k 100 1979.0992362499237 17.960178734552326 25.50504736893207 10.232534509865049 16.23135516001685 31.631483057447753 21.635856969809467 23.860076799351294
0.9373008659214079 2041.209359525368 0.3684210526315789 1.1578881097869913 2697.4475186448044 0.4883720930232558 t_swap_k 100 1991.370966911316 17.960178734552326 25.50504736893207 11.190209164766399 16.23135516001685 31.631483057447753 21.635856969809467 23.860076799351294
0.9373008659214079 2041.209359525368 0.3684210526315789 1.146818323622975 2714.1355291924774 0.5581395348837209 t_multiswap_k 100 2006.3756999969482 17.960178734552326 25.50504736893207 11.190209164766399 16.23135516001685 31.631483057447753 21.635856969809467 24.751476031357782
0.9373008659214079 2041.209359525368 0.3684210526315789 1.1621700626992608 2756.962435981406 0.5348837209302325 swap_t 100 2022.1028299331665 17.960178734552326 25.50504736893207 11.190209164766399 16.23135516001685 32.325168226873274 21.635856969809467 24.751476031357782
0.9373008659214079 2041.209359525368 0.3684210526315789 1.1416718028379524 2685.4308246270684 0.5348837209302325 t_multiswap_k 100 2037.9959843158722 17.960178734552326 25.50504736893207 11.190209164766399 16.23135516001685 32.325168226873274 21.635856969809467 25.533961271044205
0.9373008659214079 2041.209359525368 0.3684210526315789 1.1254142089972616 2658.0796714357903 0.5581395348837209 move_t 100 2046.2173519134521 17.960178734552326 26.309996895242747 11.190209164766399 16.23135516001685 32.325168226873274 21.635856969809467 25.533961271044205
0.9373008659214079 2041.209359525368 0.3684210526315789 1.1237837215507593 2653.8095404832393 0.5581395348837209 swap_t 100 2057.287835597992 17.960178734552326 26.309996895242747 11.190209164766399 16.23135516001685 33.00191654460454 21.635856969809467 25.533961271044205
0.9373008659214079 2041.209359525368 0.3684210526315789 1.1517068072842274 2711.711789369817 0.5348837209302325 t_swap_k 100 2075.2481076717377 17.960178734552326 26.309996895242747 12.088307073118735 16.23135516001685 33.00191654460454 21.635856969809467 25.533961271044205
0.9373008659214079 2041.209359525368 0.3684210526315789 1.1745298799400605 2771.483797543843 0.5348837209302325 swap_t 100 2081.5393323898315 17.960178734552326 26.309996895242747 12.088307073118735 16.23135516001685 33.741897379158495 21.635856969809467 25.533961271044205
0.9373008659214079 2041.209359525368 0.3684210526315789 1.1440089988826363 2706.778106996299 0.5581395348837209 t_swap_r_k 100 2106.772033214569 17.960178734552326 26.309996895242747 12.088307073118735 16.23135516001685 33.741897379158495 22.489498400111373 25.533961271044205
0.9373008659214079 2041.209359525368 0.3684210526315789 1.1427110823419162 2717.0025156246675 0.5789473684210527 t_multiswap_k 100 2121.5486834049225 17.960178734552326 26.309996895242747 12.088307073118735 16.23135516001685 33.741897379158495 22.489498400111373 26.338621658333764
0.9373008659214079 2041.209359525368 0.3684210526315789 1.158731910058433 2758.959926866644 0.5789473684210527 f_swap_t 100 2133.9660670757294 17.960178734552326 26.309996895242747 12.088307073118735 17.119041608416683 33.741897379158495 22.489498400111373 26.338621658333764
0.9373008659214079 2041.209359525368 0.3684210526315789 1.136136785186714 2699.7848977681683 0.5789473684210527 t_move_k 100 2153.0457961559296 18.940576947206804 26.309996895242747 12.088307073118735 17.119041608416683 33.741897379158495 22.489498400111373 26.338621658333764
0.9373008659214079 2041.209359525368 0.3684210526315789 1.1327209957957542 2690.8391876757546 0.5789473684210527 swap_t 100 2173.0711398124695 18.940576947206804 26.309996895242747 12.088307073118735 17.119041608416683 34.40447840536691 22.489498400111373 26.338621658333764
0.9373008659214079 2041.209359525368 0.3684210526315789 1.2930739130870004 3027.796492543824 0.5526315789473685 swap_t 100 2183.1599431037903 18.940576947206804 26.309996895242747 12.088307073118735 17.119041608416683 35.09043362131324 22.489498400111373 26.338621658333764
0.9373008659214079 2041.209359525368 0.3684210526315789 1.248562653197945 2955.8052945482905 0.5526315789473685 swap_t 100 2195.3832156658173 18.940576947206804 26.309996895242747 12.088307073118735 17.119041608416683 35.769529285100106 22.489498400111373 26.338621658333764
0.9373008659214079 2041.209359525368 0.3684210526315789 1.20504421680354 2845.7889798800884 0.5263157894736842 f_swap_t 100 2223.6234743595123 18.940576947206804 26.309996895242747 12.088307073118735 18.107851192332518 35.769529285100106 22.489498400111373 26.338621658333764
0.9373008659214079 2041.209359525368 0.3684210526315789 1.1828913780453885 2787.77226673644 0.5263157894736842 swap_t 100 2235.885902404785 18.940576947206804 26.309996895242747 12.088307073118735 18.107851192332518 36.4418339922491 22.489498400111373 26.338621658333764
0.9373008659214079 2041.209359525368 0.3684210526315789 1.1766727802461436 2771.4862002592145 0.5263157894736842 move_t 100 2246.5878307819366 18.940576947206804 27.10689692629032 12.088307073118735 18.107851192332518 36.4418339922491 22.489498400111373 26.338621658333764
0.9373008659214079 2041.209359525368 0.3684210526315789 1.198417423618145 2828.4338786446824 0.5263157894736842 t_multiswap_k 100 2263.802773952484 18.940576947206804 27.10689692629032 12.088307073118735 18.107851192332518 36.4418339922491 22.489498400111373 27.155235441750428
0.9373008659214079 2041.209359525368 0.3684210526315789 1.1728606621859987 2761.5025334985035 0.5263157894736842 f_swap_t 100 2300.626512527466 18.940576947206804 27.10689692629032 12.088307073118735 18.95677268040919 36.4418339922491 22.489498400111373 27.155235441750428
0.9373008659214079 2041.209359525368 0.3684210526315789 1.1449541780712031 2671.1876349051795 0.5 t_multiswap_k 100 2324.052031517029 18.940576947206804 27.10689692629032 12.088307073118735 18.95677268040919 36.4418339922491 22.489498400111373 28.01368308733292
0.9373008659214079 2041.209359525368 0.3684210526315789 1.130628446885405 2650.8993576588496 0.5263157894736842 t_swap_r_k 100 2372.144341945648 18.940576947206804 27.10689692629032 12.088307073118735 18.95677268040919 36.4418339922491 23.36460341611026 28.01368308733292
0.9373008659214079 2041.209359525368 0.3684210526315789 1.124778382168757 2635.5784531805166 0.5263157894736842 move_t 100 2386.025369644165 18.940576947206804 27.95582795702742 12.088307073118735 18.95677268040919 36.4418339922491 23.36460341611026 28.01368308733292
0.9373008659214079 2041.209359525368 0.3684210526315789 1.1082470174310035 2592.2839816983756 0.5263157894736842 t_move_k 100 2422.1371655464172 19.871171177734734 27.95582795702742 12.088307073118735 18.95677268040919 36.4418339922491 23.36460341611026 28.01368308733292
0.9373008659214079 2041.209359525368 0.3684210526315789 1.102366910469324 2576.884398711558 0.5263157894736842 f_swap_t 100 2457.253585100174 19.871171177734734 27.95582795702742 12.088307073118735 19.807204953605098 36.4418339922491 23.36460341611026 28.01368308733292
0.9373008659214079 2041.209359525368 0.3684210526315789 1.1466130267072734 2675.5320418012125 0.5 swap_t 100 2474.1395711898804 19.871171177734734 27.95582795702742 12.088307073118735 19.807204953605098 37.11741565232661 23.36460341611026 28.01368308733292
0.9373008659214079 2041.209359525368 0.3684210526315789 1.1461182431384451 2658.888263184548 0.5 swap_t 100 2502.1329629421234 19.871171177734734 27.95582795702742 12.088307073118735 19.807204953605098 37.756241495803344 23.36460341611026 28.01368308733292
0.9373008659214079 2041.209359525368 0.3684210526315789 1.1168828844628813 2614.900704810251 0.5263157894736842 t_multiswap_k 100 2521.9615795612335 19.871171177734734 27.95582795702742 12.088307073118735 19.807204953605098 37.756241495803344 23.36460341611026 28.85354625645959
0.9373008659214079 2041.209359525368 0.3684210526315789 1.1166238013592202 2624.6816235815772 0.5263157894736842 swap_t 100 2547.2243061065674 19.871171177734734 27.95582795702742 12.088307073118735 19.807204953605098 38.41867908084531 23.36460341611026 28.85354625645959
0.9373008659214079 2041.209359525368 0.3684210526315789 1.1064259225509 2587.514663399273 0.5263157894736842 move_t 100 2579.392002105713 19.871171177734734 28.676269677457146 12.088307073118735 19.807204953605098 38.41867908084531 23.36460341611026 28.85354625645959
0.9373008659214079 2041.209359525368 0.3684210526315789 1.100666400554234 2572.8340179938773 0.5294117647058824 swap_t 100 2602.972426176071 19.871171177734734 28.676269677457146 12.088307073118735 19.807204953605098 39.094492290036854 23.36460341611026 28.85354625645959
0.9373008659214079 2041.209359525368 0.3684210526315789 1.1433754367864664 2686.309854789055 0.5294117647058824 move_t 100 2639.193722009659 19.871171177734734 29.599506980682573 12.088307073118735 19.807204953605098 39.094492290036854 23.36460341611026 28.85354625645959
0.9373008659214079 2041.209359525368 0.3684210526315789 1.1077178534535914 2592.9251736561273 0.5294117647058824 move_t 100 2668.1158208847046 19.871171177734734 30.30351191087575 12.088307073118735 19.807204953605098 39.094492290036854 23.36460341611026 28.85354625645959
0.9373008659214079 2041.209359525368 0.3684210526315789 1.1018300474726745 2577.5054274841104 0.5294117647058824 f_swap_t 100 2719.7602870464325 19.871171177734734 30.30351191087575 12.088307073118735 20.609132904069046 39.094492290036854 23.36460341611026 28.85354625645959
0.9373008659214079 2041.209359525368 0.3684210526315789 1.1018300474726745 2577.5054274841104 0.5294117647058824 swap_t 100 2742.650850057602 19.871171177734734 30.30351191087575 12.088307073118735 20.609132904069046 39.70354736713649 23.36460341611026 28.85354625645959
0.9373008659214079 2041.209359525368 0.3684210526315789 1.266137289412844 3007.8144378613547 0.5294117647058824 swap_t 100 2769.814822435379 19.871171177734734 30.30351191087575 12.088307073118735 20.609132904069046 40.396511893465124 23.36460341611026 28.85354625645959
0.9373008659214079 2041.209359525368 0.3684210526315789 1.2163982839365723 2877.5515110973806 0.5294117647058824 t_multiswap_k 100 2809.6951611042023 19.871171177734734 30.30351191087575 12.088307073118735 20.609132904069046 40.396511893465124 23.36460341611026 29.745010793894995
0.9373008659214079 2041.209359525368 0.3684210526315789 1.1828553474234853 2789.7049399684643 0.5294117647058824 t_swap_k 100 2841.5513784885406 19.871171177734734 30.30351191087575 13.037424002387548 20.609132904069046 40.396511893465124 23.36460341611026 29.745010793894995
0.9373008659214079 2041.209359525368 0.3684210526315789 1.1724207892958327 2768.3027513438087 0.5384615384615384 t_move_k 100 2867.1908519268036 20.762459465957388 30.30351191087575 13.037424002387548 20.609132904069046 40.396511893465124 23.36460341611026 29.745010793894995
0.9373008659214079 2041.209359525368 0.3684210526315789 1.2172670081421713 2879.826638162919 0.5294117647058824 t_multiswap_k 100 2893.9230546951294 20.762459465957388 30.30351191087575 13.037424002387548 20.609132904069046 40.396511893465124 23.36460341611026 30.537560685956045
0.9373008659214079 2041.209359525368 0.3684210526315789 1.1754400725395486 2770.284861100949 0.5294117647058824 t_multiswap_k 100 2920.3384120464325 20.762459465957388 30.30351191087575 13.037424002387548 20.609132904069046 40.396511893465124 23.36460341611026 31.412185079096485
0.9373008659214079 2041.209359525368 0.3684210526315789 1.1930200940070215 2777.8120275450856 0.47058823529411764 t_multiswap_k 100 2945.175883769989 20.762459465957388 30.30351191087575 13.037424002387548 20.609132904069046 40.396511893465124 23.36460341611026 32.19806322830552
0.9373008659214079 2041.209359525368 0.3684210526315789 1.4266249982988615 3374.403937954838 0.4473684210526316 f_swap_t 100 2978.420140028 20.762459465957388 30.30351191087575 13.037424002387548 21.593041575028355 40.396511893465124 23.36460341611026 32.19806322830552
0.9373008659214079 2041.209359525368 0.3684210526315789 1.325030608310481 3150.4081966086183 0.5116279069767442 t_multiswap_k 100 3005.796371459961 20.762459465957388 30.30351191087575 13.037424002387548 21.593041575028355 40.396511893465124 23.36460341611026 33.05608259602246
0.9373008659214079 2041.209359525368 0.3684210526315789 1.2742740883892145 3017.4804716975873 0.5116279069767442 t_multiswap_k 100 3025.195147037506 20.762459465957388 30.30351191087575 13.037424002387548 21.593041575028355 40.396511893465124 23.36460341611026 33.81552177006224
0.9373008659214079 2041.209359525368 0.3684210526315789 1.282650857580036 3039.4186359446235 0.5116279069767442 t_move_k 100 3060.4888803958893 21.714834871297814 30.30351191087575 13.037424002387548 21.593041575028355 40.396511893465124 23.36460341611026 33.81552177006224
0.9373008659214079 2041.209359525368 0.3684210526315789 1.2733704929556033 2982.318843318812 0.46153846153846156 t_multiswap_k 100 3085.009037256241 21.714834871297814 30.30351191087575 13.037424002387548 21.593041575028355 40.396511893465124 23.36460341611026 34.60736655236162
0.9373008659214079 2041.209359525368 0.3684210526315789 1.2259791144217034 2858.2041849718503 0.46153846153846156 t_move_k 100 3129.3943326473236 22.527686522584837 30.30351191087575 13.037424002387548 21.593041575028355 40.396511893465124 23.36460341611026 34.60736655236162
0.9373008659214079 2041.209359525368 0.3684210526315789 1.2657510321050043 2949.4801967310173 0.4418604651162791 t_move_k 100 3157.234997034073 23.46240965735899 30.30351191087575 13.037424002387548 21.593041575028355 40.396511893465124 23.36460341611026 34.60736655236162
0.9373008659214079 2041.209359525368 0.3684210526315789 1.2779861295768167 2996.7493807621972 0.46511627906976744 t_swap_k 100 3192.3160507678986 23.46240965735899 30.30351191087575 14.017049762363673 21.593041575028355 40.396511893465124 23.36460341611026 34.60736655236162
0.9373008659214079 2041.209359525368 0.3684210526315789 1.2503859147614702 2954.9190396383874 0.5116279069767442 t_multiswap_k 100 3216.6075716018677 23.46240965735899 30.30351191087575 14.017049762363673 21.593041575028355 40.396511893465124 23.36460341611026 35.381292886838004
0.9373008659214079 2041.209359525368 0.3684210526315789 1.3057610076099355 3031.7498839559685 0.5263157894736842 swap_t 100 3244.8825504779816 23.46240965735899 30.30351191087575 14.017049762363673 21.593041575028355 41.01254677453047 23.36460341611026 35.381292886838004
0.9373008659214079 2041.209359525368 0.3684210526315789 1.270651116258638 2986.7211697142275 0.5116279069767442 swap_t 100 3274.1956055164337 23.46240965735899 30.30351191087575 14.017049762363673 21.593041575028355 41.63242130678517 23.36460341611026 35.381292886838004
0.9373008659214079 2041.209359525368 0.3684210526315789 1.3415411450983423 3193.6481211675655 0.5116279069767442 swap_t 100 3289.0433070659637 23.46240965735899 30.30351191087575 14.017049762363673 21.593041575028355 42.34609709371732 23.36460341611026 35.381292886838004
0.9373008659214079 2041.209359525368 0.3684210526315789 1.2566814808549729 2956.1803488847227 0.4883720930232558 t_multiswap_k 100 3320.157944917679 23.46240965735899 30.30351191087575 14.017049762363673 21.593041575028355 42.34609709371732 23.36460341611026 36.14747995796962
0.9373008659214079 2041.209359525368 0.3684210526315789 1.223332912488507 2895.712811319336 0.5294117647058824 t_multiswap_k 100 3346.2010695934296 23.46240965735899 30.30351191087575 14.017049762363673 21.593041575028355 42.34609709371732 23.36460341611026 36.88600515838993
0.9373008659214079 2041.209359525368 0.3684210526315789 1.2107277256685876 2862.7007212735725 0.5294117647058824 t_swap_k 100 3391.161705493927 23.46240965735899 30.30351191087575 14.946879264740035 21.593041575028355 42.34609709371732 23.36460341611026 36.88600515838993
0.9373008659214079 2041.209359525368 0.3684210526315789 1.1970519328769396 2860.920119895385 0.5813953488372093 t_swap_k 100 3428.572266817093 23.46240965735899 30.30351191087575 15.887410472092634 21.593041575028355 42.34609709371732 23.36460341611026 36.88600515838993
0.9373008659214079 2041.209359525368 0.3684210526315789 1.1841982037924728 2827.257115290827 0.5813953488372093 t_multiswap_k 100 3452.9559288024902 23.46240965735899 30.30351191087575 15.887410472092634 21.593041575028355 42.34609709371732 23.36460341611026 37.54714510680603
0.9373008659214079 2041.209359525368 0.3684210526315789 1.197558894469194 2770.8898259410344 0.4418604651162791 t_multiswap_k 100 3501.8933503627777 23.46240965735899 30.30351191087575 15.887410472092634 21.593041575028355 42.34609709371732 23.36460341611026 38.331673655737966
0.9373008659214079 2041.209359525368 0.3684210526315789 1.168169899950941 2709.148465941424 0.46511627906976744 t_move_k 100 3533.623470544815 24.447785560785398 30.30351191087575 15.887410472092634 21.593041575028355 42.34609709371732 23.36460341611026 38.331673655737966
0.9373008659214079 2041.209359525368 0.3684210526315789 1.1612222253030036 2690.9529989195535 0.46511627906976744 swap_t 100 3565.3723945617676 24.447785560785398 30.30351191087575 15.887410472092634 21.593041575028355 42.92263612278015 23.36460341611026 38.331673655737966
0.9373008659214079 2041.209359525368 0.3684210526315789 1.1887090222177632 2747.712638341081 0.4418604651162791 t_move_k 100 3595.422464609146 25.423307705177542 30.30351191087575 15.887410472092634 21.593041575028355 42.92263612278015 23.36460341611026 38.331673655737966
0.9373008659214079 2041.209359525368 0.3684210526315789 1.1598434689615977 2687.342133872973 0.46511627906976744 t_move_k 100 3635.4655537605286 26.299074628125766 30.30351191087575 15.887410472092634 21.593041575028355 42.92263612278015 23.36460341611026 38.331673655737966