10
4 100 5 200

Solution history:
B_obj   B_dis   B_sim   C_obj   C_dis   C_sim   neighbor   iterations   time   scores
1.0294061290793026 2041.209359525368 0.0 1.0294061290793026 2041.209359525368 0.0 0 0 0 3.0 3.0 3.0 3.0 3.0 3.0 3.0
1.0294061290793026 2041.209359525368 0.0 1.0294061290793026 2041.209359525368 0.0 t_multiswap_k 100 27.078426837921143 3.0 3.0 3.0 3.0 3.0 3.0 3.9699999999999998
1.0294061290793026 2041.209359525368 0.0 1.0294061290793026 2041.209359525368 0.0 t_multiswap_k 100 38.22622036933899 3.0 3.0 3.0 3.0 3.0 3.0 4.9303
1.0244061290793027 2041.209359525368 0.02 1.0244061290793027 2041.209359525368 0.02 t_swap_r_k 12 47.296600341796875 3.0 3.0 3.0 3.0 3.0 4.333333333333333 4.9303
1.0244061290793027 2041.209359525368 0.02 1.024860674533848 2041.209359525368 0.01818181818181818 t_swap_r_k 100 97.73737454414368 3.0 3.0 3.0 3.0 3.0 5.33 4.9303
1.0244061290793027 2041.209359525368 0.02 1.0294061290793026 2041.209359525368 0.0 t_swap_r_k 100 153.07250952720642 3.0 3.0 3.0 3.0 3.0 6.3167 4.9303
1.0244061290793027 2041.209359525368 0.02 1.0294061290793026 2041.209359525368 0.0 move_t 100 177.1651701927185 3.0 3.9699999999999998 3.0 3.0 3.0 6.3167 4.9303
1.0244061290793027 2041.209359525368 0.02 1.0294061290793026 2041.209359525368 0.0 t_swap_k 100 229.98804092407227 3.0 3.9699999999999998 3.9699999999999998 3.0 3.0 6.3167 4.9303
1.0244061290793027 2041.209359525368 0.02 1.0244061290793027 2041.209359525368 0.02 t_swap_r_k 100 279.3541488647461 3.0 3.9699999999999998 3.9699999999999998 3.0 3.0 7.323533 4.9303
1.0244061290793027 2041.209359525368 0.02 1.0244061290793027 2041.209359525368 0.02 t_multiswap_k 100 293.1118338108063 3.0 3.9699999999999998 3.9699999999999998 3.0 3.0 7.323533 5.880997
1.0244061290793027 2041.209359525368 0.02 1.0244061290793027 2041.209359525368 0.02 t_swap_r_k 100 348.6055040359497 3.0 3.9699999999999998 3.9699999999999998 3.0 3.0 8.290297670000001 5.880997
1.0244061290793027 2041.209359525368 0.02 1.0244061290793027 2041.209359525368 0.02 swap_t 100 377.33453464508057 3.0 3.9699999999999998 3.9699999999999998 3.0 3.9699999999999998 8.290297670000001 5.880997
1.0244061290793027 2041.209359525368 0.02 1.0244061290793027 2041.209359525368 0.02 t_swap_k 100 402.9104676246643 3.0 3.9699999999999998 4.9303 3.0 3.9699999999999998 8.290297670000001 5.880997
1.0244061290793027 2041.209359525368 0.02 1.0944313206921623 2211.505723350337 0.0 f_swap_t 100 434.45552039146423 3.0 3.9699999999999998 4.9303 4.05 3.9699999999999998 8.290297670000001 5.880997
1.0244061290793027 2041.209359525368 0.02 1.0684533655150112 2143.4713016662654 0.0 t_swap_r_k 100 481.904855966568 3.0 3.9699999999999998 4.9303 4.05 3.9699999999999998 9.2473946933 5.880997
1.0244061290793027 2041.209359525368 0.02 1.084905784327987 2186.559019371986 0.0 t_swap_k 100 529.1541669368744 3.0 3.9699999999999998 5.920997 4.05 3.9699999999999998 9.2473946933 5.880997
1.0244061290793027 2041.209359525368 0.02 1.1944884984218838 2473.5483735805356 0.0 t_swap_k 100 562.0448288917542 3.0 3.9699999999999998 6.93178703 4.05 3.9699999999999998 9.2473946933 5.880997
1.0244061290793027 2041.209359525368 0.02 1.1539024701925464 2367.2564448969015 0.0 t_swap_k 100 597.8607695102692 3.0 3.9699999999999998 7.8924691597 4.05 3.9699999999999998 9.2473946933 5.880997
1.0244061290793027 2041.209359525368 0.02 1.1315422004312654 2308.696484671602 0.0 t_multiswap_k 100 626.4439311027527 3.0 3.9699999999999998 7.8924691597 4.05 3.9699999999999998 9.2473946933 6.82218703
1.0244061290793027 2041.209359525368 0.02 1.1265922894482978 2307.637241954654 0.01818181818181818 t_multiswap_k 100 643.0732958316803 3.0 3.9699999999999998 7.8924691597 4.05 3.9699999999999998 9.2473946933 7.7839651597
1.0244061290793027 2041.209359525368 0.02 1.125389182034465 2302.654970066759 0.015384615384615385 t_swap_r_k 100 680.8746910095215 3.0 3.9699999999999998 7.8924691597 4.05 3.9699999999999998 10.194920746367 7.7839651597
1.0244061290793027 2041.209359525368 0.02 1.125389182034465 2302.654970066759 0.015384615384615385 t_swap_r_k 100 730.049567937851 3.0 3.9699999999999998 7.8924691597 4.05 3.9699999999999998 11.13297153890333 7.7839651597
1.0244061290793027 2041.209359525368 0.02 1.125389182034465 2302.654970066759 0.015384615384615385 t_multiswap_k 100 740.5709638595581 3.0 3.9699999999999998 7.8924691597 4.05 3.9699999999999998 11.13297153890333 8.706125508103
1.0244061290793027 2041.209359525368 0.02 1.1233530249483308 2287.2496150372713 0.0 t_multiswap_k 100 762.6114370822906 3.0 3.9699999999999998 7.8924691597 4.05 3.9699999999999998 11.13297153890333 9.67906425302197
1.0244061290793027 2041.209359525368 0.02 1.1319005114288443 2309.6348757550063 0.0 t_swap_k 100 792.2034537792206 3.0 3.9699999999999998 8.853544468103 4.05 3.9699999999999998 11.13297153890333 9.67906425302197
1.0244061290793027 2041.209359525368 0.02 1.1249271996340564 2291.3722668642804 0.0 t_swap_r_k 100 838.8719463348389 3.0 3.9699999999999998 8.853544468103 4.05 3.9699999999999998 12.061641823514297 9.67906425302197
1.0244061290793027 2041.209359525368 0.02 1.1800953398267018 2435.8537122974326 0.0 f_swap_t 100 886.4293653964996 3.0 3.9699999999999998 8.853544468103 5.0595 3.9699999999999998 12.061641823514297 9.67906425302197
1.0244061290793027 2041.209359525368 0.02 1.1675023346731168 2402.87352517161 0.0 t_multiswap_k 100 904.3823351860046 3.0 3.9699999999999998 8.853544468103 5.0595 3.9699999999999998 12.061641823514297 10.62227361049175
1.0244061290793027 2041.209359525368 0.02 1.2379946535752246 2560.8620685679457 0.01818181818181818 swap_t 100 943.2945716381073 3.0 3.9699999999999998 8.853544468103 5.0595 5.0203 12.061641823514297 10.62227361049175
1.0244061290793027 2041.209359525368 0.02 1.2032995837422673 2505.353744486772 0.013333333333333332 t_swap_k 100 985.8584916591644 3.0 3.9699999999999998 9.82500902342197 5.0595 5.0203 12.061641823514297 10.62227361049175
1.0244061290793027 2041.209359525368 0.02 1.2370546798403512 2598.1208282813354 0.02 t_multiswap_k 100 1015.7434577941895 3.0 3.9699999999999998 9.82500902342197 5.0595 5.0203 12.061641823514297 11.606050874386831
1.0244061290793027 2041.209359525368 0.02 1.2310524661283924 2587.4267760613457 0.02 move_t 100 1049.4327642917633 3.0 5.000299999999999 9.82500902342197 5.0595 5.0203 12.061641823514297 11.606050874386831
1.0244061290793027 2041.209359525368 0.02 1.2078587704812553 2537.400561017845 0.01818181818181818 move_t 100 1078.3878135681152 3.0 6.010297 9.82500902342197 5.0595 5.0203 12.061641823514297 11.606050874386831
1.0244061290793027 2041.209359525368 0.02 1.1883516684370783 2466.206214735643 0.013333333333333332 swap_t 100 1101.3222699165344 3.0 6.010297 9.82500902342197 5.0595 6.030097 12.061641823514297 11.606050874386831
1.0244061290793027 2041.209359525368 0.02 1.1829342470944597 2462.565552491971 0.013333333333333332 swap_t 100 1120.1952095031738 3.0 6.010297 9.82500902342197 5.0595 6.99979603 12.061641823514297 11.606050874386831
1.0244061290793027 2041.209359525368 0.02 1.1795063282456266 2446.2153557436545 0.01818181818181818 f_swap_t 100 1160.9004023075104 3.0 6.010297 9.82500902342197 6.008905 6.99979603 12.061641823514297 11.606050874386831
1.0244061290793027 2041.209359525368 0.02 1.1795063282456266 2446.2153557436545 0.01818181818181818 t_multiswap_k 100 1192.485034942627 3.0 6.010297 9.82500902342197 6.008905 6.99979603 12.061641823514297 12.489990365642964
1.0244061290793027 2041.209359525368 0.02 1.1790517827910811 2446.2153557436545 0.02 t_swap_r_k 100 1237.2044591903687 3.0 6.010297 9.82500902342197 6.008905 6.99979603 13.011025405279154 12.489990365642964
1.0244061290793027 2041.209359525368 0.02 1.1578638285313838 2390.7256066507402 0.02 t_swap_k 100 1286.1317913532257 3.0 6.010297 10.87675893318775 6.008905 6.99979603 13.011025405279154 12.489990365642964
1.0244061290793027 2041.209359525368 0.02 1.1537207807491077 2378.6848361253965 0.01818181818181818 t_multiswap_k 100 1308.6784973144531 3.0 6.010297 10.87675893318775 6.008905 6.99979603 13.011025405279154 13.395090461986534
1.0244061290793027 2041.209359525368 0.02 1.1521522677450278 2374.577011840967 0.01818181818181818 t_swap_r_k 100 1356.2764956951141 3.0 6.010297 10.87675893318775 6.008905 6.99979603 13.920915151226362 13.395090461986534
1.0244061290793027 2041.209359525368 0.02 1.1516977222904825 2374.577011840967 0.02 t_multiswap_k 100 1386.643103837967 3.0 6.010297 10.87675893318775 6.008905 6.99979603 13.920915151226362 14.261139557366668
1.0244061290793027 2041.209359525368 0.02 1.194130092433638 2485.70437901393 0.02 t_multiswap_k 100 1416.8746905326843 3.0 6.010297 10.87675893318775 6.008905 6.99979603 13.920915151226362 15.278528161793002
1.0244061290793027 2041.209359525368 0.02 1.2764774107657884 2688.2715185619304 0.0 swap_t 100 1448.002242565155 3.0 6.010297 10.87675893318775 6.008905 8.0497980697 13.920915151226362 15.278528161793002
1.0244061290793027 2041.209359525368 0.02 1.2548438181799395 2631.614674307245 0.0 t_move_k 100 1495.5775744915009 4.07 6.010297 10.87675893318775 6.008905 8.0497980697 13.920915151226362 15.278528161793002
1.0244061290793027 2041.209359525368 0.02 1.2613649099861493 2648.6929511292187 0.0 t_multiswap_k 100 1537.6073579788208 4.07 6.010297 10.87675893318775 6.008905 8.0497980697 13.920915151226362 16.205742880175073
1.0244061290793027 2041.209359525368 0.02 1.2524425752567123 2625.3259894399916 0.0 f_swap_t 100 1593.4900209903717 4.07 6.010297 10.87675893318775 6.98881595 8.0497980697 13.920915151226362 16.205742880175073
1.0244061290793027 2041.209359525368 0.02 1.221980932561034 2545.5491082261033 0.0 t_multiswap_k 100 1628.8848242759705 4.07 6.010297 10.87675893318775 6.98881595 8.0497980697 13.920915151226362 17.103685451373323
1.0244061290793027 2041.209359525368 0.02 1.2338772856294273 2576.7048129626155 0.0 t_multiswap_k 100 1655.1731803417206 4.07 6.010297 10.87675893318775 6.98881595 8.0497980697 13.920915151226362 18.01264859685959
1.0244061290793027 2041.209359525368 0.02 1.3130236869364174 2783.9836231913982 0.0 t_swap_k 100 1692.1135957241058 4.07 6.010297 11.807991343855873 6.98881595 8.0497980697 13.920915151226362 18.01264859685959
1.0244061290793027 2041.209359525368 0.02 1.2812867240462693 2700.866768861801 0.0 move_t 100 1732.442174911499 4.07 7.07019403 11.807991343855873 6.98881595 8.0497980697 13.920915151226362 18.01264859685959
1.0244061290793027 2041.209359525368 0.02 1.2675663309538552 2664.9340327032005 0.0 move_t 100 1762.1748216152191 4.07 8.0294920897 11.807991343855873 6.98881595 8.0497980697 13.920915151226362 18.01264859685959
1.0244061290793027 2041.209359525368 0.02 1.2376580100167827 2586.6062619214167 0.0 t_multiswap_k 100 1797.778885602951 4.07 8.0294920897 11.807991343855873 6.98881595 8.0497980697 13.920915151226362 18.922522110890995
1.0244061290793027 2041.209359525368 0.02 1.2243672415483722 2551.7986821747045 0.0 move_t 100 1825.59845662117 4.07 8.949197168803 11.807991343855873 6.98881595 8.0497980697 13.920915151226362 18.922522110890995
1.0244061290793027 2041.209359525368 0.02 1.2156493041414669 2528.9670225728582 0.0 t_multiswap_k 100 1861.4510416984558 4.07 8.949197168803 11.807991343855873 6.98881595 8.0497980697 13.920915151226362 19.793296889782084
1.0244061290793027 2041.209359525368 0.02 1.208868842679447 2511.2094750224874 0.0 f_swap_t 100 1913.6770603656769 4.07 8.949197168803 11.807991343855873 7.9189277905 8.0497980697 13.920915151226362 19.793296889782084
1.0244061290793027 2041.209359525368 0.02 1.2074789627568352 2507.5694781058573 0.0 t_swap_r_k 100 1948.5150957107544 4.07 8.949197168803 11.807991343855873 7.9189277905 8.0497980697 14.821705999714098 19.793296889782084
1.0244061290793027 2041.209359525368 0.02 1.2074789627568352 2507.5694781058573 0.0 t_swap_r_k 100 2006.3724637031555 4.07 8.949197168803 11.807991343855873 7.9189277905 8.0497980697 15.713488939716957 19.793296889782084
1.0244061290793027 2041.209359525368 0.02 1.2028204502193647 2495.369164253843 0.0 t_multiswap_k 100 2050.6626987457275 4.07 8.949197168803 11.807991343855873 7.9189277905 8.0497980697 15.713488939716957 20.625363920884265
1.0244061290793027 2041.209359525368 0.02 1.1961559699222142 2477.9153631463437 0.0 t_multiswap_k 100 2074.8391103744507 4.07 8.949197168803 11.807991343855873 7.9189277905 8.0497980697 15.713488939716957 21.449110281675424
1.0244061290793027 2041.209359525368 0.02 1.2231104631567176 2548.507268725178 0.0 t_swap_k 100 2119.8047444820404 4.07 8.949197168803 12.699911430417314 7.9189277905 8.0497980697 15.713488939716957 21.449110281675424
1.0244061290793027 2041.209359525368 0.02 1.2150798538484666 2527.475672653363 0.0 t_swap_r_k 100 2168.7351496219635 4.07 8.949197168803 12.699911430417314 7.9189277905 8.0497980697 16.596354050319786 21.449110281675424
1.0244061290793027 2041.209359525368 0.02 1.2643353576160101 2656.4723427426957 0.0 move_t 100 2225.2505168914795 4.07 9.91970519711497 12.699911430417314 7.9189277905 8.0497980697 16.596354050319786 21.449110281675424
1.0244061290793027 2041.209359525368 0.02 1.2536467744068565 2628.4797015860718 0.0 t_swap_r_k 100 2275.7473323345184 4.07 9.91970519711497 12.699911430417314 7.9189277905 8.0497980697 17.47039050981659 21.449110281675424
1.0244061290793027 2041.209359525368 0.02 1.2380294156953595 2587.578947045394 0.0 t_multiswap_k 100 2297.5794775485992 4.07 9.91970519711497 12.699911430417314 7.9189277905 8.0497980697 17.47039050981659 22.32461917885867
1.0244061290793027 2041.209359525368 0.02 1.2287036442231294 2563.155413147351 0.0 t_swap_r_k 100 2346.8647067546844 4.07 9.91970519711497 12.699911430417314 7.9189277905 8.0497980697 18.335686604718422 22.32461917885867
1.0244061290793027 2041.209359525368 0.02 1.2525159527253489 2625.5181598248155 0.0 move_t 100 2386.7567477226257 4.07 11.060508145143821 12.699911430417314 7.9189277905 8.0497980697 18.335686604718422 22.32461917885867
1.0244061290793027 2041.209359525368 0.02 1.3160564980802956 2763.306089141505 0.0 swap_t 100 2432.277824163437 4.07 11.060508145143821 12.699911430417314 7.9189277905 8.999300089003 18.335686604718422 22.32461917885867
1.0244061290793027 2041.209359525368 0.02 1.2938223476972415 2733.696677903033 0.0 move_t 100 2475.8811268806458 4.07 12.099903063692382 12.699911430417314 7.9189277905 8.999300089003 18.335686604718422 22.32461917885867
1.0244061290793027 2041.209359525368 0.02 1.2618837740331168 2663.146464549655 0.02 t_swap_r_k 100 2514.525459766388 4.07 12.099903063692382 12.699911430417314 7.9189277905 8.999300089003 19.222329738671238 22.32461917885867
1.0244061290793027 2041.209359525368 0.02 1.291462990806786 2740.612334874753 0.02 t_move_k 100 2563.2376189231873 5.1893 12.099903063692382 12.699911430417314 7.9189277905 8.999300089003 19.222329738671238 22.32461917885867
1.0244061290793027 2041.209359525368 0.02 1.3220767037680279 2807.6928320353845 0.0 f_swap_t 100 2610.727963924408 5.1893 12.099903063692382 12.699911430417314 8.959738512594999 8.999300089003 19.222329738671238 22.32461917885867
1.0244061290793027 2041.209359525368 0.02 1.2909808532579328 2738.159228538902 0.01818181818181818 t_swap_r_k 100 2636.405490398407 5.1893 12.099903063692382 12.699911430417314 8.959738512594999 8.999300089003 20.100106441284527 22.32461917885867
1.0244061290793027 2041.209359525368 0.02 1.2561471013460104 2646.932103453302 0.01818181818181818 t_multiswap_k 100 2660.9379386901855 5.1893 12.099903063692382 12.699911430417314 8.959738512594999 8.999300089003 20.100106441284527 23.221372987070083
1.0244061290793027 2041.209359525368 0.02 1.286732511446409 2715.1288997283905 0.0 move_t 100 2693.1223928928375 5.1893 13.268904033055458 12.699911430417314 8.959738512594999 8.999300089003 20.100106441284527 23.221372987070083
1.0244061290793027 2041.209359525368 0.02 1.2855545560067176 2720.7736815252865 0.013333333333333332 t_move_k 100 2727.797996520996 6.207407 13.268904033055458 12.699911430417314 8.959738512594999 8.999300089003 20.100106441284527 23.221372987070083
1.0244061290793027 2041.209359525368 0.02 1.2676026895924064 2678.123898688834 0.02 t_swap_r_k 100 2767.0980699062347 6.207407 13.268904033055458 12.699911430417314 8.959738512594999 8.999300089003 20.939105376871684 23.221372987070083
1.0244061290793027 2041.209359525368 0.02 1.2544347619815053 2642.4476081342304 0.01818181818181818 t_multiswap_k 100 2788.122680902481 6.207407 13.268904033055458 12.699911430417314 8.959738512594999 8.999300089003 20.939105376871684 24.079159257199382
1.0244061290793027 2041.209359525368 0.02 1.2432969047650912 2610.7274452981887 0.014285714285714285 t_swap_r_k 100 2830.4051740169525 6.207407 13.268904033055458 12.699911430417314 8.959738512594999 8.999300089003 21.799714323102968 24.079159257199382
1.0244061290793027 2041.209359525368 0.02 1.2373212889349037 2598.8190585862185 0.02 t_swap_r_k 100 2881.4843702316284 6.207407 13.268904033055458 12.699911430417314 8.959738512594999 8.999300089003 22.62171717987194 24.079159257199382
1.0244061290793027 2041.209359525368 0.02 1.2899769568506847 2736.720517365761 0.02 t_multiswap_k 100 2902.6123428344727 6.207407 13.268904033055458 12.699911430417314 8.959738512594999 8.999300089003 22.62171717987194 24.95836766462739
1.0244061290793027 2041.209359525368 0.02 1.2481289788471592 2627.1236317486137 0.02 t_move_k 100 2942.0235693454742 7.21533293 13.268904033055458 12.699911430417314 8.959738512594999 8.999300089003 22.62171717987194 24.95836766462739
1.0244061290793027 2041.209359525368 0.02 1.3008742137114289 2765.2596600121997 0.02 t_move_k 100 2988.68874335289 8.3931796007 13.268904033055458 12.699911430417314 8.959738512594999 8.999300089003 22.62171717987194 24.95836766462739
1.0244061290793027 2041.209359525368 0.02 1.2565750406238512 2649.2432683622983 0.02 t_multiswap_k 100 3021.8994476795197 8.3931796007 13.268904033055458 12.699911430417314 8.959738512594999 8.999300089003 22.62171717987194 25.858783987981116
1.0244061290793027 2041.209359525368 0.02 1.2410970798477092 2608.707587125164 0.02 t_swap_r_k 100 3078.256330013275 8.3931796007 13.268904033055458 12.699911430417314 8.959738512594999 8.999300089003 23.43550000807322 25.858783987981116
1.0244061290793027 2041.209359525368 0.02 1.2735130926210836 2693.6028249258584 0.02 t_move_k 100 3113.8790102005005 9.539247804693 13.268904033055458 12.699911430417314 8.959738512594999 8.999300089003 23.43550000807322 25.858783987981116
1.0244061290793027 2041.209359525368 0.02 1.3095937167328875 2775.000774556876 0.0 f_swap_t 100 3162.376472711563 9.539247804693 13.268904033055458 12.699911430417314 9.94014112746905 8.999300089003 23.43550000807322 25.858783987981116
1.0244061290793027 2041.209359525368 0.02 1.3532899667514062 2891.837516349767 0.0 swap_t 100 3189.254446744919 9.539247804693 13.268904033055458 12.699911430417314 9.94014112746905 10.069307088112971 23.43550000807322 25.858783987981116
1.0244061290793027 2041.209359525368 0.02 1.3185383778764708 2798.4262075408747 0.0 t_swap_k 100 3233.910130262375 9.539247804693 13.268904033055458 13.602912316113141 9.94014112746905 10.069307088112971 23.43550000807322 25.858783987981116
1.0244061290793027 2041.209359525368 0.02 1.3593773206200275 2905.3805013950187 0.0 f_swap_t 100 3287.5146355628967 9.539247804693 13.268904033055458 13.602912316113141 10.930739716194358 10.069307088112971 23.43550000807322 25.858783987981116
1.0244061290793027 2041.209359525368 0.02 1.3204491745957767 2803.430448593232 0.0 t_swap_k 100 3329.910439968109 9.539247804693 13.268904033055458 14.49688319295201 10.930739716194358 10.069307088112971 23.43550000807322 25.858783987981116
1.0244061290793027 2041.209359525368 0.02 1.3089516827264749 2773.3193330411787 0.0 t_move_k 100 3359.5689890384674 10.47385532664607 13.268904033055458 14.49688319295201 10.930739716194358 10.069307088112971 23.43550000807322 25.858783987981116
1.0244061290793027 2041.209359525368 0.02 1.297018936986491 2753.340440437188 0.0 swap_t 100 3394.1400015354156 10.47385532664607 13.268904033055458 14.49688319295201 10.930739716194358 11.028614017231842 23.43550000807322 25.858783987981116
1.0244061290793027 2041.209359525368 0.02 1.330797427253537 2830.531788179445 0.0 move_t 100 3418.6751692295074 10.47385532664607 14.256214992724903 14.49688319295201 10.930739716194358 11.028614017231842 23.43550000807322 25.858783987981116
1.0244061290793027 2041.209359525368 0.02 1.3109499950787344 2778.552771327718 0.0 t_swap_r_k 100 3462.730380296707 10.47385532664607 14.256214992724903 14.49688319295201 10.930739716194358 11.028614017231842 24.241145007992486 25.858783987981116
1.0244061290793027 2041.209359525368 0.02 1.3180581661242403 2797.1685670289057 0.0 f_swap_t 100 3515.172575712204 10.47385532664607 14.256214992724903 14.49688319295201 11.891432319032415 11.028614017231842 24.241145007992486 25.858783987981116
1.0244061290793027 2041.209359525368 0.02 1.3153611603083672 2790.105300127788 0.0 t_swap_k 100 3555.7468152046204 10.47385532664607 14.256214992724903 15.49191436102249 11.891432319032415 11.028614017231842 24.241145007992486 25.858783987981116
1.0244061290793027 2041.209359525368 0.02 1.3029227907949346 2757.530092773381 0.0 t_swap_r_k 100 3589.5591893196106 10.47385532664607 14.256214992724903 15.49191436102249 11.891432319032415 11.028614017231842 25.03873355791256 25.858783987981116
1.0244061290793027 2041.209359525368 0.02 1.3037902686538025 2759.8019557452494 0.0 f_swap_t 100 3646.25750374794 10.47385532664607 14.256214992724903 15.49191436102249 12.87251799584209 11.028614017231842 25.03873355791256 25.858783987981116
1.0244061290793027 2041.209359525368 0.02 1.279663463622612 2696.6155649693833 0.0 move_t 100 3672.932846546173 10.47385532664607 15.173652842797654 15.49191436102249 12.87251799584209 11.028614017231842 25.03873355791256 25.858783987981116