1
3 51 2 160

699.9420712391357

584.6934988482703
30.078125
4 500 7200 7200
0 0 0 4 1

Assigned customers matrix:
Vehicle 0:
0 46 5 49 10 30 34 39 33 45 15 37 0 0 0 0 0 0 0 0 0 0
0 27 48 23 24 14 25 13 12 0 0 0 0 0 0 0 0 0 0 0 0 0

Vehicle 1:
0 51 0 0 0 0 0 0 0 0 0 0 0 0 0 0 0 0 0 0 0 0
0 11 38 9 50 21 29 20 35 36 3 22 1 0 0 0 0 0 0 0 0 0

Vehicle 2:
0 32 2 16 28 31 8 26 7 43 6 0 0 0 0 0 0 0 0 0 0 0
0 47 4 17 44 42 19 41 40 18 0 0 0 0 0 0 0 0 0 0 0 0

Transported demand matrix:
160 159
160 151
157 150

Routes distance matrix:
117.13663061634472 100.57033293003094
0.0 115.16493423082733
138.18351708640188 113.63808398466551