2
3 50 5 160

1806.0337130867758

1546.3002991770552
93.09375
4 500 7200 7200
17 5 4 3 0

Assigned customers matrix:
Vehicle 0:
0 12 41 40 0 0 0 0 0 0 0 0 0 0 0 0 0 0 0 0 0 0
0 12 4 41 15 33 39 30 9 38 0 0 0 0 0 0 0 0 0 0 0 0
0 12 17 44 42 19 41 13 14 6 0 0 0 0 0 0 0 0 0 0 0 0
0 12 38 9 30 10 39 33 45 41 0 0 0 0 0 0 0 0 0 0 0 0
0 46 12 37 44 42 41 13 14 6 0 0 0 0 0 0 0 0 0 0 0 0

Vehicle 1:
0 27 48 23 24 25 18 0 0 0 0 0 0 0 0 0 0 0 0 0 0 0
0 18 25 43 7 8 31 28 22 0 0 0 0 0 0 0 0 0 0 0 0 0
0 27 48 23 25 18 47 0 0 0 0 0 0 0 0 0 0 0 0 0 0 0
0 18 25 43 7 26 8 31 28 0 0 0 0 0 0 0 0 0 0 0 0 0
0 47 18 25 0 0 0 0 0 0 0 0 0 0 0 0 0 0 0 0 0 0

Vehicle 2:
0 1 2 20 3 34 49 5 0 0 0 0 0 0 0 0 0 0 0 0 0 0
0 2 20 35 29 34 50 16 11 0 0 0 0 0 0 0 0 0 0 0 0 0
0 32 2 20 3 34 49 5 0 0 0 0 0 0 0 0 0 0 0 0 0 0
0 11 16 34 21 35 36 20 2 0 0 0 0 0 0 0 0 0 0 0 0 0
0 32 2 20 34 0 0 0 0 0 0 0 0 0 0 0 0 0 0 0 0 0

Transported demand matrix:
63 157 156 153 158
127 155 142 154 94
146 151 151 149 96

Routes distance matrix:
88.15417521503937 129.2737357540573 99.81089501660193 138.60577189817994 99.48729808604418
75.23668265174265 124.50186344038879 75.52224453381825 127.9657574909352 51.763371529084495
114.71036505629009 105.05926473504232 109.85035844097867 115.81669153258284 90.54182379626941