4
5 75 2 140

1191.564504632046

963.7173081641654
188.265625
4 500 7200 7200
0 2 2 12 1

Assigned customers matrix:
Vehicle 0:
0 68 63 42 64 22 61 28 62 73 0 0 0 0 0 0 0 0 0 0
0 75 26 10 31 25 55 18 44 0 0 0 0 0 0 0 0 0 0 0

Vehicle 1:
0 4 1 43 41 56 23 33 0 0 0 0 0 0 0 0 0 0 0 0
0 30 74 21 69 71 60 70 20 5 0 0 0 0 0 0 0 0 0 0

Vehicle 2:
0 17 3 32 9 39 72 58 0 0 0 0 0 0 0 0 0 0 0 0
0 67 46 45 29 47 2 0 0 0 0 0 0 0 0 0 0 0 0 0

Vehicle 3:
0 12 38 65 66 59 35 8 0 0 0 0 0 0 0 0 0 0 0 0
0 34 52 27 19 14 53 7 0 0 0 0 0 0 0 0 0 0 0 0

Vehicle 4:
0 6 51 16 49 24 50 40 0 0 0 0 0 0 0 0 0 0 0 0
0 48 36 37 15 57 13 54 11 0 0 0 0 0 0 0 0 0 0 0

Transported demand matrix:
140 140
140 138
126 136
136 138
137 133

Routes distance matrix:
119.16800620552658 122.26602902915302
93.3398394145933 102.06144126333768
69.50031825193503 71.44394882175122
100.16653892717247 72.99217831388935
86.01925227680984 126.75975565999698