5
6 75 5 140

2803.066737056107

2443.330791269967
160.71875
4 500 7200 7200
10 1 11 1 0

Assigned customers matrix:
Vehicle 0:
0 21 69 36 60 70 20 37 67 0 0 0 0 0 0 0 0 0 0 0
0 67 45 29 21 30 2 0 0 0 0 0 0 0 0 0 0 0 0 0
0 67 5 20 47 21 48 0 0 0 0 0 0 0 0 0 0 0 0 0
0 67 45 30 21 22 2 0 0 0 0 0 0 0 0 0 0 0 0 0
0 48 21 61 71 47 5 67 0 0 0 0 0 0 0 0 0 0 0 0

Vehicle 1:
0 35 14 0 0 0 0 0 0 0 0 0 0 0 0 0 0 0 0 0
0 46 8 14 0 0 0 0 0 0 0 0 0 0 0 0 0 0 0 0
0 34 52 27 13 54 14 0 0 0 0 0 0 0 0 0 0 0 0 0
0 46 8 14 0 0 0 0 0 0 0 0 0 0 0 0 0 0 0 0
0 34 52 27 15 57 54 19 14 0 0 0 0 0 0 0 0 0 0 0

Vehicle 2:
0 1 42 64 28 74 4 0 0 0 0 0 0 0 0 0 0 0 0 0
0 4 62 28 64 56 49 0 0 0 0 0 0 0 0 0 0 0 0 0
0 73 1 43 64 28 4 0 0 0 0 0 0 0 0 0 0 0 0 0
0 4 62 28 64 56 23 0 0 0 0 0 0 0 0 0 0 0 0 0
0 63 43 41 64 28 4 0 0 0 0 0 0 0 0 0 0 0 0 0

Vehicle 3:
0 0 0 0 0 0 0 0 0 0 0 0 0 0 0 0 0 0 0 0
0 75 68 6 33 0 0 0 0 0 0 0 0 0 0 0 0 0 0 0
0 26 58 10 31 55 50 44 0 0 0 0 0 0 0 0 0 0 0 0
0 75 6 33 0 0 0 0 0 0 0 0 0 0 0 0 0 0 0 0
0 26 58 10 31 50 44 0 0 0 0 0 0 0 0 0 0 0 0 0

Vehicle 4:
0 53 11 66 0 0 0 0 0 0 0 0 0 0 0 0 0 0 0 0
0 12 72 38 11 66 0 0 0 0 0 0 0 0 0 0 0 0 0 0
0 7 53 11 66 59 0 0 0 0 0 0 0 0 0 0 0 0 0 0
0 12 38 65 11 66 0 0 0 0 0 0 0 0 0 0 0 0 0 0
0 11 66 59 0 0 0 0 0 0 0 0 0 0 0 0 0 0 0 0

Vehicle 5:
0 51 3 32 9 39 40 0 0 0 0 0 0 0 0 0 0 0 0 0
0 40 9 32 24 16 0 0 0 0 0 0 0 0 0 0 0 0 0 0
0 17 40 32 9 39 0 0 0 0 0 0 0 0 0 0 0 0 0 0
0 16 24 32 9 40 0 0 0 0 0 0 0 0 0 0 0 0 0 0
0 17 40 32 9 25 18 0 0 0 0 0 0 0 0 0 0 0 0 0

Transported demand matrix:
138 140 140 139 136
41 74 114 74 139
126 136 129 137 131
0 76 136 66 129
96 115 135 123 98
129 136 126 136 137

Routes distance matrix:
109.81130201031621 72.72026287357417 93.99679574077093 88.44726661125611 113.28762333052762
55.7301288628473 57.87566142586444 78.04249123154527 57.87566142586444 94.5917763231595
97.19699470661723 121.83369086389546 98.11196850181639 116.66019365317844 102.2742353040461
0.0 38.97797455039985 106.89398196823849 37.02259218767139 95.80008050280982
74.18701985077666 86.07716334015925 91.70765372712494 86.87893825102599 90.11795231057786
64.58396256576239 84.29881603522111 57.00935337765898 84.29881603522111 87.02043370204001