6
1 75 10 140

1202.7378153136133

972.1047829126942
21.171875
1 500 7200 7200
0 8

Assigned customers matrix:
Vehicle 0:
0 17 40 50 18 24 49 16 0 0 0 0 0 0 0 0 0 0 0 0
0 7 35 19 59 66 65 38 0 0 0 0 0 0 0 0 0 0 0 0
0 45 27 52 8 53 11 0 0 0 0 0 0 0 0 0 0 0 0 0
0 51 2 74 69 37 15 57 54 14 0 0 0 0 0 0 0 0 0 0
0 75 67 12 72 39 9 44 3 0 0 0 0 0 0 0 0 0 0 0
0 4 34 46 13 5 21 0 0 0 0 0 0 0 0 0 0 0 0 0
0 6 33 1 43 41 56 23 0 0 0 0 0 0 0 0 0 0 0 0
0 30 48 47 36 71 60 70 20 29 0 0 0 0 0 0 0 0 0 0
0 68 73 62 28 61 22 64 42 63 0 0 0 0 0 0 0 0 0 0
0 26 58 10 31 25 55 32 0 0 0 0 0 0 0 0 0 0 0 0

Transported demand matrix:
139 134 132 139 140 137 129 135 140 139

Routes distance matrix:
85.7860026482733 98.78106078043658 80.89419277287344 138.9255705710794 76.37772616253991 86.30264670720055 84.28012890792874 93.63696954254081 116.87754066509339 110.24294415472812