7
4 100 2 200

1215.712237778415

997.5895540108288
101.890625
4 500 7200 7200
10 4 13 1 0

Assigned customers matrix:
Vehicle 0:
0 27 50 51 30 10 62 11 19 7 0 0 0 0 0 0 0 0 0 0 0 0 0 0 0 0 0 0 0 0 0 0 0 0 0 0 0
0 94 59 92 61 5 69 1 33 81 9 35 34 29 0 0 0 0 0 0 0 0 0 0 0 0 0 0 0 0 0 0 0 0 0 0 0

Vehicle 1:
0 52 88 31 70 20 66 71 65 78 79 3 77 76 0 0 0 0 0 0 0 0 0 0 0 0 0 0 0 0 0 0 0 0 0 0 0
0 28 12 80 68 24 55 25 4 56 75 74 72 73 21 40 0 0 0 0 0 0 0 0 0 0 0 0 0 0 0 0 0 0 0 0 0

Vehicle 2:
0 13 87 2 22 41 23 39 67 54 26 0 0 0 0 0 0 0 0 0 0 0 0 0 0 0 0 0 0 0 0 0 0 0 0 0 0
0 53 58 95 97 100 91 16 86 17 45 46 89 0 0 0 0 0 0 0 0 0 0 0 0 0 0 0 0 0 0 0 0 0 0 0 0

Vehicle 3:
0 6 96 99 93 85 98 37 42 57 15 43 14 44 38 84 60 0 0 0 0 0 0 0 0 0 0 0 0 0 0 0 0 0 0 0 0
0 18 83 8 82 48 47 36 49 64 63 90 32 0 0 0 0 0 0 0 0 0 0 0 0 0 0 0 0 0 0 0 0 0 0 0 0

Transported demand matrix:
129 196
185 193
199 170
195 191

Routes distance matrix:
103.1437525378378 152.99090766633682
130.18208007409757 103.20169806800948
122.85741499940937 113.12199102532536
137.91982803940306 134.17188160040953