9
1 100 8 200

1212.1105703506355

971.5988146597365
15.359375
1 500 7200 7200
0 0

Assigned customers matrix:
Vehicle 0:
0 6 60 5 84 61 16 44 14 43 15 57 2 87 97 0 0 0 0 0 0 0 0 0 0 0 0 0 0 0 0 0 0 0 0 0 0
0 27 31 10 90 32 63 19 48 7 0 0 0 0 0 0 0 0 0 0 0 0 0 0 0 0 0 0 0 0 0 0 0 0 0 0 0
0 95 92 59 85 91 42 41 22 56 39 4 24 29 0 0 0 0 0 0 0 0 0 0 0 0 0 0 0 0 0 0 0 0 0 0 0
0 52 82 8 45 17 86 38 100 37 98 93 99 96 0 0 0 0 0 0 0 0 0 0 0 0 0 0 0 0 0 0 0 0 0 0 0
0 26 80 68 79 9 71 35 65 66 20 30 0 0 0 0 0 0 0 0 0 0 0 0 0 0 0 0 0 0 0 0 0 0 0 0 0
0 40 21 73 72 74 75 23 67 25 55 54 12 0 0 0 0 0 0 0 0 0 0 0 0 0 0 0 0 0 0 0 0 0 0 0 0
0 28 76 50 1 70 88 62 11 64 49 36 47 46 83 18 0 0 0 0 0 0 0 0 0 0 0 0 0 0 0 0 0 0 0 0 0
0 53 58 13 94 89 69 51 33 81 78 34 3 77 0 0 0 0 0 0 0 0 0 0 0 0 0 0 0 0 0 0 0 0 0 0 0

Transported demand matrix:
176 153 188 180 196 179 192 194

Routes distance matrix:
111.54235044398203 96.9940967319494 143.19295145079516 116.02985203487773 129.5475724577291 103.27219638698912 152.30373665924407 118.71605849416983