13
9 417 7 2000

6334.130293291694

4981.415673222027
14431.28125
4 500 7200 7200
46 62 48 2 0

Assigned customers matrix:
Vehicle 0:
0 175 67 10 84 101 201 272 0 0 0 0 0 0 0 0 0 0
0 182 238 290 406 371 372 48 50 32 20 0 0 0 0 0 0 0
0 24 17 114 68 70 338 340 362 0 0 0 0 0 0 0 0 0
0 417 390 392 397 357 359 353 360 0 0 0 0 0 0 0 0 0
0 10 119 20 96 134 32 55 0 0 0 0 0 0 0 0 0 0
0 0 0 0 0 0 0 0 0 0 0 0 0 0 0 0 0 0
0 53 24 17 104 72 102 89 83 0 0 0 0 0 0 0 0 0

Vehicle 1:
0 144 79 93 57 5 116 110 0 0 0 0 0 0 0 0 0 0
0 195 248 142 124 74 388 408 0 0 0 0 0 0 0 0 0 0
0 71 30 276 210 212 198 312 273 239 0 0 0 0 0 0 0 0
0 13 21 33 91 31 379 376 252 0 0 0 0 0 0 0 0 0
0 132 56 5 350 333 355 320 0 0 0 0 0 0 0 0 0 0
0 267 281 194 196 289 220 190 207 0 0 0 0 0 0 0 0 0
0 30 13 47 46 82 103 31 33 21 0 0 0 0 0 0 0 0

Vehicle 2:
0 11 123 106 149 159 167 162 158 169 0 0 0 0 0 0 0 0
0 133 165 148 171 172 36 35 0 0 0 0 0 0 0 0 0 0
0 284 197 202 236 206 234 64 22 0 0 0 0 0 0 0 0 0
0 282 278 160 66 126 63 16 0 0 0 0 0 0 0 0 0 0
0 11 75 36 151 35 76 95 69 112 0 0 0 0 0 0 0 0
0 51 122 22 105 109 387 0 0 0 0 0 0 0 0 0 0 0
0 179 188 191 317 297 314 16 0 0 0 0 0 0 0 0 0 0

Vehicle 3:
0 54 9 7 339 330 319 329 322 341 0 0 0 0 0 0 0 0
0 42 120 41 78 59 58 4 0 0 0 0 0 0 0 0 0 0
0 222 286 253 412 370 365 18 0 0 0 0 0 0 0 0 0 0
0 9 7 111 336 337 354 356 0 0 0 0 0 0 0 0 0 0
0 135 140 65 152 170 146 0 0 0 0 0 0 0 0 0 0 0
0 4 351 352 326 324 327 328 323 325 0 0 0 0 0 0 0 0
0 235 233 254 211 411 374 18 0 0 0 0 0 0 0 0 0 0

Vehicle 4:
0 117 157 153 155 168 154 150 0 0 0 0 0 0 0 0 0 0
0 221 315 99 85 6 97 404 0 0 0 0 0 0 0 0 0 0
0 192 193 187 204 237 209 231 283 288 0 0 0 0 0 0 0 0
0 308 292 313 28 143 43 1 0 0 0 0 0 0 0 0 0 0
0 304 218 224 285 176 107 118 6 0 0 0 0 0 0 0 0 0
0 227 259 299 265 302 381 369 367 0 0 0 0 0 0 0 0 0
0 28 402 368 385 366 1 0 0 0 0 0 0 0 0 0 0 0

Vehicle 5:
0 27 415 393 409 394 413 0 0 0 0 0 0 0 0 0 0 0
0 203 268 37 38 380 364 377 363 0 0 0 0 0 0 0 0 0
0 229 274 216 311 287 39 128 0 0 0 0 0 0 0 0 0 0
0 139 73 164 94 334 335 344 25 0 0 0 0 0 0 0 0 0
0 37 38 389 378 391 80 27 0 0 0 0 0 0 0 0 0 0
0 291 215 295 256 262 386 382 39 0 0 0 0 0 0 0 0 0
0 121 88 25 86 138 0 0 0 0 0 0 0 0 0 0 0 0

Vehicle 6:
0 34 29 52 40 358 321 0 0 0 0 0 0 0 0 0 0 0
0 293 213 219 232 214 300 255 383 401 298 0 0 0 0 0 0 0
0 0 0 0 0 0 0 0 0 0 0 0 0 0 0 0 0 0
0 15 29 331 349 345 361 348 342 0 0 0 0 0 0 0 0 0
0 34 141 40 343 403 395 145 347 332 0 0 0 0 0 0 0 0
0 316 230 177 180 266 247 275 223 0 0 0 0 0 0 0 0 0
0 136 90 15 108 45 49 0 0 0 0 0 0 0 0 0 0 0

Vehicle 7:
0 303 19 147 166 156 163 161 0 0 0 0 0 0 0 0 0 0
0 307 260 137 23 113 100 12 0 0 0 0 0 0 0 0 0 0
0 310 228 225 226 280 294 0 0 0 0 0 0 0 0 0 0 0
0 127 8 2 346 384 405 398 396 0 0 0 0 0 0 0 0 0
0 173 189 174 181 258 296 184 19 130 0 0 0 0 0 0 0 0
0 77 12 416 23 410 375 414 249 0 0 0 0 0 0 0 0 0
0 8 2 44 400 407 373 399 309 301 243 0 0 0 0 0 0 0

Vehicle 8:
0 178 277 263 241 244 251 242 0 0 0 0 0 0 0 0 0 0
0 26 200 271 199 279 186 0 0 0 0 0 0 0 0 0 0 0
0 240 306 250 305 318 81 14 0 0 0 0 0 0 0 0 0 0
0 129 62 87 125 3 0 0 0 0 0 0 0 0 0 0 0 0
0 26 270 264 217 208 185 261 0 0 0 0 0 0 0 0 0 0
0 98 14 183 205 257 245 246 269 0 0 0 0 0 0 0 0 0
0 92 131 61 115 60 3 0 0 0 0 0 0 0 0 0 0 0

Transported demand matrix:
1881 2000 1910 1985 1886 0 1926
1782 1767 1855 1856 1975 1804 1988
1970 1859 1918 1955 1997 1960 1937
1985 1886 1907 1863 1787 1848 1950
2000 1815 1941 1845 1812 1984 1862
1997 1813 1951 1891 1890 1993 1650
1805 1924 0 1993 1943 1971 1798
1921 1984 1504 1965 1920 1799 1955
1904 1989 1980 1765 1988 2000 1985

Routes distance matrix:
68.40471627887045 87.93328952427616 98.41880195235848 135.97595409738483 72.0237745255256 0.0 85.45953160162658
60.13474868152706 107.13263794635554 76.87875978767994 73.87029969701497 152.63970111654777 21.92673935666751 55.17088948110704
81.25884182979782 71.00327962815348 57.29479632106991 72.45063800796565 90.05724884503263 63.915191085188404 115.71408260109787
126.253059756987 60.336919105776644 108.19952391358454 98.50817216483173 51.84691763764492 177.5850219284132 69.77471302849992
83.12527459674712 110.31144244511816 42.98045502688528 55.27239016168074 75.04374495682552 65.91899787872624 67.95864766729451
110.12397046504559 58.95609480364594 54.189457189221635 136.1542584213745 71.0871353683665 88.15790610636708 42.32102509872752
146.910051266018 52.721443105256654 0.0 139.0723707611959 151.14928333196426 41.710345351801415 56.754363577426666
73.68075166732204 79.21338170696544 23.932183142693823 122.68344378928899 79.98419549721021 68.06248232610119 131.04154519533802
66.92819262105388 48.64489128938394 103.43432452361293 38.944973476484094 40.54555576553571 73.94918579834604 40.28365894201531