14
2 20 4 20

954.807118897525

965.2577682458657
10.9375
4 500 7200 7200
3 0 2 1 0

Assigned customers matrix:
Vehicle 0:
0 2 6 10 4 17 0 0 0 0 0 0 0 0 0 0 0
0 2 16 4 11 7 0 0 0 0 0 0 0 0 0 0 0
0 2 6 15 10 4 0 0 0 0 0 0 0 0 0 0 0
0 7 18 11 4 2 0 0 0 0 0 0 0 0 0 0 0

Vehicle 1:
0 1 3 9 14 5 0 0 0 0 0 0 0 0 0 0 0
0 1 8 19 12 3 13 0 0 0 0 0 0 0 0 0 0
0 1 5 9 3 20 0 0 0 0 0 0 0 0 0 0 0
0 1 8 12 3 0 0 0 0 0 0 0 0 0 0 0 0

Transported demand matrix:
15 15 15 15
15 16 15 14

Routes distance matrix:
120.02061035123788 118.13239477524644 122.96238625931801 120.56938494913479
120.56938494913481 125.37297375318931 120.02061035123788 117.61002285736657