15
2 38 4 30

1899.8857333857848

2006.8691459343215
9.765625
4 500 7200 7200
0 0 2 1 0

Assigned customers matrix:
Vehicle 0:
0 2 4 35 6 20 16 12 25 8 0 0 0 0 0 0 0 0 0 0 0 0 0 0 0 0
0 2 9 13 17 21 6 34 4 27 0 0 0 0 0 0 0 0 0 0 0 0 0 0 0 0
0 8 12 16 33 20 6 4 26 2 0 0 0 0 0 0 0 0 0 0 0 0 0 0 0 0
0 2 9 28 13 17 36 21 4 6 0 0 0 0 0 0 0 0 0 0 0 0 0 0 0 0

Vehicle 1:
0 1 7 11 15 32 19 3 5 0 0 0 0 0 0 0 0 0 0 0 0 0 0 0 0 0
0 10 29 14 18 37 22 5 3 1 0 0 0 0 0 0 0 0 0 0 0 0 0 0 0 0
0 1 7 24 11 23 3 38 5 19 15 0 0 0 0 0 0 0 0 0 0 0 0 0 0 0
0 10 14 18 22 5 31 3 30 1 0 0 0 0 0 0 0 0 0 0 0 0 0 0 0 0

Transported demand matrix:
25 25 25 25
24 25 26 25

Routes distance matrix:
234.4660160097241 233.91724141182715 239.56130954872646 283.7491685166042
278.3968051146528 241.99829972261483 262.75127977433647 232.02902583583565