17
4 40 4 20

1703.8721619155185

1763.461856360204
31.296875
4 500 7200 7200
17 1 5 1 0

Assigned customers matrix:
Vehicle 0:
0 4 8 22 35 14 0 0 0 0 0 0 0 0 0 0 0 0 0 0 0
0 15 23 8 37 4 0 0 0 0 0 0 0 0 0 0 0 0 0 0 0
0 14 22 8 36 4 0 0 0 0 0 0 0 0 0 0 0 0 0 0 0
0 15 38 23 8 4 0 0 0 0 0 0 0 0 0 0 0 0 0 0 0

Vehicle 1:
0 2 11 29 30 3 0 0 0 0 0 0 0 0 0 0 0 0 0 0 0
0 2 3 0 0 0 0 0 0 0 0 0 0 0 0 0 0 0 0 0 0
0 2 11 3 0 0 0 0 0 0 0 0 0 0 0 0 0 0 0 0 0
0 2 3 0 0 0 0 0 0 0 0 0 0 0 0 0 0 0 0 0 0

Vehicle 2:
0 12 7 19 6 18 27 0 0 0 0 0 0 0 0 0 0 0 0 0 0
0 10 28 6 20 7 21 33 13 0 0 0 0 0 0 0 0 0 0 0 0
0 12 32 7 19 6 18 0 0 0 0 0 0 0 0 0 0 0 0 0 0
0 10 6 31 20 7 21 34 13 0 0 0 0 0 0 0 0 0 0 0 0

Vehicle 3:
0 1 25 5 17 9 0 0 0 0 0 0 0 0 0 0 0 0 0 0 0
0 1 5 24 39 16 0 0 0 0 0 0 0 0 0 0 0 0 0 0 0
0 1 5 17 26 9 0 0 0 0 0 0 0 0 0 0 0 0 0 0 0
0 16 24 5 40 1 0 0 0 0 0 0 0 0 0 0 0 0 0 0 0

Transported demand matrix:
15 15 15 15
14 10 12 10
17 20 17 20
15 15 15 15

Routes distance matrix:
106.85219939655816 106.13182084288164 106.13182084288164 106.85219939655816
76.74722994253636 34.14213562373095 50.57213511835444 34.14213562373095
178.19785766894196 178.71553088478845 177.2363278890917 181.77242265126978
106.13182084288165 106.85219939655816 106.85219939655816 106.13182084288164