18
4 76 4 30

3217.1674403595134

3311.240922250645
43.65625
4 500 7200 7200
7 3 6 1 0

Assigned customers matrix:
Vehicle 0:
0 4 8 73 12 42 34 26 55 18 0 0 0 0 0 0 0 0 0 0 0 0 0 0 0 0 0 0 0 0 0 0 0
0 19 27 35 43 12 72 8 57 4 0 0 0 0 0 0 0 0 0 0 0 0 0 0 0 0 0 0 0 0 0 0 0
0 18 26 34 71 42 12 8 56 4 0 0 0 0 0 0 0 0 0 0 0 0 0 0 0 0 0 0 0 0 0 0 0
0 4 8 12 43 74 35 27 58 19 0 0 0 0 0 0 0 0 0 0 0 0 0 0 0 0 0 0 0 0 0 0 0

Vehicle 1:
0 2 14 47 22 6 30 38 10 65 31 50 0 0 0 0 0 0 0 0 0 0 0 0 0 0 0 0 0 0 0 0 0
0 2 15 23 6 39 10 0 0 0 0 0 0 0 0 0 0 0 0 0 0 0 0 0 0 0 0 0 0 0 0 0 0
0 2 14 48 22 6 30 63 38 10 31 0 0 0 0 0 0 0 0 0 0 0 0 0 0 0 0 0 0 0 0 0 0
0 2 15 49 23 6 64 10 39 66 0 0 0 0 0 0 0 0 0 0 0 0 0 0 0 0 0 0 0 0 0 0 0

Vehicle 2:
0 3 16 52 24 7 32 40 11 33 0 0 0 0 0 0 0 0 0 0 0 0 0 0 0 0 0 0 0 0 0 0 0
0 3 17 53 25 7 68 11 41 70 0 0 0 0 0 0 0 0 0 0 0 0 0 0 0 0 0 0 0 0 0 0 0
0 3 16 51 24 7 32 67 40 11 69 33 54 0 0 0 0 0 0 0 0 0 0 0 0 0 0 0 0 0 0 0 0
0 3 17 25 7 41 11 0 0 0 0 0 0 0 0 0 0 0 0 0 0 0 0 0 0 0 0 0 0 0 0 0 0

Vehicle 3:
0 13 21 29 62 37 9 5 45 1 0 0 0 0 0 0 0 0 0 0 0 0 0 0 0 0 0 0 0 0 0 0 0
0 20 59 28 36 75 44 9 5 1 0 0 0 0 0 0 0 0 0 0 0 0 0 0 0 0 0 0 0 0 0 0 0
0 13 46 21 29 37 9 76 5 1 0 0 0 0 0 0 0 0 0 0 0 0 0 0 0 0 0 0 0 0 0 0 0
0 1 60 5 61 9 44 36 28 20 0 0 0 0 0 0 0 0 0 0 0 0 0 0 0 0 0 0 0 0 0 0 0

Transported demand matrix:
25 25 25 25
28 21 27 24
26 24 29 21
25 25 25 25

Routes distance matrix:
199.76359752905347 199.04321897537693 202.1669696956347 202.88734824931123
215.41704679487484 204.57924199105372 221.97522931996264 209.78780857005506
214.8720851384537 209.78780857005506 222.52019097638376 204.57924199105372
202.1669696956347 202.8873482493112 199.76359752905344 199.04321897537693