19
4 112 4 40

4855.767886527179

4953.755249928987
19.859375
4 500 7200 7200
7 1 0 2 0

Assigned customers matrix:
Vehicle 0:
0 22 75 30 38 46 54 107 62 16 12 93 8 4 0 0 0 0 0 0 0 0 0 0 0 0 0 0 0 0 0 0 0 0 0 0 0 0 0 0 0 0 0
0 4 23 31 39 47 55 63 16 108 12 92 8 77 0 0 0 0 0 0 0 0 0 0 0 0 0 0 0 0 0 0 0 0 0 0 0 0 0 0 0 0 0
0 4 22 76 8 12 109 16 62 54 46 91 38 30 0 0 0 0 0 0 0 0 0 0 0 0 0 0 0 0 0 0 0 0 0 0 0 0 0 0 0 0 0
0 4 23 78 31 39 94 47 55 110 63 16 12 8 0 0 0 0 0 0 0 0 0 0 0 0 0 0 0 0 0 0 0 0 0 0 0 0 0 0 0 0 0

Vehicle 1:
0 2 18 67 26 6 34 42 50 99 58 14 10 85 69 0 0 0 0 0 0 0 0 0 0 0 0 0 0 0 0 0 0 0 0 0 0 0 0 0 0 0 0
0 2 19 27 6 35 43 51 59 14 100 10 0 0 0 0 0 0 0 0 0 0 0 0 0 0 0 0 0 0 0 0 0 0 0 0 0 0 0 0 0 0 0
0 2 18 26 6 34 83 42 50 58 14 101 10 0 0 0 0 0 0 0 0 0 0 0 0 0 0 0 0 0 0 0 0 0 0 0 0 0 0 0 0 0 0
0 2 19 70 27 6 35 86 43 51 102 59 14 10 84 68 0 0 0 0 0 0 0 0 0 0 0 0 0 0 0 0 0 0 0 0 0 0 0 0 0 0 0

Vehicle 2:
0 3 20 71 28 7 36 44 52 103 60 15 11 89 73 0 0 0 0 0 0 0 0 0 0 0 0 0 0 0 0 0 0 0 0 0 0 0 0 0 0 0 0
0 3 21 29 7 37 90 45 53 61 15 104 11 0 0 0 0 0 0 0 0 0 0 0 0 0 0 0 0 0 0 0 0 0 0 0 0 0 0 0 0 0 0
0 3 20 28 7 36 87 44 52 60 15 105 11 0 0 0 0 0 0 0 0 0 0 0 0 0 0 0 0 0 0 0 0 0 0 0 0 0 0 0 0 0 0
0 3 21 74 29 7 37 45 53 106 61 15 11 88 72 0 0 0 0 0 0 0 0 0 0 0 0 0 0 0 0 0 0 0 0 0 0 0 0 0 0 0 0

Vehicle 3:
0 1 65 5 9 112 13 57 49 41 82 33 25 17 0 0 0 0 0 0 0 0 0 0 0 0 0 0 0 0 0 0 0 0 0 0 0 0 0 0 0 0 0
0 1 24 79 5 9 13 64 111 56 48 95 40 32 0 0 0 0 0 0 0 0 0 0 0 0 0 0 0 0 0 0 0 0 0 0 0 0 0 0 0 0 0
0 1 17 5 96 9 13 57 98 49 41 33 25 66 0 0 0 0 0 0 0 0 0 0 0 0 0 0 0 0 0 0 0 0 0 0 0 0 0 0 0 0 0
0 24 32 40 48 56 64 13 97 9 81 5 80 1 0 0 0 0 0 0 0 0 0 0 0 0 0 0 0 0 0 0 0 0 0 0 0 0 0 0 0 0 0

Transported demand matrix:
35 35 35 35
36 33 34 37
36 34 34 36
35 35 35 35

Routes distance matrix:
304.59189225009374 298.6273397806103 302.2516488689198 308.375234070244
316.62666328894545 306.83641392467894 313.93955810618786 323.7298074704544
316.62666328894545 313.93955810618786 313.93955810618786 316.62666328894545
301.2194347698105 312.4638729838453 305.8652575753768 298.09568404955263