20
4 184 4 60

9441.617486866793

9650.935776701797
36.40625
4 500 7200 7200
4 0 2 1 0

Assigned customers matrix:
Vehicle 0:
0 30 115 38 46 54 62 164 20 180 24 103 95 87 79 71 16 12 133 8 4 0 0 0 0 0 0 0 0 0 0 0 0 0 0 0 0 0 0 0 0 0 0 0 0 0 0 0 0 0 0 0 0 0 0 0 0 0 0 0 0 0 0
0 4 8 132 147 70 78 86 94 102 24 181 20 16 12 63 55 134 47 39 117 31 0 0 0 0 0 0 0 0 0 0 0 0 0 0 0 0 0 0 0 0 0 0 0 0 0 0 0 0 0 0 0 0 0 0 0 0 0 0 0 0 0
0 30 38 46 131 54 62 163 179 16 20 24 103 95 87 79 71 149 12 8 116 4 0 0 0 0 0 0 0 0 0 0 0 0 0 0 0 0 0 0 0 0 0 0 0 0 0 0 0 0 0 0 0 0 0 0 0 0 0 0 0 0 0
0 4 8 12 148 70 78 86 94 102 24 20 16 165 182 166 150 63 55 47 39 118 31 0 0 0 0 0 0 0 0 0 0 0 0 0 0 0 0 0 0 0 0 0 0 0 0 0 0 0 0 0 0 0 0 0 0 0 0 0 0 0 0

Vehicle 1:
0 2 26 107 34 6 42 50 58 10 14 156 18 172 22 99 91 83 75 67 0 0 0 0 0 0 0 0 0 0 0 0 0 0 0 0 0 0 0 0 0 0 0 0 0 0 0 0 0 0 0 0 0 0 0 0 0 0 0 0 0 0 0
0 27 35 43 126 51 59 14 18 173 22 98 90 82 74 66 139 10 124 6 109 2 0 0 0 0 0 0 0 0 0 0 0 0 0 0 0 0 0 0 0 0 0 0 0 0 0 0 0 0 0 0 0 0 0 0 0 0 0 0 0 0 0
0 2 26 108 34 6 42 123 50 58 10 125 141 67 75 83 91 99 22 18 14 155 171 0 0 0 0 0 0 0 0 0 0 0 0 0 0 0 0 0 0 0 0 0 0 0 0 0 0 0 0 0 0 0 0 0 0 0 0 0 0 0 0
0 2 27 110 6 10 140 66 74 82 90 98 22 18 14 157 174 158 142 59 51 43 35 0 0 0 0 0 0 0 0 0 0 0 0 0 0 0 0 0 0 0 0 0 0 0 0 0 0 0 0 0 0 0 0 0 0 0 0 0 0 0 0

Vehicle 2:
0 28 111 36 44 52 60 15 160 19 176 23 101 93 85 77 69 11 129 7 3 0 0 0 0 0 0 0 0 0 0 0 0 0 0 0 0 0 0 0 0 0 0 0 0 0 0 0 0 0 0 0 0 0 0 0 0 0 0 0 0 0 0
0 3 29 113 37 7 45 130 53 61 11 15 161 19 23 100 92 84 76 68 143 0 0 0 0 0 0 0 0 0 0 0 0 0 0 0 0 0 0 0 0 0 0 0 0 0 0 0 0 0 0 0 0 0 0 0 0 0 0 0 0 0 0
0 3 28 112 36 7 11 145 69 77 85 93 101 23 19 15 175 159 60 52 127 44 0 0 0 0 0 0 0 0 0 0 0 0 0 0 0 0 0 0 0 0 0 0 0 0 0 0 0 0 0 0 0 0 0 0 0 0 0 0 0 0 0
0 3 29 114 37 7 45 53 61 146 162 178 177 19 15 144 68 76 84 92 100 23 11 128 0 0 0 0 0 0 0 0 0 0 0 0 0 0 0 0 0 0 0 0 0 0 0 0 0 0 0 0 0 0 0 0 0 0 0 0 0 0 0

Vehicle 3:
0 1 25 105 33 122 57 154 170 153 17 21 104 96 88 80 72 13 152 9 49 41 5 0 0 0 0 0 0 0 0 0 0 0 0 0 0 0 0 0 0 0 0 0 0 0 0 0 0 0 0 0 0 0 0 0 0 0 0 0 0 0 0
0 32 119 40 48 56 64 167 17 21 97 89 81 73 138 65 13 137 9 5 1 0 0 0 0 0 0 0 0 0 0 0 0 0 0 0 0 0 0 0 0 0 0 0 0 0 0 0 0 0 0 0 0 0 0 0 0 0 0 0 0 0 0
0 1 25 106 33 41 49 57 13 17 169 21 104 183 96 88 80 72 151 9 136 5 0 0 0 0 0 0 0 0 0 0 0 0 0 0 0 0 0 0 0 0 0 0 0 0 0 0 0 0 0 0 0 0 0 0 0 0 0 0 0 0 0
0 1 32 120 5 121 65 73 81 89 97 21 184 17 168 13 9 64 56 135 48 40 0 0 0 0 0 0 0 0 0 0 0 0 0 0 0 0 0 0 0 0 0 0 0 0 0 0 0 0 0 0 0 0 0 0 0 0 0 0 0 0 0

Transported demand matrix:
54 55 55 56
53 55 56 56
54 54 55 57
56 54 55 55

Routes distance matrix:
549.1830258488305 549.0787241391652 632.4990572552686 631.3992816423614
555.8700496858773 544.0213991163522 731.8241257723569 636.1475116558553
532.3685150778051 547.2543146741745 639.2503497736612 722.8049094666704
655.3357579194117 599.3669926507556 571.8644275153891 552.6673345078615