21
6 60 4 20

2476.4553897066003

2479.361794624789
30.171875
4 500 7200 7200
4 0 3 1 0

Assigned customers matrix:
Vehicle 0:
0 6 12 34 55 22 0 0 0 0 0 0 0 0 0 0 0 0 0 0 0 0 0
0 23 35 12 57 6 0 0 0 0 0 0 0 0 0 0 0 0 0 0 0 0 0
0 22 34 12 56 6 0 0 0 0 0 0 0 0 0 0 0 0 0 0 0 0 0
0 23 58 35 12 6 0 0 0 0 0 0 0 0 0 0 0 0 0 0 0 0 0

Vehicle 1:
0 4 10 30 47 18 0 0 0 0 0 0 0 0 0 0 0 0 0 0 0 0 0
0 19 31 10 49 4 0 0 0 0 0 0 0 0 0 0 0 0 0 0 0 0 0
0 18 30 10 48 4 0 0 0 0 0 0 0 0 0 0 0 0 0 0 0 0 0
0 4 10 31 50 19 0 0 0 0 0 0 0 0 0 0 0 0 0 0 0 0 0

Vehicle 2:
0 5 11 32 51 20 0 0 0 0 0 0 0 0 0 0 0 0 0 0 0 0 0
0 21 33 11 53 5 0 0 0 0 0 0 0 0 0 0 0 0 0 0 0 0 0
0 20 32 11 52 5 0 0 0 0 0 0 0 0 0 0 0 0 0 0 0 0 0
0 21 54 33 11 5 0 0 0 0 0 0 0 0 0 0 0 0 0 0 0 0 0

Vehicle 3:
0 1 13 37 25 7 0 0 0 0 0 0 0 0 0 0 0 0 0 0 0 0 0
0 1 7 36 59 24 0 0 0 0 0 0 0 0 0 0 0 0 0 0 0 0 0
0 1 7 25 38 13 0 0 0 0 0 0 0 0 0 0 0 0 0 0 0 0 0
0 24 36 7 60 1 0 0 0 0 0 0 0 0 0 0 0 0 0 0 0 0 0

Vehicle 4:
0 2 14 39 26 8 27 42 0 0 0 0 0 0 0 0 0 0 0 0 0 0 0
0 2 15 41 8 0 0 0 0 0 0 0 0 0 0 0 0 0 0 0 0 0 0
0 2 14 40 26 8 27 0 0 0 0 0 0 0 0 0 0 0 0 0 0 0 0
0 2 15 8 0 0 0 0 0 0 0 0 0 0 0 0 0 0 0 0 0 0 0

Vehicle 5:
0 3 9 28 43 16 0 0 0 0 0 0 0 0 0 0 0 0 0 0 0 0 0
0 17 29 9 45 3 0 0 0 0 0 0 0 0 0 0 0 0 0 0 0 0 0
0 16 28 9 44 3 0 0 0 0 0 0 0 0 0 0 0 0 0 0 0 0 0
0 3 17 46 29 9 0 0 0 0 0 0 0 0 0 0 0 0 0 0 0 0 0

Transported demand matrix:
15 15 15 15
15 15 15 15
15 15 15 15
15 15 15 15
18 13 17 12
15 15 15 15

Routes distance matrix:
103.35131772101272 103.0194937185213 103.01944322674845 103.35158331962252
103.35205854139355 103.01995089935151 103.01995089935151 103.35205854139355
103.35158331962252 103.01944322674845 103.0194937185213 103.35131772101273
103.65118722661018 103.35205854139355 103.35205854139355 103.01995089935151
106.77709933646864 100.80826411564091 106.33097626484059 100.8013421138371
103.35131772101272 103.0194937185213 103.01944322674845 103.65090806567062