22
6 114 4 30

4608.946941020468

4745.755741895524
186.203125
4 500 7200 7200
12 1 19 2 0

Assigned customers matrix:
Vehicle 0:
0 6 53 65 18 111 12 40 85 28 0 0 0 0 0 0 0 0 0 0 0 0 0 0 0 0 0 0 0 0 0 0 0
0 29 87 41 12 110 18 64 52 6 0 0 0 0 0 0 0 0 0 0 0 0 0 0 0 0 0 0 0 0 0 0 0
0 28 86 40 12 18 65 112 53 6 0 0 0 0 0 0 0 0 0 0 0 0 0 0 0 0 0 0 0 0 0 0 0
0 29 88 41 12 18 64 109 52 6 0 0 0 0 0 0 0 0 0 0 0 0 0 0 0 0 0 0 0 0 0 0 0

Vehicle 1:
0 4 79 37 10 48 60 16 49 0 0 0 0 0 0 0 0 0 0 0 0 0 0 0 0 0 0 0 0 0 0 0 0
0 4 24 78 36 10 102 16 61 104 0 0 0 0 0 0 0 0 0 0 0 0 0 0 0 0 0 0 0 0 0 0 0
0 4 80 37 10 48 101 60 16 103 49 0 0 0 0 0 0 0 0 0 0 0 0 0 0 0 0 0 0 0 0 0 0
0 4 24 77 36 10 61 16 0 0 0 0 0 0 0 0 0 0 0 0 0 0 0 0 0 0 0 0 0 0 0 0 0

Vehicle 2:
0 5 26 81 38 11 50 106 62 17 25 0 0 0 0 0 0 0 0 0 0 0 0 0 0 0 0 0 0 0 0 0 0
0 5 27 39 51 108 63 17 11 83 0 0 0 0 0 0 0 0 0 0 0 0 0 0 0 0 0 0 0 0 0 0 0
0 5 26 82 38 11 50 105 62 17 25 0 0 0 0 0 0 0 0 0 0 0 0 0 0 0 0 0 0 0 0 0 0
0 5 11 107 17 63 51 39 84 27 0 0 0 0 0 0 0 0 0 0 0 0 0 0 0 0 0 0 0 0 0 0 0

Vehicle 3:
0 1 19 67 31 7 43 55 13 0 0 0 0 0 0 0 0 0 0 0 0 0 0 0 0 0 0 0 0 0 0 0 0
0 30 89 42 54 66 13 114 7 1 0 0 0 0 0 0 0 0 0 0 0 0 0 0 0 0 0 0 0 0 0 0 0
0 1 19 68 31 7 43 91 55 13 0 0 0 0 0 0 0 0 0 0 0 0 0 0 0 0 0 0 0 0 0 0 0
0 1 90 7 13 66 113 54 42 30 0 0 0 0 0 0 0 0 0 0 0 0 0 0 0 0 0 0 0 0 0 0 0

Vehicle 4:
0 2 20 69 32 8 44 93 56 14 92 0 0 0 0 0 0 0 0 0 0 0 0 0 0 0 0 0 0 0 0 0 0
0 21 33 45 96 57 14 8 71 2 0 0 0 0 0 0 0 0 0 0 0 0 0 0 0 0 0 0 0 0 0 0 0
0 2 20 70 32 8 44 94 56 14 0 0 0 0 0 0 0 0 0 0 0 0 0 0 0 0 0 0 0 0 0 0 0
0 21 72 33 45 57 14 95 8 2 0 0 0 0 0 0 0 0 0 0 0 0 0 0 0 0 0 0 0 0 0 0 0

Vehicle 5:
0 3 47 59 15 99 9 34 73 22 0 0 0 0 0 0 0 0 0 0 0 0 0 0 0 0 0 0 0 0 0 0 0
0 3 23 75 35 9 46 98 58 15 0 0 0 0 0 0 0 0 0 0 0 0 0 0 0 0 0 0 0 0 0 0 0
0 22 74 34 9 15 59 100 47 3 0 0 0 0 0 0 0 0 0 0 0 0 0 0 0 0 0 0 0 0 0 0 0
0 3 23 76 35 9 46 97 58 15 0 0 0 0 0 0 0 0 0 0 0 0 0 0 0 0 0 0 0 0 0 0 0

Transported demand matrix:
25 25 25 25
24 24 26 22
27 25 27 25
24 25 25 25
26 25 25 25
25 25 25 25

Routes distance matrix:
193.20678997286416 193.2080321109546 194.8180017094281 194.81775384628756
197.48371778772872 195.2675943436369 201.39306663868342 193.46730836471153
207.41101377943076 191.8664591678942 207.4116255505705 190.34568910959638
195.33158893776965 190.3469461387162 198.7617329556647 191.62410894225903
242.7175494938416 191.6239838033106 198.76071197163787 190.34568910959638
193.20678997286416 198.76052709210262 194.8180017094281 198.76105938654575