25
3 51 6 20

5108.711959155171

4358.989027207706
104.828125
4 500 7200 7200
13 1 3 1 0

Assigned customers matrix:
Vehicle 0:
0 3 24 9 27 4 0 0 0 0 0 0 0
0 14 4 3 22 8 20 41 0 0 0 0 0
0 43 42 3 4 29 10 0 0 0 0 0 0
0 44 4 26 9 3 0 0 0 0 0 0 0
0 14 45 4 25 3 23 8 0 0 0 0 0
0 47 30 31 10 28 4 3 0 0 0 0 0

Vehicle 1:
0 5 6 0 0 0 0 0 0 0 0 0 0
0 51 38 12 6 35 11 5 0 0 0 0 0
0 46 5 32 6 48 0 0 0 0 0 0 0
0 5 6 0 0 0 0 0 0 0 0 0 0
0 5 33 11 34 6 37 12 0 0 0 0 0
0 5 6 0 0 0 0 0 0 0 0 0 0

Vehicle 2:
0 2 1 0 0 0 0 0 0 0 0 0 0
0 2 18 7 1 0 0 0 0 0 0 0 0
0 15 50 1 2 40 13 0 0 0 0 0 0
0 2 19 16 1 0 0 0 0 0 0 0 0
0 49 36 39 1 17 7 2 0 0 0 0 0
0 15 1 2 21 13 0 0 0 0 0 0 0

Transported demand matrix:
16 20 18 16 20 20
10 20 16 10 20 10
10 14 18 14 20 16

Routes distance matrix:
233.2276260798244 297.4523586206946 283.1540357156948 234.77974094105917 303.699193443236 289.6261075929446
173.2035403818687 341.85306799506475 194.5242230984597 173.2035403818687 334.37112886935137 173.2035403818687
173.20504038169383 232.08420318144834 200.04572923038617 193.2160531704365 296.94556535619483 231.1943323856123