26
3 51 6 20

5095.500142759081

4435.842419541566
80.40625
4 500 7200 7200
12 3 2 1 0

Assigned customers matrix:
Vehicle 0:
0 13 43 3 25 9 4 0 0 0 0 0 0
0 3 22 8 26 27 4 0 0 0 0 0 0
0 3 4 29 10 31 0 0 0 0 0 0 0
0 13 42 3 24 9 4 0 0 0 0 0 0
0 44 4 3 23 8 20 0 0 0 0 0 0
0 3 4 28 10 0 0 0 0 0 0 0 0

Vehicle 1:
0 5 6 0 0 0 0 0 0 0 0 0 0
0 5 32 11 35 6 12 0 0 0 0 0 0
0 14 45 30 5 6 0 0 0 0 0 0 0
0 46 5 34 6 0 0 0 0 0 0 0 0
0 5 33 11 6 37 12 0 0 0 0 0 0
0 14 47 5 6 0 0 0 0 0 0 0 0

Vehicle 2:
0 48 49 36 39 38 1 2 0 0 0 0 0
0 50 1 16 7 2 0 0 0 0 0 0 0
0 15 51 1 2 40 41 0 0 0 0 0 0
0 2 1 0 0 0 0 0 0 0 0 0 0
0 2 18 7 17 1 0 0 0 0 0 0 0
0 15 1 19 2 21 0 0 0 0 0 0 0

Transported demand matrix:
20 19 17 20 19 15
10 20 17 14 20 15
20 17 19 10 17 17

Routes distance matrix:
245.50502968454725 313.8838472061697 284.0634715939677 245.50450905762574 286.7576921133516 274.34913151503713
173.2035403818687 333.22757384385886 233.80075165484834 191.82920952171486 333.2278661023108 186.62434625412098
250.84046746552693 234.77974094105917 195.43032755486644 173.20504038169383 233.2276260798244 246.38224818917456