27
6 102 6 20

33794.612677890844

27276.42321165383
700.03125
4 500 7200 7200
69 8 27 3 0

Assigned customers matrix:
Vehicle 0:
0 6 12 87 27 26 11 0 0 0 0 0 0
0 6 30 99 12 11 0 0 0 0 0 0 0
0 6 49 50 47 48 11 12 0 0 0 0 0
0 6 12 88 27 26 11 0 0 0 0 0 0
0 6 52 30 100 12 11 0 0 0 0 0 0
0 6 12 85 86 83 84 11 0 0 0 0 0

Vehicle 1:
0 20 43 10 79 80 24 9 0 0 0 0 0
0 40 39 15 10 9 0 0 0 0 0 0 0
0 62 46 16 29 96 10 9 0 0 0 0 0
0 20 44 10 78 24 75 9 0 0 0 0 0
0 41 42 15 10 77 76 9 0 0 0 0 0
0 45 16 29 95 10 9 0 0 0 0 0 0

Vehicle 2:
0 60 4 5 17 98 81 25 0 0 0 0 0
0 5 4 0 0 0 0 0 0 0 0 0 0
0 5 4 0 0 0 0 0 0 0 0 0 0
0 59 4 5 17 97 82 25 0 0 0 0 0
0 5 4 0 0 0 0 0 0 0 0 0 0
0 61 5 4 0 0 0 0 0 0 0 0 0

Vehicle 3:
0 21 1 32 13 2 0 0 0 0 0 0 0
0 2 1 54 51 101 90 89 0 0 0 0 0
0 2 1 0 0 0 0 0 0 0 0 0 0
0 21 65 1 53 13 2 0 0 0 0 0 0
0 2 34 31 1 0 0 0 0 0 0 0 0
0 63 64 66 1 2 0 0 0 0 0 0 0

Vehicle 4:
0 18 102 7 8 71 23 74 0 0 0 0 0
0 36 14 28 91 8 7 0 0 0 0 0 0
0 33 8 69 22 68 7 0 0 0 0 0 0
0 18 7 67 8 72 23 0 0 0 0 0 0
0 38 14 28 92 8 7 0 0 0 0 0 0
0 56 55 35 8 70 22 7 0 0 0 0 0

Vehicle 5:
0 3 0 0 0 0 0 0 0 0 0 0 0
0 19 58 3 0 0 0 0 0 0 0 0 0
0 3 0 0 0 0 0 0 0 0 0 0 0
0 3 0 0 0 0 0 0 0 0 0 0 0
0 19 57 3 0 0 0 0 0 0 0 0 0
0 3 37 94 93 73 0 0 0 0 0 0 0

Transported demand matrix:
20 17 20 20 19 20
20 15 20 20 19 18
20 8 8 20 8 10
16 18 8 18 12 14
20 18 17 18 18 19
4 9 4 4 9 12

Routes distance matrix:
1660.4178793249512 943.614281036675 929.7149387284378 1660.4174870939873 943.9508736918566 1134.4080845923922
1478.8948199258552 899.2301692264869 942.8968763200581 1174.184866558212 999.285518064936 935.2944520028457
1141.1797049294141 173.20504038169383 173.20504038169383 1163.9218303629427 173.20504038169383 175.90005395843866
244.89994578607795 939.1629559515496 173.20504038169383 288.79280146503015 193.2160531704365 208.87750366223977
1426.5593921915722 935.2944585354041 1170.3936624467292 1470.8872909886475 935.2945869262016 1165.9587476866138
115.46954038186868 128.88997465922964 115.46954038186868 115.46954038186868 128.88984625804608 816.7653734361804