28
6 102 6 20

33794.612677890844

27011.940335275747
803.8125
4 500 7200 7200
97 19 31 4 0

Assigned customers matrix:
Vehicle 0:
0 49 50 12 88 27 89 7 0 0 0 0 0
0 21 18 30 99 12 102 7 0 0 0 0 0
0 101 7 100 12 86 26 83 0 0 0 0 0
0 63 64 12 87 27 7 0 0 0 0 0 0
0 21 51 18 30 7 90 12 0 0 0 0 0
0 54 53 7 12 85 26 84 0 0 0 0 0

Vehicle 1:
0 20 16 29 10 79 80 9 0 0 0 0 0
0 39 15 10 9 0 0 0 0 0 0 0 0
0 60 10 77 24 9 0 0 0 0 0 0 0
0 20 44 16 29 96 10 9 0 0 0 0 0
0 41 42 15 10 76 9 0 0 0 0 0 0
0 43 95 10 78 24 75 9 0 0 0 0 0

Vehicle 2:
0 5 11 82 25 0 0 0 0 0 0 0 0
0 5 11 0 0 0 0 0 0 0 0 0 0
0 5 47 17 11 0 0 0 0 0 0 0 0
0 61 62 5 11 81 25 0 0 0 0 0 0
0 5 45 46 97 98 11 0 0 0 0 0 0
0 5 48 17 11 0 0 0 0 0 0 0 0

Vehicle 3:
0 6 52 1 0 0 0 0 0 0 0 0 0
0 6 1 0 0 0 0 0 0 0 0 0 0
0 6 1 0 0 0 0 0 0 0 0 0 0
0 6 1 32 67 68 0 0 0 0 0 0 0
0 65 66 1 6 0 0 0 0 0 0 0 0
0 6 1 31 0 0 0 0 0 0 0 0 0

Vehicle 4:
0 2 94 93 73 23 72 8 0 0 0 0 0
0 56 55 2 34 13 8 0 0 0 0 0 0
0 2 14 28 92 8 70 22 0 0 0 0 0
0 2 8 71 23 74 0 0 0 0 0 0 0
0 2 33 13 8 0 0 0 0 0 0 0 0
0 2 14 28 91 8 69 22 0 0 0 0 0

Vehicle 5:
0 3 4 0 0 0 0 0 0 0 0 0 0
0 19 57 3 4 0 0 0 0 0 0 0 0
0 59 4 3 38 37 36 35 0 0 0 0 0
0 3 40 4 0 0 0 0 0 0 0 0 0
0 19 58 3 4 0 0 0 0 0 0 0 0
0 3 4 0 0 0 0 0 0 0 0 0 0

Transported demand matrix:
20 20 20 18 20 20
20 14 16 20 18 20
14 10 14 18 18 14
12 10 10 16 14 12
20 18 20 16 14 20
10 14 20 12 14 10

Routes distance matrix:
1174.3932058787118 934.1117771703614 1397.0356591920286 1163.5078730672722 1012.6657359016283 1428.5704683721126
1280.3328984593077 895.2300722451336 1162.2801906622822 936.0369920670221 978.8841604149691 1180.319943994486
1083.0677852009317 577.3497018943544 613.4538606924732 1091.873929911914 640.5327508664982 613.4542003852403
200.68354770368057 173.20504038169383 173.20504038169383 888.0545924068074 182.00929906611407 217.6375385209181
1163.9377794823931 622.2603954964886 1165.6401148627524 1093.9013532726915 613.455099070093 1165.6395942409913
173.20504038169383 186.62534625787123 280.41328462871434 189.13554770368057 186.62547465905476 173.20504038169383