30
9 153 6 20

125606.57424333305

97985.75778899161
3918.515625
4 500 7200 7200
25 11 15 6 0

Assigned customers matrix:
Vehicle 0:
0 76 11 98 99 17 132 133 0 0 0 0 0
0 63 23 11 96 149 17 0 0 0 0 0 0
0 26 59 22 35 11 17 0 0 0 0 0 0
0 77 60 61 112 11 17 135 134 0 0 0 0
0 62 23 11 97 148 17 0 0 0 0 0 0
0 26 22 35 113 11 17 0 0 0 0 0 0

Vehicle 1:
0 25 70 8 84 28 14 0 0 0 0 0 0
0 51 34 106 8 14 121 37 0 0 0 0 0
0 71 8 14 0 0 0 0 0 0 0 0 0
0 25 50 8 85 82 28 14 0 0 0 0 0
0 53 34 107 8 14 120 37 0 0 0 0 0
0 49 48 8 87 86 143 14 0 0 0 0 0

Vehicle 2:
0 21 9 91 92 93 30 15 0 0 0 0 0
0 73 9 15 124 38 122 142 0 0 0 0 0
0 54 9 89 29 43 144 15 0 0 0 0 0
0 55 21 9 90 30 15 0 0 0 0 0 0
0 109 108 9 15 125 123 38 0 0 0 0 0
0 72 9 88 29 43 145 15 0 0 0 0 0

Vehicle 3:
0 4 10 16 128 127 39 0 0 0 0 0 0
0 74 75 4 10 16 0 0 0 0 0 0 0
0 4 58 110 111 10 16 0 0 0 0 0 0
0 4 10 16 129 39 126 0 0 0 0 0 0
0 4 10 16 131 130 0 0 0 0 0 0 0
0 4 10 94 95 146 147 16 0 0 0 0 0

Vehicle 4:
0 5 0 0 0 0 0 0 0 0 0 0 0
0 27 5 31 44 40 41 0 0 0 0 0 0
0 79 24 36 5 0 0 0 0 0 0 0 0
0 5 0 0 0 0 0 0 0 0 0 0 0
0 27 5 31 44 40 41 0 0 0 0 0 0
0 5 64 65 67 24 36 102 0 0 0 0 0

Vehicle 5:
0 6 66 114 115 12 18 0 0 0 0 0 0
0 6 12 18 137 136 42 0 0 0 0 0 0
0 6 12 101 32 18 33 0 0 0 0 0 0
0 78 6 12 103 150 151 18 0 0 0 0 0
0 6 12 18 138 139 42 0 0 0 0 0 0
0 6 12 100 32 18 33 0 0 0 0 0 0

Vehicle 6:
0 0 0 0 0 0 0 0 0 0 0 0 0
0 0 0 0 0 0 0 0 0 0 0 0 0
0 0 0 0 0 0 0 0 0 0 0 0 0
0 0 0 0 0 0 0 0 0 0 0 0 0
0 0 0 0 0 0 0 0 0 0 0 0 0
0 56 57 0 0 0 0 0 0 0 0 0 0

Vehicle 7:
0 1 7 105 45 152 13 0 0 0 0 0 0
0 1 7 83 13 118 119 0 0 0 0 0 0
0 1 69 116 117 7 13 0 0 0 0 0 0
0 1 7 104 45 153 13 0 0 0 0 0 0
0 80 81 1 47 7 13 0 0 0 0 0 0
0 1 68 7 13 141 140 0 0 0 0 0 0

Vehicle 8:
0 2 3 0 0 0 0 0 0 0 0 0 0
0 2 3 20 19 0 0 0 0 0 0 0 0
0 2 3 0 0 0 0 0 0 0 0 0 0
0 2 3 0 0 0 0 0 0 0 0 0 0
0 2 46 19 20 52 3 0 0 0 0 0 0
0 2 3 0 0 0 0 0 0 0 0 0 0

Transported demand matrix:
18 17 19 20 17 19
18 20 10 20 20 18
20 19 20 18 19 20
19 16 18 19 16 20
4 19 12 4 19 18
18 19 20 20 19 20
0 0 0 0 0 4
19 18 18 19 18 18
8 14 8 8 18 8

Routes distance matrix:
2806.050256045577 1954.3771803184245 1799.037082248014 2591.4809440570943 1834.2393646094497 1799.1529126625278
1956.7971142705792 3317.2660458535074 1732.835205078909 2049.9936925325096 3317.26578201247 1878.573037902413
2120.6574280137456 3396.5165896794188 2020.683977161814 1970.7516843761175 3576.2384852632904 2018.2874511357402
3532.2141919869996 1740.85425868442 1783.6850274909748 3394.9080904950215 2684.9363511117904 2012.8102150487025
115.46954038186868 4561.162460277688 469.4529283428039 115.46954038186868 4561.162460277688 818.162418293454
1793.1230338323394 4184.937273742789 2083.0664695519667 1906.9275545025907 3422.407812870386 2083.0661298668933
0.0 0.0 0.0 0.0 0.0 164.55000973284197
2013.2643334880531 2747.527792848694 1793.1223827805811 2001.13369009821 1752.0122532280116 2696.094345655382
173.2035403818687 373.20433647028426 173.2035403818687 173.2035403818687 348.0144928002177 173.2035403818687