31
9 153 6 20

127635.67882667744

103438.1889118368
2821.71875
4 500 7200 7200
24 12 11 5 1

Assigned customers matrix:
Vehicle 0:
0 59 22 113 11 97 148 17 0 0 0 0 0
0 77 11 17 132 133 40 131 0 0 0 0 0
0 78 62 11 149 17 134 41 0 0 0 0 0
0 22 112 11 17 0 0 0 0 0 0 0 0
0 63 11 96 146 130 40 17 0 0 0 0 0
0 11 98 99 17 135 41 150 0 0 0 0 0

Vehicle 1:
0 8 84 143 14 123 43 29 0 0 0 0 0
0 71 70 50 107 106 8 14 0 0 0 0 0
0 27 80 19 8 14 121 37 0 0 0 0 0
0 8 87 86 29 43 14 85 0 0 0 0 0
0 49 48 8 14 0 0 0 0 0 0 0 0
0 27 19 8 14 120 37 119 0 0 0 0 0

Vehicle 2:
0 109 9 15 127 39 147 44 0 0 0 0 0
0 25 20 34 108 9 15 0 0 0 0 0 0
0 9 89 88 145 144 15 30 0 0 0 0 0
0 72 52 9 15 126 39 44 0 0 0 0 0
0 25 20 34 9 15 125 124 0 0 0 0 0
0 55 9 90 91 30 15 0 0 0 0 0 0

Vehicle 3:
0 4 10 94 95 16 0 0 0 0 0 0 0
0 4 10 16 111 75 0 0 0 0 0 0 0
0 4 10 16 110 74 0 0 0 0 0 0 0
0 4 10 93 92 16 0 0 0 0 0 0 0
0 4 10 16 128 129 0 0 0 0 0 0 0
0 4 10 16 0 0 0 0 0 0 0 0 0

Vehicle 4:
0 5 0 0 0 0 0 0 0 0 0 0 0
0 5 23 35 31 32 33 45 42 0 0 0 0
0 5 0 0 0 0 0 0 0 0 0 0 0
0 5 0 0 0 0 0 0 0 0 0 0 0
0 5 23 35 31 32 33 45 42 0 0 0 0
0 76 5 0 0 0 0 0 0 0 0 0 0

Vehicle 5:
0 6 12 100 101 18 0 0 0 0 0 0 0
0 79 6 12 103 18 0 0 0 0 0 0 0
0 6 12 102 151 18 0 0 0 0 0 0 0
0 6 12 18 138 139 0 0 0 0 0 0 0
0 6 12 18 137 136 0 0 0 0 0 0 0
0 6 114 115 12 18 0 0 0 0 0 0 0

Vehicle 6:
0 26 60 61 58 56 21 3 0 0 0 0 0
0 73 3 53 51 69 68 105 0 0 0 0 0
0 3 0 0 0 0 0 0 0 0 0 0 0
0 26 57 21 54 3 0 0 0 0 0 0 0
0 3 0 0 0 0 0 0 0 0 0 0 0
0 3 0 0 0 0 0 0 0 0 0 0 0

Vehicle 7:
0 1 116 7 13 0 0 0 0 0 0 0 0
0 1 7 104 153 13 0 0 0 0 0 0 0
0 1 47 7 152 13 0 0 0 0 0 0 0
0 81 1 7 13 118 0 0 0 0 0 0 0
0 1 7 83 13 0 0 0 0 0 0 0 0
0 1 7 13 141 140 0 0 0 0 0 0 0

Vehicle 8:
0 2 0 0 0 0 0 0 0 0 0 0 0
0 2 24 36 82 28 122 38 0 0 0 0 0
0 2 0 0 0 0 0 0 0 0 0 0 0
0 2 66 67 65 64 0 0 0 0 0 0 0
0 2 46 24 36 117 28 142 38 0 0 0 0
0 2 0 0 0 0 0 0 0 0 0 0 0

Transported demand matrix:
20 20 20 14 20 20
20 20 20 20 14 20
20 18 20 20 20 18
19 19 19 19 19 15
5 19 5 5 19 7
19 19 19 19 19 19
17 17 5 13 5 5
17 19 19 19 17 19
5 17 5 13 19 5

Routes distance matrix:
1858.7306820492163 3456.7732696160174 3410.382762992869 1756.0970681410806 3542.5242589197387 3616.377806442516
2570.6123611896487 1778.067429210224 3295.8757584051027 2110.9066447322543 1740.3090493375562 3441.578085798673
3694.3317253332443 1799.1533743370908 2095.941422006132 3661.1840403494743 2749.0150927780637 2014.135900844537
1907.8408151533495 1742.809437618597 1736.5163290708085 1907.8408151533495 2684.9358055350285 1732.0499999999997
115.46954038186868 4088.674943620339 115.46954038186868 115.46954038186868 4088.674943620339 118.16455395861351
1852.3762250411796 1802.2214489601392 1925.171713365587 2684.93902427188 2571.733059634427 1777.2231270346292
319.7862748905636 883.4286944054951 115.46954038186868 245.90437985053563 115.46954038186868 115.46954038186868
1746.6725949313231 1880.583978476649 1791.0498136361318 2406.10610622489 1794.6419873136651 2684.9363511117904
115.46954038186868 3580.576630111618 115.46954038186868 296.3326099591645 3555.774652966499 115.46954038186868