32
9 153 6 20

126353.92675262937

100089.41187033599
7631.71875
4 500 7200 7200
39 15 42 8 0

Assigned customers matrix:
Vehicle 0:
0 4 64 23 98 99 17 0 0 0 0 0 0
0 74 4 31 148 17 32 0 0 0 0 0 0
0 4 35 146 147 132 17 0 0 0 0 0 0
0 4 23 17 135 134 136 0 0 0 0 0 0
0 4 58 31 149 17 32 0 0 0 0 0 0
0 4 59 35 96 97 17 0 0 0 0 0 0

Vehicle 1:
0 25 8 84 85 28 14 0 0 0 0 0 0
0 72 53 106 8 87 142 14 0 0 0 0 0
0 71 8 14 121 118 37 0 0 0 0 0 0
0 25 8 86 143 14 28 0 0 0 0 0 0
0 70 50 107 8 14 0 0 0 0 0 0 0
0 8 14 120 37 119 0 0 0 0 0 0 0

Vehicle 2:
0 51 20 34 88 15 16 0 0 0 0 0 0
0 76 61 56 55 93 16 15 0 0 0 0 0
0 73 52 15 126 39 16 0 0 0 0 0 0
0 20 34 89 144 15 16 0 0 0 0 0 0
0 109 108 145 15 125 124 16 0 0 0 0 0
0 91 90 15 127 39 16 0 0 0 0 0 0

Vehicle 3:
0 3 9 10 0 0 0 0 0 0 0 0 0
0 3 22 110 10 9 0 0 0 0 0 0 0
0 3 21 10 9 0 0 0 0 0 0 0 0
0 3 9 10 128 129 0 0 0 0 0 0 0
0 3 22 111 10 9 0 0 0 0 0 0 0
0 3 54 21 10 9 0 0 0 0 0 0 0

Vehicle 4:
0 69 19 36 115 100 101 18 0 0 0 0 0
0 44 131 130 40 133 41 18 0 0 0 0 0
0 67 33 45 151 18 138 42 0 0 0 0 0
0 49 19 36 102 103 150 18 0 0 0 0 0
0 75 113 44 40 41 137 18 0 0 0 0 0
0 33 45 18 139 42 140 141 0 0 0 0 0

Vehicle 5:
0 78 79 1 12 11 0 0 0 0 0 0 0
0 1 24 114 12 11 0 0 0 0 0 0 0
0 1 12 11 0 0 0 0 0 0 0 0 0
0 1 66 12 11 112 0 0 0 0 0 0 0
0 1 68 24 12 11 0 0 0 0 0 0 0
0 80 81 1 12 11 0 0 0 0 0 0 0

Vehicle 6:
0 0 0 0 0 0 0 0 0 0 0 0 0
0 57 92 30 29 43 123 122 38 0 0 0 0
0 0 0 0 0 0 0 0 0 0 0 0 0
0 0 0 0 0 0 0 0 0 0 0 0 0
0 60 95 94 30 29 43 38 0 0 0 0 0
0 0 0 0 0 0 0 0 0 0 0 0 0

Vehicle 7:
0 2 46 47 7 13 0 0 0 0 0 0 0
0 2 7 104 152 13 0 0 0 0 0 0 0
0 2 116 117 7 13 0 0 0 0 0 0 0
0 2 7 105 153 13 0 0 0 0 0 0 0
0 2 7 83 82 13 0 0 0 0 0 0 0
0 2 48 7 13 0 0 0 0 0 0 0 0

Vehicle 8:
0 5 6 0 0 0 0 0 0 0 0 0 0
0 26 77 5 6 0 0 0 0 0 0 0 0
0 27 6 5 0 0 0 0 0 0 0 0 0
0 5 6 0 0 0 0 0 0 0 0 0 0
0 26 5 6 0 0 0 0 0 0 0 0 0
0 27 6 65 62 63 5 0 0 0 0 0 0

Transported demand matrix:
19 20 19 19 20 19
20 20 19 20 16 17
20 20 19 20 20 19
15 20 18 19 20 20
19 20 20 19 20 20
19 20 15 19 20 19
0 20 0 0 18 0
19 19 19 19 19 17
10 15 13 10 13 19

Routes distance matrix:
1867.0308219714066 2011.3665041224676 2599.323192027719 2942.949625623455 2040.4870317292832 1799.2660521469325
2012.972801754102 1972.6946162240529 3532.9993634613584 1952.6997345190516 1746.2896982480065 3394.9083731486853
2639.864973660645 2743.452357984008 3485.2414039545324 2722.6759571650223 3696.516768458759 3529.3466122827463
866.0252018941796 963.2766519864045 900.9869952095884 2786.376753219016 983.2126533414804 902.1301580093428
2042.8632387197868 4981.398761566932 3453.3447986482443 1877.167701892126 4773.520447415223 3647.141602307768
935.2400056847972 905.5405365033865 899.6588051731136 916.0401451882972 902.1288591685396 908.4630638575337
0.0 3728.354410233046 0.0 0.0 3788.0554937539873 0.0
1769.5428470961183 1846.2150822432307 1821.010566341679 1958.8055740247278 1941.4760884884713 1768.128624948148
173.2035403818687 186.62434625412098 186.0193548227716 173.2035403818687 186.0193548227716 228.1507782751948