5

Similarity 1
0.6666666666666666

Similarity combination matrix:
0.25 0.25 0.2916666666666667 0.6666666666666666 0.5 0.25
0.16 0.08 0.16 0.2 0.48 0.68
0.6666666666666666 0.2777777777777778 0.6666666666666666 0.2222222222222222 0.3888888888888889 0.16666666666666666
0.3 0.15 0.7 0.45 0.35 0.25
0.3888888888888889 0.6666666666666666 0.2777777777777778 0.2777777777777778 0.2777777777777778 0.05555555555555555
0.16666666666666666 0.5 0.25 0.5833333333333334 0.6666666666666666 0.25

Similarity combination pairings:
(np.int64(0), np.int64(3)) (np.int64(1), np.int64(5)) (np.int64(2), np.int64(0)) (np.int64(3), np.int64(2)) (np.int64(4), np.int64(1)) (np.int64(5), np.int64(4))
0.6666666666666666 0.68 0.6666666666666666 0.7 0.6666666666666666 0.6666666666666666

Similarity 2
0.0

Similarity combination matrix:
0.0 0.0 0.0 0.0 0.02222222222222222 0.05
0.02 0.0 0.0 0.0 0.025 0.0
0.05357142857142857 0.0 0.05 0.0 0.03333333333333333 0.0
0.0 0.0 0.03333333333333333 0.08333333333333333 0.0 0.0
0.0 0.025 0.0 0.0 0.0 0.0
0.0 0.02222222222222222 0.0 0.0 0.0 0.0

Similarity combination pairings:
(np.int64(0), np.int64(5)) (np.int64(1), np.int64(4)) (np.int64(2), np.int64(0)) (np.int64(3), np.int64(3)) (np.int64(4), np.int64(1)) (np.int64(5), np.int64(2))
0.05 0.025 0.05357142857142857 0.08333333333333333 0.025 0.0

Similarity 3
0.0

Similarity combination matrix:
0.0 0.0 0.0 0.0 0.025 0.05714285714285714
0.02222222222222222 0.0 0.0 0.0 0.02857142857142857 0.0
0.06190476190476191 0.0 0.06666666666666667 0.0 0.04 0.0
0.0 0.0 0.04 0.09714285714285714 0.0 0.0
0.0 0.02857142857142857 0.0 0.0 0.0 0.0
0.0 0.025 0.0 0.0 0.0 0.0

Similarity combination pairings:
(np.int64(0), np.int64(5)) (np.int64(1), np.int64(4)) (np.int64(2), np.int64(2)) (np.int64(3), np.int64(3)) (np.int64(4), np.int64(1)) (np.int64(5), np.int64(0))
0.05714285714285714 0.02857142857142857 0.06666666666666667 0.09714285714285714 0.02857142857142857 0.0
