22
6 114 4 30

Solution history:
B_obj   B_dis   B_sim   C_obj   C_dis   C_sim   neighbor   iterations   time   scores
1.009912161302156 4579.206011616268 0.0 1.009912161302156 4579.206011616268 0.0 0 0 0 3.0 3.0 3.0 3.0 3.0 3.0 3.0
1.009912161302156 4579.206011616268 0.0 1.037040849651057 4822.831997035626 0.0 t_move_k 100 10.164372444152832 4.02 3.0 3.0 3.0 3.0 3.0 3.0
1.009912161302156 4579.206011616268 0.0 1.0630185946176751 5056.122071184068 0.0 f_swap_t 100 25.75960683822632 4.02 3.0 3.0 4.01 3.0 3.0 3.0
1.009912161302156 4579.206011616268 0.0 1.0438101682061403 4883.623063761362 0.0 t_multiswap_k 100 31.304218769073486 4.02 3.0 3.0 4.01 3.0 3.0 3.9699999999999998
1.009912161302156 4579.206011616268 0.0 1.0401904382726719 4851.116506103592 0.0 f_swap_t 100 41.012810945510864 4.02 3.0 3.0 4.9999 3.0 3.0 3.9699999999999998
1.009912161302156 4579.206011616268 0.0 1.0340686704662105 4796.140692486047 0.0 t_swap_k 100 49.409138441085815 4.02 3.0 3.9699999999999998 4.9999 3.0 3.0 3.9699999999999998
1.009912161302156 4579.206011616268 0.0 1.0330091569260174 4786.625856126287 0.0 t_multiswap_k 100 52.08991289138794 4.02 3.0 3.9699999999999998 4.9999 3.0 3.0 4.9303
1.009912161302156 4579.206011616268 0.0 1.0330091569260174 4786.625856126287 0.0 t_multiswap_k 100 57.15402793884277 4.02 3.0 3.9699999999999998 4.9999 3.0 3.0 5.880997
1.009912161302156 4579.206011616268 0.0 1.0330091569260174 4786.625856126287 0.0 swap_t 100 65.55735278129578 4.02 3.0 3.9699999999999998 4.9999 3.9699999999999998 3.0 5.880997
1.009912161302156 4579.206011616268 0.0 1.0568986932690299 5001.163019070759 0.0 t_multiswap_k 100 70.92311310768127 4.02 3.0 3.9699999999999998 4.9999 3.9699999999999998 3.0 6.84218703
1.009912161302156 4579.206011616268 0.0 1.0492901946193416 4932.8357945012285 0.0 move_t 100 82.54436087608337 4.02 3.9699999999999998 3.9699999999999998 4.9999 3.9699999999999998 3.0 6.84218703
1.009912161302156 4579.206011616268 0.0 1.0457622119118608 4901.153161983271 0.0 f_swap_t 100 91.07556676864624 4.02 3.9699999999999998 3.9699999999999998 5.9499010000000006 3.9699999999999998 3.0 6.84218703
1.009912161302156 4579.206011616268 0.0 1.0457622119118608 4901.153161983271 0.0 t_multiswap_k 100 93.97408246994019 4.02 3.9699999999999998 3.9699999999999998 5.9499010000000006 3.9699999999999998 3.0 7.7737651597
1.009912161302156 4579.206011616268 0.0 1.0457622119118608 4901.153161983271 0.0 f_swap_t 100 106.02912139892578 4.02 3.9699999999999998 3.9699999999999998 6.890401990000001 3.9699999999999998 3.0 7.7737651597
1.009912161302156 4579.206011616268 0.0 1.1244082870058967 5607.424961700614 0.0 t_swap_k 100 119.21143651008606 4.02 3.9699999999999998 4.9603 6.890401990000001 3.9699999999999998 3.0 7.7737651597
1.009912161302156 4579.206011616268 0.0 1.1071134040372375 5452.110305431109 0.0 t_multiswap_k 100 124.67026209831238 4.02 3.9699999999999998 4.9603 6.890401990000001 3.9699999999999998 3.0 8.766027508103
1.009912161302156 4579.206011616268 0.0 1.1636229202865773 5959.5873498336005 0.0 f_swap_t 100 140.86896228790283 4.02 3.9699999999999998 4.9603 7.881497970100001 3.9699999999999998 3.0 8.766027508103
1.009912161302156 4579.206011616268 0.0 1.139822101917168 5745.846908185253 0.0 move_t 100 151.6190812587738 4.02 4.9303 4.9603 7.881497970100001 3.9699999999999998 3.0 8.766027508103
1.009912161302156 4579.206011616268 0.0 1.1371892032903825 5722.202472663333 0.0 t_multiswap_k 100 156.2698094844818 4.02 4.9303 4.9603 7.881497970100001 3.9699999999999998 3.0 9.678367233021971
1.009912161302156 4579.206011616268 0.0 1.1528071329398821 5862.457447475768 0.0 t_multiswap_k 100 159.80251908302307 4.02 4.9303 4.9603 7.881497970100001 3.9699999999999998 3.0 10.59158356069175
1.009912161302156 4579.206011616268 0.0 1.1725848827424041 6040.0691964496955 0.0 t_multiswap_k 100 166.7777886390686 4.02 4.9303 4.9603 7.881497970100001 3.9699999999999998 3.0 11.555667725084833
1.009912161302156 4579.206011616268 0.0 1.1729120136233808 6043.006956735562 0.0 t_multiswap_k 100 172.4381663799286 4.02 4.9303 4.9603 7.881497970100001 3.9699999999999998 3.0 12.460111047833985
1.009912161302156 4579.206011616268 0.0 1.1823727538776754 6089.063058953191 0.0 move_t 100 181.36720967292786 4.02 5.890997 4.9603 7.881497970100001 3.9699999999999998 3.0 12.460111047833985
1.009912161302156 4579.206011616268 0.0 1.1626605820333222 5950.945184674683 0.0 t_swap_r_k 100 204.82517766952515 4.02 5.890997 4.9603 7.881497970100001 3.9699999999999998 4.01 12.460111047833985
1.009912161302156 4579.206011616268 0.0 1.1620711563010977 5945.651916419399 0.0 f_swap_t 100 217.6552963256836 4.02 5.890997 4.9603 8.802682990399001 3.9699999999999998 4.01 12.460111047833985
1.009912161302156 4579.206011616268 0.0 1.1620711563010977 5945.651916419399 0.0 t_swap_r_k 100 240.96654796600342 4.02 5.890997 4.9603 8.802682990399001 3.9699999999999998 5.0099 12.460111047833985
1.009912161302156 4579.206011616268 0.0 1.1620711563010977 5945.651916419399 0.0 move_t 100 249.19449090957642 4.02 6.832087029999999 4.9603 8.802682990399001 3.9699999999999998 5.0099 12.460111047833985
1.009912161302156 4579.206011616268 0.0 1.1616791866070075 5942.131878821225 0.0 t_move_k 100 260.71560049057007 5.049799999999999 6.832087029999999 4.9603 8.802682990399001 3.9699999999999998 5.0099 12.460111047833985
1.009912161302156 4579.206011616268 0.0 1.1568495016515294 5898.759462823418 0.0 t_move_k 100 270.1970705986023 6.049301999999999 6.832087029999999 4.9603 8.802682990399001 3.9699999999999998 5.0099 12.460111047833985
1.009912161302156 4579.206011616268 0.0 1.1474059041137115 5813.9523491706905 0.0 f_swap_t 100 280.00682401657104 6.049301999999999 6.832087029999999 4.9603 9.71465616049501 3.9699999999999998 5.0099 12.460111047833985
1.009912161302156 4579.206011616268 0.0 1.1352091684855 5704.421003677432 0.0 t_multiswap_k 100 283.1822249889374 6.049301999999999 6.832087029999999 4.9603 9.71465616049501 3.9699999999999998 5.0099 13.395509937355644
1.009912161302156 4579.206011616268 0.0 1.1297213659952274 5655.138440794747 0.0 f_swap_t 100 293.1467444896698 6.049301999999999 6.832087029999999 4.9603 10.617509598890061 3.9699999999999998 5.0099 13.395509937355644
1.009912161302156 4579.206011616268 0.0 1.1649714263882578 5971.697449800126 0.0 t_multiswap_k 100 296.1779282093048 6.049301999999999 6.832087029999999 4.9603 10.617509598890061 3.9699999999999998 5.0099 14.311554837982088
1.009912161302156 4579.206011616268 0.0 1.1528506298333108 5862.848066195993 0.0 move_t 100 303.10978174209595 6.049301999999999 7.763766159699999 4.9603 10.617509598890061 3.9699999999999998 5.0099 14.311554837982088
1.009912161302156 4579.206011616268 0.0 1.1900658214600388 6197.05470442438 0.0 t_swap_k 100 315.180890083313 6.049301999999999 7.763766159699999 5.990697 10.617509598890061 3.9699999999999998 5.0099 14.311554837982088
1.009912161302156 4579.206011616268 0.0 1.1807439503449317 6113.340740551068 0.0 t_multiswap_k 100 319.0469925403595 6.049301999999999 7.763766159699999 5.990697 10.617509598890061 3.9699999999999998 5.0099 15.168439289602267
1.009912161302156 4579.206011616268 0.0 1.1807439503449317 6113.340740551068 0.0 t_multiswap_k 100 328.1607201099396 6.049301999999999 7.763766159699999 5.990697 10.617509598890061 3.9699999999999998 5.0099 16.016754896706246
1.009912161302156 4579.206011616268 0.0 1.18623010460304 6162.6085016792385 0.0 move_t 100 336.92498207092285 6.049301999999999 8.696128498102999 5.990697 10.617509598890061 3.9699999999999998 5.0099 16.016754896706246
1.009912161302156 4579.206011616268 0.0 1.1830731091078088 6134.257476056532 0.0 t_multiswap_k 100 343.81048917770386 6.049301999999999 8.696128498102999 5.990697 10.617509598890061 3.9699999999999998 5.0099 16.856587347739183
1.009912161302156 4579.206011616268 0.0 1.1827201114117227 6131.087421889013 0.0 t_swap_r_k 100 369.6167941093445 6.049301999999999 8.696128498102999 5.990697 10.617509598890061 3.9699999999999998 5.999801 16.856587347739183
1.009912161302156 4579.206011616268 0.0 1.2073331012932602 6158.925374550228 0.0 move_t 100 377.43100929260254 6.049301999999999 9.619167213121969 5.990697 10.617509598890061 3.9699999999999998 5.999801 16.856587347739183
1.009912161302156 4579.206011616268 0.0 1.226422077027525 6523.547768699107 0.0 t_move_k 100 393.43130350112915 7.068808979999999 9.619167213121969 5.990697 10.617509598890061 3.9699999999999998 5.999801 16.856587347739183
1.009912161302156 4579.206011616268 0.0 1.197237358713166 6261.457848719246 0.0 t_multiswap_k 100 401.66728496551514 7.068808979999999 9.619167213121969 5.990697 10.617509598890061 3.9699999999999998 5.999801 17.80802147426179
1.009912161302156 4579.206011616268 0.0 1.1900411857994646 6196.833466780795 0.0 t_swap_r_k 100 425.03764843940735 7.068808979999999 9.619167213121969 5.990697 10.617509598890061 3.9699999999999998 6.97980299 17.80802147426179
1.009912161302156 4579.206011616268 0.0 1.1883494696773287 6181.641209713126 0.0 f_swap_t 100 442.13499307632446 7.068808979999999 9.619167213121969 5.990697 11.51133450290116 3.9699999999999998 6.97980299 17.80802147426179
1.009912161302156 4579.206011616268 0.0 1.236050982321098 6610.019016792139 0.0 t_multiswap_k 100 455.50151920318604 7.068808979999999 9.619167213121969 5.990697 11.51133450290116 3.9699999999999998 6.97980299 18.69994125951917
1.009912161302156 4579.206011616268 0.0 1.2202873010446371 6515.380010515744 0.0 move_t 100 462.88084959983826 7.068808979999999 10.552975540990749 5.990697 11.51133450290116 3.9699999999999998 6.97980299 18.69994125951917
1.009912161302156 4579.206011616268 0.0 1.213341906650037 6406.08284165638 0.0 swap_t 100 468.24070596694946 7.068808979999999 10.552975540990749 5.990697 11.51133450290116 4.9303 6.97980299 18.69994125951917
1.009912161302156 4579.206011616268 0.0 1.2574377905263128 6802.080724935185 0.0 f_swap_t 100 486.6944589614868 7.068808979999999 10.552975540990749 5.990697 12.50622115787215 4.9303 6.97980299 18.69994125951917
1.009912161302156 4579.206011616268 0.0 1.2546850143620984 6777.359743330012 0.0 t_multiswap_k 100 499.5915229320526 7.068808979999999 10.552975540990749 5.990697 12.50622115787215 4.9303 6.97980299 19.58294184692398
1.009912161302156 4579.206011616268 0.0 1.2484569156453622 6721.429037516314 0.0 t_swap_r_k 100 527.7602505683899 7.068808979999999 10.552975540990749 5.990697 12.50622115787215 4.9303 7.950004960099999 19.58294184692398
1.009912161302156 4579.206011616268 0.0 1.2614152992713277 6837.800273003849 0.0 t_swap_k 100 538.3637614250183 7.068808979999999 10.552975540990749 7.05079003 12.50622115787215 4.9303 7.950004960099999 19.58294184692398
1.009912161302156 4579.206011616268 0.0 1.243428047898325 6676.267883955966 0.0 t_multiswap_k 100 543.9393119812012 7.068808979999999 10.552975540990749 7.05079003 12.50622115787215 4.9303 7.950004960099999 20.44711242845474
1.009912161302156 4579.206011616268 0.0 1.2539648093565674 6770.892027238475 0.0 t_move_k 100 560.3764100074768 8.128120890199998 10.552975540990749 7.05079003 12.50622115787215 4.9303 7.950004960099999 20.44711242845474
1.009912161302156 4579.206011616268 0.0 1.2729423597872973 6941.317680151378 0.0 t_swap_k 100 578.4122402667999 8.128120890199998 10.552975540990749 8.0802821297 12.50622115787215 4.9303 7.950004960099999 20.44711242845474
1.009912161302156 4579.206011616268 0.0 1.2528421245436125 6760.809888715826 0.0 t_multiswap_k 100 594.0601303577423 8.128120890199998 10.552975540990749 8.0802821297 12.50622115787215 4.9303 7.950004960099999 21.312641304170192
1.009912161302156 4579.206011616268 0.0 1.239638678651251 6642.237900454253 0.0 t_multiswap_k 100 604.2054152488708 8.128120890199998 10.552975540990749 8.0802821297 12.50622115787215 4.9303 7.950004960099999 22.139514891128492
1.009912161302156 4579.206011616268 0.0 1.2530525458170447 6762.699552139053 0.0 f_swap_t 100 626.3146390914917 8.128120890199998 10.552975540990749 8.0802821297 13.391158946293428 4.9303 7.950004960099999 22.139514891128492
1.009912161302156 4579.206011616268 0.0 1.2686897541686846 6903.127657061805 0.0 f_swap_t 100 650.0381197929382 8.128120890199998 10.552975540990749 8.0802821297 14.357247356830495 4.9303 7.950004960099999 22.139514891128492
1.009912161302156 4579.206011616268 0.0 1.2546586901952408 6777.123342254938 0.0 f_swap_t 100 664.1414873600006 8.128120890199998 10.552975540990749 8.0802821297 15.21367488326219 4.9303 7.950004960099999 22.139514891128492
1.009912161302156 4579.206011616268 0.0 1.2393145015196385 6639.326665966104 0.0 t_multiswap_k 100 670.3456585407257 8.128120890199998 10.552975540990749 8.0802821297 15.21367488326219 4.9303 7.950004960099999 23.008119742217207
1.009912161302156 4579.206011616268 0.0 1.2215220465907561 6479.543623405035 0.0 f_swap_t 100 692.0992279052734 8.128120890199998 10.552975540990749 8.0802821297 16.121538134429567 4.9303 7.950004960099999 23.008119742217207
1.009912161302156 4579.206011616268 0.0 1.2121658612847845 6395.521504988619 0.0 move_t 100 700.0253157615662 8.128120890199998 11.447445785580841 8.0802821297 16.121538134429567 4.9303 7.950004960099999 23.008119742217207
1.009912161302156 4579.206011616268 0.0 1.2760275349878123 6969.023732089836 0.0 t_swap_k 100 717.5765700340271 8.128120890199998 11.447445785580841 9.189479308403001 16.121538134429567 4.9303 7.950004960099999 23.008119742217207
1.009912161302156 4579.206011616268 0.0 1.2913942674320396 7107.022860033376 0.0 t_move_k 100 731.6341099739075 9.146839681297998 11.447445785580841 9.189479308403001 16.121538134429567 4.9303 7.950004960099999 23.008119742217207
1.009912161302156 4579.206011616268 0.0 1.2870215399546474 7067.754096761482 0.0 t_move_k 100 742.8702280521393 10.065371284485018 11.447445785580841 9.189479308403001 16.121538134429567 4.9303 7.950004960099999 23.008119742217207
1.009912161302156 4579.206011616268 0.0 1.2734754799063293 6946.105302489606 0.0 t_multiswap_k 100 753.4428763389587 10.065371284485018 11.447445785580841 9.189479308403001 16.121538134429567 4.9303 7.950004960099999 23.868038544795034
1.009912161302156 4579.206011616268 0.0 1.2804490154002122 7008.730315343314 0.0 t_swap_k 100 768.1242277622223 10.065371284485018 11.447445785580841 10.20758451531897 16.121538134429567 4.9303 7.950004960099999 23.868038544795034
1.009912161302156 4579.206011616268 0.0 1.2681371874764311 6898.1653970668185 0.0 t_multiswap_k 100 777.6192262172699 10.065371284485018 11.447445785580841 10.20758451531897 16.121538134429567 4.9303 7.950004960099999 24.689358159347083
1.009912161302156 4579.206011616268 0.0 1.2719175743665416 6932.114715571445 0.0 t_swap_k 100 792.0149381160736 10.065371284485018 11.447445785580841 11.11550867016578 16.121538134429567 4.9303 7.950004960099999 24.689358159347083
1.009912161302156 4579.206011616268 0.0 1.3157328216275475 7325.592374832762 0.0 move_t 100 799.9084486961365 10.065371284485018 12.402971327725034 11.11550867016578 16.121538134429567 4.9303 7.950004960099999 24.689358159347083
1.009912161302156 4579.206011616268 0.0 1.2909911813716008 7103.402993218579 0.0 t_swap_k 100 813.0825424194336 10.065371284485018 12.402971327725034 12.034353583464123 16.121538134429567 4.9303 7.950004960099999 24.689358159347083
1.009912161302156 4579.206011616268 0.0 1.2898117035536831 7092.810831814576 0.0 t_move_k 100 832.2860476970673 11.044717571640167 12.402971327725034 12.034353583464123 16.121538134429567 4.9303 7.950004960099999 24.689358159347083
1.009912161302156 4579.206011616268 0.0 1.2777422696886453 6984.422704788053 0.0 swap_t 100 842.2788338661194 11.044717571640167 12.402971327725034 12.034353583464123 16.121538134429567 5.880997 7.950004960099999 24.689358159347083
1.009912161302156 4579.206011616268 0.0 1.2770852924938612 6978.522798592115 0.0 t_multiswap_k 100 853.8806829452515 11.044717571640167 12.402971327725034 12.034353583464123 16.121538134429567 5.880997 7.950004960099999 25.44246457775361
1.009912161302156 4579.206011616268 0.0 1.3127792463007388 7163.779825445389 0.0 move_t 100 870.3136918544769 11.044717571640167 13.288941614447783 12.034353583464123 16.121538134429567 5.880997 7.950004960099999 25.44246457775361
1.009912161302156 4579.206011616268 0.0 1.3067344388365005 7244.783459692631 0.0 t_move_k 100 886.4722771644592 12.124270395923766 13.288941614447783 12.034353583464123 16.121538134429567 5.880997 7.950004960099999 25.44246457775361
1.009912161302156 4579.206011616268 0.0 1.2823322280911853 7025.642284757093 0.0 t_move_k 100 904.067052602768 13.153027691964528 13.288941614447783 12.034353583464123 16.121538134429567 5.880997 7.950004960099999 25.44246457775361
1.009912161302156 4579.206011616268 0.0 1.2869755672774796 7067.34124455745 0.0 t_move_k 100 918.3855893611908 14.131497415044883 13.288941614447783 12.034353583464123 16.121538134429567 5.880997 7.950004960099999 25.44246457775361
1.009912161302156 4579.206011616268 0.0 1.289151305990265 7086.880209401612 0.0 t_move_k 100 933.1219642162323 15.030182440894434 13.288941614447783 12.034353583464123 16.121538134429567 5.880997 7.950004960099999 25.44246457775361
1.009912161302156 4579.206011616268 0.0 1.277806433328583 6984.9989187873025 0.0 swap_t 100 943.6556100845337 15.030182440894434 13.288941614447783 12.034353583464123 16.121538134429567 6.85218703 7.950004960099999 25.44246457775361
1.009912161302156 4579.206011616268 0.0 1.2624607391682812 6847.188722670725 0.0 t_multiswap_k 100 952.6948606967926 15.030182440894434 13.288941614447783 12.034353583464123 16.121538134429567 6.85218703 7.950004960099999 26.308039931976076
1.009912161302156 4579.206011616268 0.0 1.2601814594110414 6826.719919691297 0.0 f_swap_t 100 969.8183870315552 15.030182440894434 13.288941614447783 12.034353583464123 16.960322753085272 6.85218703 7.950004960099999 26.308039931976076
1.009912161302156 4579.206011616268 0.0 1.259259053563103 6818.436362787607 0.0 t_move_k 100 980.2551989555359 15.939880616485489 13.288941614447783 12.034353583464123 16.960322753085272 6.85218703 7.950004960099999 26.308039931976076
1.009912161302156 4579.206011616268 0.0 1.258482202005502 6811.459939017647 0.0 swap_t 100 987.7882215976715 15.939880616485489 13.288941614447783 12.034353583464123 16.960322753085272 7.7836651597 7.950004960099999 26.308039931976076
1.009912161302156 4579.206011616268 0.0 1.2660290514819326 6826.971684991091 0.0 move_t 100 1000.7659893035889 15.939880616485489 14.206052198303304 12.034353583464123 16.960322753085272 7.7836651597 7.950004960099999 26.308039931976076
1.009912161302156 4579.206011616268 0.0 1.2510897209132983 6745.072634640101 0.0 move_t 100 1016.5464193820953 15.939880616485489 15.103991676320272 12.034353583464123 16.960322753085272 7.7836651597 7.950004960099999 26.308039931976076
1.009912161302156 4579.206011616268 0.0 1.2335351245495343 6587.425652863545 0.0 t_swap_k 100 1033.6641240119934 15.939880616485489 15.103991676320272 12.944010047629481 16.960322753085272 7.7836651597 7.950004960099999 26.308039931976076
1.009912161302156 4579.206011616268 0.0 1.2595594305703433 6821.133863066465 0.0 f_swap_t 100 1053.7092978954315 15.939880616485489 15.103991676320272 12.944010047629481 17.80071952555442 7.7836651597 7.950004960099999 26.308039931976076
1.009912161302156 4579.206011616268 0.0 1.2404200799201093 6649.255182369441 0.0 move_t 100 1062.5821714401245 15.939880616485489 15.952951759557068 12.944010047629481 17.80071952555442 7.7836651597 7.950004960099999 26.308039931976076
1.009912161302156 4579.206011616268 0.0 1.2328597037156936 6581.360115742808 0.0 f_swap_t 100 1073.6949105262756 15.939880616485489 15.952951759557068 12.944010047629481 18.652712330298876 7.7836651597 7.950004960099999 26.308039931976076
1.009912161302156 4579.206011616268 0.0 1.2288379097635307 6545.242869595556 0.0 t_swap_r_k 100 1091.9482316970825 15.939880616485489 15.952951759557068 12.944010047629481 18.652712330298876 7.7836651597 8.910504910499 26.308039931976076
1.009912161302156 4579.206011616268 0.0 1.2594573979232586 6820.217570915838 0.0 t_move_k 100 1111.838987827301 16.800481810320633 15.952951759557068 12.944010047629481 18.652712330298876 7.7836651597 8.910504910499 26.308039931976076
1.009912161302156 4579.206011616268 0.0 1.2585526401037712 6812.092500049763 0.0 t_move_k 100 1129.7838094234467 17.762476992217426 15.952951759557068 12.944010047629481 18.652712330298876 7.7836651597 8.910504910499 26.308039931976076
1.009912161302156 4579.206011616268 0.0 1.2366522238924473 6615.418395796802 0.0 f_swap_t 100 1142.825484752655 17.762476992217426 15.952951759557068 12.944010047629481 19.46618520699589 7.7836651597 8.910504910499 26.308039931976076
1.009912161302156 4579.206011616268 0.0 1.2447336186480147 6687.992408058904 0.0 move_t 100 1155.6288695335388 17.762476992217426 16.863422241961498 12.944010047629481 19.46618520699589 7.7836651597 8.910504910499 26.308039931976076
1.009912161302156 4579.206011616268 0.0 1.2366015294167165 6614.963140037792 0.0 f_swap_t 100 1176.2348957061768 17.762476992217426 16.863422241961498 12.944010047629481 20.27152335492593 7.7836651597 8.910504910499 26.308039931976076
1.009912161302156 4579.206011616268 0.0 1.2366015294167165 6614.963140037792 0.0 t_swap_k 100 1189.2345626354218 17.762476992217426 16.863422241961498 13.814569947153187 20.27152335492593 7.7836651597 8.910504910499 26.308039931976076
1.009912161302156 4579.206011616268 0.0 1.2366015294167165 6614.963140037792 0.0 f_swap_t 100 1206.2070724964142 17.762476992217426 16.863422241961498 13.814569947153187 21.06880812137667 7.7836651597 8.910504910499 26.308039931976076
1.009912161302156 4579.206011616268 0.0 1.2350984716066096 6601.465106685789 0.0 t_multiswap_k 100 1214.5914709568024 17.762476992217426 16.863422241961498 13.814569947153187 21.06880812137667 7.7836651597 8.910504910499 27.114959532656314
1.009912161302156 4579.206011616268 0.0 1.220232801942216 6467.965713927523 0.0 f_swap_t 100 1231.671870470047 17.762476992217426 16.863422241961498 13.814569947153187 21.918120040162904 7.7836651597 8.910504910499 27.114959532656314
1.009912161302156 4579.206011616268 0.0 1.211222842326646 6387.052834480451 0.0 t_swap_k 100 1247.908096075058 17.762476992217426 16.863422241961498 14.766424247681655 21.918120040162904 7.7836651597 8.910504910499 27.114959532656314
1.009912161302156 4579.206011616268 0.0 1.2096697251621182 6373.105249001436 0.0 f_swap_t 100 1266.3495001792908 17.762476992217426 16.863422241961498 14.766424247681655 22.698938839761276 7.7836651597 8.910504910499 27.114959532656314
1.009912161302156 4579.206011616268 0.0 1.2782291292400838 6988.794889556243 0.0 f_swap_t 100 1283.2394218444824 17.762476992217426 16.863422241961498 14.766424247681655 23.521949451363664 7.7836651597 8.910504910499 27.114959532656314
1.009912161302156 4579.206011616268 0.0 1.2462567020615025 6701.6702789797055 0.0 t_multiswap_k 100 1297.0818572044373 17.762476992217426 16.863422241961498 14.766424247681655 23.521949451363664 7.7836651597 8.910504910499 27.93380993732975
1.009912161302156 4579.206011616268 0.0 1.2164898483228743 6434.352560495134 0.0 t_move_k 100 1316.6032135486603 18.644852222295253 16.863422241961498 14.766424247681655 23.521949451363664 7.7836651597 8.910504910499 27.93380993732975
1.009912161302156 4579.206011616268 0.0 1.2472044820459336 6710.181705322848 0.0 t_multiswap_k 100 1325.2589824199677 18.644852222295253 16.863422241961498 14.766424247681655 23.521949451363664 7.7836651597 8.910504910499 28.774471837956455
1.009912161302156 4579.206011616268 0.0 1.229676158411789 6552.770662695315 0.0 swap_t 100 1334.531299829483 18.644852222295253 16.863422241961498 14.766424247681655 23.521949451363664 8.705828508103 8.910504910499 28.774471837956455
1.009912161302156 4579.206011616268 0.0 1.2274247434478598 6532.55209620508 0.0 f_swap_t 100 1350.9570269584656 18.644852222295253 16.863422241961498 14.766424247681655 24.286729956850028 8.705828508103 8.910504910499 28.774471837956455
1.009912161302156 4579.206011616268 0.0 1.2274247434478598 6532.55209620508 0.0 t_swap_r_k 100 1369.0389935970306 18.644852222295253 16.863422241961498 14.766424247681655 24.286729956850028 8.705828508103 9.86139986139401 28.774471837956455
1.009912161302156 4579.206011616268 0.0 1.2387793868459869 6634.521131765407 0.0 move_t 100 1382.2014420032501 18.644852222295253 17.854788019541882 14.766424247681655 24.286729956850028 8.705828508103 9.86139986139401 28.774471837956455
1.009912161302156 4579.206011616268 0.0 1.2326270754396949 6579.271024952728 0.0 t_multiswap_k 100 1392.3163113594055 18.644852222295253 17.854788019541882 14.766424247681655 24.286729956850028 8.705828508103 9.86139986139401 29.51672711957689
1.009912161302156 4579.206011616268 0.0 1.2402392830485582 6647.631557392595 0.0 move_t 100 1407.0629432201385 18.644852222295253 18.716240139346464 14.766424247681655 24.286729956850028 8.705828508103 9.86139986139401 29.51672711957689
1.009912161302156 4579.206011616268 0.0 1.2353399608987923 6603.6337727863975 0.0 swap_t 100 1414.552639245987 18.644852222295253 18.716240139346464 14.766424247681655 24.286729956850028 9.61877022302197 9.86139986139401 29.51672711957689
1.009912161302156 4579.206011616268 0.0 1.2340851678332885 6592.365251686182 0.0 move_t 100 1426.1764390468597 18.644852222295253 19.529077737953 14.766424247681655 24.286729956850028 9.61877022302197 9.86139986139401 29.51672711957689
1.009912161302156 4579.206011616268 0.0 1.265545496545967 6874.89102240055 0.0 t_multiswap_k 100 1438.9265439510345 18.644852222295253 19.529077737953 14.766424247681655 24.286729956850028 9.61877022302197 9.86139986139401 30.33155984838112
1.009912161302156 4579.206011616268 0.0 1.2602759621250768 6827.568590166462 0.0 t_multiswap_k 100 1449.5341143608093 18.644852222295253 19.529077737953 14.766424247681655 24.286729956850028 9.61877022302197 9.86139986139401 31.04824424989731
1.009912161302156 4579.206011616268 0.0 1.272506646049885 6937.40480433252 0.0 t_move_k 100 1464.784316778183 19.5384037000723 19.529077737953 14.766424247681655 24.286729956850028 9.61877022302197 9.86139986139401 31.04824424989731
1.009912161302156 4579.206011616268 0.0 1.2647432779797203 6867.686793201925 0.0 f_swap_t 100 1483.2020392417908 19.5384037000723 19.529077737953 14.766424247681655 25.043862657281526 9.61877022302197 9.86139986139401 31.04824424989731
1.009912161302156 4579.206011616268 0.0 1.257182248435 6801.124942615248 0.0 move_t 100 1493.4575369358063 19.5384037000723 20.39378696057347 14.766424247681655 25.043862657281526 9.61877022302197 9.86139986139401 31.04824424989731
1.009912161302156 4579.206011616268 0.0 1.2434507005995334 6676.471313866889 0.0 swap_t 100 1500.0923914909363 19.5384037000723 20.39378696057347 14.766424247681655 25.043862657281526 10.522582520791751 9.86139986139401 31.04824424989731
1.009912161302156 4579.206011616268 0.0 1.2406412369838962 6651.241257291479 0.0 t_swap_r_k 100 1527.009079694748 19.5384037000723 20.39378696057347 14.766424247681655 25.043862657281526 10.522582520791751 10.802785862780071 31.04824424989731
1.009912161302156 4579.206011616268 0.0 1.2306238729932046 6561.281501694394 0.0 move_t 100 1536.4588623046875 19.5384037000723 21.219849090967735 14.766424247681655 25.043862657281526 10.522582520791751 10.802785862780071 31.04824424989731
1.009912161302156 4579.206011616268 0.0 1.2421375027537298 6664.6782955270455 0.0 t_move_k 100 1550.425946712494 20.353019663071578 21.219849090967735 14.766424247681655 25.043862657281526 10.522582520791751 10.802785862780071 31.04824424989731
1.009912161302156 4579.206011616268 0.0 1.234778870704086 6598.594968483129 0.0 t_swap_k 100 1562.9897751808167 20.353019663071578 21.219849090967735 15.738760005204838 25.043862657281526 10.522582520791751 10.802785862780071 31.04824424989731
1.009912161302156 4579.206011616268 0.0 1.220621591667272 6471.457194188915 0.0 swap_t 100 1574.212285041809 20.353019663071578 21.219849090967735 15.738760005204838 25.043862657281526 11.417356695583834 10.802785862780071 31.04824424989731
1.009912161302156 4579.206011616268 0.0 1.220621591667272 6471.457194188915 0.0 t_swap_k 100 1588.4529037475586 20.353019663071578 21.219849090967735 16.58137240515279 25.043862657281526 11.417356695583834 10.802785862780071 31.04824424989731
1.009912161302156 4579.206011616268 0.0 1.2268290147967527 6527.20222533031 0.0 move_t 100 1601.1266603469849 20.353019663071578 22.047650600058056 16.58137240515279 25.043862657281526 11.417356695583834 10.802785862780071 31.04824424989731
1.009912161302156 4579.206011616268 0.0 1.2411312411690778 6564.445976993206 0.0 swap_t 100 1612.5357146263123 20.353019663071578 22.047650600058056 16.58137240515279 25.043862657281526 12.313183128627996 10.802785862780071 31.04824424989731
1.009912161302156 4579.206011616268 0.0 1.246137418413113 6700.599066246913 0.0 f_swap_t 100 1628.4031212329865 20.353019663071578 22.047650600058056 16.58137240515279 25.80342403070871 12.313183128627996 10.802785862780071 31.04824424989731
1.009912161302156 4579.206011616268 0.0 1.2427220434204882 6669.92769402819 0.0 f_swap_t 100 1645.1011629104614 20.353019663071578 22.047650600058056 16.58137240515279 26.615389790401625 12.313183128627996 10.802785862780071 31.04824424989731
1.009912161302156 4579.206011616268 0.0 1.2353810889030157 6604.003117976566 0.0 f_swap_t 100 1664.0677196979523 20.353019663071578 22.047650600058056 16.58137240515279 27.34923589249761 12.313183128627996 10.802785862780071 31.04824424989731
1.009912161302156 4579.206011616268 0.0 1.220539123026275 6470.716594287045 0.0 t_multiswap_k 100 1681.5879797935486 20.353019663071578 22.047650600058056 16.58137240515279 27.34923589249761 12.313183128627996 10.802785862780071 31.857761807398337
1.009912161302156 4579.206011616268 0.0 1.2137432213830976 6409.686801274615 0.0 t_swap_k 100 1701.2021794319153 20.353019663071578 22.047650600058056 17.415558681101263 27.34923589249761 12.313183128627996 10.802785862780071 31.857761807398337
1.009912161302156 4579.206011616268 0.0 1.2642539165729012 6863.292140816627 0.0 t_swap_k 100 1711.270141839981 20.353019663071578 22.047650600058056 18.37140309429025 27.34923589249761 12.313183128627996 10.802785862780071 31.857761807398337
1.009912161302156 4579.206011616268 0.0 1.2557115508644792 6786.57843329191 0.0 t_swap_k 100 1724.2554395198822 20.353019663071578 22.047650600058056 19.25768906334735 27.34923589249761 12.313183128627996 10.802785862780071 31.857761807398337
1.009912161302156 4579.206011616268 0.0 1.2539640108270014 6770.884856137909 0.0 t_swap_r_k 100 1741.6955299377441 20.353019663071578 22.047650600058056 19.25768906334735 27.34923589249761 12.313183128627996 11.73475800415227 31.857761807398337
1.009912161302156 4579.206011616268 0.0 1.2537841976514508 6769.2700651269515 0.0 t_multiswap_k 100 1751.867678642273 20.353019663071578 22.047650600058056 19.25768906334735 27.34923589249761 12.313183128627996 11.73475800415227 32.53918418932435
1.009912161302156 4579.206011616268 0.0 1.2537841976514508 6769.2700651269515 0.0 t_swap_r_k 100 1779.5199885368347 20.353019663071578 22.047650600058056 19.25768906334735 27.34923589249761 12.313183128627996 12.657410424110749 32.53918418932435
1.009912161302156 4579.206011616268 0.0 1.2395074715105983 6641.059610205771 0.0 t_multiswap_k 100 1791.9261004924774 20.353019663071578 22.047650600058056 19.25768906334735 27.34923589249761 12.313183128627996 12.657410424110749 33.303792347431106
1.009912161302156 4579.206011616268 0.0 1.2290445736244888 6547.098790019316 0.0 swap_t 100 1800.4898467063904 20.353019663071578 22.047650600058056 19.25768906334735 27.34923589249761 13.190051297341716 12.657410424110749 33.303792347431106
1.009912161302156 4579.206011616268 0.0 1.2438623413804843 6680.1680053400705 0.0 f_swap_t 100 1821.0339159965515 20.353019663071578 22.047650600058056 19.25768906334735 28.145743533572634 13.190051297341716 12.657410424110749 33.303792347431106
1.009912161302156 4579.206011616268 0.0 1.2396273270460538 6642.135958702897 0.0 t_move_k 100 1835.527672290802 21.219489466440862 22.047650600058056 19.25768906334735 28.145743533572634 13.190051297341716 12.657410424110749 33.303792347431106
1.009912161302156 4579.206011616268 0.0 1.2335510352422276 6587.568536962335 0.0 t_multiswap_k 100 1849.9354360103607 21.219489466440862 22.047650600058056 19.25768906334735 28.145743533572634 13.190051297341716 12.657410424110749 34.130754423956795
1.009912161302156 4579.206011616268 0.0 1.3702131024188917 7814.84610958814 0.0 f_swap_t 100 1862.7857296466827 21.219489466440862 22.047650600058056 19.25768906334735 28.934286098236907 13.190051297341716 12.657410424110749 34.130754423956795
1.009912161302156 4579.206011616268 0.0 1.332521997758469 7446.475366453227 0.0 move_t 100 1875.59246134758 21.219489466440862 22.887174094057475 19.25768906334735 28.934286098236907 13.190051297341716 12.657410424110749 34.130754423956795
1.009912161302156 4579.206011616268 0.0 1.350527810248519 7638.064665472752 0.0 t_move_k 100 1888.7149398326874 22.217294571776453 22.887174094057475 19.25768906334735 28.934286098236907 13.190051297341716 12.657410424110749 34.130754423956795
1.009912161302156 4579.206011616268 0.0 1.302607727829173 7207.724018308255 0.0 t_multiswap_k 100 1896.8343489170074 22.217294571776453 22.887174094057475 19.25768906334735 28.934286098236907 13.190051297341716 12.657410424110749 34.969446879717225
1.009912161302156 4579.206011616268 0.0 1.3184458855482082 7349.956725319447 0.0 t_swap_k 100 1913.1134593486786 22.217294571776453 22.887174094057475 20.205112172713875 28.934286098236907 13.190051297341716 12.657410424110749 34.969446879717225
1.009912161302156 4579.206011616268 0.0 1.2944020656632254 7134.034037226722 0.0 t_multiswap_k 100 1922.629600763321 22.217294571776453 22.887174094057475 20.205112172713875 28.934286098236907 13.190051297341716 12.657410424110749 35.67975241092005
1.009912161302156 4579.206011616268 0.0 1.2748116469257575 6958.104592783578 0.0 t_swap_k 100 1935.8729555606842 22.217294571776453 22.887174094057475 21.093061050986737 28.934286098236907 13.190051297341716 12.657410424110749 35.67975241092005
1.009912161302156 4579.206011616268 0.0 1.262613734311913 6848.562677509688 0.0 f_swap_t 100 1950.6184720993042 22.217294571776453 22.887174094057475 21.093061050986737 29.67494323725454 13.190051297341716 12.657410424110749 35.67975241092005
1.009912161302156 4579.206011616268 0.0 1.259966207324042 6824.7868737167055 0.0 f_swap_t 100 1969.9956979751587 22.217294571776453 22.887174094057475 21.093061050986737 30.37819380488199 13.190051297341716 12.657410424110749 35.67975241092005
1.009912161302156 4579.206011616268 0.0 1.259966207324042 6824.7868737167055 0.0 f_swap_t 100 1981.833485841751 22.217294571776453 22.887174094057475 21.093061050986737 31.07441186683317 13.190051297341716 12.657410424110749 35.67975241092005
1.009912161302156 4579.206011616268 0.0 1.259966207324042 6824.7868737167055 0.0 f_swap_t 100 1997.4105651378632 22.217294571776453 22.887174094057475 21.093061050986737 31.76366774816484 13.190051297341716 12.657410424110749 35.67975241092005
1.009912161302156 4579.206011616268 0.0 1.257554723894972 6803.130831258116 0.0 t_multiswap_k 100 2003.4785270690918 22.217294571776453 22.887174094057475 21.093061050986737 31.76366774816484 13.190051297341716 12.657410424110749 36.46295488681085
1.009912161302156 4579.206011616268 0.0 1.2627007124971212 6849.343774841368 0.0 t_swap_k 100 2019.5428521633148 22.217294571776453 22.887174094057475 22.08213044047687 31.76366774816484 13.190051297341716 12.657410424110749 36.46295488681085
1.009912161302156 4579.206011616268 0.0 1.2683766867696726 6900.316192216691 0.0 f_swap_t 100 2035.550199508667 22.217294571776453 22.887174094057475 22.08213044047687 32.55603107068319 13.190051297341716 12.657410424110749 36.46295488681085
1.009912161302156 4579.206011616268 0.0 1.2410765115844091 6655.15018949322 0.0 t_move_k 100 2053.4222362041473 23.05512162605869 22.887174094057475 22.08213044047687 32.55603107068319 13.190051297341716 12.657410424110749 36.46295488681085
1.009912161302156 4579.206011616268 0.0 1.2318507384419446 6572.299222126807 0.0 t_swap_k 100 2070.2112028598785 23.05512162605869 22.887174094057475 22.9513091360721 32.55603107068319 13.190051297341716 12.657410424110749 36.46295488681085
1.009912161302156 4579.206011616268 0.0 1.2467857913856148 6706.421703239658 0.0 t_move_k 100 2089.8950576782227 23.9945704097981 22.887174094057475 22.9513091360721 32.55603107068319 13.190051297341716 12.657410424110749 36.46295488681085
1.009912161302156 4579.206011616268 0.0 1.247085718746356 6709.115165521174 0.0 t_swap_k 100 2104.8142008781433 23.9945704097981 22.887174094057475 23.73179604471138 32.55603107068319 13.190051297341716 12.657410424110749 36.46295488681085
1.009912161302156 4579.206011616268 0.0 1.2397818610971527 6643.523733518827 0.0 f_swap_t 100 2123.1227712631226 23.9945704097981 22.887174094057475 23.73179604471138 33.230470759976356 13.190051297341716 12.657410424110749 36.46295488681085
1.009912161302156 4579.206011616268 0.0 1.239218038563013 6638.460391763603 0.0 f_swap_t 100 2140.1835639476776 23.9945704097981 22.887174094057475 23.73179604471138 33.898166052376595 13.190051297341716 12.657410424110749 36.46295488681085
1.009912161302156 4579.206011616268 0.0 1.2898031618479804 7092.734124034154 0.0 t_move_k 100 2153.5829417705536 24.88462470570012 22.887174094057475 23.73179604471138 33.898166052376595 13.190051297341716 12.657410424110749 36.46295488681085
1.009912161302156 4579.206011616268 0.0 1.2651676882623841 6871.498159678857 0.0 f_swap_t 100 2166.675098180771 24.88462470570012 22.887174094057475 23.73179604471138 34.58918439185283 13.190051297341716 12.657410424110749 36.46295488681085
1.009912161302156 4579.206011616268 0.0 1.263010928698636 6852.1296348437045 0.0 f_swap_t 100 2182.8359265327454 24.88462470570012 22.887174094057475 23.73179604471138 35.2432925479343 13.190051297341716 12.657410424110749 36.46295488681085
1.009912161302156 4579.206011616268 0.0 1.263010928698636 6852.1296348437045 0.0 t_multiswap_k 100 2190.078845500946 24.88462470570012 22.887174094057475 23.73179604471138 35.2432925479343 13.190051297341716 12.657410424110749 37.09832533794274
1.009912161302156 4579.206011616268 0.0 1.2618665972826633 6841.853101556242 0.0 t_multiswap_k 100 2197.441347837448 24.88462470570012 22.887174094057475 23.73179604471138 35.2432925479343 13.190051297341716 12.657410424110749 37.78734208456331
1.009912161302156 4579.206011616268 0.0 1.2439233382968298 6680.715780951669 0.0 t_multiswap_k 100 2204.7056200504303 24.88462470570012 22.887174094057475 23.73179604471138 35.2432925479343 13.190051297341716 12.657410424110749 38.52946866371768
1.009912161302156 4579.206011616268 0.0 1.2405648905591773 6650.555637230672 0.0 move_t 100 2215.3151490688324 24.88462470570012 23.6883023531169 23.73179604471138 35.2432925479343 13.190051297341716 12.657410424110749 38.52946866371768
1.009912161302156 4579.206011616268 0.0 1.23295009503521 6582.171864324504 0.0 t_multiswap_k 100 2222.144494533539 24.88462470570012 23.6883023531169 23.73179604471138 35.2432925479343 13.190051297341716 12.657410424110749 39.1741739770805
1.009912161302156 4579.206011616268 0.0 1.2311734705502837 6566.217097721206 0.0 t_multiswap_k 100 2229.652344942093 24.88462470570012 23.6883023531169 23.73179604471138 35.2432925479343 13.190051297341716 12.657410424110749 39.78243223730969
1.009912161302156 4579.206011616268 0.0 1.213050402668359 6403.465024536857 0.0 t_move_k 100 2241.9579615592957 25.69577845864312 23.6883023531169 23.73179604471138 35.2432925479343 13.190051297341716 12.657410424110749 39.78243223730969
1.009912161302156 4579.206011616268 0.0 1.2089536001709758 6366.674172997809 0.0 t_multiswap_k 100 2249.3869502544403 25.69577845864312 23.6883023531169 23.73179604471138 35.2432925479343 13.190051297341716 12.657410424110749 40.414607914936596
1.009912161302156 4579.206011616268 0.0 1.2030155636584714 6313.348336591361 0.0 f_swap_t 100 2262.4561264514923 25.69577845864312 23.6883023531169 23.73179604471138 35.92085962245496 13.190051297341716 12.657410424110749 40.414607914936596
1.009912161302156 4579.206011616268 0.0 1.216552048635573 6434.911143065721 0.0 t_move_k 100 2273.125955581665 26.488820674056686 23.6883023531169 23.73179604471138 35.92085962245496 13.190051297341716 12.657410424110749 40.414607914936596
1.009912161302156 4579.206011616268 0.0 1.2126340314134096 6399.725851599971 0.0 t_move_k 100 2284.4894275665283 27.22393246731612 23.6883023531169 23.73179604471138 35.92085962245496 13.190051297341716 12.657410424110749 40.414607914936596
1.009912161302156 4579.206011616268 0.0 1.2121604628809666 6395.473025259966 0.0 t_multiswap_k 100 2289.9880962371826 27.22393246731612 23.6883023531169 23.73179604471138 35.92085962245496 13.190051297341716 12.657410424110749 41.01046183578723
1.009912161302156 4579.206011616268 0.0 1.2133081596645208 6405.779780833991 0.0 t_move_k 100 2299.97767162323 27.99169314264296 23.6883023531169 23.73179604471138 35.92085962245496 13.190051297341716 12.657410424110749 41.01046183578723
1.009912161302156 4579.206011616268 0.0 1.216356881928839 6433.158471479186 0.0 t_swap_k 100 2313.053612470627 27.99169314264296 23.6883023531169 24.564478084264266 35.92085962245496 13.190051297341716 12.657410424110749 41.01046183578723
1.009912161302156 4579.206011616268 0.0 1.2019407298921219 6303.69591874789 0.0 t_multiswap_k 100 2320.375836610794 27.99169314264296 23.6883023531169 24.564478084264266 35.92085962245496 13.190051297341716 12.657410424110749 41.63035721742936
1.009912161302156 4579.206011616268 0.0 1.1940256890204652 6232.61582791593 0.0 move_t 100 2329.2226061820984 27.99169314264296 24.45141932958573 24.564478084264266 35.92085962245496 13.190051297341716 12.657410424110749 41.63035721742936
1.009912161302156 4579.206011616268 0.0 1.192818371498407 6221.773655333067 0.0 t_swap_r_k 100 2357.2516973018646 27.99169314264296 24.45141932958573 24.564478084264266 35.92085962245496 13.190051297341716 13.570836319869642 41.63035721742936
1.009912161302156 4579.206011616268 0.0 1.2166982360775886 6436.223962143407 0.0 t_swap_k 100 2365.6097223758698 27.99169314264296 24.45141932958573 25.448833303421623 35.92085962245496 13.190051297341716 13.570836319869642 41.63035721742936
1.009912161302156 4579.206011616268 0.0 1.2044024226287466 6325.802859969918 0.0 t_multiswap_k 100 2375.1449785232544 27.99169314264296 24.45141932958573 25.448833303421623 35.92085962245496 13.190051297341716 13.570836319869642 42.27405364525507
1.009912161302156 4579.206011616268 0.0 1.198959435298059 6276.922754341164 0.0 t_swap_r_k 100 2401.7957043647766 27.99169314264296 24.45141932958573 25.448833303421623 35.92085962245496 13.190051297341716 14.475127956670946 42.27405364525507
1.009912161302156 4579.206011616268 0.0 1.284760355091219 7047.4477928413235 0.0 f_swap_t 100 2417.9221942424774 27.99169314264296 24.45141932958573 25.448833303421623 36.601651026230414 13.190051297341716 14.475127956670946 42.27405364525507
1.009912161302156 4579.206011616268 0.0 1.2745344034622728 6955.614840565412 0.0 t_move_k 100 2424.8173274993896 28.761776211216528 24.45141932958573 25.448833303421623 36.601651026230414 13.190051297341716 14.475127956670946 42.27405364525507
1.009912161302156 4579.206011616268 0.0 1.2986275512072831 7171.980511686041 0.0 t_multiswap_k 100 2432.092264890671 28.761776211216528 24.45141932958573 25.448833303421623 36.601651026230414 13.190051297341716 14.475127956670946 42.99131310880252
1.009912161302156 4579.206011616268 0.0 1.288383587005632 7079.985799625845 0.0 move_t 100 2439.9146597385406 28.761776211216528 25.206905136289873 25.448833303421623 36.601651026230414 13.190051297341716 14.475127956670946 42.99131310880252
1.009912161302156 4579.206011616268 0.0 1.28519929826441 7051.389670227229 0.0 t_move_k 100 2453.997927427292 29.504158449104363 25.206905136289873 25.448833303421623 36.601651026230414 13.190051297341716 14.475127956670946 42.99131310880252
1.009912161302156 4579.206011616268 0.0 1.283701486410167 7037.93874756301 0.0 t_move_k 100 2472.5934240818024 30.26911686461332 25.206905136289873 25.448833303421623 36.601651026230414 13.190051297341716 14.475127956670946 42.99131310880252
1.009912161302156 4579.206011616268 0.0 1.282234849332742 7024.767786304401 0.0 t_multiswap_k 100 2481.5682983398438 30.26911686461332 25.206905136289873 25.448833303421623 36.601651026230414 13.190051297341716 14.475127956670946 43.561399977714494
1.009912161302156 4579.206011616268 0.0 1.2958625805283455 7147.150018679949 0.0 f_swap_t 100 2494.9417753219604 30.26911686461332 25.206905136289873 25.448833303421623 37.245634515968106 13.190051297341716 14.475127956670946 43.561399977714494
1.009912161302156 4579.206011616268 0.0 1.2871844988265162 7069.217529686484 0.0 t_multiswap_k 100 2506.012925386429 30.26911686461332 25.206905136289873 25.448833303421623 37.245634515968106 13.190051297341716 14.475127956670946 44.12578597793735
1.009912161302156 4579.206011616268 0.0 1.2869299546443764 7066.931625686666 0.0 f_swap_t 100 2521.3815619945526 30.26911686461332 25.206905136289873 25.448833303421623 37.87317817080842 13.190051297341716 14.475127956670946 44.12578597793735
1.009912161302156 4579.206011616268 0.0 1.3169352743843858 7260.505857112856 0.0 swap_t 100 2526.743713617325 30.26911686461332 25.206905136289873 25.448833303421623 37.87317817080842 14.0681507843683 14.475127956670946 44.12578597793735
1.009912161302156 4579.206011616268 0.0 1.3055704755684343 7239.244752983647 0.0 move_t 100 2533.975775718689 30.26911686461332 25.984836084926975 25.448833303421623 37.87317817080842 14.0681507843683 14.475127956670946 44.12578597793735
1.009912161302156 4579.206011616268 0.0 1.2794963753878021 7000.175244092228 0.0 f_swap_t 100 2555.7763974666595 30.26911686461332 25.984836084926975 25.448833303421623 38.52444638910034 14.0681507843683 14.475127956670946 44.12578597793735
1.009912161302156 4579.206011616268 0.0 1.2612107058487 6835.962945907275 0.0 t_move_k 100 2570.4478647708893 31.006425695967188 25.984836084926975 25.448833303421623 38.52444638910034 14.0681507843683 14.475127956670946 44.12578597793735
1.009912161302156 4579.206011616268 0.0 1.2834699678839319 7035.859622749769 0.0 t_swap_k 100 2586.7346642017365 31.006425695967188 25.984836084926975 26.284344970387405 38.52444638910034 14.0681507843683 14.475127956670946 44.12578597793735
1.009912161302156 4579.206011616268 0.0 1.2885608910454676 7081.578057639512 0.0 t_multiswap_k 100 2593.4245507717133 31.006425695967188 25.984836084926975 26.284344970387405 38.52444638910034 14.0681507843683 14.475127956670946 44.81452811815797
1.009912161302156 4579.206011616268 0.0 1.2783995763365612 6990.325569598976 0.0 t_move_k 100 2603.8306188583374 31.726361439007515 25.984836084926975 26.284344970387405 38.52444638910034 14.0681507843683 14.475127956670946 44.81452811815797
1.009912161302156 4579.206011616268 0.0 1.272312923523168 6935.66510203426 0.0 swap_t 100 2611.1965346336365 31.726361439007515 25.984836084926975 26.284344970387405 38.52444638910034 14.927469276524617 14.475127956670946 44.81452811815797
1.009912161302156 4579.206011616268 0.0 1.2635918482323047 6857.346514186311 0.0 t_swap_k 100 2624.3116092681885 31.726361439007515 25.984836084926975 27.15150152068353 38.52444638910034 14.927469276524617 14.475127956670946 44.81452811815797
1.009912161302156 4579.206011616268 0.0 1.2471568238695347 6709.753716691803 0.0 move_t 100 2636.0832579135895 31.726361439007515 26.754987724077704 27.15150152068353 38.52444638910034 14.927469276524617 14.475127956670946 44.81452811815797
1.009912161302156 4579.206011616268 0.0 1.2349014053492176 6599.695376408652 0.0 t_swap_k 100 2656.481061220169 31.726361439007515 26.754987724077704 27.909986505476695 38.52444638910034 14.927469276524617 14.475127956670946 44.81452811815797
1.009912161302156 4579.206011616268 0.0 1.2243835452923129 6505.240974931107 0.0 t_multiswap_k 100 2664.690571308136 31.726361439007515 26.754987724077704 27.909986505476695 38.52444638910034 14.927469276524617 14.475127956670946 45.456382836976395
1.009912161302156 4579.206011616268 0.0 1.2185880015860613 6453.194778361722 0.0 f_swap_t 100 2681.2055270671844 31.726361439007515 26.754987724077704 27.909986505476695 39.139201925209335 14.927469276524617 14.475127956670946 45.456382836976395
1.009912161302156 4579.206011616268 0.0 1.2401835960869954 6647.131467203518 0.0 t_multiswap_k 100 2686.766225337982 31.726361439007515 26.754987724077704 27.909986505476695 39.139201925209335 14.927469276524617 14.475127956670946 46.021819008606634
1.009912161302156 4579.206011616268 0.0 1.246213815184349 6618.7938711969655 0.0 move_t 100 2699.8358931541443 31.726361439007515 27.497437846836927 27.909986505476695 39.139201925209335 14.927469276524617 14.475127956670946 46.021819008606634
1.009912161302156 4579.206011616268 0.0 1.2551317567470819 6781.371660617365 0.0 t_multiswap_k 100 2703.008621454239 31.726361439007515 27.497437846836927 27.909986505476695 39.139201925209335 14.927469276524617 14.475127956670946 46.641600818520565
1.009912161302156 4579.206011616268 0.0 1.243695035578528 6678.665535322213 0.0 t_move_k 100 2713.3999750614166 32.46909782461744 27.497437846836927 27.909986505476695 39.139201925209335 14.927469276524617 14.475127956670946 46.641600818520565
1.009912161302156 4579.206011616268 0.0 1.2404404101596054 6649.437755686932 0.0 t_move_k 100 2720.3928520679474 33.14440684637127 27.497437846836927 27.909986505476695 39.139201925209335 14.927469276524617 14.475127956670946 46.641600818520565
1.009912161302156 4579.206011616268 0.0 1.2402720357542594 6647.925689202395 0.0 t_multiswap_k 100 2729.204347372055 33.14440684637127 27.497437846836927 27.909986505476695 39.139201925209335 14.927469276524617 14.475127956670946 47.17518481033536
1.009912161302156 4579.206011616268 0.0 1.2401123400443297 6646.491560718243 0.0 t_multiswap_k 100 2736.0364718437195 33.14440684637127 27.497437846836927 27.909986505476695 39.139201925209335 14.927469276524617 14.475127956670946 47.70343296223201
1.009912161302156 4579.206011616268 0.0 1.2683697730710577 6900.254104561869 0.0 t_swap_k 100 2744.8201899528503 33.14440684637127 27.497437846836927 28.69088664042193 39.139201925209335 14.927469276524617 14.475127956670946 47.70343296223201
1.009912161302156 4579.206011616268 0.0 1.2521927688147863 6754.9784261958375 0.0 t_multiswap_k 100 2751.4620394706726 33.14440684637127 27.497437846836927 28.69088664042193 39.139201925209335 14.927469276524617 14.475127956670946 48.25639863260969
1.009912161302156 4579.206011616268 0.0 1.2475617902763394 6713.390469735322 0.0 t_move_k 100 2763.8623304367065 33.81296277790756 27.497437846836927 28.69088664042193 39.139201925209335 14.927469276524617 14.475127956670946 48.25639863260969
1.009912161302156 4579.206011616268 0.0 1.24698099813586 6708.174734432222 0.0 swap_t 100 2769.1316606998444 33.81296277790756 27.497437846836927 28.69088664042193 39.139201925209335 15.77819458375937 14.475127956670946 48.25639863260969
1.009912161302156 4579.206011616268 0.0 1.2786511230601671 6992.584555276033 0.0 t_move_k 100 2782.7772977352142 34.56483315012848 27.497437846836927 28.69088664042193 39.139201925209335 15.77819458375937 14.475127956670946 48.25639863260969
1.009912161302156 4579.206011616268 0.0 1.2633330497003357 6855.022404499727 0.0 move_t 100 2791.5859899520874 34.56483315012848 28.22246346836856 28.69088664042193 39.139201925209335 15.77819458375937 14.475127956670946 48.25639863260969
1.009912161302156 4579.206011616268 0.0 1.2600216778720457 6825.285020429343 0.0 t_multiswap_k 100 2796.1828956604004 34.56483315012848 28.22246346836856 28.69088664042193 39.139201925209335 15.77819458375937 14.475127956670946 48.783834646283594
1.009912161302156 4579.206011616268 0.0 1.2813575348049115 7016.88916668164 0.0 move_t 100 2802.474344968796 34.56483315012848 28.950238833684875 28.69088664042193 39.139201925209335 15.77819458375937 14.475127956670946 48.783834646283594
1.009912161302156 4579.206011616268 0.0 1.2733297325667645 6944.7964357000665 0.0 t_multiswap_k 100 2811.107179403305 34.56483315012848 28.950238833684875 28.69088664042193 39.139201925209335 15.77819458375937 14.475127956670946 49.32599629982076
1.009912161302156 4579.206011616268 0.0 1.2825247752664521 7027.371431950307 0.0 t_swap_k 100 2825.371428966522 34.56483315012848 28.950238833684875 29.42397777401771 39.139201925209335 15.77819458375937 14.475127956670946 49.32599629982076
1.009912161302156 4579.206011616268 0.0 1.2796225934445653 7001.308730461388 0.0 t_multiswap_k 100 2834.781678676605 34.56483315012848 28.950238833684875 29.42397777401771 39.139201925209335 15.77819458375937 14.475127956670946 49.83273633682255
1.009912161302156 4579.206011616268 0.0 1.2796225934445653 7001.308730461388 0.0 f_swap_t 100 2844.8170561790466 34.56483315012848 28.950238833684875 29.42397777401771 39.74780990595724 15.77819458375937 14.475127956670946 49.83273633682255
1.009912161302156 4579.206011616268 0.0 1.2900060202376273 7094.555869871722 0.0 f_swap_t 100 2863.101982831955 34.56483315012848 28.950238833684875 29.42397777401771 40.39033180689767 15.77819458375937 14.475127956670946 49.83273633682255
1.009912161302156 4579.206011616268 0.0 1.2852962992036256 7052.260775718914 0.0 swap_t 100 2870.060397386551 34.56483315012848 28.950238833684875 29.42397777401771 40.39033180689767 16.620412637921778 14.475127956670946 49.83273633682255
1.009912161302156 4579.206011616268 0.0 1.2813035016679284 7016.403928469106 0.0 t_multiswap_k 100 2877.3007674217224 34.56483315012848 28.950238833684875 29.42397777401771 40.39033180689767 16.620412637921778 14.475127956670946 50.364408973454324
1.009912161302156 4579.206011616268 0.0 1.2802397442695486 7006.850980641537 0.0 f_swap_t 100 2893.3203222751617 34.56483315012848 28.950238833684875 29.42397777401771 40.98642848882869 16.620412637921778 14.475127956670946 50.364408973454324
1.009912161302156 4579.206011616268 0.0 1.2842795768832422 7043.130220860692 0.0 t_swap_k 100 2908.064240217209 34.56483315012848 28.950238833684875 30.169737996277533 40.98642848882869 16.620412637921778 14.475127956670946 50.364408973454324
1.009912161302156 4579.206011616268 0.0 1.2786456879611694 6992.535746010648 0.0 t_swap_r_k 100 2932.301569700241 34.56483315012848 28.950238833684875 30.169737996277533 40.98642848882869 16.620412637921778 15.370376677104236 50.364408973454324
1.009912161302156 4579.206011616268 0.0 1.2756412029038757 6965.554322384592 0.0 f_swap_t 100 2947.5688598155975 34.56483315012848 28.950238833684875 30.169737996277533 41.6665642039404 16.620412637921778 15.370376677104236 50.364408973454324
1.009912161302156 4579.206011616268 0.0 1.2734844980662827 6946.1862890112225 0.0 t_multiswap_k 100 2952.48108458519 34.56483315012848 28.950238833684875 30.169737996277533 41.6665642039404 16.620412637921778 15.370376677104236 50.86076488371978
1.009912161302156 4579.206011616268 0.0 1.2633307119214543 6855.0014103522635 0.0 t_multiswap_k 100 2957.106922388077 34.56483315012848 28.950238833684875 30.169737996277533 41.6665642039404 16.620412637921778 15.370376677104236 51.382157234882584
1.009912161302156 4579.206011616268 0.0 1.2523761696048856 6756.625435356031 0.0 t_swap_k 100 2971.7424516677856 34.56483315012848 28.950238833684875 30.89804061631476 41.6665642039404 16.620412637921778 15.370376677104236 51.382157234882584
1.009912161302156 4579.206011616268 0.0 1.245340639981078 6693.4436915318165 0.0 t_swap_r_k 100 2992.512196302414 34.56483315012848 28.950238833684875 30.89804061631476 41.6665642039404 16.620412637921778 16.256672910333194 51.382157234882584
1.009912161302156 4579.206011616268 0.0 1.280061962593836 7005.254433275226 0.0 t_swap_k 100 3005.5498473644257 34.56483315012848 28.950238833684875 31.62906021015161 41.6665642039404 16.620412637921778 16.256672910333194 51.382157234882584
1.009912161302156 4579.206011616268 0.0 1.2953525569843618 7142.5698124093 0.0 f_swap_t 100 3019.267537355423 34.56483315012848 28.950238833684875 31.62906021015161 42.339898561901 16.620412637921778 16.256672910333194 51.382157234882584
1.009912161302156 4579.206011616268 0.0 1.30730630987309 7249.919080074644 0.0 t_swap_k 100 3037.236295938492 34.56483315012848 28.950238833684875 32.4127696080501 42.339898561901 16.620412637921778 16.256672910333194 51.382157234882584
1.009912161302156 4579.206011616268 0.0 1.2811058735016672 7014.629152035655 0.0 t_multiswap_k 100 3048.6503558158875 34.56483315012848 28.950238833684875 32.4127696080501 42.339898561901 16.620412637921778 16.256672910333194 51.958335662533756
1.009912161302156 4579.206011616268 0.0 1.2791797395847937 6997.33173361598 0.0 t_swap_k 100 3066.771157026291 34.56483315012848 28.950238833684875 33.1086419119696 42.339898561901 16.620412637921778 16.256672910333194 51.958335662533756
1.009912161302156 4579.206011616268 0.0 1.2638868748506877 6859.995965929209 0.0 t_swap_k 100 3083.2410752773285 34.56483315012848 28.950238833684875 33.8375554928499 42.339898561901 16.620412637921778 16.256672910333194 51.958335662533756
1.009912161302156 4579.206011616268 0.0 1.2910288611971819 7103.741372447223 0.0 t_multiswap_k 100 3091.030963420868 34.56483315012848 28.950238833684875 33.8375554928499 42.339898561901 16.620412637921778 16.256672910333194 52.60875230590842
1.009912161302156 4579.206011616268 0.0 1.2776444292265183 6983.544060059898 0.0 move_t 100 3101.6670475006104 34.56483315012848 29.660736445348025 33.8375554928499 42.339898561901 16.620412637921778 16.256672910333194 52.60875230590842
1.009912161302156 4579.206011616268 0.0 1.2820163724282345 7022.805780236602 0.0 t_move_k 100 3113.5085101127625 35.229184818627196 29.660736445348025 33.8375554928499 42.339898561901 16.620412637921778 16.256672910333194 52.60875230590842
1.009912161302156 4579.206011616268 0.0 1.2782401941111647 6988.8942563256915 0.0 move_t 100 3120.379966020584 35.229184818627196 30.414129080894543 33.8375554928499 42.339898561901 16.620412637921778 16.256672910333194 52.60875230590842
1.009912161302156 4579.206011616268 0.0 1.272403503623769 6936.478545942216 0.0 t_multiswap_k 100 3124.1123836040497 35.229184818627196 30.414129080894543 33.8375554928499 42.339898561901 16.620412637921778 16.256672910333194 53.082664782849335
1.009912161302156 4579.206011616268 0.0 1.272403503623769 6936.478545942216 0.0 f_swap_t 100 3140.1931648254395 35.229184818627196 30.414129080894543 33.8375554928499 42.91649957628199 16.620412637921778 16.256672910333194 53.082664782849335
1.009912161302156 4579.206011616268 0.0 1.268041641087445 6897.307353991879 0.0 f_swap_t 100 3157.843346118927 35.229184818627196 30.414129080894543 33.8375554928499 43.517334580519176 16.620412637921778 16.256672910333194 53.082664782849335
1.009912161302156 4579.206011616268 0.0 1.3424497242953928 7565.520367520641 0.0 f_swap_t 100 3175.853234767914 35.229184818627196 30.414129080894543 33.8375554928499 44.17216123471398 16.620412637921778 16.256672910333194 53.082664782849335
1.009912161302156 4579.206011616268 0.0 1.311827346416984 7290.519715422638 0.0 move_t 100 3185.878157377243 35.229184818627196 31.1399877900856 33.8375554928499 44.17216123471398 16.620412637921778 16.256672910333194 53.082664782849335
1.009912161302156 4579.206011616268 0.0 1.305442316460451 7233.179707122697 0.0 t_swap_k 100 3200.819940805435 35.229184818627196 31.1399877900856 34.499179937921404 44.17216123471398 16.620412637921778 16.256672910333194 53.082664782849335
1.009912161302156 4579.206011616268 0.0 1.3054423164604507 7233.1797071226965 0.0 t_swap_r_k 100 3222.4317667484283 35.229184818627196 31.1399877900856 34.499179937921404 44.17216123471398 16.620412637921778 17.13410618122986 53.082664782849335
1.009912161302156 4579.206011616268 0.0 1.3003389608736837 7187.349624304784 0.0 t_swap_k 100 3237.7089364528656 35.229184818627196 31.1399877900856 35.31418813854219 44.17216123471398 16.620412637921778 17.13410618122986 53.082664782849335
1.009912161302156 4579.206011616268 0.0 1.3416429707432975 7558.275412416582 0.0 f_swap_t 100 3250.6676619052887 35.229184818627196 31.1399877900856 35.31418813854219 44.800439622366845 16.620412637921778 17.13410618122986 53.082664782849335
1.009912161302156 4579.206011616268 0.0 1.317567296035317 7342.066655843755 0.0 t_swap_k 100 3271.369168281555 35.229184818627196 31.1399877900856 35.99104625715677 44.800439622366845 16.620412637921778 17.13410618122986 53.082664782849335
1.009912161302156 4579.206011616268 0.0 1.3167819019924918 7335.013517292973 0.0 swap_t 100 3282.892169237137 35.229184818627196 31.1399877900856 35.99104625715677 44.800439622366845 17.45420851154256 17.13410618122986 53.082664782849335
1.009912161302156 4579.206011616268 0.0 1.3368023195397336 7514.804515321499 0.0 t_swap_k 100 3299.037818670273 35.229184818627196 31.1399877900856 36.7111357945852 44.800439622366845 17.45420851154256 17.13410618122986 53.082664782849335
1.009912161302156 4579.206011616268 0.0 1.323134562308699 7392.062833856526 0.0 t_swap_k 100 3309.8798394203186 35.229184818627196 31.1399877900856 37.404024436639354 44.800439622366845 17.45420851154256 17.13410618122986 53.082664782849335
1.009912161302156 4579.206011616268 0.0 1.296964731990663 7157.047759869465 0.0 t_multiswap_k 100 3312.500156879425 35.229184818627196 31.1399877900856 37.404024436639354 44.800439622366845 17.45420851154256 17.13410618122986 53.61183813502084
1.009912161302156 4579.206011616268 0.0 1.286019426612229 7058.7547361064935 0.0 t_swap_k 100 3326.2848982810974 35.229184818627196 31.1399877900856 38.02998419227296 44.800439622366845 17.45420851154256 17.13410618122986 53.61183813502084
1.009912161302156 4579.206011616268 0.0 1.306142231651116 7239.4652129253645 0.0 t_move_k 100 3333.7660427093506 35.89689297044092 31.1399877900856 38.02998419227296 44.800439622366845 17.45420851154256 17.13410618122986 53.61183813502084
1.009912161302156 4579.206011616268 0.0 1.3098466304796879 7272.73212960745 0.0 t_swap_k 100 3348.2895228862762 35.89689297044092 31.1399877900856 38.749684350350236 44.800439622366845 17.45420851154256 17.13410618122986 53.61183813502084
1.009912161302156 4579.206011616268 0.0 1.2937226191059479 7127.932347571565 0.0 move_t 100 3363.490864753723 35.89689297044092 31.82858791218474 38.749684350350236 44.800439622366845 17.45420851154256 17.13410618122986 53.61183813502084
1.009912161302156 4579.206011616268 0.0 1.3106956589808658 7280.356729904683 0.0 t_multiswap_k 100 3368.297594308853 35.89689297044092 31.82858791218474 38.749684350350236 44.800439622366845 17.45420851154256 17.13410618122986 54.11571975367063
1.009912161302156 4579.206011616268 0.0 1.3056302535234452 7234.86745374649 0.0 t_swap_k 100 3381.770264148712 35.89689297044092 31.82858791218474 39.442187506846736 44.800439622366845 17.45420851154256 17.13410618122986 54.11571975367063
1.009912161302156 4579.206011616268 0.0 1.2992307633779938 7177.397587425799 0.0 swap_t 100 3395.0585153102875 35.89689297044092 31.82858791218474 39.442187506846736 44.800439622366845 18.279666426427134 17.13410618122986 54.11571975367063
1.009912161302156 4579.206011616268 0.0 1.3181627661893618 7347.414205316152 0.0 t_swap_k 100 3406.3701677322388 35.89689297044092 31.82858791218474 40.097765631778266 44.800439622366845 18.279666426427134 17.13410618122986 54.11571975367063
1.009912161302156 4579.206011616268 0.0 1.2950467851612661 7139.823864623064 0.0 move_t 100 3417.0801033973694 35.89689297044092 32.570302033062895 40.097765631778266 44.800439622366845 18.279666426427134 17.13410618122986 54.11571975367063
1.009912161302156 4579.206011616268 0.0 1.3161450831805452 7300.9753067440115 0.0 move_t 100 3427.2235944271088 35.89689297044092 33.284599012732265 40.097765631778266 44.800439622366845 18.279666426427134 17.13410618122986 54.11571975367063
1.009912161302156 4579.206011616268 0.0 1.299375336656559 7178.695910699036 0.0 t_multiswap_k 100 3440.107892513275 35.89689297044092 33.284599012732265 40.097765631778266 44.800439622366845 18.279666426427134 17.13410618122986 54.624562556133924
1.009912161302156 4579.206011616268 0.0 1.2967042368892243 7154.708414340897 0.0 t_move_k 100 3457.551150560379 36.637924040736515 33.284599012732265 40.097765631778266 44.800439622366845 18.279666426427134 17.13410618122986 54.624562556133924
1.009912161302156 4579.206011616268 0.0 1.2894032264725772 7089.14255157464 0.0 t_swap_k 100 3469.9991471767426 36.637924040736515 33.284599012732265 40.72678797546048 44.800439622366845 18.279666426427134 17.13410618122986 54.624562556133924
1.009912161302156 4579.206011616268 0.0 1.2864028140190054 7062.197701485873 0.0 t_multiswap_k 100 3476.2614362239838 36.637924040736515 33.284599012732265 40.72678797546048 44.800439622366845 18.279666426427134 17.13410618122986 55.07831693057258
1.009912161302156 4579.206011616268 0.0 1.2739437993781237 6950.310990259677 0.0 t_multiswap_k 100 3483.2550415992737 36.637924040736515 33.284599012732265 40.72678797546048 44.800439622366845 18.279666426427134 17.13410618122986 55.55753376126686
1.009912161302156 4579.206011616268 0.0 1.2932313281003673 7123.5203666522175 0.0 t_swap_k 100 3506.0956807136536 36.637924040736515 33.284599012732265 41.33952009570588 44.800439622366845 18.279666426427134 17.13410618122986 55.55753376126686
1.009912161302156 4579.206011616268 0.0 1.2788990977128893 6994.811462391905 0.0 t_move_k 100 3520.901417016983 37.30154480032915 33.284599012732265 41.33952009570588 44.800439622366845 18.279666426427134 17.13410618122986 55.55753376126686
1.009912161302156 4579.206011616268 0.0 1.2733528141674326 6945.003717291991 0.0 t_move_k 100 3527.601590156555 37.958529352325854 33.284599012732265 41.33952009570588 44.800439622366845 18.279666426427134 17.13410618122986 55.55753376126686
1.009912161302156 4579.206011616268 0.0 1.3007157249882284 7190.733109989609 0.0 t_multiswap_k 100 3537.029081106186 37.958529352325854 33.284599012732265 41.33952009570588 44.800439622366845 18.279666426427134 17.13410618122986 56.071958423654195
1.009912161302156 4579.206011616268 0.0 1.2777912837415142 6984.8628697077875 0.0 t_multiswap_k 100 3542.72939991951 37.958529352325854 33.284599012732265 41.33952009570588 44.800439622366845 18.279666426427134 17.13410618122986 56.601238839417654
1.009912161302156 4579.206011616268 0.0 1.275438529689732 6963.734239493786 0.0 t_multiswap_k 100 3552.328544139862 37.958529352325854 33.284599012732265 41.33952009570588 44.800439622366845 18.279666426427134 17.13410618122986 57.075226451023475
1.009912161302156 4579.206011616268 0.0 1.2895851636366649 7090.776416814092 0.0 move_t 100 3560.951890707016 37.958529352325854 34.06175302260494 41.33952009570588 44.800439622366845 18.279666426427134 17.13410618122986 57.075226451023475
1.009912161302156 4579.206011616268 0.0 1.3026119863313035 7207.762261284274 0.0 t_multiswap_k 100 3575.4635059833527 37.958529352325854 34.06175302260494 41.33952009570588 44.800439622366845 18.279666426427134 17.13410618122986 57.55447418651324
1.009912161302156 4579.206011616268 0.0 1.2838158602958187 7038.965868750725 0.0 move_t 100 3584.4202466011047 37.958529352325854 34.72113549237889 41.33952009570588 44.800439622366845 18.279666426427134 17.13410618122986 57.55447418651324
1.009912161302156 4579.206011616268 0.0 1.2802005325310781 7006.498844249906 0.0 move_t 100 3592.790526866913 37.958529352325854 35.373924137455106 41.33952009570588 44.800439622366845 18.279666426427134 17.13410618122986 57.55447418651324
1.009912161302156 4579.206011616268 0.0 1.285844820502624 7070.768877771654 0.0 move_t 100 3601.5153682231903 37.958529352325854 36.06018489608056 41.33952009570588 44.800439622366845 18.279666426427134 17.13410618122986 57.55447418651324