22
6 114 4 30

Solution history:
B_obj   B_dis   B_sim   C_obj   C_dis   C_sim   neighbor   iterations   time   scores
1.009912161302156 4579.206011616268 0.0 1.009912161302156 4579.206011616268 0.0 0 0 0 3.0 3.0 3.0 3.0 3.0 3.0 3.0
1.009912161302156 4579.206011616268 0.0 1.026887446800526 4731.65056050589 0.0 f_swap_t 100 17.072770595550537 3.0 3.0 3.0 3.98 3.0 3.0 3.0
1.009912161302156 4579.206011616268 0.0 1.0379106968238716 4765.889363525233 0.0 swap_t 100 31.96250867843628 3.0 3.0 3.0 3.98 3.98 3.0 3.0
1.009912161302156 4579.206011616268 0.0 1.0272151355104633 4734.593330308932 0.0 t_swap_r_k 100 59.62049460411072 3.0 3.0 3.0 3.98 3.98 4.01 3.0
1.009912161302156 4579.206011616268 0.0 1.027567173670204 4737.754767473493 0.0 t_move_k 100 81.72253060340881 4.01 3.0 3.0 3.98 3.98 4.01 3.0
1.009912161302156 4579.206011616268 0.0 1.027567173670204 4737.754767473493 0.0 swap_t 100 99.94151496887207 4.01 3.0 3.0 3.98 4.9402 4.01 3.0
1.009912161302156 4579.206011616268 0.0 1.027567173670204 4737.754767473493 0.0 t_move_k 100 126.27589344978333 4.9699 3.0 3.0 3.98 4.9402 4.01 3.0
1.009912161302156 4579.206011616268 0.0 1.027567173670204 4737.754767473493 0.0 t_move_k 100 141.10868191719055 5.9202010000000005 3.0 3.0 3.98 4.9402 4.01 3.0
1.009912161302156 4579.206011616268 0.0 1.0340108310872602 4795.621272766538 0.0 t_swap_k 100 159.14873695373535 5.9202010000000005 3.0 4.01 3.98 4.9402 4.01 3.0
1.009912161302156 4579.206011616268 0.0 1.0278344482765318 4740.154995545959 0.0 f_swap_t 100 183.57012033462524 5.9202010000000005 3.0 4.01 4.9402 4.9402 4.01 3.0
1.009912161302156 4579.206011616268 0.0 1.02503272309291 4714.99443304638 0.0 t_swap_k 100 206.13526034355164 5.9202010000000005 3.0 4.9699 4.9402 4.9402 4.01 3.0
1.009912161302156 4579.206011616268 0.0 1.0452273808658847 4896.3501748674535 0.0 t_move_k 100 227.73367738723755 6.87099899 3.0 4.9699 4.9402 4.9402 4.01 3.0
1.009912161302156 4579.206011616268 0.0 1.0593138761898857 5064.216191452835 0.0 swap_t 100 242.02329444885254 6.87099899 3.0 4.9699 4.9402 5.930798 4.01 3.0
1.009912161302156 4579.206011616268 0.0 1.0856567800973866 5259.42162531914 0.0 t_swap_k 100 269.3200888633728 6.87099899 3.0 5.940201 4.9402 5.930798 4.01 3.0
1.009912161302156 4579.206011616268 0.0 1.0804580090615858 5212.734675317081 0.0 t_swap_r_k 100 301.551132440567 6.87099899 3.0 5.940201 4.9402 5.930798 5.0099 3.0
1.009912161302156 4579.206011616268 0.0 1.0790267966850642 5199.881841405979 0.0 t_swap_k 100 333.0531358718872 6.87099899 3.0 6.91079899 4.9402 5.930798 5.0099 3.0
1.009912161302156 4579.206011616268 0.0 1.1502250579747895 5855.0031351010775 0.0 swap_t 100 344.53714084625244 6.87099899 3.0 6.91079899 4.9402 6.92149002 5.0099 3.0
1.009912161302156 4579.206011616268 0.0 1.128819561587648 5647.039892695905 0.0 swap_t 100 360.13769483566284 6.87099899 3.0 6.91079899 4.9402 7.8522751198 5.0099 3.0
1.009912161302156 4579.206011616268 0.0 1.1255720703892238 5617.876181086207 0.0 t_swap_r_k 100 390.6327872276306 6.87099899 3.0 6.91079899 4.9402 7.8522751198 5.999801 3.0
1.009912161302156 4579.206011616268 0.0 1.1255720703892238 5617.876181086207 0.0 t_swap_r_k 100 419.82388281822205 6.87099899 3.0 6.91079899 4.9402 7.8522751198 6.97980299 3.0
1.009912161302156 4579.206011616268 0.0 1.1286909130758707 5645.8845799122055 0.0 t_move_k 100 442.07795667648315 7.9622890001 3.0 6.91079899 4.9402 7.8522751198 6.97980299 3.0
1.009912161302156 4579.206011616268 0.0 1.1222668079918559 5588.193662039503 0.0 t_swap_r_k 100 459.8337125778198 7.9622890001 3.0 6.91079899 4.9402 7.8522751198 7.950004960099999 3.0
1.009912161302156 4579.206011616268 0.0 1.1955933916968187 6246.694396863278 0.0 f_swap_t 100 486.0669205188751 7.9622890001 3.0 6.91079899 5.960798 7.8522751198 7.950004960099999 3.0
1.009912161302156 4579.206011616268 0.0 1.1735855633896897 6049.055690955056 0.0 swap_t 100 499.9995517730713 7.9622890001 3.0 6.91079899 5.960798 8.773752368602 7.950004960099999 3.0
1.009912161302156 4579.206011616268 0.0 1.170196776205875 6018.623087416859 0.0 swap_t 100 511.4636199474335 7.9622890001 3.0 6.91079899 5.960798 9.68601484491598 7.950004960099999 3.0
1.009912161302156 4579.206011616268 0.0 1.2140826394117417 6412.734904840629 0.0 t_move_k 100 531.8170416355133 8.912666110099 3.0 6.91079899 5.960798 9.68601484491598 7.950004960099999 3.0
1.009912161302156 4579.206011616268 0.0 1.2079091885530078 6357.294957669058 0.0 t_swap_k 100 543.6781883239746 8.912666110099 3.0 7.8816910001 5.960798 9.68601484491598 7.950004960099999 3.0
1.009912161302156 4579.206011616268 0.0 1.1927832149524507 6221.457936119428 0.0 t_move_k 100 558.1863842010498 9.88353944899801 3.0 7.8816910001 5.960798 9.68601484491598 7.950004960099999 3.0
1.009912161302156 4579.206011616268 0.0 1.2044425540815737 6326.163255747833 0.0 f_swap_t 100 583.2443597316742 9.88353944899801 3.0 7.8816910001 6.911190019999999 9.68601484491598 7.950004960099999 3.0
1.009912161302156 4579.206011616268 0.0 1.1950731828124566 6242.0227223449 0.0 t_swap_k 100 603.0909917354584 9.88353944899801 3.0 8.832874090099 6.911190019999999 9.68601484491598 7.950004960099999 3.0
1.009912161302156 4579.206011616268 0.0 1.1792647150143631 6100.056642166287 0.0 f_swap_t 100 631.0195589065552 9.88353944899801 3.0 8.832874090099 7.882078119799999 9.68601484491598 7.950004960099999 3.0
1.009912161302156 4579.206011616268 0.0 1.1669140848144082 5989.143264626013 0.0 t_swap_r_k 100 652.6904802322388 9.88353944899801 3.0 8.832874090099 7.882078119799999 9.68601484491598 8.910504910499 3.0
1.009912161302156 4579.206011616268 0.0 1.169519864756738 6012.544164001298 0.0 t_move_k 100 680.7355654239655 10.824704054508029 3.0 8.832874090099 7.882078119799999 9.68601484491598 8.910504910499 3.0
1.009912161302156 4579.206011616268 0.0 1.166797700615661 5988.098090058691 0.0 t_swap_k 100 699.2075548171997 10.824704054508029 3.0 9.77454534919801 7.882078119799999 9.68601484491598 8.910504910499 3.0
1.009912161302156 4579.206011616268 0.0 1.1903973365593439 6037.605496315274 0.0 swap_t 100 719.0914287567139 10.824704054508029 3.0 9.77454534919801 7.882078119799999 10.59915469646682 8.910504910499 3.0
1.009912161302156 4579.206011616268 0.0 1.1774315176044732 6083.593829084108 0.0 t_swap_r_k 100 733.2344365119934 10.824704054508029 3.0 9.77454534919801 7.882078119799999 10.59915469646682 9.86139986139401 3.0
1.009912161302156 4579.206011616268 0.0 1.1863335650043467 6163.537615608231 0.0 t_multiswap_k 100 743.8730411529541 10.824704054508029 3.0 9.77454534919801 7.882078119799999 10.59915469646682 9.86139986139401 4.01
1.009912161302156 4579.206011616268 0.0 1.1670528172051269 5990.389134494977 0.0 t_multiswap_k 100 756.4560005664825 10.824704054508029 3.0 9.77454534919801 7.882078119799999 10.59915469646682 9.86139986139401 5.0299
1.009912161302156 4579.206011616268 0.0 1.1602588691079525 5929.376885071973 0.0 t_swap_k 100 766.64759516716 10.824704054508029 3.0 10.736799895706032 7.882078119799999 10.59915469646682 9.86139986139401 5.0299
1.009912161302156 4579.206011616268 0.0 1.1845610391247499 6147.619656046592 0.0 t_move_k 100 795.5947463512421 11.876457013962948 3.0 10.736799895706032 7.882078119799999 10.59915469646682 9.86139986139401 5.0299
1.009912161302156 4579.206011616268 0.0 1.1670921962692664 5990.74277353504 0.0 t_swap_k 100 813.3724095821381 11.876457013962948 3.0 11.62943189674897 7.882078119799999 10.59915469646682 9.86139986139401 5.0299
1.009912161302156 4579.206011616268 0.0 1.1726664675467853 6040.8018591611 0.0 f_swap_t 100 837.3895101547241 11.876457013962948 3.0 11.62943189674897 8.813257338602 10.59915469646682 9.86139986139401 5.0299
1.009912161302156 4579.206011616268 0.0 1.1564306390747132 5894.997916864406 0.0 t_move_k 100 859.707596540451 12.817692443823319 3.0 11.62943189674897 8.813257338602 10.59915469646682 9.86139986139401 5.0299
1.009912161302156 4579.206011616268 0.0 1.15409107441221 5873.987732404908 0.0 t_swap_r_k 100 879.9873893260956 12.817692443823319 3.0 11.62943189674897 8.813257338602 10.59915469646682 10.802785862780071 5.0299
1.009912161302156 4579.206011616268 0.0 1.1473235202701353 5813.212510782053 0.0 f_swap_t 100 905.222797870636 12.817692443823319 3.0 11.62943189674897 9.75512476521598 10.59915469646682 10.802785862780071 5.0299
1.009912161302156 4579.206011616268 0.0 1.1427180148518432 5771.853312672091 0.0 t_swap_k 100 925.8114602565765 12.817692443823319 3.0 12.543137577781481 9.75512476521598 10.59915469646682 10.802785862780071 5.0299
1.009912161302156 4579.206011616268 0.0 1.1410606941214056 5756.969939362038 0.0 swap_t 100 941.5772769451141 12.817692443823319 3.0 12.543137577781481 9.75512476521598 11.493163149502152 10.802785862780071 5.0299
1.009912161302156 4579.206011616268 0.0 1.1755477974263244 6066.677302241615 0.0 f_swap_t 100 977.269853591919 12.817692443823319 3.0 12.543137577781481 10.70757351756382 11.493163149502152 10.802785862780071 5.0299
1.009912161302156 4579.206011616268 0.0 1.1804966139704947 6102.639907502349 0.0 move_t 100 995.857456445694 12.817692443823319 4.04 12.543137577781481 10.70757351756382 11.493163149502152 10.802785862780071 5.0299
1.009912161302156 4579.206011616268 0.0 1.1799156196129503 6105.902014128445 0.0 f_swap_t 100 1020.0737297534943 12.817692443823319 4.04 12.543137577781481 11.610497782388181 11.493163149502152 10.802785862780071 5.0299
1.009912161302156 4579.206011616268 0.0 1.1948186241469338 6239.73668827877 0.0 t_move_k 100 1042.957377910614 13.729515519385085 4.04 12.543137577781481 11.610497782388181 11.493163149502152 10.802785862780071 5.0299
1.009912161302156 4579.206011616268 0.0 1.1862016759801577 6162.353201785094 0.0 f_swap_t 100 1072.0728948116302 13.729515519385085 4.04 12.543137577781481 12.4943928045643 11.493163149502152 10.802785862780071 5.0299
1.009912161302156 4579.206011616268 0.0 1.1843383488664143 6145.619812451778 0.0 move_t 100 1092.0920095443726 13.729515519385085 4.9996 12.543137577781481 12.4943928045643 11.493163149502152 10.802785862780071 5.0299
1.009912161302156 4579.206011616268 0.0 1.1975248841342057 6288.076047852105 0.0 move_t 100 1111.046011209488 13.729515519385085 5.969604 12.543137577781481 12.4943928045643 11.493163149502152 10.802785862780071 5.0299
1.009912161302156 4579.206011616268 0.0 1.1812610483359065 6117.984478058369 0.0 t_multiswap_k 100 1124.5759172439575 13.729515519385085 5.969604 12.543137577781481 12.4943928045643 11.493163149502152 10.802785862780071 6.009601
1.009912161302156 4579.206011616268 0.0 1.1730031596059565 6043.825482479836 0.0 t_multiswap_k 100 1137.017189502716 13.729515519385085 5.969604 12.543137577781481 12.4943928045643 11.493163149502152 10.802785862780071 6.97950499
1.009912161302156 4579.206011616268 0.0 1.1710634450822566 6026.406105022624 0.0 f_swap_t 100 1168.2740757465363 13.729515519385085 5.969604 12.543137577781481 13.369448876518657 11.493163149502152 10.802785862780071 6.97950499
1.009912161302156 4579.206011616268 0.0 1.1709256202361873 6025.1683852513215 0.0 move_t 100 1186.716438293457 13.729515519385085 6.90990796 12.543137577781481 13.369448876518657 11.493163149502152 10.802785862780071 6.97950499
1.009912161302156 4579.206011616268 0.0 1.1709256202361873 6025.1683852513215 0.0 t_swap_r_k 100 1203.507651090622 13.729515519385085 6.90990796 12.543137577781481 13.369448876518657 11.493163149502152 11.73475800415227 6.97950499
1.009912161302156 4579.206011616268 0.0 1.1691995752000257 6009.667841420936 0.0 t_swap_k 100 1223.2369503974915 13.729515519385085 6.90990796 13.447706202003666 13.369448876518657 11.493163149502152 11.73475800415227 6.97950499
1.009912161302156 4579.206011616268 0.0 1.167044332927274 5990.312942438585 0.0 t_swap_r_k 100 1252.288656949997 13.729515519385085 6.90990796 13.447706202003666 13.369448876518657 11.493163149502152 12.657410424110749 6.97950499
1.009912161302156 4579.206011616268 0.0 1.1665526991633683 5985.897883418536 0.0 f_swap_t 100 1287.0942182540894 13.729515519385085 6.90990796 13.447706202003666 14.23575438775347 11.493163149502152 12.657410424110749 6.97950499
1.009912161302156 4579.206011616268 0.0 1.1665526991633683 5985.897883418536 0.0 swap_t 100 1310.083331823349 13.729515519385085 6.90990796 13.447706202003666 14.23575438775347 12.37823151800713 12.657410424110749 6.97950499
1.009912161302156 4579.206011616268 0.0 1.1665526991633683 5985.897883418536 0.0 t_multiswap_k 100 1328.937420129776 13.729515519385085 6.90990796 13.447706202003666 14.23575438775347 12.37823151800713 12.657410424110749 7.9097099401
1.009912161302156 4579.206011616268 0.0 1.1665526991633683 5985.897883418536 0.0 f_swap_t 100 1364.1534326076508 13.729515519385085 6.90990796 13.447706202003666 15.093396843875935 12.37823151800713 12.657410424110749 7.9097099401
1.009912161302156 4579.206011616268 0.0 1.182214521025443 6126.547027068158 0.0 t_swap_k 100 1387.094652891159 13.729515519385085 6.90990796 14.32322913998363 15.093396843875935 12.37823151800713 12.657410424110749 7.9097099401
1.009912161302156 4579.206011616268 0.0 1.176874719043365 6078.593565290094 0.0 t_swap_k 100 1415.0199890136719 13.729515519385085 6.90990796 15.179996848583793 15.093396843875935 12.37823151800713 12.657410424110749 7.9097099401
1.009912161302156 4579.206011616268 0.0 1.2611614147526236 6835.520293033695 0.0 swap_t 100 1430.8133952617645 13.729515519385085 6.90990796 15.179996848583793 15.093396843875935 13.314449202827058 12.657410424110749 7.9097099401
1.009912161302156 4579.206011616268 0.0 1.2625044490196156 6847.5812538343 0.0 t_swap_k 100 1462.1755993366241 13.729515519385085 6.90990796 16.138196880097954 15.093396843875935 13.314449202827058 12.657410424110749 7.9097099401
1.009912161302156 4579.206011616268 0.0 1.249324375580397 6729.219159130993 0.0 f_swap_t 100 1486.744701385498 13.729515519385085 6.90990796 16.138196880097954 15.942462875437176 13.314449202827058 12.657410424110749 7.9097099401
1.009912161302156 4579.206011616268 0.0 1.2889733564809625 6894.575303558338 0.0 move_t 100 1505.7458753585815 13.729515519385085 7.9008088804 16.138196880097954 15.942462875437176 13.314449202827058 12.657410424110749 7.9097099401
1.009912161302156 4579.206011616268 0.0 1.265619823470127 6875.558506574825 0.0 t_swap_k 100 1529.2780666351318 13.729515519385085 7.9008088804 17.036814911296975 15.942462875437176 13.314449202827058 12.657410424110749 7.9097099401
1.009912161302156 4579.206011616268 0.0 1.2586849686591841 6813.280861031206 0.0 t_swap_k 100 1559.7654325962067 13.729515519385085 7.9008088804 17.866446762184005 15.942462875437176 13.314449202827058 12.657410424110749 7.9097099401
1.009912161302156 4579.206011616268 0.0 1.2538254006577065 6769.640083864024 0.0 swap_t 100 1575.108508348465 13.729515519385085 7.9008088804 17.866446762184005 15.942462875437176 14.211304710798787 12.657410424110749 7.9097099401
1.009912161302156 4579.206011616268 0.0 1.2670964540696756 6885.864966288765 0.0 swap_t 100 1588.6728041172028 13.729515519385085 7.9008088804 17.866446762184005 15.942462875437176 15.1091916636908 12.657410424110749 7.9097099401
1.009912161302156 4579.206011616268 0.0 1.2531678060560851 6763.734633118817 0.0 t_swap_k 100 1621.265421628952 13.729515519385085 7.9008088804 18.767782294562164 15.942462875437176 15.1091916636908 12.657410424110749 7.9097099401
1.009912161302156 4579.206011616268 0.0 1.242053039087866 6663.919779539706 0.0 f_swap_t 100 1660.8002998828888 13.729515519385085 7.9008088804 18.767782294562164 16.903038246682804 15.1091916636908 12.657410424110749 7.9097099401
1.009912161302156 4579.206011616268 0.0 1.2630072613248302 6825.432257914983 0.0 swap_t 100 1675.4134578704834 13.729515519385085 7.9008088804 18.767782294562164 16.903038246682804 16.00809974705389 12.657410424110749 7.9097099401
1.009912161302156 4579.206011616268 0.0 1.2527285053113189 6759.7895446035645 0.0 t_multiswap_k 100 1687.9764461517334 13.729515519385085 7.9008088804 18.767782294562164 16.903038246682804 16.00809974705389 12.657410424110749 8.900612840699
1.009912161302156 4579.206011616268 0.0 1.2380847035831835 6628.282610673706 0.0 t_swap_r_k 100 1709.5067338943481 13.729515519385085 7.9008088804 18.767782294562164 16.903038246682804 16.00809974705389 13.570836319869642 8.900612840699
1.009912161302156 4579.206011616268 0.0 1.242569518980098 6668.55796628416 0.0 f_swap_t 100 1740.8620066642761 13.729515519385085 7.9008088804 18.767782294562164 17.744007864215977 16.00809974705389 13.570836319869642 8.900612840699
1.009912161302156 4579.206011616268 0.0 1.3134312585544183 7304.923459163693 0.0 f_swap_t 100 1769.7305521965027 13.729515519385085 7.9008088804 18.767782294562164 18.636567785573817 16.00809974705389 13.570836319869642 8.900612840699
1.009912161302156 4579.206011616268 0.0 1.2821736633570597 7024.218312867731 0.0 f_swap_t 100 1799.2824323177338 13.729515519385085 7.9008088804 18.767782294562164 19.570202107718078 16.00809974705389 13.570836319869642 8.900612840699
1.009912161302156 4579.206011616268 0.0 1.2731334110940784 6943.033393874122 0.0 f_swap_t 100 1831.1804502010345 13.729515519385085 7.9008088804 18.767782294562164 20.404500086640898 16.00809974705389 13.570836319869642 8.900612840699
1.009912161302156 4579.206011616268 0.0 1.2698448238970794 6913.500624497205 0.0 f_swap_t 100 1861.6759328842163 13.729515519385085 7.9008088804 18.767782294562164 21.20045508577449 16.00809974705389 13.570836319869642 8.900612840699
1.009912161302156 4579.206011616268 0.0 1.2698448238970794 6913.500624497205 0.0 t_swap_r_k 100 1880.7328696250916 13.729515519385085 7.9008088804 18.767782294562164 21.20045508577449 16.00809974705389 14.475127956670946 8.900612840699
1.009912161302156 4579.206011616268 0.0 1.2684663865347892 6901.121730375681 0.0 t_move_k 100 1903.5211992263794 14.622220364191234 7.9008088804 18.767782294562164 21.20045508577449 16.00809974705389 14.475127956670946 8.900612840699
1.009912161302156 4579.206011616268 0.0 1.2658544176159543 6877.6652516269905 0.0 swap_t 100 1916.3060355186462 14.622220364191234 7.9008088804 18.767782294562164 21.20045508577449 16.84801874958335 14.475127956670946 8.900612840699
1.009912161302156 4579.206011616268 0.0 1.2656808602021277 6876.106639746218 0.0 f_swap_t 100 1942.0293486118317 14.622220364191234 7.9008088804 18.767782294562164 21.998450534916746 16.84801874958335 14.475127956670946 8.900612840699
1.009912161302156 4579.206011616268 0.0 1.2786056285430827 6992.175997132222 0.0 t_move_k 100 1970.5932552814484 15.725998160549322 7.9008088804 18.767782294562164 21.998450534916746 16.84801874958335 14.475127956670946 8.900612840699
1.009912161302156 4579.206011616268 0.0 1.2633676047410272 6855.3327219662915 0.0 t_swap_r_k 100 1995.4696898460388 15.725998160549322 7.9008088804 18.767782294562164 21.998450534916746 16.84801874958335 15.370376677104236 8.900612840699
1.009912161302156 4579.206011616268 0.0 1.2624600573022287 6847.182599253076 0.0 swap_t 100 2005.4885993003845 15.725998160549322 7.9008088804 18.767782294562164 21.998450534916746 17.679538562087515 15.370376677104236 8.900612840699
1.009912161302156 4579.206011616268 0.0 1.3163052340046004 7330.732856658947 0.0 t_multiswap_k 100 2018.0128796100616 15.725998160549322 7.9008088804 18.767782294562164 21.998450534916746 17.679538562087515 15.370376677104236 9.911606712292011
1.009912161302156 4579.206011616268 0.0 1.313445333116804 7305.049854110858 0.0 t_multiswap_k 100 2046.541214466095 15.725998160549322 7.9008088804 18.767782294562164 21.998450534916746 17.679538562087515 15.370376677104236 10.922490645169091
1.009912161302156 4579.206011616268 0.0 1.2944101737417908 7134.106850869793 0.0 swap_t 100 2060.376121044159 15.725998160549322 7.9008088804 18.767782294562164 21.998450534916746 18.50274317646664 15.370376677104236 10.922490645169091
1.009912161302156 4579.206011616268 0.0 1.2941689894875144 7131.940924126116 0.0 t_swap_r_k 100 2083.9627225399017 15.725998160549322 7.9008088804 18.767782294562164 21.998450534916746 18.50274317646664 16.256672910333194 10.922490645169091
1.009912161302156 4579.206011616268 0.0 1.2941689894875144 7131.940924126116 0.0 t_swap_r_k 100 2106.3321759700775 15.725998160549322 7.9008088804 18.767782294562164 21.998450534916746 18.50274317646664 17.13410618122986 10.922490645169091
1.009912161302156 4579.206011616268 0.0 1.322863184718011 7254.44897721696 0.0 swap_t 100 2123.303921699524 15.725998160549322 7.9008088804 18.767782294562164 21.998450534916746 19.327715744701976 17.13410618122986 10.922490645169091
1.009912161302156 4579.206011616268 0.0 1.3100323377688223 7274.399852010136 0.0 f_swap_t 100 2152.3761882781982 15.725998160549322 7.9008088804 18.767782294562164 22.80846602956758 19.327715744701976 17.13410618122986 10.922490645169091
1.009912161302156 4579.206011616268 0.0 1.3023855566513909 7205.728836255115 0.0 f_swap_t 100 2178.3995745182037 15.725998160549322 7.9008088804 18.767782294562164 23.580381369271905 19.327715744701976 17.13410618122986 10.922490645169091
1.009912161302156 4579.206011616268 0.0 1.3095621259147587 7270.177169924338 0.0 t_swap_k 100 2198.3087253570557 15.725998160549322 7.9008088804 19.59010447161654 23.580381369271905 19.327715744701976 17.13410618122986 10.922490645169091
1.009912161302156 4579.206011616268 0.0 1.2881534134869321 7077.918753494108 0.0 t_move_k 100 2217.3823792934418 16.77873817894383 7.9008088804 19.59010447161654 23.580381369271905 19.327715744701976 17.13410618122986 10.922490645169091
1.009912161302156 4579.206011616268 0.0 1.2850022947300235 7049.6205032266425 0.0 t_swap_r_k 100 2243.2058234214783 16.77873817894383 7.9008088804 19.59010447161654 23.580381369271905 19.327715744701976 18.00276511941756 10.922490645169091
1.009912161302156 4579.206011616268 0.0 1.2786015624606963 6999.979541084071 0.0 move_t 100 2264.371455192566 16.77873817894383 8.881800791596 19.59010447161654 23.580381369271905 19.327715744701976 18.00276511941756 10.922490645169091
1.009912161302156 4579.206011616268 0.0 1.2736927725287792 6948.056673252096 0.0 f_swap_t 100 2294.618185043335 16.77873817894383 8.881800791596 19.59010447161654 24.404577555579184 19.327715744701976 18.00276511941756 10.922490645169091
1.009912161302156 4579.206011616268 0.0 1.2702535347944541 6917.171004496558 0.0 f_swap_t 100 2314.288506746292 16.77873817894383 8.881800791596 19.59010447161654 25.19053178002339 19.327715744701976 18.00276511941756 10.922490645169091
1.009912161302156 4579.206011616268 0.0 1.2860951385403676 7059.43465814561 0.0 t_swap_k 100 2335.3875138759613 16.77873817894383 8.881800791596 20.404203426900377 25.19053178002339 19.327715744701976 18.00276511941756 10.922490645169091
1.009912161302156 4579.206011616268 0.0 1.2790020826781388 6995.736306723471 0.0 t_swap_k 100 2356.6458551883698 16.77873817894383 8.881800791596 21.300161392631374 25.19053178002339 19.327715744701976 18.00276511941756 10.922490645169091
1.009912161302156 4579.206011616268 0.0 1.2892054058663658 7087.366046956919 0.0 f_swap_t 100 2377.84055352211 16.77873817894383 8.881800791596 21.300161392631374 25.948626462223157 19.327715744701976 18.00276511941756 10.922490645169091
1.009912161302156 4579.206011616268 0.0 1.2714985560544245 6928.351771049935 0.0 f_swap_t 100 2400.769373893738 16.77873817894383 8.881800791596 21.300161392631374 26.719140197600925 19.327715744701976 18.00276511941756 10.922490645169091
1.009912161302156 4579.206011616268 0.0 1.2791700862779871 6934.161838602596 0.0 swap_t 100 2418.3385767936707 16.77873817894383 8.881800791596 21.300161392631374 26.719140197600925 20.144438587254957 18.00276511941756 10.922490645169091
1.009912161302156 4579.206011616268 0.0 1.2738655951201436 6949.608686146432 0.0 f_swap_t 100 2442.1277396678925 16.77873817894383 8.881800791596 21.300161392631374 27.451948795624915 20.144438587254957 18.00276511941756 10.922490645169091
1.009912161302156 4579.206011616268 0.0 1.2814829200362947 7018.015173960721 0.0 t_swap_k 100 2461.215798139572 16.77873817894383 8.881800791596 22.09715977870506 27.451948795624915 20.144438587254957 18.00276511941756 10.922490645169091
1.009912161302156 4579.206011616268 0.0 1.2759807196851747 6968.603312787171 0.0 t_swap_r_k 100 2485.4730525016785 16.77873817894383 8.881800791596 22.09715977870506 27.451948795624915 20.144438587254957 18.862737468223386 10.922490645169091
1.009912161302156 4579.206011616268 0.0 1.2728030657946854 6940.066766882863 0.0 t_swap_r_k 100 2512.4197986125946 16.77873817894383 8.881800791596 22.09715977870506 27.451948795624915 20.144438587254957 19.71411009354115 10.922490645169091
1.009912161302156 4579.206011616268 0.0 1.3065591429348242 7243.2092355268105 0.0 t_swap_k 100 2526.501408100128 16.77873817894383 8.881800791596 22.93618818091801 27.451948795624915 20.144438587254957 19.71411009354115 10.922490645169091
1.009912161302156 4579.206011616268 0.0 1.2880816124240702 7077.273952519253 0.0 t_swap_k 100 2545.6097264289856 16.77873817894383 8.881800791596 23.76682629910883 27.451948795624915 20.144438587254957 19.71411009354115 10.922490645169091
1.009912161302156 4579.206011616268 0.0 1.2827533981494148 7029.424552780731 0.0 f_swap_t 100 2579.517758846283 16.77873817894383 8.881800791596 23.76682629910883 28.177429307668667 20.144438587254957 19.71411009354115 10.922490645169091
1.009912161302156 4579.206011616268 0.0 1.2783074551801317 6984.189869415494 0.0 swap_t 100 2588.876489877701 16.77873817894383 8.881800791596 23.76682629910883 28.177429307668667 20.972994201382406 19.71411009354115 10.922490645169091
1.009912161302156 4579.206011616268 0.0 1.2707402038468445 6921.5414785105195 0.0 f_swap_t 100 2610.59260225296 16.77873817894383 8.881800791596 23.76682629910883 28.92565501459198 20.972994201382406 19.71411009354115 10.922490645169091
1.009912161302156 4579.206011616268 0.0 1.2689316182889787 6905.2996892620495 0.0 t_swap_k 100 2639.3357849121094 16.77873817894383 8.881800791596 24.52915803611774 28.92565501459198 20.972994201382406 19.71411009354115 10.922490645169091
1.009912161302156 4579.206011616268 0.0 1.2874812879852198 7071.882809714808 0.0 t_swap_k 100 2671.8162171840668 16.77873817894383 8.881800791596 25.323866455756562 28.92565501459198 20.972994201382406 19.71411009354115 10.922490645169091
1.009912161302156 4579.206011616268 0.0 1.2828922304563215 7030.671319935233 0.0 t_swap_r_k 100 2696.8239381313324 16.77873817894383 8.881800791596 25.323866455756562 28.92565501459198 20.972994201382406 20.55696899260574 10.922490645169091
1.009912161302156 4579.206011616268 0.0 1.3725533901988944 7835.862787919036 0.0 f_swap_t 100 2733.786411523819 16.77873817894383 8.881800791596 25.323866455756562 29.66639846444606 20.972994201382406 20.55696899260574 10.922490645169091
1.009912161302156 4579.206011616268 0.0 1.366264686542738 7779.387826596274 0.0 t_swap_k 100 2758.4143908023834 16.77873817894383 8.881800791596 26.320627791198998 29.66639846444606 20.972994201382406 20.55696899260574 10.922490645169091
1.009912161302156 4579.206011616268 0.0 1.3326353440178278 7477.383483213851 0.0 t_move_k 100 2776.4306964874268 17.79095079715439 8.881800791596 26.320627791198998 29.66639846444606 20.972994201382406 20.55696899260574 10.922490645169091
1.009912161302156 4579.206011616268 0.0 1.3315426213018529 7525.886647750632 0.0 swap_t 100 2784.3351418972015 17.79095079715439 8.881800791596 26.320627791198998 29.66639846444606 21.803264259368582 20.55696899260574 10.922490645169091
1.009912161302156 4579.206011616268 0.0 1.314890309195606 7318.026291326622 0.0 t_move_k 100 2800.5693974494934 18.673041289182848 8.881800791596 26.320627791198998 29.66639846444606 21.803264259368582 20.55696899260574 10.922490645169091
1.009912161302156 4579.206011616268 0.0 1.3075542924577443 7252.146058422299 0.0 t_swap_r_k 100 2827.8939702510834 18.673041289182848 8.881800791596 26.320627791198998 29.66639846444606 21.803264259368582 21.39139930267968 10.922490645169091
1.009912161302156 4579.206011616268 0.0 1.3035239182931844 7215.9517586898 0.0 t_swap_k 100 2854.940516233444 18.673041289182848 8.881800791596 27.08742151328701 29.66639846444606 21.803264259368582 21.39139930267968 10.922490645169091
1.009912161302156 4579.206011616268 0.0 1.3001580894958642 7185.725330233183 0.0 t_move_k 100 2870.8660385608673 19.55631087629102 8.881800791596 27.08742151328701 29.66639846444606 21.803264259368582 21.39139930267968 10.922490645169091
1.009912161302156 4579.206011616268 0.0 1.2946981299366134 7136.692807507982 0.0 t_move_k 100 2886.53746509552 20.390747767528108 8.881800791596 27.08742151328701 29.66639846444606 21.803264259368582 21.39139930267968 10.922490645169091
1.009912161302156 4579.206011616268 0.0 1.2891874390092628 7087.204697716206 0.0 t_swap_k 100 2914.9115011692047 20.390747767528108 8.881800791596 27.816547298154138 29.66639846444606 21.803264259368582 21.39139930267968 10.922490645169091
1.009912161302156 4579.206011616268 0.0 1.291609087772895 7108.952028762655 0.0 t_multiswap_k 100 2924.256805896759 20.390747767528108 8.881800791596 27.816547298154138 29.66639846444606 21.803264259368582 21.39139930267968 11.913265738717401
1.009912161302156 4579.206011616268 0.0 1.3176747397113249 7343.031541101303 0.0 t_swap_k 100 2950.895582675934 20.390747767528108 8.881800791596 28.638381825172598 29.66639846444606 21.803264259368582 21.39139930267968 11.913265738717401
1.009912161302156 4579.206011616268 0.0 1.3056567353912896 7235.105271036673 0.0 t_swap_k 100 2986.317848920822 20.390747767528108 8.881800791596 29.45199800692087 29.66639846444606 21.803264259368582 21.39139930267968 11.913265738717401
1.009912161302156 4579.206011616268 0.0 1.3003008705712737 7187.0075588374 0.0 t_move_k 100 3002.925476551056 21.286840289852826 8.881800791596 29.45199800692087 29.66639846444606 21.803264259368582 21.39139930267968 11.913265738717401
1.009912161302156 4579.206011616268 0.0 1.290806064580372 7101.740573712676 0.0 f_swap_t 100 3016.576392173767 21.286840289852826 8.881800791596 29.45199800692087 30.3697344798016 21.803264259368582 21.39139930267968 11.913265738717401
1.009912161302156 4579.206011616268 0.0 1.3558381604764724 7681.352761515527 0.0 swap_t 100 3034.1136972904205 21.286840289852826 8.881800791596 29.45199800692087 30.3697344798016 22.655231616774895 21.39139930267968 11.913265738717401
1.009912161302156 4579.206011616268 0.0 1.3252551628714673 7411.106637048955 0.0 t_swap_r_k 100 3056.542943954468 21.286840289852826 8.881800791596 29.45199800692087 30.3697344798016 22.655231616774895 22.217485309652883 11.913265738717401
1.009912161302156 4579.206011616268 0.0 1.320358343943163 7367.131332327797 0.0 t_swap_k 100 3079.0171041488647 21.286840289852826 8.881800791596 30.34747802685166 30.3697344798016 22.655231616774895 22.217485309652883 11.913265738717401
1.009912161302156 4579.206011616268 0.0 1.3085090987003554 7260.720583248159 0.0 f_swap_t 100 3108.476478099823 21.286840289852826 8.881800791596 30.34747802685166 31.096037135003584 22.655231616774895 22.217485309652883 11.913265738717401
1.009912161302156 4579.206011616268 0.0 1.2956638660359967 7145.365486623221 0.0 t_multiswap_k 100 3121.1527876853943 21.286840289852826 8.881800791596 30.34747802685166 31.096037135003584 22.655231616774895 22.217485309652883 12.884133081330226
1.009912161302156 4579.206011616268 0.0 1.2850160718360661 7049.744226902212 0.0 t_swap_k 100 3152.4588713645935 21.286840289852826 8.881800791596 31.104003246583144 31.096037135003584 22.655231616774895 22.217485309652883 12.884133081330226
1.009912161302156 4579.206011616268 0.0 1.2798870138483172 7003.683326704322 0.0 swap_t 100 3168.1974358558655 21.286840289852826 8.881800791596 31.104003246583144 31.096037135003584 23.428679300607147 22.217485309652883 12.884133081330226
1.009912161302156 4579.206011616268 0.0 1.3033097264614835 7214.028234212843 0.0 t_swap_k 100 3191.1120567321777 21.286840289852826 8.881800791596 31.872963214117313 31.096037135003584 23.428679300607147 22.217485309652883 12.884133081330226
1.009912161302156 4579.206011616268 0.0 1.2955597120157192 7144.430143730886 0.0 t_move_k 100 3226.2137429714203 22.193971886954298 8.881800791596 31.872963214117313 31.096037135003584 23.428679300607147 22.217485309652883 12.884133081330226
1.009912161302156 4579.206011616268 0.0 1.3306736714129084 7459.7669137985795 0.0 f_swap_t 100 3263.2882475852966 22.193971886954298 8.881800791596 31.872963214117313 31.85507676365355 23.428679300607147 22.217485309652883 12.884133081330226
1.009912161302156 4579.206011616268 0.0 1.3186577201735799 7351.859081183041 0.0 t_swap_r_k 100 3290.648124217987 22.193971886954298 8.881800791596 31.872963214117313 31.85507676365355 23.428679300607147 23.035310456556353 12.884133081330226
1.009912161302156 4579.206011616268 0.0 1.3116973867932185 7289.352628352398 0.0 t_swap_k 100 3311.780929327011 22.193971886954298 8.881800791596 32.64423358197614 31.85507676365355 23.428679300607147 23.035310456556353 12.884133081330226
1.009912161302156 4579.206011616268 0.0 1.3000490311175583 7184.745944332129 0.0 t_multiswap_k 100 3327.2633576393127 22.193971886954298 8.881800791596 32.64423358197614 31.85507676365355 23.428679300607147 23.035310456556353 13.785291750516924
1.009912161302156 4579.206011616268 0.0 1.297698215392828 7163.634721035557 0.0 f_swap_t 100 3361.816371679306 22.193971886954298 8.881800791596 32.64423358197614 32.53652599601701 23.428679300607147 23.035310456556353 13.785291750516924
1.009912161302156 4579.206011616268 0.0 1.297698215392828 7163.634721035557 0.0 swap_t 100 3379.342398405075 22.193971886954298 8.881800791596 32.64423358197614 32.53652599601701 24.194392507601076 23.035310456556353 13.785291750516924
1.009912161302156 4579.206011616268 0.0 1.297698215392828 7163.634721035557 0.0 f_swap_t 100 3412.3108246326447 22.193971886954298 8.881800791596 32.64423358197614 33.21116073605684 24.194392507601076 23.035310456556353 13.785291750516924
1.009912161302156 4579.206011616268 0.0 1.3166106893177325 7333.475962064792 0.0 t_swap_k 100 3442.3447265625 22.193971886954298 8.881800791596 33.32779124615638 33.21116073605684 24.194392507601076 23.035310456556353 13.785291750516924
1.009912161302156 4579.206011616268 0.0 1.308630248302618 7261.808552959587 0.0 t_swap_k 100 3468.664468050003 22.193971886954298 8.881800791596 33.99451333369482 33.21116073605684 24.194392507601076 23.035310456556353 13.785291750516924
1.009912161302156 4579.206011616268 0.0 1.3044632730372843 7348.847726510318 0.0 move_t 100 3488.135293483734 22.193971886954298 9.852982783680039 33.99451333369482 33.21116073605684 24.194392507601076 23.035310456556353 13.785291750516924
1.009912161302156 4579.206011616268 0.0 1.2941300870573036 7131.591565440823 0.0 move_t 100 3509.834566116333 22.193971886954298 10.754452955843238 33.99451333369482 33.21116073605684 24.194392507601076 23.035310456556353 13.785291750516924
1.009912161302156 4579.206011616268 0.0 1.2919581814202372 7112.087023080979 0.0 f_swap_t 100 3534.273103237152 22.193971886954298 10.754452955843238 33.99451333369482 33.909049128696275 24.194392507601076 23.035310456556353 13.785291750516924
1.009912161302156 4579.206011616268 0.0 1.2890549605664599 7086.014990688739 0.0 t_swap_r_k 100 3554.62708902359 22.193971886954298 10.754452955843238 33.99451333369482 33.909049128696275 24.194392507601076 23.84495735199079 13.785291750516924
1.009912161302156 4579.206011616268 0.0 1.2890549605664599 7086.014990688739 0.0 f_swap_t 100 3584.5128242969513 22.193971886954298 10.754452955843238 33.99451333369482 34.569958637409314 24.194392507601076 23.84495735199079 13.785291750516924
1.009912161302156 4579.206011616268 0.0 1.2883801225193154 7079.954687215176 0.0 t_swap_k 100 3619.9981615543365 22.193971886954298 10.754452955843238 34.68456820035787 34.569958637409314 24.194392507601076 23.84495735199079 13.785291750516924