22
6 114 4 30

Solution history:
B_obj   B_dis   B_sim   C_obj   C_dis   C_sim   neighbor   iterations   time   scores
1.009912161302156 4579.206011616268 0.0 1.009912161302156 4579.206011616268 0.0 0 0 0 3.0 3.0 3.0 3.0 3.0 3.0 3.0
1.009912161302156 4579.206011616268 0.0 1.009912161302156 4579.206011616268 0.0 swap_t 100 7.944515943527222 3.0 3.0 3.0 3.0 3.9699999999999998 3.0 3.0
1.0095402651903238 4575.866242455538 0.0 1.0465847796199665 4674.217802874526 0.0 swap_t 100 11.371917247772217 3.0 3.0 3.0 3.0 4.9403 3.0 3.0
1.0095402651903238 4575.866242455538 0.0 1.0392144625992668 4842.351871701787 0.0 t_multiswap_k 100 19.210785627365112 3.0 3.0 3.0 3.0 4.9403 3.0 4.0
1.0095402651903238 4575.866242455538 0.0 1.036197661720169 4815.259847290883 0.0 swap_t 100 26.726765394210815 3.0 3.0 3.0 3.0 5.890897 3.0 4.0
1.0095402651903238 4575.866242455538 0.0 1.0370293067197014 4767.709262086296 0.0 move_t 100 30.69903540611267 3.0 3.98 3.0 3.0 5.890897 3.0 4.0
1.0095402651903238 4575.866242455538 0.0 1.0324138429366374 4781.2797090722415 0.0 move_t 100 48.78503441810608 3.0 4.9402 3.0 3.0 5.890897 3.0 4.0
1.0095402651903238 4575.866242455538 0.0 1.030251388683358 4761.860043749542 0.0 swap_t 100 51.49144005775452 3.0 4.9402 3.0 3.0 6.83198803 3.0 4.0
1.0095402651903238 4575.866242455538 0.0 1.0283480298217782 4744.767154027218 0.0 swap_t 100 54.85789895057678 3.0 4.9402 3.0 3.0 7.7636681497 3.0 4.0
1.0095402651903238 4575.866242455538 0.0 1.0283480298217782 4744.767154027218 0.0 swap_t 100 62.81474781036377 3.0 4.9402 3.0 3.0 8.686031468203 3.0 4.0
1.0095402651903238 4575.866242455538 0.0 1.069688711068281 4977.007066362366 0.0 swap_t 100 72.12309241294861 3.0 4.9402 3.0 3.0 9.60917115352097 3.0 4.0
1.0095402651903238 4575.866242455538 0.0 1.0662745433895426 5085.361735034358 0.0 swap_t 100 76.11158466339111 3.0 4.9402 3.0 3.0 10.51307944198576 3.0 4.0
1.0095402651903238 4575.866242455538 0.0 1.0656446739362213 5079.705266712802 0.0 swap_t 100 80.35203337669373 3.0 4.9402 3.0 3.0 11.407948647565902 3.0 4.0
1.0095402651903238 4575.866242455538 0.0 1.0966973276207375 5358.569959929077 0.0 t_swap_k 100 90.97530126571655 3.0 4.9402 4.01 3.0 11.407948647565902 3.0 4.0
1.0095402651903238 4575.866242455538 0.0 1.0938771006340589 5333.243244169756 0.0 swap_t 100 94.72269678115845 3.0 4.9402 4.01 3.0 12.293869161090244 3.0 4.0
1.0095402651903238 4575.866242455538 0.0 1.0936830498566201 5331.5005940546125 0.0 swap_t 100 102.89442038536072 3.0 4.9402 4.01 3.0 13.170930469479341 3.0 4.0
1.0095402651903238 4575.866242455538 0.0 1.0851076277757135 5254.4900276763665 0.0 t_swap_k 100 113.10671210289001 3.0 4.9402 4.9999 3.0 13.170930469479341 3.0 4.0
1.0095402651903238 4575.866242455538 0.0 1.1400305476375463 5747.718830387333 0.0 move_t 100 120.56448721885681 3.0 5.920798 4.9999 3.0 13.170930469479341 3.0 4.0
1.0095402651903238 4575.866242455538 0.0 1.1202773987350456 5570.328006893947 0.0 t_multiswap_k 100 126.01888966560364 3.0 5.920798 4.9999 3.0 13.170930469479341 3.0 4.99
1.0095402651903238 4575.866242455538 0.0 1.1125640633598448 5501.059308478256 0.0 t_multiswap_k 100 128.47800827026367 3.0 5.920798 4.9999 3.0 13.170930469479341 3.0 5.9401
1.0095402651903238 4575.866242455538 0.0 1.1110407118876442 5487.379030287808 0.0 f_swap_t 100 141.32561993598938 3.0 5.920798 4.9999 3.9699999999999998 13.170930469479341 3.0 5.9401
1.0095402651903238 4575.866242455538 0.0 1.1110407118876442 5487.379030287808 0.0 swap_t 100 146.21926259994507 3.0 5.920798 4.9999 3.9699999999999998 14.039221164784548 3.0 5.9401
1.0095402651903238 4575.866242455538 0.0 1.1110407118876442 5487.379030287808 0.0 swap_t 100 154.90169191360474 3.0 5.920798 4.9999 3.9699999999999998 14.898828953136702 3.0 5.9401
1.0095402651903238 4575.866242455538 0.0 1.1478911542559547 5619.978643907285 0.0 swap_t 100 157.69788813591003 3.0 5.920798 4.9999 3.9699999999999998 15.759840663605335 3.0 5.9401
1.0095402651903238 4575.866242455538 0.0 1.1544739215606938 5877.425846058423 0.0 t_multiswap_k 100 169.44776511192322 3.0 5.920798 4.9999 3.9699999999999998 15.759840663605335 3.0 6.890699
1.0095402651903238 4575.866242455538 0.0 1.1503538365446884 5840.425908607467 0.0 swap_t 100 176.19524598121643 3.0 5.920798 4.9999 3.9699999999999998 16.60224225696928 3.0 6.890699
1.0095402651903238 4575.866242455538 0.0 1.1488304850724878 5826.745630417019 0.0 swap_t 100 182.92594981193542 3.0 5.920798 4.9999 3.9699999999999998 17.436219834399587 3.0 6.890699
1.0095402651903238 4575.866242455538 0.0 1.1488304850724878 5826.745630417019 0.0 move_t 100 192.39572381973267 3.0 6.8615900199999995 4.9999 3.9699999999999998 17.436219834399587 3.0 6.890699
1.0095402651903238 4575.866242455538 0.0 1.1488304850724878 5826.745630417019 0.0 t_multiswap_k 100 202.79967045783997 3.0 6.8615900199999995 4.9999 3.9699999999999998 17.436219834399587 3.0 7.821792009999999
1.0095402651903238 4575.866242455538 0.0 1.1488304850724878 5826.745630417019 0.0 t_multiswap_k 100 208.91006422042847 3.0 6.8615900199999995 4.9999 3.9699999999999998 17.436219834399587 3.0 8.7435740899
1.0095402651903238 4575.866242455538 0.0 1.1488304850724878 5826.745630417019 0.0 t_multiswap_k 100 215.77041292190552 3.0 6.8615900199999995 4.9999 3.9699999999999998 17.436219834399587 3.0 9.656138349000999
1.0095402651903238 4575.866242455538 0.0 1.1404878738550694 5751.825794534265 0.0 f_swap_t 100 222.22582817077637 3.0 6.8615900199999995 4.9999 4.9603 17.436219834399587 3.0 9.656138349000999
1.0095402651903238 4575.866242455538 0.0 1.1452873491800728 5794.92691650934 0.0 t_move_k 100 234.5382215976715 4.05 6.8615900199999995 4.9999 4.9603 17.436219834399587 3.0 9.656138349000999
1.0095402651903238 4575.866242455538 0.0 1.1993379497988952 6280.321959163592 0.0 f_swap_t 100 246.45658206939697 4.05 6.8615900199999995 4.9999 5.990697 17.436219834399587 3.0 9.656138349000999
1.0095402651903238 4575.866242455538 0.0 1.1848619405947791 6150.321866201658 0.0 t_swap_r_k 100 269.3879294395447 4.05 6.8615900199999995 4.9999 5.990697 17.436219834399587 4.01 9.656138349000999
1.0095402651903238 4575.866242455538 0.0 1.182783309440166 6131.654964328148 0.0 swap_t 100 272.3895056247711 4.05 6.8615900199999995 4.9999 5.990697 18.26185763605559 4.01 9.656138349000999
1.0095402651903238 4575.866242455538 0.0 1.1937057373522761 6229.74253970359 0.0 move_t 100 280.9171028137207 4.05 7.832974119799999 4.9999 5.990697 18.26185763605559 4.01 9.656138349000999
1.0095402651903238 4575.866242455538 0.0 1.182415049564106 6128.3478499538105 0.0 t_multiswap_k 100 283.1734342575073 4.05 7.832974119799999 4.9999 5.990697 18.26185763605559 4.01 10.619576965510989
1.0095402651903238 4575.866242455538 0.0 1.196064756987749 6250.927437252791 0.0 move_t 100 288.95254373550415 4.05 8.824644378601999 4.9999 5.990697 18.26185763605559 4.01 10.619576965510989
1.0095402651903238 4575.866242455538 0.0 1.1831097664314614 6134.5866728272285 0.0 swap_t 100 297.2536790370941 4.05 8.824644378601999 4.9999 5.990697 19.079239059695034 4.01 10.619576965510989
1.0095402651903238 4575.866242455538 0.0 1.197094208304516 6303.303660268481 0.0 move_t 100 304.3038172721863 4.05 9.776397934815979 4.9999 5.990697 19.079239059695034 4.01 10.619576965510989
1.0095402651903238 4575.866242455538 0.0 1.1922123025666527 6216.330924787757 0.0 t_multiswap_k 100 314.8151624202728 4.05 9.776397934815979 4.9999 5.990697 19.079239059695034 4.01 11.54338119585588
1.0095402651903238 4575.866242455538 0.0 1.1919637221879054 6214.098578020771 0.0 t_multiswap_k 100 319.3487136363983 4.05 9.776397934815979 4.9999 5.990697 19.079239059695034 4.01 12.42794738389732
1.0095402651903238 4575.866242455538 0.0 1.1919637221879054 6214.098578020771 0.0 t_swap_r_k 100 344.976309299469 4.05 9.776397934815979 4.9999 5.990697 19.079239059695034 5.0099 12.42794738389732
1.0095402651903238 4575.866242455538 0.0 1.1919637221879054 6214.098578020771 0.0 swap_t 100 353.69464349746704 4.05 9.776397934815979 4.9999 5.990697 19.888446669098084 5.0099 12.42794738389732
1.0095402651903238 4575.866242455538 0.0 1.1919637221879054 6214.098578020771 0.0 t_swap_r_k 100 385.4095959663391 4.05 9.776397934815979 4.9999 5.990697 19.888446669098084 5.999801 12.42794738389732
1.0095402651903238 4575.866242455538 0.0 1.1787087392098012 6171.577680459622 0.0 move_t 100 399.4790081977844 4.05 10.768633955467818 4.9999 5.990697 19.888446669098084 5.999801 12.42794738389732
1.0095402651903238 4575.866242455538 0.0 1.2015693435876411 6300.3607278519385 0.0 t_swap_k 100 417.74749517440796 4.05 10.768633955467818 6.059901 5.990697 19.888446669098084 5.999801 12.42794738389732
1.0095402651903238 4575.866242455538 0.0 1.1958535740136518 6249.030933466596 0.0 t_multiswap_k 100 428.4808397293091 4.05 10.768633955467818 6.059901 5.990697 19.888446669098084 5.999801 13.303667910058348
1.0095402651903238 4575.866242455538 0.0 1.2121643997071527 6317.572669667172 0.0 swap_t 100 436.15582036972046 4.05 10.768633955467818 6.059901 5.990697 20.6995622024071 5.999801 13.303667910058348
1.0095402651903238 4575.866242455538 0.0 1.1984023724524802 6271.92011717164 0.0 swap_t 100 443.5219016075134 4.05 10.768633955467818 6.059901 5.990697 21.49256658038303 5.999801 13.303667910058348
1.0095402651903238 4575.866242455538 0.0 1.2106784686316798 6382.164150731098 0.0 f_swap_t 100 456.21170139312744 4.05 10.768633955467818 6.059901 6.94079003 21.49256658038303 5.999801 13.303667910058348
1.0095402651903238 4575.866242455538 0.0 1.2021015992421225 6305.140586968249 0.0 swap_t 100 464.5198154449463 4.05 10.768633955467818 6.059901 6.94079003 22.2776409145792 5.999801 13.303667910058348
1.0095402651903238 4575.866242455538 0.0 1.1987459111403487 6275.005225831713 0.0 swap_t 100 471.6758441925049 4.05 10.768633955467818 6.059901 6.94079003 23.05486450543341 5.999801 13.303667910058348
1.0095402651903238 4575.866242455538 0.0 1.1938890635260329 6231.388878780518 0.0 f_swap_t 100 484.351984500885 4.05 10.768633955467818 6.059901 7.931382129699999 23.05486450543341 5.999801 13.303667910058348
1.0095402651903238 4575.866242455538 0.0 1.1909600106818923 6205.084865246153 0.0 move_t 100 490.6100723743439 4.05 11.66094761591314 6.059901 7.931382129699999 23.05486450543341 5.999801 13.303667910058348
1.0095402651903238 4575.866242455538 0.0 1.1905450462016693 6201.3583256837455 0.0 swap_t 100 495.79176902770996 4.05 11.66094761591314 6.059901 7.931382129699999 23.824315860379077 5.999801 13.303667910058348
1.0095402651903238 4575.866242455538 0.0 1.1997388455726372 6221.645541273231 0.0 move_t 100 507.0123362541199 4.05 12.554338139754009 6.059901 7.931382129699999 23.824315860379077 5.999801 13.303667910058348
1.0095402651903238 4575.866242455538 0.0 1.1899085708159807 6195.64253356585 0.0 swap_t 100 513.9245586395264 4.05 12.554338139754009 6.059901 7.931382129699999 24.586072701775286 5.999801 13.303667910058348
1.0095402651903238 4575.866242455538 0.0 1.1890123652321245 6187.594265042976 0.0 f_swap_t 100 527.3553602695465 4.05 12.554338139754009 6.059901 8.852068308403 24.586072701775286 5.999801 13.303667910058348
1.0095402651903238 4575.866242455538 0.0 1.2013705849952632 6298.575799760101 0.0 move_t 100 538.8929159641266 4.05 13.478794758356468 6.059901 8.852068308403 24.586072701775286 5.999801 13.303667910058348
1.0095402651903238 4575.866242455538 0.0 1.204552362035133 6327.149373121026 0.0 f_swap_t 100 564.2981481552124 4.05 13.478794758356468 6.059901 9.80354762531897 24.586072701775286 5.999801 13.303667910058348
1.0095402651903238 4575.866242455538 0.0 1.2585390914527081 6811.970827987188 0.0 f_swap_t 100 581.1490550041199 4.05 13.478794758356468 6.059901 10.72551214906578 24.586072701775286 5.999801 13.303667910058348
1.0095402651903238 4575.866242455538 0.0 1.2311917908023342 6588.841625388872 0.0 swap_t 100 591.692227602005 4.05 13.478794758356468 6.059901 10.72551214906578 25.370211974757535 5.999801 13.303667910058348
1.0095402651903238 4575.866242455538 0.0 1.2384024085491674 6600.977740252598 0.0 swap_t 100 601.9757912158966 4.05 13.478794758356468 6.059901 10.72551214906578 26.12650985500996 5.999801 13.303667910058348
1.0095402651903238 4575.866242455538 0.0 1.226232331354669 6521.843780067807 0.0 t_swap_r_k 100 622.7588577270508 4.05 13.478794758356468 6.059901 10.72551214906578 26.12650985500996 6.97980299 13.303667910058348
1.0095402651903238 4575.866242455538 0.0 1.2593036674634397 6818.8370126566 0.0 f_swap_t 100 641.4422419071198 4.05 13.478794758356468 6.059901 11.768257027575123 26.12650985500996 6.97980299 13.303667910058348
1.0095402651903238 4575.866242455538 0.0 1.228274914755216 6540.186959338385 0.0 t_multiswap_k 100 646.9022629261017 4.05 13.478794758356468 6.059901 11.768257027575123 26.12650985500996 6.97980299 14.200631230957764
1.0095402651903238 4575.866242455538 0.0 1.2852699308562932 6912.181151755525 0.0 swap_t 100 662.7770233154297 4.05 13.478794758356468 6.059901 11.768257027575123 26.92524475645986 6.97980299 14.200631230957764
1.0095402651903238 4575.866242455538 0.0 1.2694639201150237 6910.07996301664 0.0 t_move_k 100 673.9371814727783 5.2395 13.478794758356468 6.059901 11.768257027575123 26.92524475645986 6.97980299 14.200631230957764
1.0095402651903238 4575.866242455538 0.0 1.2862475733251242 6899.06033100605 0.0 swap_t 100 677.0538561344147 5.2395 13.478794758356468 6.059901 11.768257027575123 27.665992308895262 6.97980299 14.200631230957764
1.0095402651903238 4575.866242455538 0.0 1.2807814337341012 6946.367355890177 0.0 swap_t 100 685.0599961280823 5.2395 13.478794758356468 6.059901 11.768257027575123 28.39933238580631 6.97980299 14.200631230957764
1.0095402651903238 4575.866242455538 0.0 1.2664976573880704 6883.441790519224 0.0 swap_t 100 694.9056751728058 5.2395 13.478794758356468 6.059901 11.768257027575123 29.115339061948248 6.97980299 14.200631230957764
1.0095402651903238 4575.866242455538 0.0 1.2559682753066868 6788.883916860067 0.0 move_t 100 699.8149290084839 5.2395 14.404006810772904 6.059901 11.768257027575123 29.115339061948248 6.97980299 14.200631230957764
1.0095402651903238 4575.866242455538 0.0 1.2431463597028984 6673.73821634693 0.0 t_multiswap_k 100 709.0439047813416 5.2395 14.404006810772904 6.059901 11.768257027575123 29.115339061948248 6.97980299 15.178624918648186
1.0095402651903238 4575.866242455538 0.0 1.2927344254541167 7119.0579910558245 0.0 f_swap_t 100 725.5069653987885 5.2395 14.404006810772904 6.059901 12.700574457299371 29.115339061948248 6.97980299 15.178624918648186
1.0095402651903238 4575.866242455538 0.0 1.299879427248333 7183.222836792259 0.0 t_swap_k 100 747.5187094211578 5.2395 14.404006810772904 7.12930199 12.700574457299371 29.115339061948248 6.97980299 15.178624918648186
1.0095402651903238 4575.866242455538 0.0 1.3053225528700034 7248.515869299452 0.0 swap_t 100 756.992739200592 5.2395 14.404006810772904 7.12930199 12.700574457299371 29.894185671328767 6.97980299 15.178624918648186
1.0095402651903238 4575.866242455538 0.0 1.2799868858866152 7004.580215762623 0.0 move_t 100 768.8509044647217 5.2395 15.259966742665174 7.12930199 12.700574457299371 29.894185671328767 6.97980299 15.178624918648186
1.0095402651903238 4575.866242455538 0.0 1.3597999086175272 7755.074634710767 0.0 move_t 100 782.8270857334137 5.2395 16.207367075238523 7.12930199 12.700574457299371 29.894185671328767 6.97980299 15.178624918648186
1.0095402651903238 4575.866242455538 0.0 1.3341416401644812 7490.910598065192 0.0 move_t 100 792.5570075511932 5.2395 17.125293404486136 7.12930199 12.700574457299371 29.894185671328767 6.97980299 15.178624918648186
1.0095402651903238 4575.866242455538 0.0 1.3394455653796555 7575.815894432177 0.0 move_t 100 804.6229541301727 5.2395 18.054040470441276 7.12930199 12.700574457299371 29.894185671328767 6.97980299 15.178624918648186
1.0095402651903238 4575.866242455538 0.0 1.3225338670346354 7386.668360810193 0.0 swap_t 100 809.6593055725098 5.2395 18.054040470441276 7.12930199 12.700574457299371 30.59524381461548 6.97980299 15.178624918648186
1.0095402651903238 4575.866242455538 0.0 1.3143808257864507 7313.450935673082 0.0 move_t 100 826.9262459278107 5.2395 18.993500065736864 7.12930199 12.700574457299371 30.59524381461548 6.97980299 15.178624918648186
1.0095402651903238 4575.866242455538 0.0 1.3274886181093528 7431.163918338118 0.0 t_multiswap_k 100 836.3177835941315 5.2395 18.993500065736864 7.12930199 12.700574457299371 30.59524381461548 6.97980299 16.206838669461703
1.0095402651903238 4575.866242455538 0.0 1.2946793153154827 7151.640395184189 0.0 move_t 100 847.1571531295776 5.2395 19.863565065079495 7.12930199 12.700574457299371 30.59524381461548 6.97980299 16.206838669461703
1.0095402651903238 4575.866242455538 0.0 1.2880026184251212 7076.564556230402 0.0 t_swap_k 100 859.9439594745636 5.2395 19.863565065079495 8.1880089701 12.700574457299371 30.59524381461548 6.97980299 16.206838669461703
1.0095402651903238 4575.866242455538 0.0 1.2744945089193398 6955.256572328853 0.0 t_multiswap_k 100 870.8785698413849 5.2395 19.863565065079495 8.1880089701 12.700574457299371 30.59524381461548 6.97980299 17.044770282767086
1.0095402651903238 4575.866242455538 0.0 1.2733033643373992 6944.559638926839 0.0 swap_t 100 875.500744342804 5.2395 19.863565065079495 8.1880089701 12.700574457299371 31.289291376469325 6.97980299 17.044770282767086
1.0095402651903238 4575.866242455538 0.0 1.2733033643373992 6944.559638926839 0.0 swap_t 100 881.780033826828 5.2395 19.863565065079495 8.1880089701 12.700574457299371 31.976398462704633 6.97980299 17.044770282767086
1.0095402651903238 4575.866242455538 0.0 1.2733033643373992 6944.559638926839 0.0 t_swap_r_k 100 911.8002490997314 5.2395 19.863565065079495 8.1880089701 12.700574457299371 31.976398462704633 7.950004960099999 17.044770282767086
1.0095402651903238 4575.866242455538 0.0 1.2660032199533213 6879.001553463905 0.0 t_multiswap_k 100 925.2963116168976 5.2395 19.863565065079495 8.1880089701 12.700574457299371 31.976398462704633 7.950004960099999 18.004322579939416
1.0095402651903238 4575.866242455538 0.0 1.249537694583627 6717.27409307609 0.0 swap_t 100 928.2949743270874 5.2395 19.863565065079495 8.1880089701 12.700574457299371 32.686634478077586 7.950004960099999 18.004322579939416
1.0095402651903238 4575.866242455538 0.0 1.2375785891996043 6623.737510156918 0.0 swap_t 100 934.5516901016235 5.2395 19.863565065079495 8.1880089701 12.700574457299371 33.35976813329681 7.950004960099999 18.004322579939416
1.0095402651903238 4575.866242455538 0.0 1.2290321800419524 6546.987490913383 0.0 t_multiswap_k 100 939.5550708770752 5.2395 19.863565065079495 8.1880089701 12.700574457299371 33.35976813329681 7.950004960099999 18.854279354140022
1.0095402651903238 4575.866242455538 0.0 1.2572428641786035 6784.476002163598 0.0 move_t 100 949.3188533782959 5.2395 20.6949294144287 8.1880089701 12.700574457299371 33.35976813329681 7.950004960099999 18.854279354140022
1.0095402651903238 4575.866242455538 0.0 1.2441859055470899 6683.073735168282 0.0 swap_t 100 963.1776261329651 5.2395 20.6949294144287 8.1880089701 12.700574457299371 34.02617045196384 7.950004960099999 18.854279354140022
1.0095402651903238 4575.866242455538 0.0 1.242940524859403 6671.889740816699 0.0 swap_t 100 974.174341917038 5.2395 20.6949294144287 8.1880089701 12.700574457299371 34.6859087474442 7.950004960099999 18.854279354140022
1.0095402651903238 4575.866242455538 0.0 1.242940524859403 6671.889740816699 0.0 t_multiswap_k 100 984.8750333786011 5.2395 20.6949294144287 8.1880089701 12.700574457299371 34.6859087474442 7.950004960099999 19.66573656059862
1.0095402651903238 4575.866242455538 0.0 1.2366304984262797 6615.223292810778 0.0 t_move_k 100 999.5212841033936 6.2471049999999995 20.6949294144287 8.1880089701 12.700574457299371 34.6859087474442 7.950004960099999 19.66573656059862
1.0095402651903238 4575.866242455538 0.0 1.2322850738208313 6576.19971975953 0.0 t_swap_r_k 100 1023.1827075481415 6.2471049999999995 20.6949294144287 8.1880089701 12.700574457299371 34.6859087474442 8.910504910499 19.66573656059862
1.0095402651903238 4575.866242455538 0.0 1.2633317724546158 6855.010934345211 0.0 t_swap_k 100 1036.8162446022034 6.2471049999999995 20.6949294144287 9.216128880399001 12.700574457299371 34.6859087474442 8.910504910499 19.66573656059862
1.0095402651903238 4575.866242455538 0.0 1.247034673064641 6708.656755798257 0.0 f_swap_t 100 1043.0255949497223 6.2471049999999995 20.6949294144287 9.216128880399001 13.603568712726378 34.6859087474442 8.910504910499 19.66573656059862
1.0095402651903238 4575.866242455538 0.0 1.3220734124002944 7382.533302285082 0.0 swap_t 100 1050.0036208629608 6.2471049999999995 20.6949294144287 9.216128880399001 13.603568712726378 35.37904965996976 8.910504910499 19.66573656059862
1.0095402651903238 4575.866242455538 0.0 1.274959842763531 6959.435448022437 0.0 t_multiswap_k 100 1063.0702514648438 6.2471049999999995 20.6949294144287 9.216128880399001 13.603568712726378 35.37904965996976 8.910504910499 20.589079194992635
1.0095402651903238 4575.866242455538 0.0 1.266063089662969 6879.539206328728 0.0 t_swap_r_k 100 1092.5407047271729 6.2471049999999995 20.6949294144287 9.216128880399001 13.603568712726378 35.37904965996976 9.86139986139401 20.589079194992635
1.0095402651903238 4575.866242455538 0.0 1.2794762173922232 6999.994217590915 0.0 move_t 100 1108.9832031726837 6.2471049999999995 21.50798012028441 9.216128880399001 13.603568712726378 35.37904965996976 9.86139986139401 20.589079194992635
1.0095402651903238 4575.866242455538 0.0 1.2950231066947473 7045.018693478478 0.0 swap_t 100 1121.4256167411804 6.2471049999999995 21.50798012028441 9.216128880399001 13.603568712726378 36.035259163370064 9.86139986139401 20.589079194992635
1.0095402651903238 4575.866242455538 0.0 1.281627916041755 7119.663490426553 0.0 move_t 100 1128.6276750564575 6.2471049999999995 22.352900319081566 9.216128880399001 13.603568712726378 36.035259163370064 9.86139986139401 20.589079194992635
1.0095402651903238 4575.866242455538 0.0 1.3273345268786398 7429.780120218426 0.0 f_swap_t 100 1154.453397512436 6.2471049999999995 22.352900319081566 9.216128880399001 14.527533025599114 36.035259163370064 9.86139986139401 20.589079194992635
1.0095402651903238 4575.866242455538 0.0 1.2978230405602944 7164.755698726701 0.0 swap_t 100 1163.7938601970673 6.2471049999999995 22.352900319081566 9.216128880399001 14.527533025599114 36.674906571736365 9.86139986139401 20.589079194992635
1.0095402651903238 4575.866242455538 0.0 1.2911767021012814 7105.069040246097 0.0 t_multiswap_k 100 1170.3567526340485 6.2471049999999995 22.352900319081566 9.216128880399001 14.527533025599114 36.674906571736365 9.86139986139401 21.533188403042708
1.0095402651903238 4575.866242455538 0.0 1.277247803171655 6979.982206563098 0.0 swap_t 100 1178.7274570465088 6.2471049999999995 22.352900319081566 9.216128880399001 14.527533025599114 37.308157506019 9.86139986139401 21.533188403042708
1.0095402651903238 4575.866242455538 0.0 1.2745423965121576 6955.686621206985 0.0 swap_t 100 1185.528207540512 6.2471049999999995 22.352900319081566 9.216128880399001 14.527533025599114 37.93507593095881 9.86139986139401 21.533188403042708
1.0095402651903238 4575.866242455538 0.0 1.2738645665297552 6949.599449011787 0.0 swap_t 100 1191.9984967708588 6.2471049999999995 22.352900319081566 9.216128880399001 14.527533025599114 38.55572517164922 9.86139986139401 21.533188403042708
1.0095402651903238 4575.866242455538 0.0 1.2711965369560438 6925.639524165303 0.0 t_multiswap_k 100 1202.8249998092651 6.2471049999999995 22.352900319081566 9.216128880399001 14.527533025599114 38.55572517164922 9.86139986139401 22.347856519012282
1.0095402651903238 4575.866242455538 0.0 1.3425583430371724 7566.495805317734 0.0 t_multiswap_k 100 1215.6703116893768 6.2471049999999995 22.352900319081566 9.216128880399001 14.527533025599114 38.55572517164922 9.86139986139401 23.25437795382216
1.0095402651903238 4575.866242455538 0.0 1.3388050536184233 7532.789832458051 0.0 move_t 100 1229.715022802353 6.2471049999999995 23.16937131589075 9.216128880399001 14.527533025599114 38.55572517164922 9.86139986139401 23.25437795382216
1.0095402651903238 4575.866242455538 0.0 1.324543556222577 7404.716137484907 0.0 t_multiswap_k 100 1238.4821920394897 6.2471049999999995 23.16937131589075 9.216128880399001 14.527533025599114 38.55572517164922 9.86139986139401 24.18183417428394
1.0095402651903238 4575.866242455538 0.0 1.3043902986743396 7223.732185498216 0.0 swap_t 100 1248.0220694541931 6.2471049999999995 23.16937131589075 9.216128880399001 14.527533025599114 39.17016791993273 9.86139986139401 24.18183417428394
1.0095402651903238 4575.866242455538 0.0 1.3015676157872216 7198.383414814714 0.0 swap_t 100 1256.7636046409607 6.2471049999999995 23.16937131589075 9.216128880399001 14.527533025599114 39.7784662407334 9.86139986139401 24.18183417428394
1.0095402651903238 4575.866242455538 0.0 1.314827734547471 7317.46434708081 0.0 t_multiswap_k 100 1274.3717050552368 6.2471049999999995 23.16937131589075 9.216128880399001 14.527533025599114 39.7784662407334 9.86139986139401 25.1400158325411
1.0095402651903238 4575.866242455538 0.0 1.2939076036417676 7129.593579373367 0.0 swap_t 100 1284.8546288013458 6.2471049999999995 23.16937131589075 9.216128880399001 14.527533025599114 40.38068157832607 9.86139986139401 25.1400158325411
1.0095402651903238 4575.866242455538 0.0 1.2909055661443918 7102.634135770425 0.0 swap_t 100 1291.1327257156372 6.2471049999999995 23.16937131589075 9.216128880399001 14.527533025599114 40.976874762542806 9.86139986139401 25.1400158325411
1.0095402651903238 4575.866242455538 0.0 1.2834955900745917 7036.0897198104085 0.0 t_multiswap_k 100 1295.170011997223 6.2471049999999995 23.16937131589075 9.216128880399001 14.527533025599114 40.976874762542806 9.86139986139401 25.97861567421569
1.0095402651903238 4575.866242455538 0.0 1.2741991913424884 6952.604507667755 0.0 t_move_k 100 1309.0935847759247 7.3046339499999995 23.16937131589075 9.216128880399001 14.527533025599114 40.976874762542806 9.86139986139401 25.97861567421569
1.0095402651903238 4575.866242455538 0.0 1.26752432646392 6892.661671041518 0.0 swap_t 100 1318.8536756038666 7.3046339499999995 23.16937131589075 9.216128880399001 14.527533025599114 41.56710601491738 9.86139986139401 25.97861567421569
1.0095402651903238 4575.866242455538 0.0 1.2660160238097564 6879.116536986185 0.0 t_swap_r_k 100 1334.15838265419 7.3046339499999995 23.16937131589075 9.216128880399001 14.527533025599114 41.56710601491738 10.802785862780071 25.97861567421569
1.0095402651903238 4575.866242455538 0.0 1.264958688796228 6869.621264628144 0.0 t_swap_r_k 100 1361.848373413086 7.3046339499999995 23.16937131589075 9.216128880399001 14.527533025599114 41.56710601491738 11.73475800415227 25.97861567421569
1.0095402651903238 4575.866242455538 0.0 1.2881092416192894 6869.929996923018 0.0 swap_t 100 1374.0069091320038 7.3046339499999995 23.16937131589075 9.216128880399001 14.527533025599114 42.161434954768204 11.73475800415227 25.97861567421569
1.0095402651903238 4575.866242455538 0.0 1.3022021695026014 7284.3585843479705 0.0 swap_t 100 1387.0165984630585 7.3046339499999995 23.16937131589075 9.216128880399001 14.527533025599114 42.77982060522052 11.73475800415227 25.97861567421569
1.0095402651903238 4575.866242455538 0.0 1.2676176572867353 6893.499817485825 0.0 t_multiswap_k 100 1407.157110452652 7.3046339499999995 23.16937131589075 9.216128880399001 14.527533025599114 42.77982060522052 11.73475800415227 26.778829517473532
1.0095402651903238 4575.866242455538 0.0 1.2679892263658363 6896.836649767695 0.0 t_multiswap_k 100 1423.387840270996 7.3046339499999995 23.16937131589075 9.216128880399001 14.527533025599114 42.77982060522052 11.73475800415227 27.6810412222988
1.0095402651903238 4575.866242455538 0.0 1.2861939880348716 7060.322364369997 0.0 t_swap_k 100 1438.2478573322296 7.3046339499999995 23.16937131589075 10.24396759159501 14.527533025599114 42.77982060522052 11.73475800415227 27.6810412222988
1.0095402651903238 4575.866242455538 0.0 1.264072701847486 6861.664763352447 0.0 f_swap_t 100 1456.8772943019867 7.3046339499999995 23.16937131589075 10.24396759159501 15.412257695343122 42.77982060522052 11.73475800415227 27.6810412222988
1.0095402651903238 4575.866242455538 0.0 1.2582611217334523 6809.474553714746 0.0 t_multiswap_k 100 1466.6798522472382 7.3046339499999995 23.16937131589075 10.24396759159501 15.412257695343122 42.77982060522052 11.73475800415227 28.43423081007581
1.0095402651903238 4575.866242455538 0.0 1.2597017230404377 6822.411703808291 0.0 t_multiswap_k 100 1473.8193321228027 7.3046339499999995 23.16937131589075 10.24396759159501 15.412257695343122 42.77982060522052 11.73475800415227 29.27988850197505
1.0095402651903238 4575.866242455538 0.0 1.2519476454857876 6752.777125056302 0.0 move_t 100 1486.0487701892853 7.3046339499999995 23.937677602731842 10.24396759159501 15.412257695343122 42.77982060522052 11.73475800415227 29.27988850197505
1.0095402651903238 4575.866242455538 0.0 1.2721904433241644 6870.265538472883 0.0 swap_t 100 1496.7954144477844 7.3046339499999995 23.937677602731842 10.24396759159501 15.412257695343122 43.36202239916832 11.73475800415227 29.27988850197505
1.0095402651903238 4575.866242455538 0.0 1.292562574311672 7117.514702143915 0.0 t_move_k 100 1516.3405063152313 8.3315876105 23.937677602731842 10.24396759159501 15.412257695343122 43.36202239916832 11.73475800415227 29.27988850197505
1.0095402651903238 4575.866242455538 0.0 1.2897321479565305 7092.096392159305 0.0 move_t 100 1542.0442912578583 8.3315876105 24.748300826704522 10.24396759159501 15.412257695343122 43.36202239916832 11.73475800415227 29.27988850197505
1.0095402651903238 4575.866242455538 0.0 1.293318050988673 7092.850887787368 0.0 swap_t 100 1557.9867124557495 8.3315876105 24.748300826704522 10.24396759159501 15.412257695343122 43.968402175176635 11.73475800415227 29.27988850197505
1.0095402651903238 4575.866242455538 0.0 1.294909517322731 7138.591146992213 0.0 t_multiswap_k 100 1576.082943201065 8.3315876105 24.748300826704522 10.24396759159501 15.412257695343122 43.968402175176635 11.73475800415227 30.057089616955302
1.0095402651903238 4575.866242455538 0.0 1.2830820799130689 7032.376240585527 0.0 swap_t 100 1590.153584241867 8.3315876105 24.748300826704522 10.24396759159501 15.412257695343122 44.52871815342487 11.73475800415227 30.057089616955302
1.0095402651903238 4575.866242455538 0.0 1.2817679715554378 7020.575045501628 0.0 swap_t 100 1603.1861734390259 8.3315876105 24.748300826704522 10.24396759159501 15.412257695343122 45.08343097189062 11.73475800415227 30.057089616955302
1.0095402651903238 4575.866242455538 0.0 1.2853655342270744 7052.882532679529 0.0 t_move_k 100 1613.4516258239746 9.288271734395 24.748300826704522 10.24396759159501 15.412257695343122 45.08343097189062 11.73475800415227 30.057089616955302
1.0095402651903238 4575.866242455538 0.0 1.279190728952124 6997.4304223329045 0.0 t_swap_k 100 1625.7944977283478 9.288271734395 24.748300826704522 11.141527915679061 15.412257695343122 45.08343097189062 11.73475800415227 30.057089616955302
1.0095402651903238 4575.866242455538 0.0 1.315147185481224 7320.333138506616 0.0 t_swap_k 100 1648.7189691066742 9.288271734395 24.748300826704522 12.12011263652227 15.412257695343122 45.08343097189062 11.73475800415227 30.057089616955302
1.0095402651903238 4575.866242455538 0.0 1.2949714253656843 7139.147104868832 0.0 t_swap_k 100 1663.1474194526672 9.288271734395 24.748300826704522 13.118911510157048 15.412257695343122 45.08343097189062 11.73475800415227 30.057089616955302
1.0095402651903238 4575.866242455538 0.0 1.2759194442326092 6968.053035813907 0.0 t_multiswap_k 100 1682.4588282108307 9.288271734395 24.748300826704522 13.118911510157048 15.412257695343122 45.08343097189062 11.73475800415227 30.816518720785748
1.0095402651903238 4575.866242455538 0.0 1.2733396829800352 6944.885794212621 0.0 swap_t 100 1700.9170837402344 9.288271734395 24.748300826704522 13.118911510157048 15.412257695343122 45.632596662171714 11.73475800415227 30.816518720785748
1.0095402651903238 4575.866242455538 0.0 1.2730044812086558 6941.875554247593 0.0 swap_t 100 1714.5556726455688 9.288271734395 24.748300826704522 13.118911510157048 15.412257695343122 46.176270695549995 11.73475800415227 30.816518720785748
1.0095402651903238 4575.866242455538 0.0 1.2899162887222535 7001.690563674244 0.0 move_t 100 1721.6706104278564 9.288271734395 25.630817818437478 13.118911510157048 15.412257695343122 46.176270695549995 11.73475800415227 30.816518720785748
1.0095402651903238 4575.866242455538 0.0 1.2774069511257313 6981.4114159904275 0.0 t_move_k 100 1730.8068585395813 10.28538901705105 25.630817818437478 13.118911510157048 15.412257695343122 46.176270695549995 11.73475800415227 30.816518720785748
1.0095402651903238 4575.866242455538 0.0 1.3869491323992351 7850.166226204278 0.0 swap_t 100 1736.5152564048767 10.28538901705105 25.630817818437478 13.118911510157048 15.412257695343122 46.7545079885945 11.73475800415227 30.816518720785748
1.0095402651903238 4575.866242455538 0.0 1.3364468053358562 7511.611861952628 0.0 t_multiswap_k 100 1749.9669435024261 10.28538901705105 25.630817818437478 13.118911510157048 15.412257695343122 46.7545079885945 11.73475800415227 31.62835353357789
1.0095402651903238 4575.866242455538 0.0 1.3265864818128237 7423.062389749715 0.0 move_t 100 1766.5914669036865 10.28538901705105 26.384509640253103 13.118911510157048 15.412257695343122 46.7545079885945 11.73475800415227 31.62835353357789
1.0095402651903238 4575.866242455538 0.0 1.315875851147284 7326.876834561949 0.0 move_t 100 1783.9510130882263 10.28538901705105 27.15066454385057 13.118911510157048 15.412257695343122 46.7545079885945 11.73475800415227 31.62835353357789
1.0095402651903238 4575.866242455538 0.0 1.3067271711165738 7244.718192791183 0.0 t_multiswap_k 100 1797.899828672409 10.28538901705105 27.15066454385057 13.118911510157048 15.412257695343122 46.7545079885945 11.73475800415227 32.34206999824211
1.0095402651903238 4575.866242455538 0.0 1.3146512421225398 7315.879377679049 0.0 t_move_k 100 1813.3117110729218 11.24253512688054 27.15066454385057 13.118911510157048 15.412257695343122 46.7545079885945 11.73475800415227 32.34206999824211
1.0095402651903238 4575.866242455538 0.0 1.3093260871784302 7268.057451897591 0.0 f_swap_t 100 1847.2377352714539 11.24253512688054 27.15066454385057 13.118911510157048 16.29813511838969 46.7545079885945 11.73475800415227 32.34206999824211
1.0095402651903238 4575.866242455538 0.0 1.353036099112844 7660.590057722774 0.0 t_swap_k 100 1860.2785818576813 11.24253512688054 27.15066454385057 14.177722395055477 16.29813511838969 46.7545079885945 11.73475800415227 32.34206999824211
1.0095402651903238 4575.866242455538 0.0 1.3355422520946931 7503.48862827806 0.0 t_swap_r_k 100 1888.6073687076569 11.24253512688054 27.15066454385057 14.177722395055477 16.29813511838969 46.7545079885945 12.657410424110749 32.34206999824211
1.0095402651903238 4575.866242455538 0.0 1.3347396925937254 7496.28133735539 0.0 t_swap_r_k 100 1917.0889191627502 11.24253512688054 27.15066454385057 14.177722395055477 16.29813511838969 46.7545079885945 13.570836319869642 32.34206999824211
1.0095402651903238 4575.866242455538 0.0 1.3347396925937254 7496.28133735539 0.0 t_swap_r_k 100 1931.2141721248627 11.24253512688054 27.15066454385057 14.177722395055477 16.29813511838969 46.7545079885945 14.475127956670946 32.34206999824211
1.0095402651903238 4575.866242455538 0.0 1.369947925492525 7812.464719483108 0.0 t_swap_k 100 1940.2540838718414 11.24253512688054 27.15066454385057 15.165945171104923 16.29813511838969 46.7545079885945 14.475127956670946 32.34206999824211
1.0095402651903238 4575.866242455538 0.0 1.3539965590915255 7669.215355258459 0.0 swap_t 100 1948.1017408370972 11.24253512688054 27.15066454385057 15.165945171104923 16.29813511838969 47.28696290870855 14.475127956670946 32.34206999824211
1.0095402651903238 4575.866242455538 0.0 1.3859181457318428 7955.883398378636 0.0 t_swap_k 100 1984.6983420848846 11.24253512688054 27.15066454385057 16.164285719393874 16.29813511838969 47.28696290870855 14.475127956670946 32.34206999824211
1.0095402651903238 4575.866242455538 0.0 1.3563914336691343 7764.719746161929 0.0 swap_t 100 1998.8884117603302 11.24253512688054 27.15066454385057 16.164285719393874 16.29813511838969 47.84409327962147 14.475127956670946 32.34206999824211
1.0095402651903238 4575.866242455538 0.0 1.3569208483310278 7695.476589803321 0.0 t_swap_k 100 2015.6116681098938 11.24253512688054 27.15066454385057 17.142642862199935 16.29813511838969 47.84409327962147 14.475127956670946 32.34206999824211
1.0095402651903238 4575.866242455538 0.0 1.3968643123055484 8054.184156004152 0.0 f_swap_t 100 2031.0749115943909 11.24253512688054 27.15066454385057 17.142642862199935 17.275153767205794 47.84409327962147 14.475127956670946 32.34206999824211
1.0095402651903238 4575.866242455538 0.0 1.36214440510492 7742.386125202404 0.0 t_multiswap_k 100 2044.8786058425903 11.24253512688054 27.15066454385057 17.142642862199935 17.275153767205794 47.84409327962147 14.475127956670946 33.10864929825969
1.0095402651903238 4575.866242455538 0.0 1.3539207026218096 7668.534135180757 0.0 swap_t 100 2054.7494525909424 11.24253512688054 27.15066454385057 17.142642862199935 17.275153767205794 48.36565234682525 14.475127956670946 33.10864929825969
1.0095402651903238 4575.866242455538 0.0 1.3475635234593177 7611.44423765122 0.0 t_swap_r_k 100 2074.9952647686005 11.24253512688054 27.15066454385057 17.142642862199935 17.275153767205794 48.36565234682525 15.370376677104236 33.10864929825969
1.0095402651903238 4575.866242455538 0.0 1.346948941398138 7605.925055951377 0.0 swap_t 100 2085.9116356372833 11.24253512688054 27.15066454385057 17.142642862199935 17.275153767205794 48.911995823356996 15.370376677104236 33.10864929825969
1.0095402651903238 4575.866242455538 0.0 1.3879404117274574 7940.070251357982 0.0 swap_t 100 2093.0959672927856 11.24253512688054 27.15066454385057 17.142642862199935 17.275153767205794 49.47287586512343 15.370376677104236 33.10864929825969
1.0095402651903238 4575.866242455538 0.0 1.360317136708277 7725.976556924258 0.0 f_swap_t 100 2119.1015820503235 11.24253512688054 27.15066454385057 17.142642862199935 18.102402229533734 49.47287586512343 15.370376677104236 33.10864929825969
1.0095402651903238 4575.866242455538 0.0 1.3679893990967826 7820.72476565327 0.0 move_t 100 2133.7166719436646 11.24253512688054 28.039157898412064 17.142642862199935 18.102402229533734 49.47287586512343 15.370376677104236 33.10864929825969
1.0095402651903238 4575.866242455538 0.0 1.350653993824543 7639.1978421917 0.0 swap_t 100 2146.2036159038544 11.24253512688054 28.039157898412064 17.142642862199935 18.102402229533734 49.97814710647219 15.370376677104236 33.10864929825969
1.0095402651903238 4575.866242455538 0.0 1.3776582952058845 7722.355517089442 0.0 swap_t 100 2158.2798659801483 11.24253512688054 28.039157898412064 17.142642862199935 18.102402229533734 50.48836563540747 15.370376677104236 33.10864929825969
1.0095402651903238 4575.866242455538 0.0 1.3557001695496103 7684.514428006973 0.0 t_multiswap_k 100 2164.398911714554 11.24253512688054 28.039157898412064 17.142642862199935 18.102402229533734 50.48836563540747 15.370376677104236 33.98756280527709
1.0095402651903238 4575.866242455538 0.0 1.3401927155626936 7545.251566849848 0.0 t_multiswap_k 100 2179.434227705002 11.24253512688054 28.039157898412064 17.142642862199935 18.102402229533734 50.48836563540747 15.370376677104236 34.67768717722432
1.0095402651903238 4575.866242455538 0.0 1.3047876392147217 7227.300455347929 0.0 t_multiswap_k 100 2193.519962310791 11.24253512688054 28.039157898412064 17.142642862199935 18.102402229533734 50.48836563540747 15.370376677104236 35.48091030545208
1.0095402651903238 4575.866242455538 0.0 1.2907245457241758 7101.008503241164 0.0 t_swap_r_k 100 2212.6878719329834 11.24253512688054 28.039157898412064 17.142642862199935 18.102402229533734 50.48836563540747 16.256672910333194 35.48091030545208
1.0095402651903238 4575.866242455538 0.0 1.2902156799799163 7096.438694454356 0.0 swap_t 100 2220.1410613059998 11.24253512688054 28.039157898412064 17.142642862199935 18.102402229533734 50.983481979053394 16.256672910333194 35.48091030545208
1.0095402651903238 4575.866242455538 0.0 1.3076398977430876 7252.9148265887 0.0 f_swap_t 100 2237.835636615753 11.24253512688054 28.039157898412064 17.142642862199935 18.961378207238397 50.983481979053394 16.256672910333194 35.48091030545208
1.0095402651903238 4575.866242455538 0.0 1.295605511658735 7144.841442022131 0.0 t_multiswap_k 100 2249.707869529724 11.24253512688054 28.039157898412064 17.142642862199935 18.961378207238397 50.983481979053394 16.256672910333194 36.18610120239756
1.0095402651903238 4575.866242455538 0.0 1.3088718112501017 7263.977880512936 0.0 t_move_k 100 2255.4578516483307 12.310109775611735 28.039157898412064 17.142642862199935 18.961378207238397 50.983481979053394 16.256672910333194 36.18610120239756
1.0095402651903238 4575.866242455538 0.0 1.296067740015425 7148.992429251556 0.0 swap_t 100 2263.917808532715 12.310109775611735 28.039157898412064 17.142642862199935 18.961378207238397 51.47364715926286 16.256672910333194 36.18610120239756
1.0095402651903238 4575.866242455538 0.0 1.2928513039771015 7120.107604843647 0.0 move_t 100 2270.973242998123 12.310109775611735 28.758766319427945 17.142642862199935 18.961378207238397 51.47364715926286 16.256672910333194 36.18610120239756
1.0095402651903238 4575.866242455538 0.0 1.289432686975363 7089.4071181445315 0.0 move_t 100 2279.550812482834 12.310109775611735 29.501178656233666 17.142642862199935 18.961378207238397 51.47364715926286 16.256672910333194 36.18610120239756
1.0095402651903238 4575.866242455538 0.0 1.2748151822022487 6958.136340917056 0.0 t_multiswap_k 100 2284.7908775806427 12.310109775611735 29.501178656233666 17.142642862199935 18.961378207238397 51.47364715926286 16.256672910333194 36.91424019037358
1.0095402651903238 4575.866242455538 0.0 1.3018561865234783 7246.312815484755 0.0 swap_t 100 2297.2144067287445 12.310109775611735 29.501178656233666 17.142642862199935 18.961378207238397 51.99891068767023 16.256672910333194 36.91424019037358
1.0095402651903238 4575.866242455538 0.0 1.3228357805034605 7389.379659101063 0.0 t_multiswap_k 100 2309.520439147949 12.310109775611735 29.501178656233666 17.142642862199935 18.961378207238397 51.99891068767023 16.256672910333194 37.63509778846985
1.0095402651903238 4575.866242455538 0.0 1.309471306255121 7269.361574684711 0.0 t_swap_k 100 2322.6978330612183 12.310109775611735 29.501178656233666 18.071216433577934 18.961378207238397 51.99891068767023 16.256672910333194 37.63509778846985
1.0095402651903238 4575.866242455538 0.0 1.2968115687911514 7155.6722958245 0.0 t_move_k 100 2336.880794763565 13.397008677855618 29.501178656233666 18.071216433577934 18.961378207238397 51.99891068767023 16.256672910333194 37.63509778846985
1.0095402651903238 4575.866242455538 0.0 1.302913738203899 7210.472108379269 0.0 t_multiswap_k 100 2347.229305267334 13.397008677855618 29.501178656233666 18.071216433577934 18.961378207238397 51.99891068767023 16.256672910333194 38.32874681058515
1.0095402651903238 4575.866242455538 0.0 1.3213484476994557 7376.022842311324 0.0 f_swap_t 100 2376.1646740436554 13.397008677855618 29.501178656233666 18.071216433577934 19.781764425166013 51.99891068767023 16.256672910333194 38.32874681058515
1.0095402651903238 4575.866242455538 0.0 1.3133472164467404 7304.168728929912 0.0 t_move_k 100 2391.7009048461914 14.423038591077063 29.501178656233666 18.071216433577934 19.781764425166013 51.99891068767023 16.256672910333194 38.32874681058515
1.0095402651903238 4575.866242455538 0.0 1.2982797558559764 7168.8571765621045 0.0 t_multiswap_k 100 2411.4097847938538 14.423038591077063 29.501178656233666 18.071216433577934 19.781764425166013 51.99891068767023 16.256672910333194 39.0454593424793
1.0095402651903238 4575.866242455538 0.0 1.2880505020697455 7076.994569652245 0.0 swap_t 100 2428.7275471687317 14.423038591077063 29.501178656233666 18.071216433577934 19.781764425166013 52.47892158079353 16.256672910333194 39.0454593424793
1.0095402651903238 4575.866242455538 0.0 1.2876975043736594 7073.824515484727 0.0 swap_t 100 2440.25320148468 14.423038591077063 29.501178656233666 18.071216433577934 19.781764425166013 52.9541323649856 16.256672910333194 39.0454593424793
1.0095402651903238 4575.866242455538 0.0 1.2845399282267809 7045.468275388399 0.0 t_multiswap_k 100 2444.70631814003 14.423038591077063 29.501178656233666 18.071216433577934 19.781764425166013 52.9541323649856 16.256672910333194 39.71500474905451
1.0095402651903238 4575.866242455538 0.0 1.2806722237810355 7010.734811876009 0.0 t_swap_r_k 100 2466.0377945899963 14.423038591077063 29.501178656233666 18.071216433577934 19.781764425166013 52.9541323649856 17.13410618122986 39.71500474905451
1.0095402651903238 4575.866242455538 0.0 1.2793061328677964 6998.466793583713 0.0 swap_t 100 2477.073856115341 14.423038591077063 29.501178656233666 18.071216433577934 19.781764425166013 53.42459104133574 17.13410618122986 39.71500474905451
1.0095402651903238 4575.866242455538 0.0 1.2786864706688061 6992.901990305552 0.0 swap_t 100 2486.2730326652527 14.423038591077063 29.501178656233666 18.071216433577934 19.781764425166013 53.890345130922384 17.13410618122986 39.71500474905451
1.0095402651903238 4575.866242455538 0.0 1.2786864706688061 6992.901990305552 0.0 swap_t 100 2497.2615189552307 14.423038591077063 29.501178656233666 18.071216433577934 19.781764425166013 54.35144167961316 17.13410618122986 39.71500474905451
1.0095402651903238 4575.866242455538 0.0 1.2786864706688061 6992.901990305552 0.0 t_multiswap_k 100 2513.456473350525 14.423038591077063 29.501178656233666 18.071216433577934 19.781764425166013 54.35144167961316 17.13410618122986 40.31785470156396
1.0095402651903238 4575.866242455538 0.0 1.2786864706688061 6992.901990305552 0.0 swap_t 100 2525.7952466011047 14.423038591077063 29.501178656233666 18.071216433577934 19.781764425166013 54.80792726281703 17.13410618122986 40.31785470156396
1.0095402651903238 4575.866242455538 0.0 1.3127194132521787 7134.528445096821 0.0 move_t 100 2528.9343688488007 14.423038591077063 30.21616686967133 18.071216433577934 19.781764425166013 54.80792726281703 17.13410618122986 40.31785470156396
1.0095402651903238 4575.866242455538 0.0 1.2865267557145872 7063.310745261981 0.0 move_t 100 2535.8166420459747 14.423038591077063 30.974005200974617 18.071216433577934 19.781764425166013 54.80792726281703 17.13410618122986 40.31785470156396
1.0095402651903238 4575.866242455538 0.0 1.2776566843879569 6983.654116091488 0.0 f_swap_t 100 2549.585530281067 14.423038591077063 30.974005200974617 18.071216433577934 20.583946780914353 54.80792726281703 17.13410618122986 40.31785470156396
1.0095402651903238 4575.866242455538 0.0 1.2676359274734839 6893.663890742637 0.0 t_multiswap_k 100 2563.319597005844 14.423038591077063 30.974005200974617 18.071216433577934 20.583946780914353 54.80792726281703 17.13410618122986 40.94467615454832
1.0095402651903238 4575.866242455538 0.0 1.2649295010860593 6869.359147840167 0.0 t_swap_r_k 100 2598.581689596176 14.423038591077063 30.974005200974617 18.071216433577934 20.583946780914353 54.80792726281703 18.00276511941756 40.94467615454832
1.0095402651903238 4575.866242455538 0.0 1.2649295010860593 6869.359147840167 0.0 move_t 100 2614.489284992218 14.423038591077063 31.66426514896487 18.071216433577934 20.583946780914353 54.80792726281703 18.00276511941756 40.94467615454832
1.0095402651903238 4575.866242455538 0.0 1.2649295010860593 6869.359147840167 0.0 swap_t 100 2625.494950056076 14.423038591077063 31.66426514896487 18.071216433577934 20.583946780914353 55.25984799018886 18.00276511941756 40.94467615454832
1.0095402651903238 4575.866242455538 0.0 1.2649295010860593 6869.359147840167 0.0 t_swap_r_k 100 2651.331144094467 14.423038591077063 31.66426514896487 18.071216433577934 20.583946780914353 55.25984799018886 18.862737468223386 40.94467615454832
1.0095402651903238 4575.866242455538 0.0 1.267285152491113 6890.513797393432 0.0 t_move_k 100 2663.602886915207 15.378808205166292 31.66426514896487 18.071216433577934 20.583946780914353 55.25984799018886 18.862737468223386 40.94467615454832
1.0095402651903238 4575.866242455538 0.0 1.2926868120735224 7118.63040470822 0.0 t_multiswap_k 100 2672.248476266861 15.378808205166292 31.66426514896487 18.071216433577934 20.583946780914353 55.25984799018886 18.862737468223386 41.55522939300283
1.0095402651903238 4575.866242455538 0.0 1.2777678890699073 6984.652776619228 0.0 t_multiswap_k 100 2677.4582319259644 15.378808205166292 31.66426514896487 18.071216433577934 20.583946780914353 55.25984799018886 18.862737468223386 42.1996770990728
1.0095402651903238 4575.866242455538 0.0 1.271847036089714 6931.481254897605 0.0 t_multiswap_k 100 2688.42138838768 15.378808205166292 31.66426514896487 18.071216433577934 20.583946780914353 55.25984799018886 18.862737468223386 42.91768032808207
1.0095402651903238 4575.866242455538 0.0 1.256334566506554 6792.173351770093 0.0 move_t 100 2708.540303468704 15.378808205166292 32.34762249747522 18.071216433577934 20.583946780914353 55.25984799018886 18.862737468223386 42.91768032808207
1.0095402651903238 4575.866242455538 0.0 1.253835551460868 6769.731241954351 0.0 t_multiswap_k 100 2728.9469814300537 15.378808205166292 32.34762249747522 18.071216433577934 20.583946780914353 55.25984799018886 18.862737468223386 43.51850352480125
1.0095402651903238 4575.866242455538 0.0 1.3370630869812343 7500.450390605915 0.0 swap_t 100 2736.6332602500916 15.378808205166292 32.34762249747522 18.071216433577934 20.583946780914353 55.76724951028697 18.862737468223386 43.51850352480125
1.0095402651903238 4575.866242455538 0.0 1.3075587934091921 7252.1864786858105 0.0 swap_t 100 2742.547302722931 15.378808205166292 32.34762249747522 18.071216433577934 20.583946780914353 56.2095770151841 18.862737468223386 43.51850352480125
1.0095402651903238 4575.866242455538 0.0 1.3271114744920482 7427.777024573525 0.0 t_multiswap_k 100 2747.6894166469574 15.378808205166292 32.34762249747522 18.071216433577934 20.583946780914353 56.2095770151841 18.862737468223386 44.28331848955323
1.0095402651903238 4575.866242455538 0.0 1.3020707481510798 7202.901735655179 0.0 swap_t 100 2756.559172153473 15.378808205166292 32.34762249747522 18.071216433577934 20.583946780914353 56.64748124503226 18.862737468223386 44.28331848955323
1.0095402651903238 4575.866242455538 0.0 1.2963518205890165 7151.543581330478 0.0 move_t 100 2773.3600084781647 15.378808205166292 33.11414627250047 18.071216433577934 20.583946780914353 56.64748124503226 18.862737468223386 44.28331848955323
1.0095402651903238 4575.866242455538 0.0 1.3153491591157205 7322.146938904928 0.0 f_swap_t 100 2781.896849632263 15.378808205166292 33.11414627250047 18.071216433577934 21.48810731310521 56.64748124503226 18.862737468223386 44.28331848955323
1.0095402651903238 4575.866242455538 0.0 1.2974480184318133 7161.3878567422225 0.0 f_swap_t 100 2799.99449801445 15.378808205166292 33.11414627250047 18.071216433577934 22.30322623997416 56.64748124503226 18.862737468223386 44.28331848955323
1.0095402651903238 4575.866242455538 0.0 1.3144118293859366 7374.232327064579 0.0 swap_t 100 2808.258985042572 15.378808205166292 33.11414627250047 18.071216433577934 22.30322623997416 57.121006432581936 18.862737468223386 44.28331848955323
1.0095402651903238 4575.866242455538 0.0 1.2989853694351736 7175.193856070762 0.0 t_swap_r_k 100 2827.7396111488342 15.378808205166292 33.11414627250047 18.071216433577934 22.30322623997416 57.121006432581936 19.71411009354115 44.28331848955323
1.0095402651903238 4575.866242455538 0.0 1.2983166922363472 7169.188879368739 0.0 t_swap_r_k 100 2857.119844675064 15.378808205166292 33.11414627250047 18.071216433577934 22.30322623997416 57.121006432581936 20.55696899260574 44.28331848955323
1.0095402651903238 4575.866242455538 0.0 1.2983166922363472 7169.188879368739 0.0 move_t 100 2867.5362310409546 15.378808205166292 33.78300480977546 18.071216433577934 22.30322623997416 57.121006432581936 20.55696899260574 44.28331848955323
1.0095402651903238 4575.866242455538 0.0 1.37735178166333 7878.954176412146 0.0 f_swap_t 100 2885.0169401168823 15.378808205166292 33.78300480977546 18.071216433577934 23.150193977574418 57.121006432581936 20.55696899260574 44.28331848955323
1.0095402651903238 4575.866242455538 0.0 1.366346487157395 7780.122427366406 0.0 t_move_k 100 2897.625227212906 16.28502012311463 33.78300480977546 18.071216433577934 23.150193977574418 57.121006432581936 20.55696899260574 44.28331848955323
1.0095402651903238 4575.866242455538 0.0 1.3444496057887592 7583.480067351208 0.0 move_t 100 2905.2879173755646 16.28502012311463 34.445174761677706 18.071216433577934 23.150193977574418 57.121006432581936 20.55696899260574 44.28331848955323
1.0095402651903238 4575.866242455538 0.0 1.3378265944667622 7524.0028954727395 0.0 move_t 100 2924.029370069504 16.28502012311463 35.100723014060925 18.071216433577934 23.150193977574418 57.121006432581936 20.55696899260574 44.28331848955323
1.0095402651903238 4575.866242455538 0.0 1.3249762275650152 7408.601691434606 0.0 t_multiswap_k 100 2936.3398113250732 16.28502012311463 35.100723014060925 18.071216433577934 23.150193977574418 57.121006432581936 20.55696899260574 44.990485304657696
1.0095402651903238 4575.866242455538 0.0 1.316159406345629 7329.423268570449 0.0 t_multiswap_k 100 2952.1809985637665 16.28502012311463 35.100723014060925 18.071216433577934 23.150193977574418 57.121006432581936 20.55696899260574 45.63058045161112
1.0095402651903238 4575.866242455538 0.0 1.3136289127322434 7306.698469190922 0.0 t_swap_r_k 100 2977.702199935913 16.28502012311463 35.100723014060925 18.071216433577934 23.150193977574418 57.121006432581936 21.39139930267968 45.63058045161112
1.0095402651903238 4575.866242455538 0.0 1.3125530507543797 7297.036817615243 0.0 swap_t 100 2988.9051036834717 16.28502012311463 35.100723014060925 18.071216433577934 23.150193977574418 57.54979636825612 21.39139930267968 45.63058045161112
1.0095402651903238 4575.866242455538 0.0 1.3125530507543797 7297.036817615243 0.0 t_swap_r_k 100 3009.7786235809326 16.28502012311463 35.100723014060925 18.071216433577934 23.150193977574418 57.54979636825612 22.217485309652883 45.63058045161112
1.0095402651903238 4575.866242455538 0.0 1.3416246766668798 7558.111124621417 0.0 t_move_k 100 3026.725327730179 17.342169921883485 35.100723014060925 18.071216433577934 23.150193977574418 57.54979636825612 22.217485309652883 45.63058045161112
1.0095402651903238 4575.866242455538 0.0 1.3235622910595914 7395.9040014459115 0.0 t_multiswap_k 100 3038.461905479431 17.342169921883485 35.100723014060925 18.071216433577934 23.150193977574418 57.54979636825612 22.217485309652883 46.174274647095004
1.0095402651903238 4575.866242455538 0.0 1.3214716422757264 7377.129176670592 0.0 swap_t 100 3053.02414393425 17.342169921883485 35.100723014060925 18.071216433577934 23.150193977574418 57.97429840457356 22.217485309652883 46.174274647095004
1.0095402651903238 4575.866242455538 0.0 1.3196204302780292 7360.504585707742 0.0 t_multiswap_k 100 3065.232092857361 17.342169921883485 35.100723014060925 18.071216433577934 23.150193977574418 57.97429840457356 22.217485309652883 46.81253190062405
1.0095402651903238 4575.866242455538 0.0 1.356010582922687 7803.83669839299 0.0 move_t 100 3070.759507417679 17.342169921883485 35.83971578392032 18.071216433577934 23.150193977574418 57.97429840457356 22.217485309652883 46.81253190062405
1.0095402651903238 4575.866242455538 0.0 1.3353713829509988 7501.954158090084 0.0 swap_t 100 3086.455279111862 17.342169921883485 35.83971578392032 18.071216433577934 23.150193977574418 58.39455542052782 22.217485309652883 46.81253190062405
1.0095402651903238 4575.866242455538 0.0 1.3280659350784194 7436.3484452743 0.0 f_swap_t 100 3101.3321990966797 17.342169921883485 35.83971578392032 18.071216433577934 23.978692037798673 58.39455542052782 22.217485309652883 46.81253190062405
1.0095402651903238 4575.866242455538 0.0 1.323941526218565 7399.309678053729 0.0 t_swap_r_k 100 3123.348974943161 17.342169921883485 35.83971578392032 18.071216433577934 23.978692037798673 58.39455542052782 23.035310456556353 46.81253190062405
1.0095402651903238 4575.866242455538 0.0 1.3350777995919665 7499.317667367528 0.0 t_swap_k 100 3140.7914645671844 17.342169921883485 35.83971578392032 18.930504269242157 23.978692037798673 58.39455542052782 23.035310456556353 46.81253190062405
1.0095402651903238 4575.866242455538 0.0 1.3259758157867017 7417.578375540745 0.0 swap_t 100 3154.978218793869 17.342169921883485 35.83971578392032 18.930504269242157 23.978692037798673 58.810609866322544 23.035310456556353 46.81253190062405
1.0095402651903238 4575.866242455538 0.0 1.323194748771305 7392.6033312839245 0.0 t_swap_r_k 100 3176.4212622642517 17.342169921883485 35.83971578392032 18.930504269242157 23.978692037798673 58.810609866322544 23.84495735199079 46.81253190062405
1.0095402651903238 4575.866242455538 0.0 1.3370467919311664 7516.999970793016 0.0 t_move_k 100 3196.985719203949 18.29874822266465 35.83971578392032 18.930504269242157 23.978692037798673 58.810609866322544 23.84495735199079 46.81253190062405
1.0095402651903238 4575.866242455538 0.0 1.3322727380708153 7474.127143282345 0.0 swap_t 100 3203.8891122341156 18.29874822266465 35.83971578392032 18.930504269242157 23.978692037798673 59.23250376765932 23.84495735199079 46.81253190062405
1.0095402651903238 4575.866242455538 0.0 1.3199868433611743 7363.795115176165 0.0 swap_t 100 3211.5270183086395 18.29874822266465 35.83971578392032 18.930504269242157 23.978692037798673 59.64017872998272 23.84495735199079 46.81253190062405
1.0095402651903238 4575.866242455538 0.0 1.3651265111920896 7769.166577127246 0.0 move_t 100 3226.746527671814 18.29874822266465 36.51131862608111 18.930504269242157 23.978692037798673 59.64017872998272 23.84495735199079 46.81253190062405
1.0095402651903238 4575.866242455538 0.0 1.317737841313625 7343.598217596834 0.0 t_multiswap_k 100 3232.690817832947 18.29874822266465 36.51131862608111 18.930504269242157 23.978692037798673 59.64017872998272 23.84495735199079 47.46440658161781
1.0095402651903238 4575.866242455538 0.0 1.3194123310864845 7358.6357754669725 0.0 t_multiswap_k 100 3248.782791852951 18.29874822266465 36.51131862608111 18.930504269242157 23.978692037798673 59.64017872998272 23.84495735199079 48.05976251580163
1.0095402651903238 4575.866242455538 0.0 1.3310145063792564 7462.82774200649 0.0 t_multiswap_k 100 3256.9104731082916 18.29874822266465 36.51131862608111 18.930504269242157 23.978692037798673 59.64017872998272 23.84495735199079 48.589164890643616
1.0095402651903238 4575.866242455538 0.0 1.3319040955141754 7470.816592290206 0.0 t_multiswap_k 100 3265.0667448043823 18.29874822266465 36.51131862608111 18.930504269242157 23.978692037798673 59.64017872998272 23.84495735199079 49.29327324173718
1.0095402651903238 4575.866242455538 0.0 1.3447480242532008 7586.15997916751 0.0 t_multiswap_k 100 3275.6682205200195 18.29874822266465 36.51131862608111 18.930504269242157 23.978692037798673 59.64017872998272 23.84495735199079 49.92034050931981
1.0095402651903238 4575.866242455538 0.0 1.3246537880624634 7405.706061519257 0.0 swap_t 100 3287.394187927246 18.29874822266465 36.51131862608111 18.930504269242157 23.978692037798673 60.043776942682896 23.84495735199079 49.92034050931981
1.0095402651903238 4575.866242455538 0.0 1.3372433801623145 7518.765408211859 0.0 swap_t 100 3295.694239616394 18.29874822266465 36.51131862608111 18.930504269242157 23.978692037798673 60.48333917325607 23.84495735199079 49.92034050931981
1.0095402651903238 4575.866242455538 0.0 1.3346350844951167 7495.3419166661715 0.0 t_swap_k 100 3306.5052020549774 18.29874822266465 36.51131862608111 19.901199226549735 23.978692037798673 60.48333917325607 23.84495735199079 49.92034050931981
1.0095402651903238 4575.866242455538 0.0 1.3018504648893119 7200.923507809092 0.0 t_multiswap_k 100 3319.8365275859833 18.29874822266465 36.51131862608111 19.901199226549735 23.978692037798673 60.48333917325607 23.84495735199079 50.82113710422661
1.0095402651903238 4575.866242455538 0.0 1.2880397333565705 7076.897862493933 0.0 t_swap_r_k 100 3358.5427565574646 18.29874822266465 36.51131862608111 19.901199226549735 23.978692037798673 60.48333917325607 24.64650777847088 50.82113710422661
1.0095402651903238 4575.866242455538 0.0 1.2807147232879506 7011.116473684306 0.0 t_multiswap_k 100 3377.822104692459 18.29874822266465 36.51131862608111 19.901199226549735 23.978692037798673 60.48333917325607 24.64650777847088 51.47292573318434
1.0095402651903238 4575.866242455538 0.0 1.2672775007178338 6890.445081546157 0.0 swap_t 100 3387.9540569782257 18.29874822266465 36.51131862608111 19.901199226549735 23.978692037798673 60.87850578152351 24.64650777847088 51.47292573318434
1.0095402651903238 4575.866242455538 0.0 1.2655337410880614 6874.78545389759 0.0 swap_t 100 3394.284042596817 18.29874822266465 36.51131862608111 19.901199226549735 23.978692037798673 61.269720723708275 24.64650777847088 51.47292573318434
1.0095402651903238 4575.866242455538 0.0 1.2655336909791792 6874.785003900684 0.0 t_swap_r_k 100 3421.358682155609 18.29874822266465 36.51131862608111 19.901199226549735 23.978692037798673 61.269720723708275 25.44004270068617 51.47292573318434
1.0095402651903238 4575.866242455538 0.0 1.27747155366801 6981.9915715003735 0.0 f_swap_t 100 3438.2223088741302 18.29874822266465 36.51131862608111 19.901199226549735 24.748905117420687 61.269720723708275 25.44004270068617 51.47292573318434
1.0095402651903238 4575.866242455538 0.0 1.270630869117761 6920.559610873906 0.0 t_swap_r_k 100 3458.3515157699585 18.29874822266465 36.51131862608111 19.901199226549735 24.748905117420687 61.269720723708275 26.22564227367931 51.47292573318434
1.0095402651903238 4575.866242455538 0.0 1.2949768449655703 7139.195774946273 0.0 t_move_k 100 3466.799558162689 19.295760740438002 36.51131862608111 19.901199226549735 24.748905117420687 61.269720723708275 26.22564227367931 51.47292573318434
1.0095402651903238 4575.866242455538 0.0 1.275898605338849 6967.865894586801 0.0 t_swap_r_k 100 3486.0207760334015 19.295760740438002 36.51131862608111 19.901199226549735 24.748905117420687 61.269720723708275 27.003385850942514 51.47292573318434
1.0095402651903238 4575.866242455538 0.0 1.2701647537996452 6916.373717245932 0.0 t_move_k 100 3511.6996245384216 20.232803133033624 36.51131862608111 19.901199226549735 24.748905117420687 61.269720723708275 27.003385850942514 51.47292573318434
1.0095402651903238 4575.866242455538 0.0 1.2548171958620062 6796.764360527205 0.0 move_t 100 3523.2216515541077 20.232803133033624 37.1762054398203 19.901199226549735 24.748905117420687 61.269720723708275 27.003385850942514 51.47292573318434
1.0095402651903238 4575.866242455538 0.0 1.2534927211599844 6766.65249488003 0.0 move_t 100 3542.0044791698456 20.232803133033624 37.8044433854221 19.901199226549735 24.748905117420687 61.269720723708275 27.003385850942514 51.47292573318434
1.0095402651903238 4575.866242455538 0.0 1.2818615988377686 7014.854653254576 0.0 move_t 100 3582.177660226822 20.232803133033624 38.496398951567876 19.901199226549735 24.748905117420687 61.269720723708275 27.003385850942514 51.47292573318434
1.0095402651903238 4575.866242455538 0.0 1.2852287166228407 7051.653858324708 0.0 t_move_k 100 3628.506895542145 21.040475101703286 38.496398951567876 19.901199226549735 24.748905117420687 61.269720723708275 27.003385850942514 51.47292573318434