29
6 102 6 20

Solution history:
B_obj   B_dis   B_sim   C_obj   C_dis   C_sim   neighbor   iterations   time   scores
0.9745354098204079 25968.996980270927 0.0 0.9745354098204079 25968.996980270927 0.0 0 0 0 3.0 3.0 3.0 3.0 3.0 3.0 3.0
0.9745354098204079 25968.996980270927 0.0 0.9745354098204079 25968.996980270927 0.0 t_multiswap_k 100 41.22772812843323 3.0 3.0 3.0 3.0 3.0 3.0 3.9699999999999998
0.974535381388878 25968.995961220233 0.0 0.974535381388878 25968.995961220233 0.0 t_swap_k 100 88.06127691268921 3.0 3.0 3.9699999999999998 3.0 3.0 3.0 3.9699999999999998
0.9737477095311715 25940.7640103494 0.0 0.9737477095311715 25940.7640103494 0.0 f_swap_t 1 92.28302431106567 3.0 3.0 3.9699999999999998 8.0 3.0 3.0 3.9699999999999998
0.9734255599228121 25929.217435684746 0.0 0.9835055182861216 26290.50606940787 0.0 t_multiswap_k 100 137.7495641708374 3.0 3.0 3.9699999999999998 8.0 3.0 3.0 4.9403
0.9734255599228121 25929.217435684746 0.0 0.9824547495596617 26318.778956130383 0.018518518518518517 swap_t 100 167.60976696014404 3.0 3.0 3.9699999999999998 8.0 4.0 3.0 4.9403
0.9734255599228121 25929.217435684746 0.0 1.0063460333622707 27220.286507058634 0.0 swap_t 100 203.46990442276 3.0 3.0 3.9699999999999998 8.0 5.03 3.0 4.9403
0.9734255599228121 25929.217435684746 0.0 0.9945672678461565 26873.662845184183 0.020833333333333332 t_swap_k 100 231.8623902797699 3.0 3.0 4.9603 8.0 5.03 3.0 4.9403
0.9734255599228121 25929.217435684746 0.0 0.99197247907949 26780.65971416716 0.020833333333333332 f_swap_t 100 273.18832063674927 3.0 3.0 4.9603 8.92 5.03 3.0 4.9403
0.9734255599228121 25929.217435684746 0.0 0.9909972345448457 26745.704731937258 0.020833333333333332 t_move_k 100 300.6774718761444 3.9699999999999998 3.0 4.9603 8.92 5.03 3.0 4.9403
0.9734255599228121 25929.217435684746 0.0 0.9972107250363397 26920.570866619884 0.020833333333333332 swap_t 100 337.78599643707275 3.9699999999999998 3.0 4.9603 8.92 5.9897 3.0 4.9403
0.9734255599228121 25929.217435684746 0.0 1.0006884761811137 27093.060874061077 0.020833333333333332 t_multiswap_k 100 389.8869025707245 3.9699999999999998 3.0 4.9603 8.92 5.9897 3.0 5.930897
0.9734255599228121 25929.217435684746 0.0 0.9987555470967808 27023.78029940075 0.020833333333333332 move_t 100 425.074098110199 3.9699999999999998 3.9699999999999998 4.9603 8.92 5.9897 3.0 5.930897
0.9734255599228121 25929.217435684746 0.0 0.9987555470967808 27023.78029940075 0.020833333333333332 f_swap_t 100 502.09096574783325 3.9699999999999998 3.9699999999999998 4.9603 9.8308 5.9897 3.0 5.930897
0.9734255599228121 25929.217435684746 0.0 1.0201987599756264 27792.35381968746 0.020833333333333332 t_swap_k 100 573.6251864433289 3.9699999999999998 3.9699999999999998 5.9206970000000005 9.8308 5.9897 3.0 5.930897
0.9734255599228121 25929.217435684746 0.0 1.0186225551616213 27735.859054213764 0.020833333333333332 t_swap_r_k 100 723.9379258155823 3.9699999999999998 3.9699999999999998 5.9206970000000005 9.8308 5.9897 4.01 5.930897
0.9734255599228121 25929.217435684746 0.0 1.0186225551616213 27735.859054213764 0.020833333333333332 move_t 100 773.5990302562714 3.9699999999999998 4.9303 5.9206970000000005 9.8308 5.9897 4.01 5.930897
0.9734255599228121 25929.217435684746 0.0 1.0186225551616213 27735.859054213764 0.020833333333333332 t_move_k 100 814.7221775054932 4.9303 4.9303 5.9206970000000005 9.8308 5.9897 4.01 5.930897
0.9734255599228121 25929.217435684746 0.0 1.0186225551616213 27735.859054213764 0.020833333333333332 t_swap_r_k 100 961.8768911361694 4.9303 4.9303 5.9206970000000005 9.8308 5.9897 5.0099 5.930897
0.9734255599228121 25929.217435684746 0.0 1.0250921593716618 27967.744383649548 0.020833333333333332 f_swap_t 100 1039.8100941181183 4.9303 4.9303 5.9206970000000005 10.772492 5.9897 5.0099 5.930897
0.9734255599228121 25929.217435684746 0.0 1.0480372520864376 28790.148693150095 0.020833333333333332 t_swap_k 100 1111.9975399971008 4.9303 4.9303 6.87149003 10.772492 5.9897 5.0099 5.930897
0.9734255599228121 25929.217435684746 0.0 1.0470629742459532 28755.22835943755 0.020833333333333332 t_swap_r_k 100 1268.2822155952454 4.9303 4.9303 6.87149003 10.772492 5.9897 5.999801 5.930897
0.9734255599228121 25929.217435684746 0.0 1.0438923686985675 28641.58664535473 0.020833333333333332 f_swap_t 100 1320.9058454036713 4.9303 4.9303 6.87149003 11.69476708 5.9897 5.999801 5.930897
0.9734255599228121 25929.217435684746 0.0 1.046608128353962 28738.92564816146 0.020833333333333332 f_swap_t 100 1392.1161937713623 4.9303 4.9303 6.87149003 12.6478194092 5.9897 5.999801 5.930897
0.9734255599228121 25929.217435684746 0.0 1.0339597882469573 28285.580371185057 0.020833333333333332 t_swap_r_k 100 1532.8066594600677 4.9303 4.9303 6.87149003 12.6478194092 5.9897 6.97980299 5.930897
0.9734255599228121 25929.217435684746 0.0 1.0354025978249866 28337.29394800559 0.020833333333333332 t_swap_k 100 1581.619057893753 4.9303 4.9303 7.842775129700001 12.6478194092 5.9897 6.97980299 5.930897
0.9734255599228121 25929.217435684746 0.0 1.0354025978249866 28337.29394800559 0.020833333333333332 swap_t 100 1636.5827026367188 4.9303 4.9303 7.842775129700001 12.6478194092 6.929803 6.97980299 5.930897
0.9734255599228121 25929.217435684746 0.0 1.0354025978249866 28337.29394800559 0.020833333333333332 t_move_k 100 1674.7121710777283 5.880997 4.9303 7.842775129700001 12.6478194092 6.929803 6.97980299 5.930897
0.9734255599228121 25929.217435684746 0.0 1.0354025978249866 28337.29394800559 0.020833333333333332 f_swap_t 100 1752.0486421585083 5.880997 4.9303 7.842775129700001 13.521341215108 6.929803 6.97980299 5.930897
0.9734255599228121 25929.217435684746 0.0 1.0354025978249866 28337.29394800559 0.020833333333333332 t_move_k 100 1791.6987278461456 6.82218703 4.9303 7.842775129700001 13.521341215108 6.929803 6.97980299 5.930897
0.9734255599228121 25929.217435684746 0.0 1.0351577108499137 28328.516641845014 0.020833333333333332 f_swap_t 100 1879.2984087467194 6.82218703 4.9303 7.842775129700001 14.41612780295692 6.929803 6.97980299 5.930897
0.9734255599228121 25929.217435684746 0.0 1.0351577108499137 28328.516641845014 0.020833333333333332 t_multiswap_k 100 1914.1170887947083 6.82218703 4.9303 7.842775129700001 14.41612780295692 6.929803 6.97980299 6.87158803
0.9734255599228121 25929.217435684746 0.0 1.0813133431508057 29796.16096788611 0.0 f_swap_t 100 1989.646222114563 6.82218703 4.9303 7.842775129700001 15.321966524927351 6.929803 6.97980299 6.87158803
0.9734255599228121 25929.217435684746 0.0 1.0527898153977908 28960.491371517834 0.020833333333333332 t_swap_k 100 2054.1879637241364 6.82218703 4.9303 8.824347378403 15.321966524927351 6.929803 6.97980299 6.87158803
0.9734255599228121 25929.217435684746 0.0 1.0479314810131297 28786.357617315698 0.020833333333333332 swap_t 100 2090.099259376526 6.82218703 4.9303 8.824347378403 15.321966524927351 7.89050497 6.97980299 6.87158803
0.9734255599228121 25929.217435684746 0.0 1.0404050644543787 28516.59372967505 0.020833333333333332 t_swap_k 100 2164.3758471012115 6.82218703 4.9303 9.766103904618971 15.321966524927351 7.89050497 6.97980299 6.87158803
0.9734255599228121 25929.217435684746 0.0 1.0342802825828956 28297.06761712137 0.020833333333333332 f_swap_t 100 2245.342118740082 6.82218703 4.9303 9.766103904618971 16.168746859678077 7.89050497 6.97980299 6.87158803
0.9734255599228121 25929.217435684746 0.0 1.0340275053087018 28295.346393174754 0.020833333333333332 move_t 100 2281.5720643997192 6.82218703 5.940996999999999 9.766103904618971 16.168746859678077 7.89050497 6.97980299 6.87158803
0.9734255599228121 25929.217435684746 0.0 1.031376543695282 28192.991011089613 0.020833333333333332 move_t 100 2340.0745022296906 6.82218703 6.8815870299999995 9.766103904618971 16.168746859678077 7.89050497 6.97980299 6.87158803
0.9734255599228121 25929.217435684746 0.0 1.0310459077091003 28181.140265342277 0.020833333333333332 move_t 100 2417.355720281601 6.82218703 7.8427711597 9.766103904618971 16.168746859678077 7.89050497 6.97980299 6.87158803
0.9734255599228121 25929.217435684746 0.0 1.0310459077091003 28181.140265342277 0.020833333333333332 f_swap_t 100 2528.410751104355 6.82218703 7.8427711597 9.766103904618971 17.007059391081295 7.89050497 6.97980299 6.87158803
0.9734255599228121 25929.217435684746 0.0 1.0688798871413439 29537.196138265183 0.020833333333333332 t_multiswap_k 100 2604.494112253189 6.82218703 7.8427711597 9.766103904618971 17.007059391081295 7.89050497 6.97980299 7.8128721496999995
0.9734255599228121 25929.217435684746 0.0 1.0807181399367525 29961.50604352137 0.020833333333333332 t_swap_k 100 2702.119431257248 6.82218703 7.8427711597 10.718442865572781 17.007059391081295 7.89050497 6.97980299 7.8128721496999995
0.9734255599228121 25929.217435684746 0.0 1.0707783416585943 29605.241066031896 0.020833333333333332 f_swap_t 100 2810.164021253586 6.82218703 7.8427711597 10.718442865572781 17.83698879717048 7.89050497 6.97980299 7.8128721496999995
0.9734255599228121 25929.217435684746 0.0 1.0707783416585943 29605.241066031896 0.020833333333333332 t_swap_r_k 100 3059.160038948059 6.82218703 7.8427711597 10.718442865572781 17.83698879717048 7.89050497 7.950004960099999 7.8128721496999995
0.9734255599228121 25929.217435684746 0.0 1.0888392850747295 30252.586356099528 0.020833333333333332 t_move_k 100 3134.32595038414 7.8239651597 7.8427711597 10.718442865572781 17.83698879717048 7.89050497 7.950004960099999 7.8128721496999995
0.9734255599228121 25929.217435684746 0.0 1.0886408669682657 30058.796087314775 0.0 f_swap_t 100 3261.3051693439484 7.8239651597 7.8427711597 10.718442865572781 18.658618909198776 7.89050497 7.950004960099999 7.8128721496999995
0.9734255599228121 25929.217435684746 0.0 1.0886408669682657 30058.796087314775 0.0 t_swap_r_k 100 3494.431153535843 7.8239651597 7.8427711597 10.718442865572781 18.658618909198776 7.89050497 8.910504910499 7.8128721496999995
0.9734255599228121 25929.217435684746 0.0 1.0873666483889033 30013.125195331908 0.0 swap_t 100 3570.2033309936523 7.8239651597 7.8427711597 10.718442865572781 18.658618909198776 8.8415999203 8.910504910499 7.8128721496999995
0.9734255599228121 25929.217435684746 0.0 1.1015113068503746 30520.101925377392 0.0 f_swap_t 100 3702.911724805832 7.8239651597 7.8427711597 10.718442865572781 19.54203272010679 8.8415999203 8.910504910499 7.8128721496999995