29

Similarity 1
0.4

Similarity combination matrix:
0.4 0.43333333333333335 0.4 0.4 0.36666666666666664 0.23333333333333334
0.3333333333333333 0.2962962962962963 0.2962962962962963 0.25925925925925924 0.4444444444444444 0.37037037037037035
0.20689655172413793 0.4827586206896552 0.3793103448275862 0.3793103448275862 0.3103448275862069 0.2413793103448276
0.3333333333333333 0.36666666666666664 0.4 0.3 0.4 0.3333333333333333
0.4074074074074074 0.25925925925925924 0.3333333333333333 0.4074074074074074 0.4074074074074074 0.4444444444444444
0.25 0.25 0.16666666666666666 0.4166666666666667 0.5 0.6666666666666666

Similarity combination pairings:
(np.int64(0), np.int64(0)) (np.int64(1), np.int64(4)) (np.int64(2), np.int64(1)) (np.int64(3), np.int64(2)) (np.int64(4), np.int64(3)) (np.int64(5), np.int64(5))
0.4 0.4444444444444444 0.4827586206896552 0.4 0.4074074074074074 0.6666666666666666

Similarity 2
0.0

Similarity combination matrix:
0.0 0.0 0.020833333333333332 0.023809523809523808 0.020833333333333332 0.0
0.020833333333333332 0.020833333333333332 0.020833333333333332 0.0 0.020833333333333332 0.020833333333333332
0.0 0.08333333333333333 0.0 0.023809523809523808 0.023809523809523808 0.0
0.0 0.0 0.05158730158730159 0.020833333333333332 0.0 0.0
0.0 0.0 0.0 0.044642857142857144 0.0 0.0
0.0 0.018518518518518517 0.023809523809523808 0.0 0.0 0.0

Similarity combination pairings:
(np.int64(0), np.int64(4)) (np.int64(1), np.int64(0)) (np.int64(2), np.int64(1)) (np.int64(3), np.int64(2)) (np.int64(4), np.int64(3)) (np.int64(5), np.int64(5))
0.020833333333333332 0.020833333333333332 0.08333333333333333 0.05158730158730159 0.044642857142857144 0.0

Similarity 3
0.0

Similarity combination matrix:
0.0 0.0 0.023809523809523808 0.027777777777777776 0.023809523809523808 0.0
0.023809523809523808 0.023809523809523808 0.023809523809523808 0.0 0.023809523809523808 0.023809523809523808
0.0 0.09523809523809523 0.0 0.027777777777777776 0.027777777777777776 0.0
0.0 0.0 0.061111111111111116 0.023809523809523808 0.0 0.0
0.0 0.0 0.0 0.05158730158730159 0.0 0.0
0.0 0.020833333333333332 0.027777777777777776 0.0 0.0 0.0

Similarity combination pairings:
(np.int64(0), np.int64(4)) (np.int64(1), np.int64(0)) (np.int64(2), np.int64(1)) (np.int64(3), np.int64(2)) (np.int64(4), np.int64(3)) (np.int64(5), np.int64(5))
0.023809523809523808 0.023809523809523808 0.09523809523809523 0.061111111111111116 0.05158730158730159 0.0
