29
6 102 6 20

Solution history:
B_obj   B_dis   B_sim   C_obj   C_dis   C_sim   neighbor   iterations   time   scores
0.9745354098204079 25968.996980270927 0.0 0.9745354098204079 25968.996980270927 0.0 0 0 0 3.0 3.0 3.0 3.0 3.0 3.0 3.0
0.9745081941173824 25968.021507574762 0.0 0.9745081941173824 25968.021507574762 0.0 f_swap_t 65 60.94210982322693 3.0 3.0 3.0 4.061538461538461 3.0 3.0 3.0
0.9745081656858525 25968.020488524067 0.0 0.9745081656858525 25968.020488524067 0.0 move_t 100 105.25119471549988 3.0 3.9699999999999998 3.0 4.061538461538461 3.0 3.0 3.0
0.9745081656858525 25968.020488524067 0.0 0.9895397191651223 26506.785553172453 0.0 t_multiswap_k 100 193.57265615463257 3.0 3.9699999999999998 3.0 4.061538461538461 3.0 3.0 4.01
0.9745081656858525 25968.020488524067 0.0 0.9872099759165691 26423.282256347415 0.0 t_move_k 100 249.7930474281311 3.9699999999999998 3.9699999999999998 3.0 4.061538461538461 3.0 3.0 4.01
0.9745081656858525 25968.020488524067 0.0 1.0217552609229454 27056.9493708722 0.0 move_t 100 326.11006236076355 3.9699999999999998 4.9502999999999995 3.0 4.061538461538461 3.0 3.0 4.01
0.9745081656858525 25968.020488524067 0.0 1.012575637741212 27332.445268117957 0.0 t_swap_r_k 100 549.0450637340546 3.9699999999999998 4.9502999999999995 3.0 4.061538461538461 3.0 4.01 4.01
0.9745081656858525 25968.020488524067 0.0 1.0124510229865766 27327.97879188648 0.0 t_swap_r_k 100 761.8540439605713 3.9699999999999998 4.9502999999999995 3.0 4.061538461538461 3.0 5.0099 4.01
0.9745081656858525 25968.020488524067 0.0 1.0294613236753585 27937.666657010937 0.0 f_swap_t 100 896.105064868927 3.9699999999999998 4.9502999999999995 3.0 5.030923076923076 3.0 5.0099 4.01
0.9745081656858525 25968.020488524067 0.0 1.0233770463489364 27719.592319476284 0.0 t_multiswap_k 100 994.2424819469452 3.9699999999999998 4.9502999999999995 3.0 5.030923076923076 3.0 5.0099 4.9799
0.9745081656858525 25968.020488524067 0.0 1.0622198957349442 29111.808386128414 0.0 t_swap_k 100 1063.3433635234833 3.9699999999999998 4.9502999999999995 3.99 5.030923076923076 3.0 5.0099 4.9799
0.9745081656858525 25968.020488524067 0.0 1.0493149677901363 28649.266417458584 0.0 t_swap_k 100 1150.1883244514465 3.9699999999999998 4.9502999999999995 4.9801 5.030923076923076 3.0 5.0099 4.9799
0.9745081656858525 25968.020488524067 0.0 1.0426624516170206 28410.825107248966 0.0 t_multiswap_k 100 1206.5083553791046 3.9699999999999998 4.9502999999999995 4.9801 5.030923076923076 3.0 5.0099 6.000101
0.9745081656858525 25968.020488524067 0.0 1.0366322533554473 28381.367598961067 0.020833333333333332 t_swap_r_k 100 1427.8644876480103 3.9699999999999998 4.9502999999999995 4.9801 5.030923076923076 3.0 6.029801 6.000101
0.9745081656858525 25968.020488524067 0.0 1.0346004445182504 28308.542949064755 0.020833333333333332 move_t 100 1484.729053735733 3.9699999999999998 5.9607969999999995 4.9801 5.030923076923076 3.0 6.029801 6.000101
0.9745081656858525 25968.020488524067 0.0 1.0417747339024799 28565.685797888145 0.020833333333333332 f_swap_t 100 1586.4951519966125 3.9699999999999998 5.9607969999999995 4.9801 6.020613846153846 3.0 6.029801 6.000101
0.9745081656858525 25968.020488524067 0.0 1.0807006968259338 29960.8808427568 0.020833333333333332 move_t 100 1672.4033389091492 3.9699999999999998 7.031189029999999 4.9801 6.020613846153846 3.0 6.029801 6.000101
0.9745081656858525 25968.020488524067 0.0 1.0677217053268067 29495.68426784911 0.020833333333333332 t_move_k 100 1748.1893763542175 4.9303 7.031189029999999 4.9801 6.020613846153846 3.0 6.029801 6.000101
0.9745081656858525 25968.020488524067 0.0 1.0639283199028615 29496.29253841721 0.020833333333333332 move_t 100 1796.8609857559204 4.9303 7.990877139699999 4.9801 6.020613846153846 3.0 6.029801 6.000101
0.9745081656858525 25968.020488524067 0.0 1.054518126909 29022.437986972673 0.020833333333333332 t_multiswap_k 100 1853.3765285015106 4.9303 7.990877139699999 4.9801 6.020613846153846 3.0 6.029801 6.97009999
0.9745081656858525 25968.020488524067 0.0 1.0497772975009527 28852.515878387152 0.020833333333333332 t_swap_k 100 1931.015035867691 4.9303 7.990877139699999 5.930299 6.020613846153846 3.0 6.029801 6.97009999
0.9745081656858525 25968.020488524067 0.0 1.0495667619629616 28844.969805860917 0.020833333333333332 t_multiswap_k 100 2000.9592971801758 4.9303 7.990877139699999 5.930299 6.020613846153846 3.0 6.029801 7.900398990099999
0.9745081656858525 25968.020488524067 0.0 1.0495667619629616 28844.969805860917 0.020833333333333332 swap_t 100 2055.798266887665 4.9303 7.990877139699999 5.930299 6.020613846153846 3.9699999999999998 6.029801 7.900398990099999
0.9745081656858525 25968.020488524067 0.0 1.0495667619629616 28844.969805860917 0.020833333333333332 t_swap_r_k 100 2258.6570649147034 4.9303 7.990877139699999 5.930299 6.020613846153846 3.9699999999999998 7.00950299 7.900398990099999
0.9745081656858525 25968.020488524067 0.0 1.0495667619629616 28844.969805860917 0.020833333333333332 t_move_k 100 2346.3782110214233 5.880997 7.990877139699999 5.930299 6.020613846153846 3.9699999999999998 7.00950299 7.900398990099999
0.9745081656858525 25968.020488524067 0.0 1.0495667619629616 28844.969805860917 0.020833333333333332 f_swap_t 100 2427.003087043762 5.880997 7.990877139699999 5.930299 6.960407707692307 3.9699999999999998 7.00950299 7.900398990099999
0.9745081656858525 25968.020488524067 0.0 1.0495667619629616 28844.969805860917 0.020833333333333332 t_swap_r_k 100 2629.472234249115 5.880997 7.990877139699999 5.930299 6.960407707692307 3.9699999999999998 7.9794079601 7.900398990099999
0.9745081656858525 25968.020488524067 0.0 1.0503667303466206 28873.64249218925 0.020833333333333332 move_t 100 2701.606650829315 5.880997 8.980968368303 5.930299 6.960407707692307 3.9699999999999998 7.9794079601 7.900398990099999
0.9745081656858525 25968.020488524067 0.0 1.049805132782658 28853.51355819238 0.020833333333333332 f_swap_t 100 2780.1450078487396 5.880997 8.980968368303 5.930299 7.890803630615384 3.9699999999999998 7.9794079601 7.900398990099999
0.9745081656858525 25968.020488524067 0.0 1.046727108661588 28743.190172997052 0.020833333333333332 move_t 100 2841.7772386074066 5.880997 10.02115868461997 5.930299 7.890803630615384 3.9699999999999998 7.9794079601 7.900398990099999
0.9745081656858525 25968.020488524067 0.0 1.0661512342736905 29439.395013406614 0.020833333333333332 t_multiswap_k 100 2916.0758645534515 5.880997 10.02115868461997 5.930299 7.890803630615384 3.9699999999999998 7.9794079601 8.891395000199
0.9745081656858525 25968.020488524067 0.0 1.0638887073987195 29358.30090428852 0.020833333333333332 t_swap_k 100 3016.1707541942596 5.880997 10.02115868461997 6.87099601 7.890803630615384 3.9699999999999998 7.9794079601 8.891395000199
0.9745081656858525 25968.020488524067 0.0 1.0638887073987195 29358.30090428852 0.020833333333333332 t_move_k 100 3071.427339553833 6.82218703 10.02115868461997 6.87099601 7.890803630615384 3.9699999999999998 7.9794079601 8.891395000199
0.9745081656858525 25968.020488524067 0.0 1.0638887073987195 29358.30090428852 0.020833333333333332 t_swap_r_k 100 3313.354482650757 6.82218703 10.02115868461997 6.87099601 7.890803630615384 3.9699999999999998 8.939613880499 8.891395000199
0.9745081656858525 25968.020488524067 0.0 1.0688529398110114 29536.23028465672 0.020833333333333332 move_t 100 3369.0149409770966 6.82218703 10.93094709777377 6.87099601 7.890803630615384 3.9699999999999998 8.939613880499 8.891395000199
0.9745081656858525 25968.020488524067 0.0 1.0570147159578231 29111.921416755547 0.020833333333333332 t_move_k 100 3427.1110515594482 7.8239651597 10.93094709777377 6.87099601 7.890803630615384 3.9699999999999998 8.939613880499 8.891395000199
0.9745081656858525 25968.020488524067 0.0 1.061940728009874 29288.48089248385 0.020833333333333332 move_t 100 3494.6203677654266 7.8239651597 11.891637626796031 6.87099601 7.890803630615384 3.9699999999999998 8.939613880499 8.891395000199
0.9745081656858525 25968.020488524067 0.0 1.0591631873765235 29002.24900634727 0.0 t_multiswap_k 100 3544.1762433052063 7.8239651597 11.891637626796031 6.87099601 7.890803630615384 3.9699999999999998 8.939613880499 9.80248105019701
0.9745081656858525 25968.020488524067 0.0 1.0583863301300658 28974.404675740483 0.0 f_swap_t 100 3624.571430683136 7.8239651597 11.891637626796031 6.87099601 8.84189559430923 3.9699999999999998 8.939613880499 9.80248105019701
0.9745081656858525 25968.020488524067 0.0 1.0572645253187491 28934.19663985614 0.0 move_t 100 3664.1834251880646 7.8239651597 12.772721250528072 6.87099601 8.84189559430923 3.9699999999999998 8.939613880499 9.80248105019701