29
6 102 6 20

Solution history:
B_obj   B_dis   B_sim   C_obj   C_dis   C_sim   neighbor   iterations   time   scores
0.8745354098204079 25968.996980270927 0.4 0.8745354098204079 25968.996980270927 0.4 0 0 0 3.0 3.0 3.0 3.0 3.0 3.0 3.0
0.8745354098204079 25968.996980270927 0.4 0.8745354098204079 25968.996980270927 0.4 t_move_k 100 33.85745882987976 3.9699999999999998 3.0 3.0 3.0 3.0 3.0 3.0
0.874535381388878 25968.995961220233 0.4 0.874535381388878 25968.995961220233 0.4 t_swap_k 100 86.28389358520508 3.9699999999999998 3.0 3.9699999999999998 3.0 3.0 3.0 3.0
0.874535381388878 25968.995961220233 0.4 0.9157609554997667 27147.92868120752 0.36666666666666664 t_swap_k 100 120.09229803085327 3.9699999999999998 3.0 4.9502999999999995 3.0 3.0 3.0 3.0
0.874535381388878 25968.995961220233 0.4 0.904997490828388 27060.827246931167 0.4 t_move_k 100 171.92488622665405 4.9603 3.0 4.9502999999999995 3.0 3.0 3.0 3.0
0.874535381388878 25968.995961220233 0.4 0.9033866962756413 27003.092706549654 0.4 move_t 100 211.58888053894043 4.9603 3.9699999999999998 4.9502999999999995 3.0 3.0 3.0 3.0
0.874535381388878 25968.995961220233 0.4 0.9022074846171683 26960.82707869638 0.4 t_move_k 100 267.2928636074066 5.910697 3.9699999999999998 4.9502999999999995 3.0 3.0 3.0 3.0
0.874535381388878 25968.995961220233 0.4 0.9022074846171683 26960.82707869638 0.4 f_swap_t 100 343.04255771636963 5.910697 3.9699999999999998 4.9502999999999995 3.9699999999999998 3.0 3.0 3.0
0.874535381388878 25968.995961220233 0.4 0.9022074846171683 26960.82707869638 0.4 t_move_k 100 386.5624318122864 6.85159003 3.9699999999999998 4.9502999999999995 3.9699999999999998 3.0 3.0 3.0
0.874535381388878 25968.995961220233 0.4 0.9022074846171683 26960.82707869638 0.4 t_move_k 100 438.51884365081787 7.783074129699999 3.9699999999999998 4.9502999999999995 3.9699999999999998 3.0 3.0 3.0
0.874535381388878 25968.995961220233 0.4 0.9022074846171683 26960.82707869638 0.4 t_move_k 100 475.06968998908997 8.705243388403 3.9699999999999998 4.9502999999999995 3.9699999999999998 3.0 3.0 3.0
0.874535381388878 25968.995961220233 0.4 0.9022074846171683 26960.82707869638 0.4 t_move_k 100 509.3858525753021 9.618190954518969 3.9699999999999998 4.9502999999999995 3.9699999999999998 3.0 3.0 3.0
0.874535381388878 25968.995961220233 0.4 0.9270223362545668 27850.247800586574 0.4 swap_t 100 551.9684648513794 9.618190954518969 3.9699999999999998 4.9502999999999995 3.9699999999999998 4.01 3.0 3.0
0.874535381388878 25968.995961220233 0.4 0.9203836071968093 27612.300651948975 0.4 move_t 100 580.6530616283417 9.618190954518969 4.9603 4.9502999999999995 3.9699999999999998 4.01 3.0 3.0
0.874535381388878 25968.995961220233 0.4 0.9203836071968093 27612.300651948975 0.4 move_t 100 633.1496593952179 9.618190954518969 5.910697 4.9502999999999995 3.9699999999999998 4.01 3.0 3.0
0.874535381388878 25968.995961220233 0.4 0.9203836071968093 27612.300651948975 0.4 t_swap_r_k 100 787.015688419342 9.618190954518969 5.910697 4.9502999999999995 3.9699999999999998 4.01 4.01 3.0
0.874535381388878 25968.995961220233 0.4 0.9203836071968093 27612.300651948975 0.4 f_swap_t 100 878.7277474403381 9.618190954518969 5.910697 4.9502999999999995 4.9303 4.01 4.01 3.0
0.874535381388878 25968.995961220233 0.4 0.9203836071968093 27612.300651948975 0.4 t_swap_r_k 100 1063.1259226799011 9.618190954518969 5.910697 4.9502999999999995 4.9303 4.01 5.0099 3.0
0.874535381388878 25968.995961220233 0.4 0.9197874653878386 27590.933573643153 0.4 t_move_k 100 1103.0385403633118 10.55200904497378 5.910697 4.9502999999999995 4.9303 4.01 5.0099 3.0
0.874535381388878 25968.995961220233 0.4 0.9197874653878386 27590.933573643153 0.4 move_t 100 1133.2941300868988 10.55200904497378 6.85159003 4.9502999999999995 4.9303 4.01 5.0099 3.0
0.874535381388878 25968.995961220233 0.4 0.9150268022085459 27420.300577586015 0.4 f_swap_t 100 1214.5735082626343 10.55200904497378 6.85159003 4.9502999999999995 5.910997 4.01 5.0099 3.0
0.874535381388878 25968.995961220233 0.4 0.9150268022085459 27420.300577586015 0.4 t_move_k 100 1271.4371137619019 11.446488954524042 6.85159003 4.9502999999999995 5.910997 4.01 5.0099 3.0
0.874535381388878 25968.995961220233 0.4 0.9150268022085459 27420.300577586015 0.4 t_move_k 100 1334.0626754760742 12.332024064978802 6.85159003 4.9502999999999995 5.910997 4.01 5.0099 3.0
0.874535381388878 25968.995961220233 0.4 0.9150268022085459 27420.300577586015 0.4 t_move_k 100 1388.0045111179352 13.208703824329014 6.85159003 4.9502999999999995 5.910997 4.01 5.0099 3.0
0.874535381388878 25968.995961220233 0.4 0.914985856064432 27418.832974652552 0.4 move_t 100 1438.6576700210571 13.208703824329014 7.8130741296999995 4.9502999999999995 5.910997 4.01 5.0099 3.0
0.874535381388878 25968.995961220233 0.4 0.914985856064432 27418.832974652552 0.4 f_swap_t 100 1508.1119210720062 13.208703824329014 7.8130741296999995 4.9502999999999995 6.85188703 4.01 5.0099 3.0
0.874535381388878 25968.995961220233 0.4 0.914985856064432 27418.832974652552 0.4 t_swap_r_k 100 1676.3058500289917 13.208703824329014 7.8130741296999995 4.9502999999999995 6.85188703 4.01 5.999801 3.0
0.874535381388878 25968.995961220233 0.4 0.914985856064432 27418.832974652552 0.4 t_swap_r_k 100 1831.3055696487427 13.208703824329014 7.8130741296999995 4.9502999999999995 6.85188703 4.01 6.97980299 3.0
0.874535381388878 25968.995961220233 0.4 0.914985856064432 27418.832974652552 0.4 t_move_k 100 1877.1475825309753 14.076616786085724 7.8130741296999995 4.9502999999999995 6.85188703 4.01 6.97980299 3.0
0.874535381388878 25968.995961220233 0.4 0.9270771447716508 27553.526642392848 0.36666666666666664 t_swap_k 100 1933.2478923797607 14.076616786085724 7.8130741296999995 5.910797 6.85188703 4.01 6.97980299 3.0
0.874535381388878 25968.995961220233 0.4 0.9183122110269183 27538.05710201098 0.4 t_swap_r_k 100 2044.071792125702 14.076616786085724 7.8130741296999995 5.910797 6.85188703 4.01 7.9800049601 3.0
0.874535381388878 25968.995961220233 0.4 0.9183122110269183 27538.05710201098 0.4 t_move_k 100 2064.01283121109 14.935850618224867 7.8130741296999995 5.910797 6.85188703 4.01 7.9800049601 3.0
0.874535381388878 25968.995961220233 0.4 0.9183122110269183 27538.05710201098 0.4 t_move_k 100 2091.6249284744263 15.786492112042618 7.8130741296999995 5.910797 6.85188703 4.01 7.9800049601 3.0
0.874535381388878 25968.995961220233 0.4 0.918283712501346 27537.035650037073 0.4 t_move_k 100 2108.05525803566 16.658627190922193 7.8130741296999995 5.910797 6.85188703 4.01 7.9800049601 3.0
0.874535381388878 25968.995961220233 0.4 0.918283712501346 27537.035650037073 0.4 t_swap_r_k 100 2244.0734539031982 16.658627190922193 7.8130741296999995 5.910797 6.85188703 4.01 8.940204910499 3.0
0.874535381388878 25968.995961220233 0.4 0.918074277718307 27529.529031071885 0.4 move_t 100 2274.612488746643 16.658627190922193 8.764943388403 5.910797 6.85188703 4.01 8.940204910499 3.0
0.874535381388878 25968.995961220233 0.4 0.92998499372623 27956.436182675818 0.4 f_swap_t 100 2347.423981189728 16.658627190922193 8.764943388403 5.910797 7.8233681597 4.01 8.940204910499 3.0
0.874535381388878 25968.995961220233 0.4 0.918074277718307 27529.529031071885 0.4 t_swap_r_k 100 2501.2405622005463 16.658627190922193 8.764943388403 5.910797 7.8233681597 4.01 9.890802861394011 3.0
0.874535381388878 25968.995961220233 0.4 0.9249439674874627 27623.745131328527 0.4 move_t 100 2522.7161118984222 16.658627190922193 9.68729395451897 5.910797 7.8233681597 4.01 9.890802861394011 3.0
0.874535381388878 25968.995961220233 0.4 0.9197289207748632 27655.209783804676 0.4074074074074074 move_t 100 2549.7564554214478 16.658627190922193 10.59042101497378 5.910797 7.8233681597 4.01 9.890802861394011 3.0
0.874535381388878 25968.995961220233 0.4 0.9197289207748632 27655.209783804676 0.4074074074074074 t_move_k 100 2588.804831504822 17.49204091901297 10.59042101497378 5.910797 7.8233681597 4.01 9.890802861394011 3.0
0.874535381388878 25968.995961220233 0.4 0.9396095135896428 28367.77544695284 0.4074074074074074 move_t 100 2623.8274924755096 17.49204091901297 11.494516804824041 5.910797 7.8233681597 4.01 9.890802861394011 3.0
0.874535381388878 25968.995961220233 0.4 0.936136750701112 28243.30372653298 0.4074074074074074 t_swap_r_k 100 2793.9267151355743 17.49204091901297 11.494516804824041 5.910797 7.8233681597 4.01 10.83189483278007 3.0
0.874535381388878 25968.995961220233 0.4 0.9340194228115826 28167.41387929548 0.4074074074074074 t_move_k 100 2836.574441432953 18.347120509822844 11.494516804824041 5.910797 7.8233681597 4.01 10.83189483278007 3.0
0.874535381388878 25968.995961220233 0.4 0.9337783690634008 28158.773964705015 0.4074074074074074 t_move_k 100 2879.5296182632446 19.163649304724615 11.494516804824041 5.910797 7.8233681597 4.01 10.83189483278007 3.0
0.874535381388878 25968.995961220233 0.4 0.9337783690634008 28158.773964705015 0.4074074074074074 t_move_k 100 2933.485591650009 19.97201281167737 11.494516804824041 5.910797 7.8233681597 4.01 10.83189483278007 3.0
0.874535381388878 25968.995961220233 0.4 0.9328923424316167 28127.016755031924 0.4074074074074074 move_t 100 2973.13676738739 19.97201281167737 12.409571636775802 5.910797 7.8233681597 4.01 10.83189483278007 3.0
0.874535381388878 25968.995961220233 0.4 0.9313268703293676 28070.906674358186 0.4074074074074074 t_move_k 100 3023.309732913971 20.772292683560597 12.409571636775802 5.910797 7.8233681597 4.01 10.83189483278007 3.0
0.874535381388878 25968.995961220233 0.4 0.9369866492246411 28273.766022635988 0.4074074074074074 move_t 100 3070.2375655174255 20.772292683560597 13.415475920408044 5.910797 7.8233681597 4.01 10.83189483278007 3.0
0.874535381388878 25968.995961220233 0.4 0.9404130266085304 28728.44809229549 0.4444444444444444 t_multiswap_k 100 3111.606792449951 20.772292683560597 13.415475920408044 5.910797 7.8233681597 4.01 10.83189483278007 4.02
0.874535381388878 25968.995961220233 0.4 0.9376621193288852 28629.84931869543 0.4444444444444444 move_t 100 3154.973123073578 20.772292683560597 14.281321161203964 5.910797 7.8233681597 4.01 10.83189483278007 4.02
0.874535381388878 25968.995961220233 0.4 0.929197505867736 28525.58206696163 0.4666666666666667 t_move_k 100 3202.2312948703766 21.62456975672499 14.281321161203964 5.910797 7.8233681597 4.01 10.83189483278007 4.02
0.874535381388878 25968.995961220233 0.4 0.9519137553353488 28443.727253690387 0.36666666666666664 t_swap_r_k 100 3359.357713699341 21.62456975672499 14.281321161203964 5.910797 7.8233681597 4.01 11.76357588445227 4.02
0.874535381388878 25968.995961220233 0.4 0.9519137553353488 28443.727253690387 0.36666666666666664 swap_t 100 3375.9652078151703 21.62456975672499 14.281321161203964 5.910797 7.8233681597 4.9699 11.76357588445227 4.02
0.874535381388878 25968.995961220233 0.4 0.9519137553353488 28443.727253690387 0.36666666666666664 t_swap_r_k 100 3541.0715737342834 21.62456975672499 14.281321161203964 5.910797 7.8233681597 4.9699 12.685940125607749 4.02
0.874535381388878 25968.995961220233 0.4 0.9519137553353488 28443.727253690387 0.36666666666666664 t_move_k 100 3583.96777844429 22.408324059157742 14.281321161203964 5.910797 7.8233681597 4.9699 12.685940125607749 4.02
0.874535381388878 25968.995961220233 0.4 0.9519137553353488 28443.727253690387 0.36666666666666664 t_move_k 100 3628.2758452892303 23.184240818566163 14.281321161203964 5.910797 7.8233681597 4.9699 12.685940125607749 4.02